 4.80019e+03  1.90274e-03
 4.80045e+03  1.95547e-03
 4.80071e+03  1.73991e-03
 4.80097e+03  1.44654e-03
 4.80123e+03  2.47200e-03
 4.80149e+03  2.63928e-03
 4.80175e+03  1.86970e-03
 4.80201e+03  1.40389e-03
 4.80227e+03  2.50641e-03
 4.80253e+03  1.93277e-03
 4.80279e+03  1.52894e-03
 4.80305e+03  2.03498e-03
 4.80331e+03  2.18819e-03
 4.80357e+03  1.77068e-03
 4.80383e+03  2.18935e-03
 4.80409e+03  2.04751e-03
 4.80435e+03  2.54296e-03
 4.80460e+03  2.71528e-03
 4.80486e+03  2.04958e-03
 4.80512e+03  2.57963e-03
 4.80538e+03  2.27027e-03
 4.80564e+03  1.77542e-03
 4.80590e+03  2.30185e-03
 4.80616e+03  2.40508e-03
 4.80642e+03  2.50816e-03
 4.80668e+03  1.97470e-03
 4.80694e+03  2.54596e-03
 4.80720e+03  1.65279e-03
 4.80746e+03  2.27340e-03
 4.80772e+03  2.72166e-03
 4.80798e+03  2.58171e-03
 4.80824e+03  2.42389e-03
 4.80850e+03  2.33991e-03
 4.80876e+03  2.04610e-03
 4.80902e+03  2.48693e-03
 4.80928e+03  2.79983e-03
 4.80954e+03  2.19140e-03
 4.80979e+03  1.92646e-03
 4.81005e+03  2.35244e-03
 4.81031e+03  2.15182e-03
 4.81057e+03  3.06228e-03
 4.81083e+03  2.50091e-03
 4.81109e+03  2.11291e-03
 4.81135e+03  2.08575e-03
 4.81161e+03  2.37678e-03
 4.81187e+03  2.68844e-03
 4.81213e+03  2.09690e-03
 4.81239e+03  2.58847e-03
 4.81265e+03  2.11805e-03
 4.81291e+03  2.20375e-03
 4.81317e+03  2.39464e-03
 4.81343e+03  2.89581e-03
 4.81369e+03  2.37172e-03
 4.81395e+03  2.60456e-03
 4.81421e+03  2.91467e-03
 4.81447e+03  2.48284e-03
 4.81473e+03  3.06019e-03
 4.81498e+03  2.67266e-03
 4.81524e+03  2.84755e-03
 4.81550e+03  2.66297e-03
 4.81576e+03  2.75271e-03
 4.81602e+03  2.71919e-03
 4.81628e+03  3.11570e-03
 4.81654e+03  2.55260e-03
 4.81680e+03  3.14504e-03
 4.81706e+03  2.35163e-03
 4.81732e+03  3.55130e-03
 4.81758e+03  2.61929e-03
 4.81784e+03  2.33977e-03
 4.81810e+03  2.79702e-03
 4.81836e+03  3.29733e-03
 4.81862e+03  3.09725e-03
 4.81888e+03  3.22899e-03
 4.81914e+03  3.25758e-03
 4.81940e+03  2.42031e-03
 4.81966e+03  3.55398e-03
 4.81992e+03  3.09260e-03
 4.82017e+03  2.99865e-03
 4.82043e+03  3.65155e-03
 4.82069e+03  2.85441e-03
 4.82095e+03  2.84857e-03
 4.82121e+03  3.57284e-03
 4.82147e+03  3.36446e-03
 4.82173e+03  3.40826e-03
 4.82199e+03  3.40839e-03
 4.82225e+03  3.45506e-03
 4.82251e+03  3.20608e-03
 4.82277e+03  4.07943e-03
 4.82303e+03  3.84259e-03
 4.82329e+03  4.13949e-03
 4.82355e+03  3.52246e-03
 4.82381e+03  3.39213e-03
 4.82407e+03  2.78300e-03
 4.82433e+03  3.42557e-03
 4.82459e+03  3.11025e-03
 4.82485e+03  3.62179e-03
 4.82511e+03  3.46983e-03
 4.82537e+03  3.77026e-03
 4.82562e+03  3.80598e-03
 4.82588e+03  3.92773e-03
 4.82614e+03  4.10675e-03
 4.82640e+03  3.77930e-03
 4.82666e+03  3.84691e-03
 4.82692e+03  3.11428e-03
 4.82718e+03  4.12402e-03
 4.82744e+03  4.36433e-03
 4.82770e+03  3.57209e-03
 4.82796e+03  3.82941e-03
 4.82822e+03  4.23387e-03
 4.82848e+03  3.93960e-03
 4.82874e+03  4.11099e-03
 4.82900e+03  4.38398e-03
 4.82926e+03  4.39688e-03
 4.82952e+03  4.33788e-03
 4.82978e+03  4.43152e-03
 4.83004e+03  4.50116e-03
 4.83030e+03  4.38687e-03
 4.83056e+03  4.18913e-03
 4.83081e+03  4.05466e-03
 4.83107e+03  4.52178e-03
 4.83133e+03  4.80135e-03
 4.83159e+03  4.29930e-03
 4.83185e+03  4.59220e-03
 4.83211e+03  4.79132e-03
 4.83237e+03  4.53900e-03
 4.83263e+03  4.52647e-03
 4.83289e+03  4.64524e-03
 4.83315e+03  4.11217e-03
 4.83341e+03  4.06920e-03
 4.83367e+03  4.99849e-03
 4.83393e+03  4.41703e-03
 4.83419e+03  4.92654e-03
 4.83445e+03  5.16666e-03
 4.83471e+03  4.78151e-03
 4.83497e+03  4.54641e-03
 4.83523e+03  5.56728e-03
 4.83549e+03  4.89235e-03
 4.83575e+03  5.08470e-03
 4.83600e+03  5.28889e-03
 4.83626e+03  5.27503e-03
 4.83652e+03  4.74707e-03
 4.83678e+03  5.39920e-03
 4.83704e+03  5.01305e-03
 4.83730e+03  5.40533e-03
 4.83756e+03  5.37678e-03
 4.83782e+03  5.31065e-03
 4.83808e+03  5.64104e-03
 4.83834e+03  5.15930e-03
 4.83860e+03  5.67165e-03
 4.83886e+03  6.14034e-03
 4.83912e+03  5.77926e-03
 4.83938e+03  6.17843e-03
 4.83964e+03  6.05911e-03
 4.83990e+03  5.62391e-03
 4.84016e+03  6.57961e-03
 4.84042e+03  5.88372e-03
 4.84068e+03  6.36938e-03
 4.84094e+03  6.45431e-03
 4.84119e+03  7.05771e-03
 4.84145e+03  6.60960e-03
 4.84171e+03  7.03985e-03
 4.84197e+03  6.62554e-03
 4.84223e+03  6.37410e-03
 4.84249e+03  6.27077e-03
 4.84275e+03  7.14156e-03
 4.84301e+03  6.88710e-03
 4.84327e+03  6.36429e-03
 4.84353e+03  7.35852e-03
 4.84379e+03  6.95490e-03
 4.84405e+03  7.26737e-03
 4.84431e+03  7.54929e-03
 4.84457e+03  7.58208e-03
 4.84483e+03  7.18678e-03
 4.84509e+03  7.79327e-03
 4.84535e+03  7.60302e-03
 4.84561e+03  7.54223e-03
 4.84587e+03  7.54369e-03
 4.84612e+03  8.09006e-03
 4.84638e+03  7.82128e-03
 4.84664e+03  7.33298e-03
 4.84690e+03  7.65241e-03
 4.84716e+03  8.27659e-03
 4.84742e+03  8.34759e-03
 4.84768e+03  7.96812e-03
 4.84794e+03  8.09348e-03
 4.84820e+03  8.97338e-03
 4.84846e+03  8.63296e-03
 4.84872e+03  8.66294e-03
 4.84898e+03  8.49131e-03
 4.84924e+03  9.47336e-03
 4.84950e+03  9.16227e-03
 4.84976e+03  9.36436e-03
 4.85002e+03  8.78132e-03
 4.85028e+03  8.91380e-03
 4.85054e+03  9.28456e-03
 4.85080e+03  9.83659e-03
 4.85106e+03  9.79548e-03
 4.85131e+03  9.47544e-03
 4.85157e+03  1.03262e-02
 4.85183e+03  1.01235e-02
 4.85209e+03  1.08582e-02
 4.85235e+03  1.07920e-02
 4.85261e+03  1.06783e-02
 4.85287e+03  1.06515e-02
 4.85313e+03  1.13500e-02
 4.85339e+03  1.00085e-02
 4.85365e+03  1.17978e-02
 4.85391e+03  1.07200e-02
 4.85417e+03  1.21107e-02
 4.85443e+03  1.17756e-02
 4.85469e+03  1.12303e-02
 4.85495e+03  1.11023e-02
 4.85521e+03  1.16939e-02
 4.85547e+03  1.19117e-02
 4.85573e+03  1.23788e-02
 4.85599e+03  1.28824e-02
 4.85625e+03  1.23269e-02
 4.85650e+03  1.31578e-02
 4.85676e+03  1.24357e-02
 4.85702e+03  1.25611e-02
 4.85728e+03  1.37361e-02
 4.85754e+03  1.33625e-02
 4.85780e+03  1.34111e-02
 4.85806e+03  1.42258e-02
 4.85832e+03  1.41229e-02
 4.85858e+03  1.48939e-02
 4.85884e+03  1.41372e-02
 4.85910e+03  1.50366e-02
 4.85936e+03  1.46825e-02
 4.85962e+03  1.59069e-02
 4.85988e+03  1.58508e-02
 4.86014e+03  1.54048e-02
 4.86040e+03  1.53045e-02
 4.86066e+03  1.61018e-02
 4.86092e+03  1.63082e-02
 4.86118e+03  1.68108e-02
 4.86144e+03  1.69386e-02
 4.86169e+03  1.67622e-02
 4.86195e+03  1.77643e-02
 4.86221e+03  1.80011e-02
 4.86247e+03  1.74861e-02
 4.86273e+03  1.84190e-02
 4.86299e+03  1.80558e-02
 4.86325e+03  1.87457e-02
 4.86351e+03  1.80966e-02
 4.86377e+03  1.99213e-02
 4.86403e+03  1.99336e-02
 4.86429e+03  1.92923e-02
 4.86455e+03  1.99869e-02
 4.86481e+03  2.01987e-02
 4.86507e+03  2.12640e-02
 4.86533e+03  2.16282e-02
 4.86559e+03  2.10067e-02
 4.86585e+03  2.22016e-02
 4.86611e+03  2.22654e-02
 4.86637e+03  2.28122e-02
 4.86663e+03  2.33020e-02
 4.86688e+03  2.42260e-02
 4.86714e+03  2.40834e-02
 4.86740e+03  2.46117e-02
 4.86766e+03  2.47762e-02
 4.86792e+03  2.44983e-02
 4.86818e+03  2.52526e-02
 4.86844e+03  2.70097e-02
 4.86870e+03  2.63752e-02
 4.86896e+03  2.65355e-02
 4.86922e+03  2.70673e-02
 4.86948e+03  2.88035e-02
 4.86974e+03  2.74560e-02
 4.87000e+03  2.82113e-02
 4.87026e+03  2.82445e-02
 4.87052e+03  3.00270e-02
 4.87078e+03  3.00140e-02
 4.87104e+03  3.15036e-02
 4.87130e+03  3.13544e-02
 4.87156e+03  3.20126e-02
 4.87182e+03  3.19643e-02
 4.87208e+03  3.34223e-02
 4.87233e+03  3.43071e-02
 4.87259e+03  3.37924e-02
 4.87285e+03  3.54775e-02
 4.87311e+03  3.52806e-02
 4.87337e+03  3.66797e-02
 4.87363e+03  3.77480e-02
 4.87389e+03  3.79202e-02
 4.87415e+03  3.88638e-02
 4.87441e+03  3.98348e-02
 4.87467e+03  3.92937e-02
 4.87493e+03  4.07725e-02
 4.87519e+03  4.08540e-02
 4.87545e+03  4.17144e-02
 4.87571e+03  4.18527e-02
 4.87597e+03  4.26700e-02
 4.87623e+03  4.39718e-02
 4.87649e+03  4.51430e-02
 4.87675e+03  4.70813e-02
 4.87701e+03  4.85265e-02
 4.87727e+03  4.82841e-02
 4.87752e+03  4.92422e-02
 4.87778e+03  4.92624e-02
 4.87804e+03  5.10373e-02
 4.87830e+03  5.23132e-02
 4.87856e+03  5.50618e-02
 4.87882e+03  5.52469e-02
 4.87908e+03  5.52446e-02
 4.87934e+03  5.69302e-02
 4.87960e+03  5.80674e-02
 4.87986e+03  5.93638e-02
 4.88012e+03  6.04336e-02
 4.88038e+03  6.01324e-02
 4.88064e+03  6.48311e-02
 4.88090e+03  6.41383e-02
 4.88116e+03  6.64119e-02
 4.88142e+03  6.60535e-02
 4.88168e+03  6.87107e-02
 4.88194e+03  6.95470e-02
 4.88220e+03  7.30338e-02
 4.88246e+03  7.14632e-02
 4.88271e+03  7.35649e-02
 4.88297e+03  7.76473e-02
 4.88323e+03  7.81502e-02
 4.88349e+03  7.94505e-02
 4.88375e+03  7.98120e-02
 4.88401e+03  8.34293e-02
 4.88427e+03  8.72333e-02
 4.88453e+03  8.56997e-02
 4.88479e+03  8.90606e-02
 4.88505e+03  9.04811e-02
 4.88531e+03  9.38962e-02
 4.88557e+03  9.54832e-02
 4.88583e+03  9.63482e-02
 4.88609e+03  9.92833e-02
 4.88635e+03  1.01926e-01
 4.88661e+03  1.04351e-01
 4.88687e+03  1.04223e-01
 4.88713e+03  1.07453e-01
 4.88739e+03  1.11509e-01
 4.88765e+03  1.12850e-01
 4.88790e+03  1.13335e-01
 4.88816e+03  1.17196e-01
 4.88842e+03  1.21586e-01
 4.88868e+03  1.25913e-01
 4.88894e+03  1.27048e-01
 4.88920e+03  1.27756e-01
 4.88946e+03  1.32656e-01
 4.88972e+03  1.35619e-01
 4.88998e+03  1.38803e-01
 4.89024e+03  1.39160e-01
 4.89050e+03  1.44860e-01
 4.89076e+03  1.46568e-01
 4.89102e+03  1.52633e-01
 4.89128e+03  1.55315e-01
 4.89154e+03  1.57254e-01
 4.89180e+03  1.63425e-01
 4.89206e+03  1.67685e-01
 4.89232e+03  1.69458e-01
 4.89258e+03  1.71066e-01
 4.89283e+03  1.77293e-01
 4.89309e+03  1.82161e-01
 4.89335e+03  1.87752e-01
 4.89361e+03  1.86743e-01
 4.89387e+03  1.92112e-01
 4.89413e+03  1.97983e-01
 4.89439e+03  2.04294e-01
 4.89465e+03  2.07908e-01
 4.89491e+03  2.08225e-01
 4.89517e+03  2.17677e-01
 4.89543e+03  2.23937e-01
 4.89569e+03  2.26064e-01
 4.89595e+03  2.29854e-01
 4.89621e+03  2.35398e-01
 4.89647e+03  2.43225e-01
 4.89673e+03  2.49998e-01
 4.89699e+03  2.49245e-01
 4.89725e+03  2.56148e-01
 4.89751e+03  2.66402e-01
 4.89777e+03  2.72480e-01
 4.89802e+03  2.70632e-01
 4.89828e+03  2.81290e-01
 4.89854e+03  2.85754e-01
 4.89880e+03  2.93285e-01
 4.89906e+03  2.97969e-01
 4.89932e+03  3.00536e-01
 4.89958e+03  3.08925e-01
 4.89984e+03  3.20147e-01
 4.90010e+03  3.19279e-01
 4.90036e+03  3.23645e-01
 4.90062e+03  3.31811e-01
 4.90088e+03  3.41464e-01
 4.90114e+03  3.46063e-01
 4.90140e+03  3.52414e-01
 4.90166e+03  3.57257e-01
 4.90192e+03  3.64862e-01
 4.90218e+03  3.76869e-01
 4.90244e+03  3.78877e-01
 4.90270e+03  3.81871e-01
 4.90296e+03  3.92380e-01
 4.90321e+03  3.96686e-01
 4.90347e+03  4.05201e-01
 4.90373e+03  4.09424e-01
 4.90399e+03  4.13270e-01
 4.90425e+03  4.23395e-01
 4.90451e+03  4.28659e-01
 4.90477e+03  4.34224e-01
 4.90503e+03  4.39596e-01
 4.90529e+03  4.46725e-01
 4.90555e+03  4.59901e-01
 4.90581e+03  4.67037e-01
 4.90607e+03  4.70780e-01
 4.90633e+03  4.72556e-01
 4.90659e+03  4.80174e-01
 4.90685e+03  4.91237e-01
 4.90711e+03  4.90058e-01
 4.90737e+03  4.94643e-01
 4.90763e+03  5.06630e-01
 4.90789e+03  5.16053e-01
 4.90815e+03  5.18282e-01
 4.90840e+03  5.18611e-01
 4.90866e+03  5.29195e-01
 4.90892e+03  5.37997e-01
 4.90918e+03  5.38554e-01
 4.90944e+03  5.39618e-01
 4.90970e+03  5.48732e-01
 4.90996e+03  5.51861e-01
 4.91022e+03  5.60616e-01
 4.91048e+03  5.59896e-01
 4.91074e+03  5.62364e-01
 4.91100e+03  5.77221e-01
 4.91126e+03  5.77696e-01
 4.91152e+03  5.84769e-01
 4.91178e+03  5.84926e-01
 4.91204e+03  5.84785e-01
 4.91230e+03  5.99470e-01
 4.91256e+03  6.01295e-01
 4.91282e+03  5.99007e-01
 4.91308e+03  6.01087e-01
 4.91334e+03  6.08545e-01
 4.91360e+03  6.15600e-01
 4.91385e+03  6.16242e-01
 4.91411e+03  6.18553e-01
 4.91437e+03  6.20529e-01
 4.91463e+03  6.25972e-01
 4.91489e+03  6.33945e-01
 4.91515e+03  6.25386e-01
 4.91541e+03  6.35615e-01
 4.91567e+03  6.36715e-01
 4.91593e+03  6.43942e-01
 4.91619e+03  6.40382e-01
 4.91645e+03  6.37623e-01
 4.91671e+03  6.47119e-01
 4.91697e+03  6.53542e-01
 4.91723e+03  6.48604e-01
 4.91749e+03  6.50269e-01
 4.91775e+03  6.59424e-01
 4.91801e+03  6.64499e-01
 4.91827e+03  6.59968e-01
 4.91853e+03  6.60387e-01
 4.91879e+03  6.59645e-01
 4.91904e+03  6.70054e-01
 4.91930e+03  6.68845e-01
 4.91956e+03  6.64972e-01
 4.91982e+03  6.68622e-01
 4.92008e+03  6.73103e-01
 4.92034e+03  6.66442e-01
 4.92060e+03  6.70354e-01
 4.92086e+03  6.71806e-01
 4.92112e+03  6.77550e-01
 4.92138e+03  6.77110e-01
 4.92164e+03  6.81063e-01
 4.92190e+03  6.73608e-01
 4.92216e+03  6.75845e-01
 4.92242e+03  6.82377e-01
 4.92268e+03  6.84394e-01
 4.92294e+03  6.83440e-01
 4.92320e+03  6.83567e-01
 4.92346e+03  6.80958e-01
 4.92372e+03  6.82320e-01
 4.92398e+03  6.86297e-01
 4.92423e+03  6.86085e-01
 4.92449e+03  6.89956e-01
 4.92475e+03  6.86977e-01
 4.92501e+03  6.92973e-01
 4.92527e+03  6.88501e-01
 4.92553e+03  6.89259e-01
 4.92579e+03  6.87089e-01
 4.92605e+03  6.93718e-01
 4.92631e+03  6.92930e-01
 4.92657e+03  6.93484e-01
 4.92683e+03  6.89330e-01
 4.92709e+03  6.93671e-01
 4.92735e+03  7.01199e-01
 4.92761e+03  6.92113e-01
 4.92787e+03  6.91606e-01
 4.92813e+03  6.94610e-01
 4.92839e+03  7.00814e-01
 4.92865e+03  6.96613e-01
 4.92891e+03  6.95980e-01
 4.92917e+03  7.00512e-01
 4.92942e+03  7.06946e-01
 4.92968e+03  7.07320e-01
 4.92994e+03  6.98014e-01
 4.93020e+03  6.96121e-01
 4.93046e+03  7.05919e-01
 4.93072e+03  7.08971e-01
 4.93098e+03  7.04898e-01
 4.93124e+03  7.06022e-01
 4.93150e+03  7.06330e-01
 4.93176e+03  7.04491e-01
 4.93202e+03  7.09382e-01
 4.93228e+03  7.08410e-01
 4.93254e+03  7.09607e-01
 4.93280e+03  7.09755e-01
 4.93306e+03  7.16998e-01
 4.93332e+03  7.13375e-01
 4.93358e+03  7.12816e-01
 4.93384e+03  7.08192e-01
 4.93410e+03  7.16282e-01
 4.93435e+03  7.12796e-01
 4.93461e+03  7.14434e-01
 4.93487e+03  7.13520e-01
 4.93513e+03  7.15329e-01
 4.93539e+03  7.14236e-01
 4.93565e+03  7.13841e-01
 4.93591e+03  7.11622e-01
 4.93617e+03  7.13195e-01
 4.93643e+03  7.20826e-01
 4.93669e+03  7.21245e-01
 4.93695e+03  7.17045e-01
 4.93721e+03  7.19500e-01
 4.93747e+03  7.18114e-01
 4.93773e+03  7.23491e-01
 4.93799e+03  7.23423e-01
 4.93825e+03  7.24444e-01
 4.93851e+03  7.19357e-01
 4.93877e+03  7.28128e-01
 4.93903e+03  7.26567e-01
 4.93929e+03  7.19292e-01
 4.93954e+03  7.27209e-01
 4.93980e+03  7.29804e-01
 4.94006e+03  7.22629e-01
 4.94032e+03  7.30302e-01
 4.94058e+03  7.33300e-01
 4.94084e+03  7.29755e-01
 4.94110e+03  7.33168e-01
 4.94136e+03  7.30702e-01
 4.94162e+03  7.29901e-01
 4.94188e+03  7.26113e-01
 4.94214e+03  7.33193e-01
 4.94240e+03  7.34930e-01
 4.94266e+03  7.33681e-01
 4.94292e+03  7.34194e-01
 4.94318e+03  7.31307e-01
 4.94344e+03  7.35055e-01
 4.94370e+03  7.30594e-01
 4.94396e+03  7.32723e-01
 4.94422e+03  7.36168e-01
 4.94448e+03  7.40001e-01
 4.94473e+03  7.33230e-01
 4.94499e+03  7.43944e-01
 4.94525e+03  7.36277e-01
 4.94551e+03  7.46844e-01
 4.94577e+03  7.38111e-01
 4.94603e+03  7.44570e-01
 4.94629e+03  7.36724e-01
 4.94655e+03  7.39871e-01
 4.94681e+03  7.40921e-01
 4.94707e+03  7.40468e-01
 4.94733e+03  7.44426e-01
 4.94759e+03  7.43033e-01
 4.94785e+03  7.47265e-01
 4.94811e+03  7.41529e-01
 4.94837e+03  7.40386e-01
 4.94863e+03  7.37525e-01
 4.94889e+03  7.44211e-01
 4.94915e+03  7.49203e-01
 4.94941e+03  7.37494e-01
 4.94967e+03  7.42627e-01
 4.94992e+03  7.43024e-01
 4.95018e+03  7.41741e-01
 4.95044e+03  7.42494e-01
 4.95070e+03  7.38437e-01
 4.95096e+03  7.34359e-01
 4.95122e+03  7.38637e-01
 4.95148e+03  7.43941e-01
 4.95174e+03  7.45166e-01
 4.95200e+03  7.35277e-01
 4.95226e+03  7.39232e-01
 4.95252e+03  7.45079e-01
 4.95278e+03  7.41932e-01
 4.95304e+03  7.35376e-01
 4.95330e+03  7.31315e-01
 4.95356e+03  7.32047e-01
 4.95382e+03  7.36311e-01
 4.95408e+03  7.40871e-01
 4.95434e+03  7.38312e-01
 4.95460e+03  7.31082e-01
 4.95486e+03  7.50804e-01
 4.95512e+03  7.36870e-01
 4.95537e+03  7.34955e-01
 4.95563e+03  7.35561e-01
 4.95589e+03  7.29368e-01
 4.95615e+03  7.33444e-01
 4.95641e+03  7.35983e-01
 4.95667e+03  7.32213e-01
 4.95693e+03  7.33770e-01
 4.95719e+03  7.29894e-01
 4.95745e+03  7.39155e-01
 4.95771e+03  7.30503e-01
 4.95797e+03  7.28201e-01
 4.95823e+03  7.26008e-01
 4.95849e+03  7.25961e-01
 4.95875e+03  7.24986e-01
 4.95901e+03  7.24421e-01
 4.95927e+03  7.24586e-01
 4.95953e+03  7.22840e-01
 4.95979e+03  7.26511e-01
 4.96005e+03  7.29819e-01
 4.96031e+03  7.23176e-01
 4.96056e+03  7.13644e-01
 4.96082e+03  7.24713e-01
 4.96108e+03  7.23740e-01
 4.96134e+03  7.15898e-01
 4.96160e+03  7.20256e-01
 4.96186e+03  7.17613e-01
 4.96212e+03  7.10603e-01
 4.96238e+03  7.10365e-01
 4.96264e+03  7.07820e-01
 4.96290e+03  7.09413e-01
 4.96316e+03  7.11469e-01
 4.96342e+03  7.10588e-01
 4.96368e+03  7.07640e-01
 4.96394e+03  7.05024e-01
 4.96420e+03  7.11413e-01
 4.96446e+03  7.06873e-01
 4.96472e+03  7.09510e-01
 4.96498e+03  6.97874e-01
 4.96524e+03  7.03291e-01
 4.96550e+03  6.98055e-01
 4.96575e+03  7.07561e-01
 4.96601e+03  6.97103e-01
 4.96627e+03  6.98057e-01
 4.96653e+03  6.99239e-01
 4.96679e+03  7.02173e-01
 4.96705e+03  6.93919e-01
 4.96731e+03  6.95586e-01
 4.96757e+03  6.90929e-01
 4.96783e+03  6.94981e-01
 4.96809e+03  6.88621e-01
 4.96835e+03  6.86189e-01
 4.96861e+03  6.85175e-01
 4.96887e+03  6.91404e-01
 4.96913e+03  6.91348e-01
 4.96939e+03  6.84492e-01
 4.96965e+03  6.76942e-01
 4.96991e+03  6.82976e-01
 4.97017e+03  6.83095e-01
 4.97043e+03  6.85225e-01
 4.97069e+03  6.80908e-01
 4.97094e+03  6.73105e-01
 4.97120e+03  6.81554e-01
 4.97146e+03  6.71321e-01
 4.97172e+03  6.65529e-01
 4.97198e+03  6.66541e-01
 4.97224e+03  6.73895e-01
 4.97250e+03  6.73205e-01
 4.97276e+03  6.74840e-01
 4.97302e+03  6.62196e-01
 4.97328e+03  6.60507e-01
 4.97354e+03  6.63264e-01
 4.97380e+03  6.69588e-01
 4.97406e+03  6.61393e-01
 4.97432e+03  6.59978e-01
 4.97458e+03  6.62338e-01
 4.97484e+03  6.67792e-01
 4.97510e+03  6.59844e-01
 4.97536e+03  6.49389e-01
 4.97562e+03  6.53522e-01
 4.97588e+03  6.60421e-01
 4.97613e+03  6.60745e-01
 4.97639e+03  6.47224e-01
 4.97665e+03  6.37760e-01
 4.97691e+03  6.37868e-01
 4.97717e+03  6.38518e-01
 4.97743e+03  6.56945e-01
 4.97769e+03  6.40581e-01
 4.97795e+03  6.45525e-01
 4.97821e+03  6.49948e-01
 4.97847e+03  6.53251e-01
 4.97873e+03  6.38396e-01
 4.97899e+03  6.40497e-01
 4.97925e+03  6.47588e-01
 4.97951e+03  6.51538e-01
 4.97977e+03  6.42333e-01
 4.98003e+03  6.33557e-01
 4.98029e+03  6.36514e-01
 4.98055e+03  6.45297e-01
 4.98081e+03  6.45180e-01
 4.98106e+03  6.36686e-01
 4.98132e+03  6.31837e-01
 4.98158e+03  6.36568e-01
 4.98184e+03  6.41439e-01
 4.98210e+03  6.31376e-01
 4.98236e+03  6.21833e-01
 4.98262e+03  6.26468e-01
 4.98288e+03  6.36975e-01
 4.98314e+03  6.28611e-01
 4.98340e+03  6.22245e-01
 4.98366e+03  6.26899e-01
 4.98392e+03  6.29953e-01
 4.98418e+03  6.34124e-01
 4.98444e+03  6.22211e-01
 4.98470e+03  6.13576e-01
 4.98496e+03  6.24978e-01
 4.98522e+03  6.27913e-01
 4.98548e+03  6.21656e-01
 4.98574e+03  6.08084e-01
 4.98600e+03  6.17440e-01
 4.98625e+03  6.22877e-01
 4.98651e+03  6.19740e-01
 4.98677e+03  6.08882e-01
 4.98703e+03  6.05817e-01
 4.98729e+03  6.12009e-01
 4.98755e+03  6.18136e-01
 4.98781e+03  6.08386e-01
 4.98807e+03  5.96927e-01
 4.98833e+03  6.05199e-01
 4.98859e+03  6.13138e-01
 4.98885e+03  6.05425e-01
 4.98911e+03  5.94078e-01
 4.98937e+03  5.90011e-01
 4.98963e+03  6.01039e-01
 4.98989e+03  6.05660e-01
 4.99015e+03  5.91758e-01
 4.99041e+03  5.83440e-01
 4.99067e+03  5.94195e-01
 4.99093e+03  5.92486e-01
 4.99119e+03  5.85989e-01
 4.99144e+03  5.71507e-01
 4.99170e+03  5.77002e-01
 4.99196e+03  5.85043e-01
 4.99222e+03  5.83188e-01
 4.99248e+03  5.64356e-01
 4.99274e+03  5.60182e-01
 4.99300e+03  5.71019e-01
 4.99326e+03  5.64555e-01
 4.99352e+03  5.62495e-01
 4.99378e+03  5.57149e-01
 4.99404e+03  5.52727e-01
 4.99430e+03  5.56688e-01
 4.99456e+03  5.51215e-01
 4.99482e+03  5.42147e-01
 4.99508e+03  5.37967e-01
 4.99534e+03  5.42234e-01
 4.99560e+03  5.48911e-01
 4.99586e+03  5.37637e-01
 4.99612e+03  5.26000e-01
 4.99638e+03  5.22600e-01
 4.99663e+03  5.26108e-01
 4.99689e+03  5.23939e-01
 4.99715e+03  5.08961e-01
 4.99741e+03  5.08209e-01
 4.99767e+03  5.13136e-01
 4.99793e+03  5.08002e-01
 4.99819e+03  5.00048e-01
 4.99845e+03  4.87542e-01
 4.99871e+03  4.85185e-01
 4.99897e+03  4.94012e-01
 4.99923e+03  4.86147e-01
 4.99949e+03  4.71940e-01
 4.99975e+03  4.65657e-01
 5.00001e+03  4.74113e-01
 5.00027e+03  4.69749e-01
 5.00053e+03  4.53494e-01
 5.00079e+03  4.46406e-01
 5.00105e+03  4.49581e-01
 5.00131e+03  4.52642e-01
 5.00157e+03  4.42108e-01
 5.00183e+03  4.25114e-01
 5.00208e+03  4.23556e-01
 5.00234e+03  4.28875e-01
 5.00260e+03  4.22888e-01
 5.00286e+03  4.07197e-01
 5.00312e+03  3.97572e-01
 5.00338e+03  3.99120e-01
 5.00364e+03  4.02623e-01
 5.00390e+03  3.93430e-01
 5.00416e+03  3.77587e-01
 5.00442e+03  3.74803e-01
 5.00468e+03  3.80704e-01
 5.00494e+03  3.76048e-01
 5.00520e+03  3.58408e-01
 5.00546e+03  3.51703e-01
 5.00572e+03  3.57216e-01
 5.00598e+03  3.54581e-01
 5.00624e+03  3.43636e-01
 5.00650e+03  3.27398e-01
 5.00676e+03  3.27841e-01
 5.00702e+03  3.33070e-01
 5.00727e+03  3.25597e-01
 5.00753e+03  3.14034e-01
 5.00779e+03  3.02039e-01
 5.00805e+03  3.07609e-01
 5.00831e+03  3.05948e-01
 5.00857e+03  2.97369e-01
 5.00883e+03  2.85445e-01
 5.00909e+03  2.80427e-01
 5.00935e+03  2.82097e-01
 5.00961e+03  2.80511e-01
 5.00987e+03  2.70620e-01
 5.01013e+03  2.61519e-01
 5.01039e+03  2.65478e-01
 5.01065e+03  2.63146e-01
 5.01091e+03  2.54153e-01
 5.01117e+03  2.36593e-01
 5.01143e+03  2.38665e-01
 5.01169e+03  2.43010e-01
 5.01195e+03  2.41758e-01
 5.01221e+03  2.25864e-01
 5.01246e+03  2.19248e-01
 5.01272e+03  2.17391e-01
 5.01298e+03  2.23522e-01
 5.01324e+03  2.13680e-01
 5.01350e+03  2.02193e-01
 5.01376e+03  1.99751e-01
 5.01402e+03  2.04036e-01
 5.01428e+03  1.98523e-01
 5.01454e+03  1.88430e-01
 5.01480e+03  1.83990e-01
 5.01506e+03  1.85971e-01
 5.01532e+03  1.84885e-01
 5.01558e+03  1.78683e-01
 5.01584e+03  1.69125e-01
 5.01610e+03  1.68778e-01
 5.01636e+03  1.68351e-01
 5.01662e+03  1.63461e-01
 5.01688e+03  1.59292e-01
 5.01714e+03  1.51792e-01
 5.01740e+03  1.54827e-01
 5.01765e+03  1.53618e-01
 5.01791e+03  1.47620e-01
 5.01817e+03  1.40860e-01
 5.01843e+03  1.39197e-01
 5.01869e+03  1.40030e-01
 5.01895e+03  1.37907e-01
 5.01921e+03  1.33474e-01
 5.01947e+03  1.27357e-01
 5.01973e+03  1.28304e-01
 5.01999e+03  1.26645e-01
 5.02025e+03  1.22590e-01
 5.02051e+03  1.16357e-01
 5.02077e+03  1.16084e-01
 5.02103e+03  1.17117e-01
 5.02129e+03  1.15186e-01
 5.02155e+03  1.08529e-01
 5.02181e+03  1.03207e-01
 5.02207e+03  1.03683e-01
 5.02233e+03  1.06123e-01
 5.02258e+03  1.02294e-01
 5.02284e+03  9.75929e-02
 5.02310e+03  9.51917e-02
 5.02336e+03  9.60635e-02
 5.02362e+03  9.70638e-02
 5.02388e+03  9.21296e-02
 5.02414e+03  8.76085e-02
 5.02440e+03  8.93502e-02
 5.02466e+03  9.00918e-02
 5.02492e+03  8.70051e-02
 5.02518e+03  8.18234e-02
 5.02544e+03  8.01249e-02
 5.02570e+03  7.99323e-02
 5.02596e+03  7.87695e-02
 5.02622e+03  7.76821e-02
 5.02648e+03  7.30545e-02
 5.02674e+03  7.39668e-02
 5.02700e+03  7.25724e-02
 5.02726e+03  7.06185e-02
 5.02752e+03  6.90106e-02
 5.02777e+03  6.52530e-02
 5.02803e+03  6.68447e-02
 5.02829e+03  6.88202e-02
 5.02855e+03  6.35311e-02
 5.02881e+03  6.19519e-02
 5.02907e+03  6.15947e-02
 5.02933e+03  6.31033e-02
 5.02959e+03  6.21539e-02
 5.02985e+03  5.75268e-02
 5.03011e+03  5.61052e-02
 5.03037e+03  5.67235e-02
 5.03063e+03  5.50686e-02
 5.03089e+03  5.47910e-02
 5.03115e+03  5.20708e-02
 5.03141e+03  5.10706e-02
 5.03167e+03  5.22457e-02
 5.03193e+03  5.21024e-02
 5.03219e+03  4.93553e-02
 5.03245e+03  4.63982e-02
 5.03271e+03  4.82588e-02
 5.03296e+03  4.84599e-02
 5.03322e+03  4.57186e-02
 5.03348e+03  4.47007e-02
 5.03374e+03  4.33802e-02
 5.03400e+03  4.39894e-02
 5.03426e+03  4.38557e-02
 5.03452e+03  4.17255e-02
 5.03478e+03  3.85533e-02
 5.03504e+03  3.94118e-02
 5.03530e+03  4.08102e-02
 5.03556e+03  4.06703e-02
 5.03582e+03  3.67688e-02
 5.03608e+03  3.54986e-02
 5.03634e+03  3.73204e-02
 5.03660e+03  3.63932e-02
 5.03686e+03  3.69139e-02
 5.03712e+03  3.35670e-02
 5.03738e+03  3.33775e-02
 5.03764e+03  3.44998e-02
 5.03790e+03  3.33836e-02
 5.03815e+03  3.23590e-02
 5.03841e+03  3.15494e-02
 5.03867e+03  3.09173e-02
 5.03893e+03  3.11327e-02
 5.03919e+03  3.02051e-02
 5.03945e+03  2.96839e-02
 5.03971e+03  2.84343e-02
 5.03997e+03  2.91647e-02
 5.04023e+03  2.90293e-02
 5.04049e+03  2.78602e-02
 5.04075e+03  2.63709e-02
 5.04101e+03  2.67671e-02
 5.04127e+03  2.69238e-02
 5.04153e+03  2.69178e-02
 5.04179e+03  2.45647e-02
 5.04205e+03  2.44229e-02
 5.04231e+03  2.45827e-02
 5.04257e+03  2.48855e-02
 5.04283e+03  2.45877e-02
 5.04309e+03  2.28812e-02
 5.04335e+03  2.33472e-02
 5.04360e+03  2.32122e-02
 5.04386e+03  2.23569e-02
 5.04412e+03  2.21277e-02
 5.04438e+03  2.12406e-02
 5.04464e+03  2.22925e-02
 5.04490e+03  2.13783e-02
 5.04516e+03  2.15463e-02
 5.04542e+03  2.02611e-02
 5.04568e+03  2.06021e-02
 5.04594e+03  1.99332e-02
 5.04620e+03  1.99604e-02
 5.04646e+03  1.86140e-02
 5.04672e+03  1.77337e-02
 5.04698e+03  1.84559e-02
 5.04724e+03  1.83926e-02
 5.04750e+03  1.85077e-02
 5.04776e+03  1.74061e-02
 5.04802e+03  1.66937e-02
 5.04828e+03  1.68550e-02
 5.04854e+03  1.67002e-02
 5.04879e+03  1.73548e-02
 5.04905e+03  1.55393e-02
 5.04931e+03  1.47370e-02
 5.04957e+03  1.63672e-02
 5.04983e+03  1.62353e-02
 5.05009e+03  1.57123e-02
 5.05035e+03  1.56159e-02
 5.05061e+03  1.46261e-02
 5.05087e+03  1.48122e-02
 5.05113e+03  1.42254e-02
 5.05139e+03  1.36990e-02
 5.05165e+03  1.34772e-02
 5.05191e+03  1.35042e-02
 5.05217e+03  1.41333e-02
 5.05243e+03  1.29673e-02
 5.05269e+03  1.22468e-02
 5.05295e+03  1.27303e-02
 5.05321e+03  1.32304e-02
 5.05347e+03  1.24431e-02
 5.05373e+03  1.23670e-02
 5.05398e+03  1.22243e-02
 5.05424e+03  1.27051e-02
 5.05450e+03  1.21047e-02
 5.05476e+03  1.21457e-02
 5.05502e+03  1.02485e-02
 5.05528e+03  1.17279e-02
 5.05554e+03  1.22625e-02
 5.05580e+03  1.14900e-02
 5.05606e+03  1.10056e-02
 5.05632e+03  1.00122e-02
 5.05658e+03  1.07515e-02
 5.05684e+03  9.79560e-03
 5.05710e+03  1.11347e-02
 5.05736e+03  9.69806e-03
 5.05762e+03  9.50702e-03
 5.05788e+03  1.03580e-02
 5.05814e+03  1.06407e-02
 5.05840e+03  9.61117e-03
 5.05866e+03  8.76318e-03
 5.05892e+03  9.62427e-03
 5.05917e+03  1.02588e-02
 5.05943e+03  8.82873e-03
 5.05969e+03  9.01745e-03
 5.05995e+03  8.94548e-03
 5.06021e+03  8.85127e-03
 5.06047e+03  9.71674e-03
 5.06073e+03  8.75995e-03
 5.06099e+03  8.12130e-03
 5.06125e+03  8.59701e-03
 5.06151e+03  8.40341e-03
 5.06177e+03  8.81828e-03
 5.06203e+03  7.92920e-03
 5.06229e+03  7.87771e-03
 5.06255e+03  7.49107e-03
 5.06281e+03  7.75789e-03
 5.06307e+03  7.85327e-03
 5.06333e+03  7.62029e-03
 5.06359e+03  7.47524e-03
 5.06385e+03  7.47772e-03
 5.06410e+03  7.37024e-03
 5.06436e+03  7.08338e-03
 5.06462e+03  7.34209e-03
 5.06488e+03  7.19687e-03
 5.06514e+03  6.92962e-03
 5.06540e+03  7.40256e-03
 5.06566e+03  6.74445e-03
 5.06592e+03  6.73995e-03
 5.06618e+03  6.70266e-03
 5.06644e+03  7.16657e-03
 5.06670e+03  7.15952e-03
 5.06696e+03  6.02458e-03
 5.06722e+03  6.05475e-03
 5.06748e+03  6.68814e-03
 5.06774e+03  6.50888e-03
 5.06800e+03  6.29260e-03
 5.06826e+03  5.92598e-03
 5.06852e+03  5.87093e-03
 5.06878e+03  6.02901e-03
 5.06904e+03  6.47970e-03
 5.06929e+03  5.83576e-03
 5.06955e+03  6.22132e-03
 5.06981e+03  5.84520e-03
 5.07007e+03  5.62585e-03
 5.07033e+03  6.59497e-03
 5.07059e+03  5.06008e-03
 5.07085e+03  5.64960e-03
 5.07111e+03  5.59055e-03
 5.07137e+03  5.83208e-03
 5.07163e+03  5.60913e-03
 5.07189e+03  5.31605e-03
 5.07215e+03  5.00158e-03
 5.07241e+03  5.63421e-03
 5.07267e+03  5.66688e-03
 5.07293e+03  5.61400e-03
 5.07319e+03  5.17081e-03
 5.07345e+03  5.23878e-03
 5.07371e+03  5.45510e-03
 5.07397e+03  5.38192e-03
 5.07423e+03  4.98787e-03
 5.07448e+03  4.73341e-03
 5.07474e+03  4.82644e-03
 5.07500e+03  5.07759e-03
 5.07526e+03  4.79964e-03
 5.07552e+03  5.07520e-03
 5.07578e+03  4.55733e-03
 5.07604e+03  4.75171e-03
 5.07630e+03  5.13165e-03
 5.07656e+03  4.85877e-03
 5.07682e+03  4.09775e-03
 5.07708e+03  4.20739e-03
 5.07734e+03  4.33383e-03
 5.07760e+03  3.81998e-03
 5.07786e+03  3.55624e-03
 5.07812e+03  4.18185e-03
 5.07838e+03  3.93167e-03
 5.07864e+03  4.42235e-03
 5.07890e+03  3.71341e-03
 5.07916e+03  3.77308e-03
 5.07942e+03  3.73771e-03
 5.07967e+03  3.47021e-03
 5.07993e+03  3.78506e-03
 5.08019e+03  4.03100e-03
 5.08045e+03  4.01182e-03
 5.08071e+03  3.52283e-03
 5.08097e+03  3.55127e-03
 5.08123e+03  4.55061e-03
 5.08149e+03  3.26531e-03
 5.08175e+03  3.85017e-03
 5.08201e+03  4.08195e-03
 5.08227e+03  4.04836e-03
 5.08253e+03  3.85860e-03
 5.08279e+03  3.60614e-03
 5.08305e+03  3.43012e-03
 5.08331e+03  3.29357e-03
 5.08357e+03  3.07145e-03
 5.08383e+03  3.53639e-03
 5.08409e+03  2.99460e-03
 5.08435e+03  2.83113e-03
 5.08461e+03  2.76293e-03
 5.08487e+03  3.17667e-03
 5.08512e+03  3.01232e-03
 5.08538e+03  2.76368e-03
 5.08564e+03  2.48787e-03
 5.08590e+03  3.05085e-03
 5.08616e+03  3.34184e-03
 5.08642e+03  3.11841e-03
 5.08668e+03  3.69981e-03
 5.08694e+03  2.72466e-03
 5.08720e+03  3.37255e-03
 5.08746e+03  3.23885e-03
 5.08772e+03  3.17363e-03
 5.08798e+03  2.71665e-03
 5.08824e+03  3.45397e-03
 5.08850e+03  2.59184e-03
 5.08876e+03  2.80657e-03
 5.08902e+03  2.67050e-03
 5.08928e+03  2.09839e-03
 5.08954e+03  2.45471e-03
 5.08980e+03  2.90798e-03
 5.09006e+03  3.68741e-03
 5.09031e+03  2.69109e-03
 5.09057e+03  2.32623e-03
 5.09083e+03  2.44334e-03
 5.09109e+03  2.82461e-03
 5.09135e+03  2.40751e-03
 5.09161e+03  2.14982e-03
 5.09187e+03  2.06267e-03
 5.09213e+03  3.34794e-03
 5.09239e+03  2.66991e-03
 5.09265e+03  2.78205e-03
 5.09291e+03  2.55059e-03
 5.09317e+03  2.76316e-03
 5.09343e+03  2.02052e-03
 5.09369e+03  2.75357e-03
 5.09395e+03  2.15219e-03
 5.09421e+03  2.73192e-03
 5.09447e+03  2.99149e-03
 5.09473e+03  2.51114e-03
 5.09499e+03  1.58537e-03
 5.09525e+03  2.26462e-03
 5.09550e+03  2.10374e-03
 5.09576e+03  3.43412e-03
 5.09602e+03  2.65797e-03
 5.09628e+03  1.88867e-03
 5.09654e+03  2.14727e-03
 5.09680e+03  2.79984e-03
 5.09706e+03  1.77137e-03
 5.09732e+03  1.93471e-03
 5.09758e+03  2.05170e-03
 5.09784e+03  2.21951e-03
 5.09810e+03  1.82370e-03
 5.09836e+03  1.56911e-03
 5.09862e+03  2.34487e-03
 5.09888e+03  2.27677e-03
 5.09914e+03  1.42849e-03
 5.09940e+03  2.23601e-03
 5.09966e+03  1.95807e-03
 5.09992e+03  1.32606e-03
 5.10018e+03  1.27484e-03
