 5.60004e+03  1.77503e-03
 5.60030e+03  1.88755e-03
 5.60056e+03  1.75344e-03
 5.60082e+03  1.63958e-03
 5.60108e+03  1.65027e-03
 5.60134e+03  1.77464e-03
 5.60160e+03  1.92018e-03
 5.60186e+03  1.71768e-03
 5.60213e+03  1.63327e-03
 5.60239e+03  1.81086e-03
 5.60265e+03  1.73357e-03
 5.60291e+03  1.83378e-03
 5.60317e+03  1.65206e-03
 5.60343e+03  1.86882e-03
 5.60369e+03  1.73892e-03
 5.60395e+03  1.76239e-03
 5.60421e+03  1.79250e-03
 5.60447e+03  1.95974e-03
 5.60473e+03  1.87897e-03
 5.60499e+03  1.81346e-03
 5.60525e+03  1.82013e-03
 5.60551e+03  1.82025e-03
 5.60578e+03  1.85023e-03
 5.60604e+03  1.86942e-03
 5.60630e+03  1.97795e-03
 5.60656e+03  1.84624e-03
 5.60682e+03  1.97080e-03
 5.60708e+03  1.99432e-03
 5.60734e+03  2.00150e-03
 5.60760e+03  2.06367e-03
 5.60786e+03  1.94435e-03
 5.60812e+03  2.06163e-03
 5.60838e+03  2.13950e-03
 5.60864e+03  1.90255e-03
 5.60890e+03  1.93940e-03
 5.60916e+03  2.08365e-03
 5.60943e+03  2.15601e-03
 5.60969e+03  1.95300e-03
 5.60995e+03  1.93915e-03
 5.61021e+03  2.17420e-03
 5.61047e+03  2.05558e-03
 5.61073e+03  1.99667e-03
 5.61099e+03  2.03942e-03
 5.61125e+03  2.00504e-03
 5.61151e+03  2.11438e-03
 5.61177e+03  2.20548e-03
 5.61203e+03  2.29651e-03
 5.61229e+03  2.07063e-03
 5.61255e+03  2.10836e-03
 5.61281e+03  2.12912e-03
 5.61307e+03  2.26564e-03
 5.61334e+03  2.16797e-03
 5.61360e+03  2.02215e-03
 5.61386e+03  2.40681e-03
 5.61412e+03  2.37539e-03
 5.61438e+03  2.08190e-03
 5.61464e+03  2.14472e-03
 5.61490e+03  2.04440e-03
 5.61516e+03  2.34686e-03
 5.61542e+03  2.30037e-03
 5.61568e+03  2.19126e-03
 5.61594e+03  2.18096e-03
 5.61620e+03  2.24221e-03
 5.61646e+03  2.13771e-03
 5.61672e+03  2.25482e-03
 5.61699e+03  2.43563e-03
 5.61725e+03  2.66856e-03
 5.61751e+03  2.42724e-03
 5.61777e+03  2.23772e-03
 5.61803e+03  2.40878e-03
 5.61829e+03  2.36518e-03
 5.61855e+03  2.47495e-03
 5.61881e+03  2.31488e-03
 5.61907e+03  2.46541e-03
 5.61933e+03  2.58747e-03
 5.61959e+03  2.45807e-03
 5.61985e+03  2.54351e-03
 5.62011e+03  2.56133e-03
 5.62037e+03  2.61436e-03
 5.62064e+03  2.51673e-03
 5.62090e+03  2.67933e-03
 5.62116e+03  2.68873e-03
 5.62142e+03  2.70351e-03
 5.62168e+03  2.78986e-03
 5.62194e+03  2.67982e-03
 5.62220e+03  2.58159e-03
 5.62246e+03  2.61619e-03
 5.62272e+03  2.67609e-03
 5.62298e+03  2.77628e-03
 5.62324e+03  2.67254e-03
 5.62350e+03  2.74892e-03
 5.62376e+03  2.60019e-03
 5.62402e+03  2.62193e-03
 5.62429e+03  2.84043e-03
 5.62455e+03  2.94579e-03
 5.62481e+03  2.79033e-03
 5.62507e+03  2.96084e-03
 5.62533e+03  2.92448e-03
 5.62559e+03  2.98028e-03
 5.62585e+03  2.91873e-03
 5.62611e+03  3.08357e-03
 5.62637e+03  2.69146e-03
 5.62663e+03  2.81482e-03
 5.62689e+03  3.00475e-03
 5.62715e+03  2.97305e-03
 5.62741e+03  3.18214e-03
 5.62767e+03  3.15788e-03
 5.62793e+03  3.02823e-03
 5.62820e+03  3.06672e-03
 5.62846e+03  2.97354e-03
 5.62872e+03  3.14483e-03
 5.62898e+03  3.13706e-03
 5.62924e+03  3.31755e-03
 5.62950e+03  3.33509e-03
 5.62976e+03  3.29905e-03
 5.63002e+03  3.18329e-03
 5.63028e+03  3.24865e-03
 5.63054e+03  3.24008e-03
 5.63080e+03  3.36848e-03
 5.63106e+03  3.51333e-03
 5.63132e+03  3.18240e-03
 5.63158e+03  3.20550e-03
 5.63185e+03  3.45043e-03
 5.63211e+03  3.53056e-03
 5.63237e+03  3.55813e-03
 5.63263e+03  3.48839e-03
 5.63289e+03  3.27867e-03
 5.63315e+03  3.52994e-03
 5.63341e+03  3.58765e-03
 5.63367e+03  3.86743e-03
 5.63393e+03  3.69633e-03
 5.63419e+03  3.59352e-03
 5.63445e+03  3.49874e-03
 5.63471e+03  3.78424e-03
 5.63497e+03  3.59503e-03
 5.63523e+03  3.81208e-03
 5.63550e+03  3.91102e-03
 5.63576e+03  3.88339e-03
 5.63602e+03  3.82842e-03
 5.63628e+03  3.67801e-03
 5.63654e+03  3.84026e-03
 5.63680e+03  4.07909e-03
 5.63706e+03  4.07187e-03
 5.63732e+03  3.92505e-03
 5.63758e+03  4.12820e-03
 5.63784e+03  4.13234e-03
 5.63810e+03  3.89904e-03
 5.63836e+03  4.40939e-03
 5.63862e+03  4.19294e-03
 5.63888e+03  4.22412e-03
 5.63915e+03  4.17980e-03
 5.63941e+03  4.21160e-03
 5.63967e+03  4.16437e-03
 5.63993e+03  4.53651e-03
 5.64019e+03  4.24158e-03
 5.64045e+03  4.27905e-03
 5.64071e+03  4.44539e-03
 5.64097e+03  4.64465e-03
 5.64123e+03  4.67352e-03
 5.64149e+03  4.66355e-03
 5.64175e+03  4.60170e-03
 5.64201e+03  4.68261e-03
 5.64227e+03  4.78936e-03
 5.64253e+03  4.76235e-03
 5.64279e+03  4.85456e-03
 5.64306e+03  4.75514e-03
 5.64332e+03  4.74491e-03
 5.64358e+03  4.90895e-03
 5.64384e+03  5.12525e-03
 5.64410e+03  4.98532e-03
 5.64436e+03  5.24778e-03
 5.64462e+03  5.10583e-03
 5.64488e+03  5.16358e-03
 5.64514e+03  5.19782e-03
 5.64540e+03  5.34939e-03
 5.64566e+03  5.34633e-03
 5.64592e+03  5.18932e-03
 5.64618e+03  5.52044e-03
 5.64644e+03  5.30369e-03
 5.64671e+03  5.63730e-03
 5.64697e+03  5.42617e-03
 5.64723e+03  5.50426e-03
 5.64749e+03  5.87008e-03
 5.64775e+03  5.86260e-03
 5.64801e+03  5.41060e-03
 5.64827e+03  5.77293e-03
 5.64853e+03  5.76966e-03
 5.64879e+03  6.10256e-03
 5.64905e+03  6.06467e-03
 5.64931e+03  5.89830e-03
 5.64957e+03  6.08447e-03
 5.64983e+03  6.28779e-03
 5.65009e+03  6.31110e-03
 5.65035e+03  6.49294e-03
 5.65062e+03  6.51438e-03
 5.65088e+03  6.37178e-03
 5.65114e+03  6.35911e-03
 5.65140e+03  6.61036e-03
 5.65166e+03  6.49858e-03
 5.65192e+03  6.49864e-03
 5.65218e+03  6.82474e-03
 5.65244e+03  6.71915e-03
 5.65270e+03  7.05076e-03
 5.65296e+03  7.08931e-03
 5.65322e+03  7.11570e-03
 5.65348e+03  7.05405e-03
 5.65374e+03  7.00808e-03
 5.65400e+03  7.30798e-03
 5.65427e+03  7.52375e-03
 5.65453e+03  7.50412e-03
 5.65479e+03  7.38681e-03
 5.65505e+03  7.42560e-03
 5.65531e+03  7.93656e-03
 5.65557e+03  7.80611e-03
 5.65583e+03  7.83730e-03
 5.65609e+03  8.01790e-03
 5.65635e+03  7.82734e-03
 5.65661e+03  8.41121e-03
 5.65687e+03  8.48823e-03
 5.65713e+03  8.24267e-03
 5.65739e+03  8.31059e-03
 5.65765e+03  8.41160e-03
 5.65792e+03  8.72123e-03
 5.65818e+03  8.89417e-03
 5.65844e+03  8.80184e-03
 5.65870e+03  8.84263e-03
 5.65896e+03  8.74959e-03
 5.65922e+03  9.40220e-03
 5.65948e+03  9.59054e-03
 5.65974e+03  9.28578e-03
 5.66000e+03  9.61895e-03
 5.66026e+03  9.59368e-03
 5.66052e+03  9.90808e-03
 5.66078e+03  1.00321e-02
 5.66104e+03  9.81799e-03
 5.66130e+03  9.83496e-03
 5.66156e+03  1.03539e-02
 5.66183e+03  1.03276e-02
 5.66209e+03  1.10178e-02
 5.66235e+03  1.02154e-02
 5.66261e+03  1.09668e-02
 5.66287e+03  1.05151e-02
 5.66313e+03  1.13249e-02
 5.66339e+03  1.12281e-02
 5.66365e+03  1.07679e-02
 5.66391e+03  1.13179e-02
 5.66417e+03  1.09885e-02
 5.66443e+03  1.20172e-02
 5.66469e+03  1.20160e-02
 5.66495e+03  1.17012e-02
 5.66521e+03  1.16700e-02
 5.66548e+03  1.20318e-02
 5.66574e+03  1.24079e-02
 5.66600e+03  1.28377e-02
 5.66626e+03  1.24445e-02
 5.66652e+03  1.26901e-02
 5.66678e+03  1.27732e-02
 5.66704e+03  1.37205e-02
 5.66730e+03  1.38942e-02
 5.66756e+03  1.34195e-02
 5.66782e+03  1.37738e-02
 5.66808e+03  1.38921e-02
 5.66834e+03  1.43441e-02
 5.66860e+03  1.46575e-02
 5.66886e+03  1.42972e-02
 5.66913e+03  1.50458e-02
 5.66939e+03  1.47559e-02
 5.66965e+03  1.55942e-02
 5.66991e+03  1.57350e-02
 5.67017e+03  1.49966e-02
 5.67043e+03  1.53261e-02
 5.67069e+03  1.56981e-02
 5.67095e+03  1.60439e-02
 5.67121e+03  1.71272e-02
 5.67147e+03  1.65438e-02
 5.67173e+03  1.64928e-02
 5.67199e+03  1.69597e-02
 5.67225e+03  1.74516e-02
 5.67251e+03  1.87482e-02
 5.67278e+03  1.76106e-02
 5.67304e+03  1.81553e-02
 5.67330e+03  1.85539e-02
 5.67356e+03  1.90532e-02
 5.67382e+03  1.97976e-02
 5.67408e+03  1.90441e-02
 5.67434e+03  1.95606e-02
 5.67460e+03  1.99971e-02
 5.67486e+03  2.05173e-02
 5.67512e+03  2.10815e-02
 5.67538e+03  2.07365e-02
 5.67564e+03  2.06347e-02
 5.67590e+03  2.14270e-02
 5.67616e+03  2.19969e-02
 5.67642e+03  2.28814e-02
 5.67669e+03  2.22517e-02
 5.67695e+03  2.23208e-02
 5.67721e+03  2.31594e-02
 5.67747e+03  2.40726e-02
 5.67773e+03  2.48927e-02
 5.67799e+03  2.40812e-02
 5.67825e+03  2.42635e-02
 5.67851e+03  2.52074e-02
 5.67877e+03  2.58288e-02
 5.67903e+03  2.69395e-02
 5.67929e+03  2.62787e-02
 5.67955e+03  2.61606e-02
 5.67981e+03  2.74466e-02
 5.68007e+03  2.76782e-02
 5.68034e+03  2.90890e-02
 5.68060e+03  2.85134e-02
 5.68086e+03  2.90306e-02
 5.68112e+03  2.94419e-02
 5.68138e+03  3.02120e-02
 5.68164e+03  3.20551e-02
 5.68190e+03  3.07063e-02
 5.68216e+03  3.12251e-02
 5.68242e+03  3.28143e-02
 5.68268e+03  3.33903e-02
 5.68294e+03  3.51856e-02
 5.68320e+03  3.43399e-02
 5.68346e+03  3.35425e-02
 5.68372e+03  3.52850e-02
 5.68399e+03  3.62168e-02
 5.68425e+03  3.79736e-02
 5.68451e+03  3.74244e-02
 5.68477e+03  3.74297e-02
 5.68503e+03  3.89294e-02
 5.68529e+03  3.94165e-02
 5.68555e+03  4.17412e-02
 5.68581e+03  4.05306e-02
 5.68607e+03  4.08813e-02
 5.68633e+03  4.24975e-02
 5.68659e+03  4.29960e-02
 5.68685e+03  4.47152e-02
 5.68711e+03  4.49512e-02
 5.68737e+03  4.46335e-02
 5.68764e+03  4.68109e-02
 5.68790e+03  4.76257e-02
 5.68816e+03  4.96685e-02
 5.68842e+03  4.91373e-02
 5.68868e+03  4.88229e-02
 5.68894e+03  5.12357e-02
 5.68920e+03  5.12924e-02
 5.68946e+03  5.45349e-02
 5.68972e+03  5.42634e-02
 5.68998e+03  5.31508e-02
 5.69024e+03  5.62808e-02
 5.69050e+03  5.71851e-02
 5.69076e+03  6.00550e-02
 5.69102e+03  6.00001e-02
 5.69128e+03  5.96473e-02
 5.69155e+03  6.18025e-02
 5.69181e+03  6.31805e-02
 5.69207e+03  6.57516e-02
 5.69233e+03  6.65817e-02
 5.69259e+03  6.51240e-02
 5.69285e+03  6.86942e-02
 5.69311e+03  6.97435e-02
 5.69337e+03  7.32400e-02
 5.69363e+03  7.32260e-02
 5.69389e+03  7.24603e-02
 5.69415e+03  7.59850e-02
 5.69441e+03  7.84739e-02
 5.69467e+03  8.07991e-02
 5.69493e+03  8.14666e-02
 5.69520e+03  7.99691e-02
 5.69546e+03  8.43508e-02
 5.69572e+03  8.56509e-02
 5.69598e+03  8.93674e-02
 5.69624e+03  9.20445e-02
 5.69650e+03  8.92800e-02
 5.69676e+03  9.39496e-02
 5.69702e+03  9.51265e-02
 5.69728e+03  9.83121e-02
 5.69754e+03  1.01074e-01
 5.69780e+03  9.92791e-02
 5.69806e+03  1.02604e-01
 5.69832e+03  1.06328e-01
 5.69858e+03  1.08603e-01
 5.69885e+03  1.11513e-01
 5.69911e+03  1.10429e-01
 5.69937e+03  1.14988e-01
 5.69963e+03  1.18997e-01
 5.69989e+03  1.19960e-01
 5.70015e+03  1.25637e-01
 5.70041e+03  1.23706e-01
 5.70067e+03  1.28779e-01
 5.70093e+03  1.32235e-01
 5.70119e+03  1.33618e-01
 5.70145e+03  1.39013e-01
 5.70171e+03  1.36148e-01
 5.70197e+03  1.43526e-01
 5.70223e+03  1.48122e-01
 5.70250e+03  1.48501e-01
 5.70276e+03  1.54013e-01
 5.70302e+03  1.51699e-01
 5.70328e+03  1.57119e-01
 5.70354e+03  1.65022e-01
 5.70380e+03  1.66878e-01
 5.70406e+03  1.73373e-01
 5.70432e+03  1.70928e-01
 5.70458e+03  1.75746e-01
 5.70484e+03  1.82906e-01
 5.70510e+03  1.85184e-01
 5.70536e+03  1.92123e-01
 5.70562e+03  1.90076e-01
 5.70588e+03  1.93890e-01
 5.70615e+03  2.04376e-01
 5.70641e+03  2.06778e-01
 5.70667e+03  2.13484e-01
 5.70693e+03  2.12774e-01
 5.70719e+03  2.14950e-01
 5.70745e+03  2.27133e-01
 5.70771e+03  2.29701e-01
 5.70797e+03  2.37376e-01
 5.70823e+03  2.34762e-01
 5.70849e+03  2.36886e-01
 5.70875e+03  2.52064e-01
 5.70901e+03  2.53811e-01
 5.70927e+03  2.60878e-01
 5.70953e+03  2.63840e-01
 5.70979e+03  2.62199e-01
 5.71006e+03  2.78780e-01
 5.71032e+03  2.80316e-01
 5.71058e+03  2.87438e-01
 5.71084e+03  2.87824e-01
 5.71110e+03  2.89825e-01
 5.71136e+03  3.05858e-01
 5.71162e+03  3.10031e-01
 5.71188e+03  3.12919e-01
 5.71214e+03  3.17881e-01
 5.71240e+03  3.18505e-01
 5.71266e+03  3.35680e-01
 5.71292e+03  3.42123e-01
 5.71318e+03  3.43531e-01
 5.71344e+03  3.48102e-01
 5.71371e+03  3.47589e-01
 5.71397e+03  3.66727e-01
 5.71423e+03  3.73248e-01
 5.71449e+03  3.74417e-01
 5.71475e+03  3.80967e-01
 5.71501e+03  3.81013e-01
 5.71527e+03  3.98540e-01
 5.71553e+03  4.07184e-01
 5.71579e+03  4.03718e-01
 5.71605e+03  4.11360e-01
 5.71631e+03  4.12405e-01
 5.71657e+03  4.30449e-01
 5.71683e+03  4.39197e-01
 5.71709e+03  4.33434e-01
 5.71735e+03  4.44742e-01
 5.71762e+03  4.43849e-01
 5.71788e+03  4.62873e-01
 5.71814e+03  4.72841e-01
 5.71840e+03  4.67547e-01
 5.71866e+03  4.70785e-01
 5.71892e+03  4.73936e-01
 5.71918e+03  4.88879e-01
 5.71944e+03  5.01791e-01
 5.71970e+03  4.97147e-01
 5.71996e+03  5.03892e-01
 5.72022e+03  5.03041e-01
 5.72048e+03  5.16290e-01
 5.72074e+03  5.35353e-01
 5.72100e+03  5.29289e-01
 5.72127e+03  5.31527e-01
 5.72153e+03  5.33285e-01
 5.72179e+03  5.41366e-01
 5.72205e+03  5.56937e-01
 5.72231e+03  5.57306e-01
 5.72257e+03  5.60072e-01
 5.72283e+03  5.58731e-01
 5.72309e+03  5.65043e-01
 5.72335e+03  5.75933e-01
 5.72361e+03  5.78978e-01
 5.72387e+03  5.81173e-01
 5.72413e+03  5.86676e-01
 5.72439e+03  5.85260e-01
 5.72465e+03  5.98681e-01
 5.72492e+03  5.99998e-01
 5.72518e+03  6.00884e-01
 5.72544e+03  6.04391e-01
 5.72570e+03  6.08179e-01
 5.72596e+03  6.16084e-01
 5.72622e+03  6.13810e-01
 5.72648e+03  6.15462e-01
 5.72674e+03  6.20862e-01
 5.72700e+03  6.24618e-01
 5.72726e+03  6.31388e-01
 5.72752e+03  6.31957e-01
 5.72778e+03  6.26466e-01
 5.72804e+03  6.36825e-01
 5.72830e+03  6.37139e-01
 5.72856e+03  6.45605e-01
 5.72883e+03  6.46582e-01
 5.72909e+03  6.36207e-01
 5.72935e+03  6.44513e-01
 5.72961e+03  6.50624e-01
 5.72987e+03  6.57280e-01
 5.73013e+03  6.59308e-01
 5.73039e+03  6.49533e-01
 5.73065e+03  6.51081e-01
 5.73091e+03  6.56322e-01
 5.73117e+03  6.65171e-01
 5.73143e+03  6.68303e-01
 5.73169e+03  6.57887e-01
 5.73195e+03  6.60926e-01
 5.73221e+03  6.61167e-01
 5.73248e+03  6.68596e-01
 5.73274e+03  6.71559e-01
 5.73300e+03  6.67820e-01
 5.73326e+03  6.63224e-01
 5.73352e+03  6.62840e-01
 5.73378e+03  6.66573e-01
 5.73404e+03  6.72115e-01
 5.73430e+03  6.75452e-01
 5.73456e+03  6.74882e-01
 5.73482e+03  6.69164e-01
 5.73508e+03  6.70050e-01
 5.73534e+03  6.73752e-01
 5.73560e+03  6.73550e-01
 5.73586e+03  6.75626e-01
 5.73613e+03  6.74208e-01
 5.73639e+03  6.74433e-01
 5.73665e+03  6.68886e-01
 5.73691e+03  6.72804e-01
 5.73717e+03  6.78236e-01
 5.73743e+03  6.81453e-01
 5.73769e+03  6.77635e-01
 5.73795e+03  6.72695e-01
 5.73821e+03  6.71547e-01
 5.73847e+03  6.75001e-01
 5.73873e+03  6.85652e-01
 5.73899e+03  6.84987e-01
 5.73925e+03  6.80488e-01
 5.73951e+03  6.75827e-01
 5.73977e+03  6.74384e-01
 5.74004e+03  6.80732e-01
 5.74030e+03  6.84179e-01
 5.74056e+03  6.82156e-01
 5.74082e+03  6.76282e-01
 5.74108e+03  6.74416e-01
 5.74134e+03  6.76618e-01
 5.74160e+03  6.85691e-01
 5.74186e+03  6.83684e-01
 5.74212e+03  6.81378e-01
 5.74238e+03  6.74152e-01
 5.74264e+03  6.77071e-01
 5.74290e+03  6.79697e-01
 5.74316e+03  6.84971e-01
 5.74342e+03  6.84553e-01
 5.74369e+03  6.81205e-01
 5.74395e+03  6.77120e-01
 5.74421e+03  6.78949e-01
 5.74447e+03  6.79903e-01
 5.74473e+03  6.85465e-01
 5.74499e+03  6.86219e-01
 5.74525e+03  6.83153e-01
 5.74551e+03  6.79932e-01
 5.74577e+03  6.78918e-01
 5.74603e+03  6.81940e-01
 5.74629e+03  6.87309e-01
 5.74655e+03  6.86238e-01
 5.74681e+03  6.82241e-01
 5.74707e+03  6.80302e-01
 5.74734e+03  6.78770e-01
 5.74760e+03  6.86279e-01
 5.74786e+03  6.90524e-01
 5.74812e+03  6.90322e-01
 5.74838e+03  6.84122e-01
 5.74864e+03  6.78811e-01
 5.74890e+03  6.82874e-01
 5.74916e+03  6.91184e-01
 5.74942e+03  6.92971e-01
 5.74968e+03  6.90198e-01
 5.74994e+03  6.82740e-01
 5.75020e+03  6.83206e-01
 5.75046e+03  6.89106e-01
 5.75072e+03  6.89911e-01
 5.75099e+03  6.91728e-01
 5.75125e+03  6.87778e-01
 5.75151e+03  6.83872e-01
 5.75177e+03  6.87259e-01
 5.75203e+03  6.91105e-01
 5.75229e+03  6.98740e-01
 5.75255e+03  6.95659e-01
 5.75281e+03  6.90984e-01
 5.75307e+03  6.86535e-01
 5.75333e+03  6.87543e-01
 5.75359e+03  6.91306e-01
 5.75385e+03  6.95905e-01
 5.75411e+03  6.95166e-01
 5.75437e+03  6.95440e-01
 5.75463e+03  6.90516e-01
 5.75490e+03  6.92907e-01
 5.75516e+03  6.99877e-01
 5.75542e+03  6.98102e-01
 5.75568e+03  6.98798e-01
 5.75594e+03  6.90973e-01
 5.75620e+03  6.92291e-01
 5.75646e+03  6.92283e-01
 5.75672e+03  6.98266e-01
 5.75698e+03  7.02772e-01
 5.75724e+03  6.98062e-01
 5.75750e+03  6.95752e-01
 5.75776e+03  6.92468e-01
 5.75802e+03  6.95951e-01
 5.75828e+03  7.00977e-01
 5.75855e+03  7.05193e-01
 5.75881e+03  7.00592e-01
 5.75907e+03  6.96105e-01
 5.75933e+03  6.97794e-01
 5.75959e+03  6.98693e-01
 5.75985e+03  7.07846e-01
 5.76011e+03  7.06917e-01
 5.76037e+03  7.00445e-01
 5.76063e+03  6.95797e-01
 5.76089e+03  6.93159e-01
 5.76115e+03  7.03623e-01
 5.76141e+03  7.06591e-01
 5.76167e+03  7.05849e-01
 5.76193e+03  6.99085e-01
 5.76220e+03  6.96352e-01
 5.76246e+03  6.98267e-01
 5.76272e+03  7.01611e-01
 5.76298e+03  7.02230e-01
 5.76324e+03  7.05952e-01
 5.76350e+03  6.97852e-01
 5.76376e+03  6.92103e-01
 5.76402e+03  6.97289e-01
 5.76428e+03  7.03088e-01
 5.76454e+03  7.06371e-01
 5.76480e+03  7.01076e-01
 5.76506e+03  6.95205e-01
 5.76532e+03  6.92991e-01
 5.76558e+03  6.96065e-01
 5.76585e+03  7.04063e-01
 5.76611e+03  7.05073e-01
 5.76637e+03  6.95521e-01
 5.76663e+03  6.91205e-01
 5.76689e+03  6.92986e-01
 5.76715e+03  6.97308e-01
 5.76741e+03  7.00626e-01
 5.76767e+03  6.99599e-01
 5.76793e+03  6.92183e-01
 5.76819e+03  6.89694e-01
 5.76845e+03  6.90792e-01
 5.76871e+03  6.96029e-01
 5.76897e+03  6.99991e-01
 5.76923e+03  6.94110e-01
 5.76950e+03  6.91421e-01
 5.76976e+03  6.85559e-01
 5.77002e+03  6.90021e-01
 5.77028e+03  6.91546e-01
 5.77054e+03  6.90435e-01
 5.77080e+03  6.90393e-01
 5.77106e+03  6.90296e-01
 5.77132e+03  6.84059e-01
 5.77158e+03  6.87200e-01
 5.77184e+03  6.81686e-01
 5.77210e+03  6.89112e-01
 5.77236e+03  6.89286e-01
 5.77262e+03  6.84385e-01
 5.77288e+03  6.79474e-01
 5.77314e+03  6.77986e-01
 5.77341e+03  6.80891e-01
 5.77367e+03  6.85643e-01
 5.77393e+03  6.82640e-01
 5.77419e+03  6.80376e-01
 5.77445e+03  6.70543e-01
 5.77471e+03  6.69589e-01
 5.77497e+03  6.82082e-01
 5.77523e+03  6.80606e-01
 5.77549e+03  6.78592e-01
 5.77575e+03  6.66637e-01
 5.77601e+03  6.59425e-01
 5.77627e+03  6.69571e-01
 5.77653e+03  6.75855e-01
 5.77679e+03  6.79181e-01
 5.77706e+03  6.68102e-01
 5.77732e+03  6.56137e-01
 5.77758e+03  6.58220e-01
 5.77784e+03  6.66434e-01
 5.77810e+03  6.69735e-01
 5.77836e+03  6.69092e-01
 5.77862e+03  6.57200e-01
 5.77888e+03  6.56159e-01
 5.77914e+03  6.57967e-01
 5.77940e+03  6.65899e-01
 5.77966e+03  6.65525e-01
 5.77992e+03  6.55897e-01
 5.78018e+03  6.47605e-01
 5.78044e+03  6.49272e-01
 5.78071e+03  6.52948e-01
 5.78097e+03  6.58202e-01
 5.78123e+03  6.51268e-01
 5.78149e+03  6.46623e-01
 5.78175e+03  6.45479e-01
 5.78201e+03  6.45312e-01
 5.78227e+03  6.48178e-01
 5.78253e+03  6.45377e-01
 5.78279e+03  6.40158e-01
 5.78305e+03  6.43937e-01
 5.78331e+03  6.45900e-01
 5.78357e+03  6.39934e-01
 5.78383e+03  6.41111e-01
 5.78409e+03  6.34051e-01
 5.78435e+03  6.38566e-01
 5.78462e+03  6.44536e-01
 5.78488e+03  6.39377e-01
 5.78514e+03  6.33758e-01
 5.78540e+03  6.26325e-01
 5.78566e+03  6.31876e-01
 5.78592e+03  6.40210e-01
 5.78618e+03  6.37867e-01
 5.78644e+03  6.31358e-01
 5.78670e+03  6.19033e-01
 5.78696e+03  6.22886e-01
 5.78722e+03  6.33767e-01
 5.78748e+03  6.36765e-01
 5.78774e+03  6.32216e-01
 5.78800e+03  6.20929e-01
 5.78827e+03  6.14455e-01
 5.78853e+03  6.29770e-01
 5.78879e+03  6.32873e-01
 5.78905e+03  6.31204e-01
 5.78931e+03  6.22024e-01
 5.78957e+03  6.12733e-01
 5.78983e+03  6.20053e-01
 5.79009e+03  6.26181e-01
 5.79035e+03  6.30938e-01
 5.79061e+03  6.22561e-01
 5.79087e+03  6.14685e-01
 5.79113e+03  6.12708e-01
 5.79139e+03  6.20917e-01
 5.79165e+03  6.25305e-01
 5.79192e+03  6.24629e-01
 5.79218e+03  6.17226e-01
 5.79244e+03  6.14436e-01
 5.79270e+03  6.17671e-01
 5.79296e+03  6.22585e-01
 5.79322e+03  6.23526e-01
 5.79348e+03  6.14584e-01
 5.79374e+03  6.14152e-01
 5.79400e+03  6.20554e-01
 5.79426e+03  6.20963e-01
 5.79452e+03  6.16562e-01
 5.79478e+03  6.17701e-01
 5.79504e+03  6.17006e-01
 5.79530e+03  6.22564e-01
 5.79556e+03  6.22463e-01
 5.79583e+03  6.17288e-01
 5.79609e+03  6.15832e-01
 5.79635e+03  6.12901e-01
 5.79661e+03  6.21244e-01
 5.79687e+03  6.28408e-01
 5.79713e+03  6.23880e-01
 5.79739e+03  6.17142e-01
 5.79765e+03  6.13261e-01
 5.79791e+03  6.21508e-01
 5.79817e+03  6.34039e-01
 5.79843e+03  6.28394e-01
 5.79869e+03  6.23984e-01
 5.79895e+03  6.18306e-01
 5.79921e+03  6.20999e-01
 5.79948e+03  6.33722e-01
 5.79974e+03  6.37445e-01
 5.80000e+03  6.33983e-01
 5.80026e+03  6.22598e-01
 5.80052e+03  6.20781e-01
 5.80078e+03  6.32431e-01
 5.80104e+03  6.44674e-01
 5.80130e+03  6.40664e-01
 5.80156e+03  6.33024e-01
 5.80182e+03  6.25041e-01
 5.80208e+03  6.33611e-01
 5.80234e+03  6.48098e-01
 5.80260e+03  6.47012e-01
 5.80286e+03  6.44103e-01
 5.80312e+03  6.35484e-01
 5.80339e+03  6.38320e-01
 5.80365e+03  6.48255e-01
 5.80391e+03  6.53201e-01
 5.80417e+03  6.54586e-01
 5.80443e+03  6.50608e-01
 5.80469e+03  6.45617e-01
 5.80495e+03  6.55479e-01
 5.80521e+03  6.60134e-01
 5.80547e+03  6.59576e-01
 5.80573e+03  6.55488e-01
 5.80599e+03  6.58521e-01
 5.80625e+03  6.61732e-01
 5.80651e+03  6.68729e-01
 5.80677e+03  6.68173e-01
 5.80704e+03  6.68269e-01
 5.80730e+03  6.66932e-01
 5.80756e+03  6.77130e-01
 5.80782e+03  6.79040e-01
 5.80808e+03  6.78719e-01
 5.80834e+03  6.76479e-01
 5.80860e+03  6.75083e-01
 5.80886e+03  6.87756e-01
 5.80912e+03  6.91836e-01
 5.80938e+03  6.91686e-01
 5.80964e+03  6.87675e-01
 5.80990e+03  6.86952e-01
 5.81016e+03  6.92686e-01
 5.81042e+03  7.04505e-01
 5.81069e+03  7.06975e-01
 5.81095e+03  7.01793e-01
 5.81121e+03  6.96676e-01
 5.81147e+03  6.97190e-01
 5.81173e+03  7.11796e-01
 5.81199e+03  7.16234e-01
 5.81225e+03  7.18320e-01
 5.81251e+03  7.06582e-01
 5.81277e+03  7.05067e-01
 5.81303e+03  7.13132e-01
 5.81329e+03  7.24096e-01
 5.81355e+03  7.30357e-01
 5.81381e+03  7.24660e-01
 5.81407e+03  7.15633e-01
 5.81434e+03  7.17146e-01
 5.81460e+03  7.28716e-01
 5.81486e+03  7.34866e-01
 5.81512e+03  7.36349e-01
 5.81538e+03  7.25481e-01
 5.81564e+03  7.22704e-01
 5.81590e+03  7.26254e-01
 5.81616e+03  7.38241e-01
 5.81642e+03  7.40888e-01
 5.81668e+03  7.32842e-01
 5.81694e+03  7.26174e-01
 5.81720e+03  7.28339e-01
 5.81746e+03  7.30560e-01
 5.81772e+03  7.39291e-01
 5.81798e+03  7.34798e-01
 5.81825e+03  7.29870e-01
 5.81851e+03  7.23494e-01
 5.81877e+03  7.26624e-01
 5.81903e+03  7.29127e-01
 5.81929e+03  7.28279e-01
 5.81955e+03  7.25440e-01
 5.81981e+03  7.18091e-01
 5.82007e+03  7.17874e-01
 5.82033e+03  7.19882e-01
 5.82059e+03  7.16903e-01
 5.82085e+03  7.11243e-01
 5.82111e+03  7.01520e-01
 5.82137e+03  7.02749e-01
 5.82163e+03  7.03215e-01
 5.82190e+03  7.02749e-01
 5.82216e+03  6.91191e-01
 5.82242e+03  6.80720e-01
 5.82268e+03  6.73948e-01
 5.82294e+03  6.79251e-01
 5.82320e+03  6.81552e-01
 5.82346e+03  6.70335e-01
 5.82372e+03  6.53557e-01
 5.82398e+03  6.44031e-01
 5.82424e+03  6.47649e-01
 5.82450e+03  6.52424e-01
 5.82476e+03  6.43827e-01
 5.82502e+03  6.23552e-01
 5.82528e+03  6.08454e-01
 5.82555e+03  6.06894e-01
 5.82581e+03  6.12224e-01
 5.82607e+03  6.07471e-01
 5.82633e+03  5.89023e-01
 5.82659e+03  5.74396e-01
 5.82685e+03  5.66053e-01
 5.82711e+03  5.69741e-01
 5.82737e+03  5.72289e-01
 5.82763e+03  5.52624e-01
 5.82789e+03  5.34181e-01
 5.82815e+03  5.23763e-01
 5.82841e+03  5.20918e-01
 5.82867e+03  5.26129e-01
 5.82893e+03  5.11210e-01
 5.82920e+03  4.93335e-01
 5.82946e+03  4.79607e-01
 5.82972e+03  4.75302e-01
 5.82998e+03  4.78644e-01
 5.83024e+03  4.70921e-01
 5.83050e+03  4.52210e-01
 5.83076e+03  4.34517e-01
 5.83102e+03  4.29077e-01
 5.83128e+03  4.32104e-01
 5.83154e+03  4.28807e-01
 5.83180e+03  4.11858e-01
 5.83206e+03  3.96395e-01
 5.83232e+03  3.87233e-01
 5.83258e+03  3.88084e-01
 5.83285e+03  3.87206e-01
 5.83311e+03  3.73461e-01
 5.83337e+03  3.55144e-01
 5.83363e+03  3.47933e-01
 5.83389e+03  3.46763e-01
 5.83415e+03  3.46512e-01
 5.83441e+03  3.37642e-01
 5.83467e+03  3.21494e-01
 5.83493e+03  3.08460e-01
 5.83519e+03  3.08595e-01
 5.83545e+03  3.09086e-01
 5.83571e+03  3.03748e-01
 5.83597e+03  2.88241e-01
 5.83623e+03  2.76897e-01
 5.83649e+03  2.71149e-01
 5.83676e+03  2.73212e-01
 5.83702e+03  2.69566e-01
 5.83728e+03  2.58433e-01
 5.83754e+03  2.45706e-01
 5.83780e+03  2.39435e-01
 5.83806e+03  2.41769e-01
 5.83832e+03  2.41291e-01
 5.83858e+03  2.31603e-01
 5.83884e+03  2.20015e-01
 5.83910e+03  2.12359e-01
 5.83936e+03  2.10947e-01
 5.83962e+03  2.13322e-01
 5.83988e+03  2.07260e-01
 5.84014e+03  1.96015e-01
 5.84041e+03  1.88660e-01
 5.84067e+03  1.87495e-01
 5.84093e+03  1.87400e-01
 5.84119e+03  1.85195e-01
 5.84145e+03  1.76176e-01
 5.84171e+03  1.67585e-01
 5.84197e+03  1.64086e-01
 5.84223e+03  1.65334e-01
 5.84249e+03  1.64181e-01
 5.84275e+03  1.58619e-01
 5.84301e+03  1.49099e-01
 5.84327e+03  1.45516e-01
 5.84353e+03  1.44511e-01
 5.84379e+03  1.46266e-01
 5.84406e+03  1.41462e-01
 5.84432e+03  1.33622e-01
 5.84458e+03  1.29491e-01
 5.84484e+03  1.28038e-01
 5.84510e+03  1.28809e-01
 5.84536e+03  1.27099e-01
 5.84562e+03  1.20381e-01
 5.84588e+03  1.15244e-01
 5.84614e+03  1.13722e-01
 5.84640e+03  1.14082e-01
 5.84666e+03  1.13492e-01
 5.84692e+03  1.08611e-01
 5.84718e+03  1.02698e-01
 5.84744e+03  1.00137e-01
 5.84771e+03  1.01265e-01
 5.84797e+03  1.01251e-01
 5.84823e+03  9.83684e-02
 5.84849e+03  9.26293e-02
 5.84875e+03  8.91323e-02
 5.84901e+03  8.86829e-02
 5.84927e+03  8.99258e-02
 5.84953e+03  8.98658e-02
 5.84979e+03  8.43142e-02
 5.85005e+03  7.94309e-02
 5.85031e+03  7.89975e-02
 5.85057e+03  8.05550e-02
 5.85083e+03  8.01050e-02
 5.85109e+03  7.54899e-02
 5.85135e+03  7.20036e-02
 5.85162e+03  7.08087e-02
 5.85188e+03  7.07233e-02
 5.85214e+03  7.18723e-02
 5.85240e+03  6.89837e-02
 5.85266e+03  6.51541e-02
 5.85292e+03  6.29131e-02
 5.85318e+03  6.31662e-02
 5.85344e+03  6.47151e-02
 5.85370e+03  6.24202e-02
 5.85396e+03  5.99831e-02
 5.85422e+03  5.65537e-02
 5.85448e+03  5.69846e-02
 5.85474e+03  5.71623e-02
 5.85500e+03  5.71070e-02
 5.85527e+03  5.42939e-02
 5.85553e+03  5.17507e-02
 5.85579e+03  5.03394e-02
 5.85605e+03  5.08347e-02
 5.85631e+03  5.18378e-02
 5.85657e+03  5.03341e-02
 5.85683e+03  4.66949e-02
 5.85709e+03  4.52818e-02
 5.85735e+03  4.62346e-02
 5.85761e+03  4.68027e-02
 5.85787e+03  4.52461e-02
 5.85813e+03  4.34660e-02
 5.85839e+03  4.13637e-02
 5.85865e+03  4.05330e-02
 5.85892e+03  4.18674e-02
 5.85918e+03  4.21153e-02
 5.85944e+03  3.97302e-02
 5.85970e+03  3.80797e-02
 5.85996e+03  3.69041e-02
 5.86022e+03  3.77612e-02
 5.86048e+03  3.77695e-02
 5.86074e+03  3.61506e-02
 5.86100e+03  3.51270e-02
 5.86126e+03  3.36592e-02
 5.86152e+03  3.39812e-02
 5.86178e+03  3.43119e-02
 5.86204e+03  3.33670e-02
 5.86230e+03  3.21295e-02
 5.86256e+03  3.08349e-02
 5.86283e+03  3.00393e-02
 5.86309e+03  3.14810e-02
 5.86335e+03  3.04577e-02
 5.86361e+03  2.96887e-02
 5.86387e+03  2.83723e-02
 5.86413e+03  2.75941e-02
 5.86439e+03  2.80318e-02
 5.86465e+03  2.85244e-02
 5.86491e+03  2.60928e-02
 5.86517e+03  2.28005e-02
 5.86543e+03  2.54576e-02
 5.86569e+03  2.56800e-02
 5.86595e+03  2.60764e-02
 5.86621e+03  2.56385e-02
 5.86648e+03  2.43966e-02
 5.86674e+03  2.39894e-02
 5.86700e+03  2.29672e-02
 5.86726e+03  2.42695e-02
 5.86752e+03  2.38545e-02
 5.86778e+03  2.24273e-02
 5.86804e+03  2.15473e-02
 5.86830e+03  2.15052e-02
 5.86856e+03  2.15010e-02
 5.86882e+03  2.17786e-02
 5.86908e+03  2.11580e-02
 5.86934e+03  2.07161e-02
 5.86960e+03  1.95889e-02
 5.86986e+03  2.01341e-02
 5.87012e+03  2.01369e-02
 5.87039e+03  1.98216e-02
 5.87065e+03  1.88258e-02
 5.87091e+03  1.80720e-02
 5.87117e+03  1.79336e-02
 5.87143e+03  1.85397e-02
 5.87169e+03  1.84959e-02
 5.87195e+03  1.78086e-02
 5.87221e+03  1.70081e-02
 5.87247e+03  1.63647e-02
 5.87273e+03  1.66621e-02
 5.87299e+03  1.70057e-02
 5.87325e+03  1.66157e-02
 5.87351e+03  1.58855e-02
 5.87377e+03  1.53888e-02
 5.87404e+03  1.54784e-02
 5.87430e+03  1.55573e-02
 5.87456e+03  1.56228e-02
 5.87482e+03  1.51170e-02
 5.87508e+03  1.44429e-02
 5.87534e+03  1.39200e-02
 5.87560e+03  1.43240e-02
 5.87586e+03  1.43571e-02
 5.87612e+03  1.41929e-02
 5.87638e+03  1.36209e-02
 5.87664e+03  1.30764e-02
 5.87690e+03  1.32403e-02
 5.87716e+03  1.33954e-02
 5.87742e+03  1.36382e-02
 5.87769e+03  1.28211e-02
 5.87795e+03  1.24627e-02
 5.87821e+03  1.24668e-02
 5.87847e+03  1.25858e-02
 5.87873e+03  1.26629e-02
 5.87899e+03  1.19913e-02
 5.87925e+03  1.17626e-02
 5.87951e+03  1.14550e-02
 5.87977e+03  1.14147e-02
 5.88003e+03  1.16892e-02
 5.88029e+03  1.14731e-02
 5.88055e+03  1.10385e-02
 5.88081e+03  1.06515e-02
 5.88107e+03  1.07148e-02
 5.88133e+03  1.08822e-02
 5.88160e+03  1.08362e-02
 5.88186e+03  1.04491e-02
 5.88212e+03  9.92187e-03
 5.88238e+03  9.77756e-03
 5.88264e+03  1.00608e-02
 5.88290e+03  1.01701e-02
 5.88316e+03  1.00342e-02
 5.88342e+03  9.53778e-03
 5.88368e+03  9.31693e-03
 5.88394e+03  9.51404e-03
 5.88420e+03  9.47434e-03
 5.88446e+03  9.41788e-03
 5.88472e+03  9.24612e-03
 5.88498e+03  8.64075e-03
 5.88525e+03  8.64463e-03
 5.88551e+03  8.71504e-03
 5.88577e+03  9.10933e-03
 5.88603e+03  8.74903e-03
 5.88629e+03  8.36502e-03
 5.88655e+03  8.14432e-03
 5.88681e+03  8.55066e-03
 5.88707e+03  8.33841e-03
 5.88733e+03  8.22183e-03
 5.88759e+03  7.89383e-03
 5.88785e+03  7.82337e-03
 5.88811e+03  7.76170e-03
 5.88837e+03  7.96930e-03
 5.88863e+03  7.87710e-03
 5.88890e+03  7.45782e-03
 5.88916e+03  7.17251e-03
 5.88942e+03  7.04180e-03
 5.88968e+03  7.49394e-03
 5.88994e+03  7.66583e-03
 5.89020e+03  6.97592e-03
 5.89046e+03  6.93743e-03
 5.89072e+03  6.94718e-03
 5.89098e+03  6.96426e-03
 5.89124e+03  6.94577e-03
 5.89150e+03  6.67280e-03
 5.89176e+03  6.54846e-03
 5.89202e+03  6.50827e-03
 5.89228e+03  6.74108e-03
 5.89255e+03  6.58924e-03
 5.89281e+03  6.47787e-03
 5.89307e+03  6.33572e-03
 5.89333e+03  6.20994e-03
 5.89359e+03  6.13287e-03
 5.89385e+03  6.15277e-03
 5.89411e+03  6.34970e-03
 5.89437e+03  5.89793e-03
 5.89463e+03  5.95888e-03
 5.89489e+03  5.73873e-03
 5.89515e+03  5.64931e-03
 5.89541e+03  5.99112e-03
 5.89567e+03  5.79225e-03
 5.89593e+03  5.73940e-03
 5.89620e+03  5.56654e-03
 5.89646e+03  5.48308e-03
 5.89672e+03  5.47277e-03
 5.89698e+03  5.64529e-03
 5.89724e+03  5.34237e-03
 5.89750e+03  5.51281e-03
 5.89776e+03  5.14443e-03
 5.89802e+03  5.05391e-03
 5.89828e+03  5.39330e-03
 5.89854e+03  5.28395e-03
 5.89880e+03  5.09257e-03
 5.89906e+03  5.01555e-03
 5.89932e+03  4.92872e-03
 5.89958e+03  4.81203e-03
 5.89984e+03  5.09011e-03
 5.90011e+03  4.84623e-03
 5.90037e+03  4.86828e-03
 5.90063e+03  4.61825e-03
 5.90089e+03  4.71533e-03
 5.90115e+03  4.77620e-03
 5.90141e+03  4.65074e-03
 5.90167e+03  4.62771e-03
 5.90193e+03  4.40715e-03
 5.90219e+03  4.44438e-03
 5.90245e+03  4.68133e-03
 5.90271e+03  4.55647e-03
 5.90297e+03  4.40732e-03
 5.90323e+03  4.40921e-03
 5.90349e+03  4.04716e-03
 5.90376e+03  4.29066e-03
 5.90402e+03  4.27384e-03
 5.90428e+03  4.23082e-03
 5.90454e+03  4.12450e-03
 5.90480e+03  3.98792e-03
 5.90506e+03  4.01987e-03
 5.90532e+03  4.38593e-03
 5.90558e+03  4.08768e-03
 5.90584e+03  3.96962e-03
 5.90610e+03  4.02927e-03
 5.90636e+03  3.97305e-03
 5.90662e+03  4.01752e-03
 5.90688e+03  3.81644e-03
 5.90714e+03  3.65068e-03
 5.90741e+03  3.81235e-03
 5.90767e+03  3.64775e-03
 5.90793e+03  3.65495e-03
 5.90819e+03  3.64826e-03
 5.90845e+03  3.69722e-03
 5.90871e+03  3.37958e-03
 5.90897e+03  3.64951e-03
 5.90923e+03  3.40463e-03
 5.90949e+03  3.57644e-03
 5.90975e+03  3.60490e-03
 5.91001e+03  3.60884e-03
 5.91027e+03  3.35402e-03
 5.91053e+03  3.20096e-03
 5.91079e+03  3.29416e-03
 5.91106e+03  3.60379e-03
 5.91132e+03  3.17301e-03
 5.91158e+03  3.41418e-03
 5.91184e+03  3.12212e-03
 5.91210e+03  3.27480e-03
 5.91236e+03  3.32191e-03
 5.91262e+03  3.04124e-03
 5.91288e+03  3.08675e-03
 5.91314e+03  3.11559e-03
 5.91340e+03  2.97905e-03
 5.91366e+03  2.97180e-03
 5.91392e+03  3.19523e-03
 5.91418e+03  3.08651e-03
 5.91444e+03  3.08278e-03
 5.91470e+03  3.02429e-03
 5.91497e+03  2.95343e-03
 5.91523e+03  3.07778e-03
 5.91549e+03  3.06656e-03
 5.91575e+03  2.84724e-03
 5.91601e+03  2.87189e-03
 5.91627e+03  2.95797e-03
 5.91653e+03  2.97290e-03
 5.91679e+03  2.86603e-03
 5.91705e+03  2.78254e-03
 5.91731e+03  2.65635e-03
 5.91757e+03  2.78723e-03
 5.91783e+03  2.64242e-03
 5.91809e+03  2.80928e-03
 5.91835e+03  2.64857e-03
 5.91862e+03  2.63006e-03
 5.91888e+03  2.53509e-03
 5.91914e+03  2.55086e-03
 5.91940e+03  2.52606e-03
 5.91966e+03  2.73193e-03
 5.91992e+03  2.66170e-03
 5.92018e+03  2.47753e-03
 5.92044e+03  2.45332e-03
 5.92070e+03  2.54338e-03
 5.92096e+03  2.62021e-03
 5.92122e+03  2.75432e-03
 5.92148e+03  2.37954e-03
 5.92174e+03  2.39323e-03
 5.92200e+03  2.29527e-03
 5.92227e+03  2.50173e-03
 5.92253e+03  2.58074e-03
 5.92279e+03  2.44245e-03
 5.92305e+03  2.42272e-03
 5.92331e+03  2.43757e-03
 5.92357e+03  2.28187e-03
 5.92383e+03  2.35393e-03
 5.92409e+03  2.47829e-03
 5.92435e+03  2.19562e-03
 5.92461e+03  2.21561e-03
 5.92487e+03  2.28666e-03
 5.92513e+03  2.37379e-03
 5.92539e+03  2.31668e-03
 5.92565e+03  2.13414e-03
 5.92592e+03  2.10769e-03
 5.92618e+03  2.13193e-03
 5.92644e+03  2.34291e-03
 5.92670e+03  2.48050e-03
 5.92696e+03  2.30656e-03
 5.92722e+03  2.22224e-03
 5.92748e+03  2.06592e-03
 5.92774e+03  2.03094e-03
 5.92800e+03  2.12333e-03
 5.92826e+03  2.14945e-03
 5.92852e+03  2.15318e-03
 5.92878e+03  2.05134e-03
 5.92904e+03  1.94455e-03
 5.92930e+03  2.07747e-03
 5.92956e+03  2.04672e-03
 5.92983e+03  2.13769e-03
 5.93009e+03  2.00214e-03
 5.93035e+03  1.95322e-03
 5.93061e+03  1.95409e-03
 5.93087e+03  1.83892e-03
 5.93113e+03  1.89180e-03
 5.93139e+03  1.99217e-03
 5.93165e+03  1.83051e-03
 5.93191e+03  1.93221e-03
 5.93217e+03  2.00928e-03
 5.93243e+03  1.89694e-03
 5.93269e+03  1.75635e-03
 5.93295e+03  1.96754e-03
 5.93321e+03  1.76195e-03
 5.93348e+03  1.80559e-03
 5.93374e+03  1.94047e-03
 5.93400e+03  1.89804e-03
 5.93426e+03  1.88932e-03
 5.93452e+03  1.78770e-03
 5.93478e+03  1.84483e-03
 5.93504e+03  1.77517e-03
 5.93530e+03  1.85533e-03
 5.93556e+03  1.88965e-03
 5.93582e+03  1.73858e-03
 5.93608e+03  1.74693e-03
 5.93634e+03  1.67270e-03
 5.93660e+03  1.82303e-03
 5.93686e+03  1.64205e-03
 5.93712e+03  1.82314e-03
 5.93739e+03  1.66594e-03
 5.93765e+03  1.78980e-03
 5.93791e+03  1.65723e-03
 5.93817e+03  1.69987e-03
 5.93843e+03  1.82934e-03
 5.93869e+03  1.74747e-03
 5.93895e+03  1.56298e-03
 5.93921e+03  1.55080e-03
 5.93947e+03  1.63111e-03
 5.93973e+03  1.73799e-03
 5.93999e+03  1.62253e-03
 5.94025e+03  1.56836e-03
 5.94051e+03  1.50035e-03
 5.94077e+03  1.60464e-03
 5.94104e+03  1.67268e-03
 5.94130e+03  1.69869e-03
 5.94156e+03  1.59840e-03
 5.94182e+03  1.66727e-03
 5.94208e+03  1.49473e-03
 5.94234e+03  1.58659e-03
 5.94260e+03  1.60963e-03
 5.94286e+03  1.56445e-03
 5.94312e+03  1.34859e-03
 5.94338e+03  1.50439e-03
 5.94364e+03  1.43161e-03
 5.94390e+03  1.60954e-03
 5.94416e+03  1.53567e-03
 5.94442e+03  1.50647e-03
 5.94469e+03  1.40133e-03
 5.94495e+03  1.51439e-03
 5.94521e+03  1.45116e-03
 5.94547e+03  1.57662e-03
 5.94573e+03  1.46824e-03
 5.94599e+03  1.25913e-03
 5.94625e+03  1.43913e-03
 5.94651e+03  1.43439e-03
 5.94677e+03  1.45909e-03
 5.94703e+03  1.49154e-03
 5.94729e+03  1.39610e-03
 5.94755e+03  1.47234e-03
 5.94781e+03  1.48872e-03
 5.94807e+03  1.44730e-03
 5.94833e+03  1.50276e-03
 5.94860e+03  1.53704e-03
 5.94886e+03  1.41890e-03
 5.94912e+03  1.44531e-03
 5.94938e+03  1.30457e-03
 5.94964e+03  1.38084e-03
 5.94990e+03  1.36236e-03
 5.95016e+03  1.44608e-03
