   6437.629      1.4379196E-03
   6437.891      1.7951833E-03
   6438.151      2.2212078E-03
   6438.413      2.6935744E-03
   6438.673      3.1797586E-03
   6438.934      3.6429975E-03
   6439.195      4.0504439E-03
   6439.456      4.3813665E-03
   6439.717      4.6313596E-03
   6439.978      4.8109423E-03
   6440.239      4.9392711E-03
   6440.500      5.0353874E-03
   6440.761      5.1122745E-03
   6441.022      5.1745647E-03
   6441.283      5.2207843E-03
   6441.544      5.2485783E-03
   6441.805      5.2606305E-03
   6442.065      5.2658934E-03
   6442.327      5.2783415E-03
   6442.587      5.3097019E-03
   6442.849      5.3661517E-03
   6443.109      5.4443460E-03
   6443.371      5.5347681E-03
   6443.631      5.6253355E-03
   6443.893      5.7064090E-03
   6444.153      5.7733953E-03
   6444.414      5.8259401E-03
   6444.675      5.8668898E-03
   6444.936      5.8997748E-03
   6445.197      5.9284610E-03
   6445.458      5.9574093E-03
   6445.719      5.9918431E-03
   6445.980      6.0367486E-03
   6446.241      6.0958723E-03
   6446.502      6.1696814E-03
   6446.763      6.2556583E-03
   6447.024      6.3495324E-03
   6447.285      6.4472398E-03
   6447.546      6.5456331E-03
   6447.807      6.6438476E-03
   6448.068      6.7416979E-03
   6448.329      6.8392926E-03
   6448.590      6.9364444E-03
   6448.851      7.0332522E-03
   6449.112      7.1301959E-03
   6449.373      7.2273039E-03
   6449.634      7.3234607E-03
   6449.895      7.4162739E-03
   6450.155      7.5038327E-03
   6450.417      7.5860927E-03
   6450.677      7.6664891E-03
   6450.938      7.7502835E-03
   6451.199      7.8425650E-03
   6451.460      7.9470230E-03
   6451.721      8.0650235E-03
   6451.982      8.1951935E-03
   6452.243      8.3336802E-03
   6452.504      8.4740715E-03
   6452.765      8.6088115E-03
   6453.026      8.7318225E-03
   6453.287      8.8414699E-03
   6453.548      8.9408131E-03
   6453.809      9.0363221E-03
   6454.070      9.1346214E-03
   6454.331      9.2392834E-03
   6454.592      9.3501396E-03
   6454.853      9.4634965E-03
   6455.114      9.5752217E-03
   6455.375      9.6821347E-03
   6455.636      9.7835716E-03
   6455.897      9.8817041E-03
   6456.158      9.9804280E-03
   6456.419      1.0083386E-02
   6456.680      1.0192608E-02
   6456.941      1.0307650E-02
   6457.202      1.0426844E-02
   6457.463      1.0550065E-02
   6457.724      1.0680491E-02
   6457.985      1.0823949E-02
   6458.246      1.0986485E-02
   6458.507      1.1170376E-02
   6458.768      1.1372476E-02
   6459.029      1.1584489E-02
   6459.290      1.1796064E-02
   6459.551      1.1998430E-02
   6459.812      1.2186266E-02
   6460.073      1.2358883E-02
   6460.334      1.2519385E-02
   6460.595      1.2673178E-02
   6460.856      1.2825803E-02
   6461.117      1.2981798E-02
   6461.378      1.3143199E-02
   6461.639      1.3310281E-02
   6461.900      1.3483888E-02
   6462.161      1.3666747E-02
   6462.422      1.3863089E-02
   6462.683      1.4076401E-02
   6462.944      1.4305804E-02
   6463.205      1.4545798E-02
   6463.466      1.4788571E-02
   6463.727      1.5028948E-02
   6463.988      1.5267030E-02
   6464.249      1.5506913E-02
   6464.510      1.5752209E-02
   6464.771      1.6002320E-02
   6465.032      1.6252019E-02
   6465.293      1.6494760E-02
   6465.554      1.6727991E-02
   6465.815      1.6954308E-02
   6466.076      1.7181354E-02
   6466.337      1.7417723E-02
   6466.598      1.7669447E-02
   6466.859      1.7937602E-02
   6467.120      1.8219048E-02
   6467.381      1.8508466E-02
   6467.642      1.8802021E-02
   6467.903      1.9098377E-02
   6468.165      1.9399386E-02
   6468.425      1.9707991E-02
   6468.687      2.0026015E-02
   6468.947      2.0352522E-02
   6469.208      2.0684194E-02
   6469.470      2.1016074E-02
   6469.730      2.1344302E-02
   6469.992      2.1668427E-02
   6470.252      2.1991499E-02
   6470.514      2.2319278E-02
   6470.774      2.2657216E-02
   6471.036      2.3008829E-02
   6471.297      2.3374330E-02
   6471.558      2.3753257E-02
   6471.819      2.4144974E-02
   6472.080      2.4550276E-02
   6472.341      2.4970800E-02
   6472.602      2.5407773E-02
   6472.863      2.5861301E-02
   6473.124      2.6329583E-02
   6473.385      2.6809646E-02
   6473.646      2.7298592E-02
   6473.907      2.7792998E-02
   6474.168      2.8289340E-02
   6474.429      2.8783867E-02
   6474.690      2.9274048E-02
   6474.951      2.9760182E-02
   6475.212      3.0246997E-02
   6475.473      3.0741567E-02
   6475.734      3.1249765E-02
   6475.995      3.1773750E-02
   6476.256      3.2311611E-02
   6476.518      3.2860618E-02
   6476.778      3.3420514E-02
   6477.040      3.3995088E-02
   6477.301      3.4589466E-02
   6477.562      3.5208192E-02
   6477.823      3.5851862E-02
   6478.083      3.6516305E-02
   6478.345      3.7194662E-02
   6478.606      3.7878957E-02
   6478.867      3.8563054E-02
   6479.128      3.9244171E-02
   6479.389      3.9923899E-02
   6479.650      4.0607564E-02
   6479.911      4.1302625E-02
   6480.172      4.2016190E-02
   6480.433      4.2753264E-02
   6480.694      4.3516621E-02
   6480.955      4.4306394E-02
   6481.216      4.5121327E-02
   6481.478      4.5959793E-02
   6481.738      4.6821527E-02
   6482.000      4.7708295E-02
   6482.261      4.8623748E-02
   6482.521      4.9570527E-02
   6482.783      5.0547220E-02
   6483.044      5.1547114E-02
   6483.305      5.2560840E-02
   6483.566      5.3582411E-02
   6483.827      5.4612409E-02
   6484.088      5.5656310E-02
   6484.349      5.6720465E-02
   6484.610      5.7806261E-02
   6484.871      5.8910400E-02
   6485.132      6.0028717E-02
   6485.394      6.1161645E-02
   6485.654      6.2316086E-02
   6485.916      6.3502565E-02
   6486.177      6.4729616E-02
   6486.438      6.5998621E-02
   6486.699      6.7304991E-02
   6486.960      6.8641432E-02
   6487.221      7.0003003E-02
   6487.482      7.1388885E-02
   6487.743      7.2800882E-02
   6488.004      7.4241154E-02
   6488.265      7.5711057E-02
   6488.526      7.7211283E-02
   6488.787      7.8742944E-02
   6489.048      8.0307856E-02
   6489.310      8.1906624E-02
   6489.571      8.3537333E-02
   6489.832      8.5193999E-02
   6490.093      8.6868942E-02
   6490.354      8.8557728E-02
   6490.615      9.0262525E-02
   6490.876      9.1993071E-02
   6491.137      9.3763046E-02
   6491.398      9.5584832E-02
   6491.659      9.7466461E-02
   6491.920      9.9412009E-02
   6492.182      0.1014220    
   6492.442      0.1034929    
   6492.704      0.1056174    
   6492.965      0.1077848    
   6493.226      0.1099849    
   6493.487      0.1122131    
   6493.748      0.1144727    
   6494.009      0.1167768    
   6494.270      0.1191439    
   6494.531      0.1215923    
   6494.792      0.1241313    
   6495.053      0.1267583    
   6495.314      0.1294588    
   6495.576      0.1322135    
   6495.837      0.1350073    
   6496.098      0.1378353    
   6496.359      0.1407016    
   6496.620      0.1436155    
   6496.881      0.1465838    
   6497.142      0.1496092    
   6497.403      0.1526908    
   6497.665      0.1558278    
   6497.925      0.1590232    
   6498.187      0.1622833    
   6498.448      0.1656148    
   6498.709      0.1690200    
   6498.970      0.1724974    
   6499.231      0.1760438    
   6499.492      0.1796605    
   6499.753      0.1833559    
   6500.014      0.1871433    
   6500.275      0.1910333    
   6500.537      0.1950263    
   6500.798      0.1991090    
   6501.059      0.2032610    
   6501.320      0.2074638    
   6501.581      0.2117095    
   6501.842      0.2160019    
   6502.103      0.2203524    
   6502.364      0.2247737    
   6502.625      0.2292752    
   6502.887      0.2338623    
   6503.147      0.2385377    
   6503.409      0.2433028    
   6503.670      0.2481590    
   6503.931      0.2531084    
   6504.192      0.2581535    
   6504.453      0.2632969    
   6504.714      0.2685373    
   6504.976      0.2738697    
   6505.237      0.2792830    
   6505.498      0.2847655    
   6505.759      0.2903089    
   6506.020      0.2959155    
   6506.281      0.3015959    
   6506.542      0.3073633    
   6506.803      0.3132259    
   6507.064      0.3191816    
   6507.326      0.3252202    
   6507.587      0.3313258    
   6507.848      0.3374834    
   6508.109      0.3436801    
   6508.370      0.3499048    
   6508.631      0.3561523    
   6508.893      0.3624227    
   6509.154      0.3687260    
   6509.415      0.3750777    
   6509.676      0.3814928    
   6509.937      0.3879790    
   6510.198      0.3945323    
   6510.459      0.4011396    
   6510.720      0.4077869    
   6510.981      0.4144675    
   6511.243      0.4211839    
   6511.504      0.4279444    
   6511.765      0.4347553    
   6512.026      0.4416159    
   6512.287      0.4485183    
   6512.548      0.4554556    
   6512.810      0.4624263    
   6513.071      0.4694373    
   6513.332      0.4764981    
   6513.593      0.4836097    
   6513.854      0.4907563    
   6514.115      0.4979070    
   6514.376      0.5050268    
   6514.638      0.5120916    
   6514.899      0.5190940    
   6515.160      0.5260418    
   6515.421      0.5329446    
   6515.682      0.5398030    
   6515.943      0.5466098    
   6516.205      0.5533543    
   6516.466      0.5600318    
   6516.727      0.5666503    
   6516.988      0.5732257    
   6517.249      0.5797768    
   6517.510      0.5863172    
   6517.771      0.5928527    
   6518.033      0.5993782    
   6518.293      0.6058801    
   6518.555      0.6123372    
   6518.816      0.6187201    
   6519.077      0.6249949    
   6519.338      0.6311328    
   6519.600      0.6371212    
   6519.861      0.6429678    
   6520.122      0.6486977    
   6520.383      0.6543438    
   6520.644      0.6599339    
   6520.905      0.6654809    
   6521.167      0.6709820    
   6521.428      0.6764213    
   6521.689      0.6817749    
   6521.950      0.6870232    
   6522.211      0.6921567    
   6522.472      0.6971801    
   6522.733      0.7021101    
   6522.995      0.7069632    
   6523.256      0.7117435    
   6523.517      0.7164376    
   6523.778      0.7210216    
   6524.040      0.7254726    
   6524.300      0.7297831    
   6524.562      0.7339652    
   6524.823      0.7380432    
   6525.084      0.7420365    
   6525.345      0.7459449    
   6525.606      0.7497484    
   6525.868      0.7534202    
   6526.129      0.7569433    
   6526.390      0.7603253    
   6526.651      0.7635967    
   6526.912      0.7667953    
   6527.173      0.7699458    
   6527.435      0.7730505    
   6527.696      0.7760853    
   6527.957      0.7790142    
   6528.218      0.7818021    
   6528.479      0.7844238    
   6528.741      0.7868743    
   6529.002      0.7891666    
   6529.263      0.7913346    
   6529.524      0.7934222    
   6529.785      0.7954686    
   6530.046      0.7974916    
   6530.308      0.7994769    
   6530.569      0.8013864    
   6530.830      0.8031816    
   6531.091      0.8048477    
   6531.353      0.8064022    
   6531.614      0.8078799    
   6531.875      0.8093143    
   6532.136      0.8107219    
   6532.397      0.8121032    
   6532.659      0.8134503    
   6532.919      0.8147524    
   6533.181      0.8159910    
   6533.442      0.8171425    
   6533.703      0.8181805    
   6533.964      0.8190909    
   6534.226      0.8198847    
   6534.487      0.8206021    
   6534.748      0.8213040    
   6535.009      0.8220548    
   6535.271      0.8229057    
   6535.532      0.8238763    
   6535.793      0.8249494    
   6536.054      0.8260722    
   6536.315      0.8271671    
   6536.577      0.8281538    
   6536.838      0.8289708    
   6537.099      0.8295993    
   6537.360      0.8300689    
   6537.621      0.8304445    
   6537.882      0.8307973    
   6538.144      0.8311750    
   6538.405      0.8315926    
   6538.666      0.8320376    
   6538.927      0.8324835    
   6539.188      0.8329055    
   6539.450      0.8332891    
   6539.711      0.8336324    
   6539.972      0.8339460    
   6540.233      0.8342471    
   6540.495      0.8345534    
   6540.756      0.8348730    
   6541.017      0.8352019    
   6541.278      0.8355266    
   6541.540      0.8358327    
   6541.801      0.8361144    
   6542.062      0.8363796    
   6542.323      0.8366427    
   6542.584      0.8369089    
   6542.846      0.8371707    
   6543.107      0.8374130    
   6543.368      0.8376271    
   6543.629      0.8378257    
   6543.891      0.8380376    
   6544.152      0.8382938    
   6544.413      0.8386123    
   6544.674      0.8389869    
   6544.936      0.8393869    
   6545.197      0.8397667    
   6545.458      0.8400820    
   6545.719      0.8403048    
   6545.980      0.8404372    
   6546.242      0.8405102    
   6546.503      0.8405725    
   6546.764      0.8406728    
   6547.025      0.8408419    
   6547.287      0.8410875    
   6547.548      0.8413952    
   6547.809      0.8417371    
   6548.070      0.8420762    
   6548.332      0.8423760    
   6548.593      0.8426068    
   6548.854      0.8427562    
   6549.115      0.8428316    
   6549.376      0.8428611    
   6549.638      0.8428864    
   6549.899      0.8429530    
   6550.160      0.8430963    
   6550.421      0.8433316    
   6550.683      0.8436465    
   6550.944      0.8440012    
   6551.205      0.8443457    
   6551.466      0.8446365    
   6551.728      0.8448502    
   6551.989      0.8449898    
   6552.250      0.8450812    
   6552.511      0.8451619    
   6552.773      0.8452725    
   6553.034      0.8454434    
   6553.295      0.8456871    
   6553.557      0.8459969    
   6553.818      0.8463500    
   6554.079      0.8467118    
   6554.340      0.8470462    
   6554.602      0.8473259    
   6554.863      0.8475379    
   6555.124      0.8476824    
   6555.385      0.8477723    
   6555.646      0.8478312    
   6555.908      0.8478930    
   6556.169      0.8479972    
   6556.430      0.8481762    
   6556.691      0.8484458    
   6556.953      0.8487964    
   6557.214      0.8491991    
   6557.475      0.8496165    
   6557.737      0.8500113    
   6557.998      0.8503554    
   6558.259      0.8506373    
   6558.521      0.8508658    
   6558.782      0.8510684    
   6559.043      0.8512807    
   6559.304      0.8515256    
   6559.565      0.8518031    
   6559.827      0.8520879    
   6560.088      0.8523418    
   6560.349      0.8525383    
   6560.610      0.8526741    
   6560.872      0.8527685    
   6561.133      0.8528475    
   6561.395      0.8529264    
   6561.656      0.8530067    
   6561.917      0.8530785    
   6562.178      0.8531324    
   6562.439      0.8531602    
   6562.701      0.8531568    
   6562.962      0.8531191    
   6563.223      0.8530554    
   6563.484      0.8529861    
   6563.746      0.8529406    
   6564.007      0.8529480    
   6564.269      0.8530205    
   6564.530      0.8531486    
   6564.791      0.8532969    
   6565.052      0.8534198    
   6565.313      0.8534780    
   6565.575      0.8534567    
   6565.836      0.8533732    
   6566.098      0.8532627    
   6566.359      0.8531636    
   6566.620      0.8530959    
   6566.881      0.8530637    
   6567.143      0.8530622    
   6567.404      0.8530887    
   6567.665      0.8531450    
   6567.926      0.8532282    
   6568.188      0.8533241    
   6568.449      0.8534046    
   6568.710      0.8534360    
   6568.972      0.8533893    
   6569.233      0.8532549    
   6569.494      0.8530446    
   6569.755      0.8527882    
   6570.017      0.8525228    
   6570.278      0.8522819    
   6570.540      0.8520889    
   6570.801      0.8519505    
   6571.062      0.8518585    
   6571.323      0.8517894    
   6571.584      0.8517140    
   6571.846      0.8516062    
   6572.107      0.8514549    
   6572.369      0.8512703    
   6572.630      0.8510776    
   6572.891      0.8509012    
   6573.152      0.8507525    
   6573.414      0.8506227    
   6573.675      0.8504916    
   6573.937      0.8503385    
   6574.198      0.8501511    
   6574.459      0.8499296    
   6574.720      0.8496820    
   6574.981      0.8494206    
   6575.243      0.8491567    
   6575.504      0.8488972    
   6575.766      0.8486428    
   6576.027      0.8483893    
   6576.288      0.8481289    
   6576.549      0.8478558    
   6576.811      0.8475675    
   6577.072      0.8472710    
   6577.333      0.8469780    
   6577.595      0.8466986    
   6577.856      0.8464358    
   6578.117      0.8461829    
   6578.379      0.8459277    
   6578.640      0.8456626    
   6578.901      0.8453928    
   6579.163      0.8451370    
   6579.424      0.8449180    
   6579.686      0.8447495    
   6579.947      0.8446282    
   6580.208      0.8445313    
   6580.469      0.8444250    
   6580.730      0.8442736    
   6580.992      0.8440561    
   6581.253      0.8437712    
   6581.515      0.8434396    
   6581.776      0.8430914    
   6582.037      0.8427561    
   6582.299      0.8424516    
   6582.560      0.8421862    
   6582.821      0.8419623    
   6583.083      0.8417833    
   6583.344      0.8416487    
   6583.605      0.8415450    
   6583.867      0.8414449    
   6584.128      0.8413132    
   6584.389      0.8411193    
   6584.650      0.8408520    
   6584.912      0.8405284    
   6585.173      0.8401874    
   6585.435      0.8398764    
   6585.696      0.8396295    
   6585.958      0.8394556    
   6586.219      0.8393399    
   6586.480      0.8392516    
   6586.741      0.8391600    
   6587.003      0.8390480    
   6587.264      0.8389182    
   6587.525      0.8387933    
   6587.787      0.8387057    
   6588.048      0.8386813    
   6588.310      0.8387309    
   6588.571      0.8388433    
   6588.832      0.8389895    
   6589.093      0.8391322    
   6589.355      0.8392376    
   6589.616      0.8392845    
   6589.877      0.8392705    
   6590.139      0.8392128    
   6590.400      0.8391423    
   6590.662      0.8390959    
   6590.923      0.8390998    
   6591.184      0.8391634    
   6591.446      0.8392757    
   6591.707      0.8394108    
   6591.968      0.8395358    
   6592.229      0.8396226    
   6592.491      0.8396494    
   6592.752      0.8396065    
   6593.014      0.8394952    
   6593.275      0.8393294    
   6593.537      0.8391358    
   6593.798      0.8389500    
   6594.059      0.8388047    
   6594.321      0.8387181    
   6594.582      0.8386911    
   6594.843      0.8387093    
   6595.104      0.8387543    
   6595.366      0.8388124    
   6595.627      0.8388771    
   6595.889      0.8389476    
   6596.150      0.8390269    
   6596.412      0.8391231    
   6596.673      0.8392469    
   6596.934      0.8394048    
   6597.196      0.8395863    
   6597.457      0.8397605    
   6597.718      0.8398787    
   6597.980      0.8398912    
   6598.241      0.8397681    
   6598.502      0.8395119    
   6598.764      0.8391585    
   6599.025      0.8387589    
   6599.287      0.8383636    
   6599.548      0.8380036    
   6599.810      0.8376838    
   6600.071      0.8373874    
   6600.332      0.8370848    
   6600.594      0.8367510    
   6600.855      0.8363762    
   6601.116      0.8359726    
   6601.377      0.8355642    
   6601.639      0.8351730    
   6601.900      0.8347988    
   6602.162      0.8344126    
   6602.423      0.8339689    
   6602.685      0.8334215    
   6602.946      0.8327464    
   6603.208      0.8319489    
   6603.469      0.8310592    
   6603.730      0.8301160    
   6603.992      0.8291495    
   6604.253      0.8281686    
   6604.514      0.8271595    
   6604.776      0.8260958    
   6605.037      0.8249493    
   6605.298      0.8237060    
   6605.560      0.8223678    
   6605.821      0.8209480    
   6606.083      0.8194593    
   6606.344      0.8179036    
   6606.605      0.8162681    
   6606.867      0.8145282    
   6607.128      0.8126568    
   6607.390      0.8106321    
   6607.651      0.8084494    
   6607.913      0.8061253    
   6608.174      0.8036953    
   6608.435      0.8011997    
   6608.697      0.7986616    
   6608.958      0.7960725    
   6609.219      0.7934001    
   6609.481      0.7906042    
   6609.742      0.7876655    
   6610.004      0.7845905    
   6610.265      0.7814059    
   6610.526      0.7781405    
   6610.788      0.7748117    
   6611.049      0.7714235    
   6611.311      0.7679777    
   6611.572      0.7644776    
   6611.833      0.7609258    
   6612.095      0.7573119    
   6612.356      0.7536069    
   6612.618      0.7497672    
   6612.879      0.7457529    
   6613.141      0.7415407    
   6613.402      0.7371311    
   6613.664      0.7325408    
   6613.925      0.7277921    
   6614.186      0.7229050    
   6614.448      0.7178937    
   6614.709      0.7127684    
   6614.971      0.7075399    
   6615.232      0.7022225    
   6615.493      0.6968306    
   6615.755      0.6913759    
   6616.016      0.6858601    
   6616.278      0.6802768    
   6616.539      0.6746145    
   6616.800      0.6688582    
   6617.062      0.6629892    
   6617.323      0.6569870    
   6617.585      0.6508363    
   6617.846      0.6445403    
   6618.107      0.6381246    
   6618.369      0.6316283    
   6618.630      0.6250846    
   6618.892      0.6185063    
   6619.153      0.6118814    
   6619.415      0.6051900    
   6619.676      0.5984168    
   6619.938      0.5915616    
   6620.199      0.5846382    
   6620.460      0.5776696    
   6620.722      0.5706803    
   6620.983      0.5636933    
   6621.245      0.5567253    
   6621.506      0.5497834    
   6621.768      0.5428602    
   6622.029      0.5359376    
   6622.291      0.5289943    
   6622.552      0.5220160    
   6622.813      0.5149999    
   6623.075      0.5079490    
   6623.336      0.5008674    
   6623.598      0.4937581    
   6623.859      0.4866279    
   6624.121      0.4794880    
   6624.382      0.4723504    
   6624.644      0.4652234    
   6624.905      0.4581105    
   6625.167      0.4510164    
   6625.428      0.4439559    
   6625.689      0.4369547    
   6625.951      0.4300415    
   6626.212      0.4232364    
   6626.474      0.4165404    
   6626.735      0.4099338    
   6626.997      0.4033857    
   6627.258      0.3968650    
   6627.520      0.3903525    
   6627.781      0.3838466    
   6628.042      0.3773605    
   6628.304      0.3709154    
   6628.565      0.3645307    
   6628.827      0.3582180    
   6629.088      0.3519803    
   6629.350      0.3458152    
   6629.611      0.3397216    
   6629.873      0.3337000    
   6630.134      0.3277506    
   6630.396      0.3218705    
   6630.657      0.3160562    
   6630.918      0.3103056    
   6631.180      0.3046243    
   6631.441      0.2990239    
   6631.703      0.2935151    
   6631.964      0.2881006    
   6632.226      0.2827718    
   6632.487      0.2775129    
   6632.749      0.2723117    
   6633.010      0.2671676    
   6633.271      0.2620948    
   6633.533      0.2571144    
   6633.794      0.2522466    
   6634.056      0.2475015    
   6634.317      0.2428768    
   6634.579      0.2383580    
   6634.840      0.2339259    
   6635.102      0.2295627    
   6635.363      0.2252581    
   6635.625      0.2210125    
   6635.886      0.2168311    
   6636.148      0.2127179    
   6636.409      0.2086702    
   6636.671      0.2046805    
   6636.932      0.2007412    
   6637.194      0.1968492    
   6637.455      0.1930095    
   6637.717      0.1892316    
   6637.978      0.1855283    
   6638.240      0.1819090    
   6638.501      0.1783771    
   6638.763      0.1749274    
   6639.024      0.1715487    
   6639.286      0.1682304    
   6639.547      0.1649650    
   6639.809      0.1617505    
   6640.070      0.1585891    
   6640.332      0.1554871    
   6640.593      0.1524524    
   6640.854      0.1494938    
   6641.116      0.1466165    
   6641.377      0.1438183    
   6641.639      0.1410894    
   6641.900      0.1384151    
   6642.162      0.1357816    
   6642.423      0.1331818    
   6642.685      0.1306162    
   6642.946      0.1280933    
   6643.208      0.1256223    
   6643.470      0.1232091    
   6643.731      0.1208533    
   6643.993      0.1185509    
   6644.254      0.1162964    
   6644.516      0.1140865    
   6644.777      0.1119203    
   6645.039      0.1097977    
   6645.300      0.1077174    
   6645.562      0.1056766    
   6645.823      0.1036715    
   6646.084      0.1016992    
   6646.346      9.9760316E-02
   6646.607      9.7857222E-02
   6646.869      9.5992148E-02
   6647.130      9.4163887E-02
   6647.392      9.2369534E-02
   6647.653      9.0607300E-02
   6647.915      8.8878565E-02
   6648.177      8.7187514E-02
   6648.438      8.5538536E-02
   6648.700      8.3932467E-02
   6648.961      8.2367584E-02
   6649.223      8.0839843E-02
   6649.484      7.9346545E-02
   6649.746      7.7885978E-02
   6650.007      7.6457292E-02
   6650.269      7.5058602E-02
   6650.530      7.3684812E-02
   6650.792      7.2329812E-02
   6651.053      7.0989758E-02
   6651.314      6.9666520E-02
   6651.576      6.8368569E-02
   6651.838      6.7107484E-02
   6652.099      6.5892577E-02
   6652.361      6.4726107E-02
   6652.622      6.3603729E-02
   6652.884      6.2517300E-02
   6653.146      6.1457984E-02
   6653.407      6.0417950E-02
   6653.668      5.9389509E-02
   6653.930      5.8364190E-02
   6654.191      5.7334047E-02
   6654.453      5.6295358E-02
   6654.714      5.5252016E-02
   6654.976      5.4216232E-02
   6655.237      5.3203519E-02
   6655.499      5.2226346E-02
   6655.761      5.1288083E-02
   6656.022      5.0381936E-02
   6656.284      4.9496423E-02
   6656.545      4.8622534E-02
   6656.807      4.7758091E-02
   6657.068      4.6909019E-02
   6657.330      4.6083845E-02
   6657.591      4.5288391E-02
   6657.853      4.4522494E-02
   6658.114      4.3779667E-02
   6658.376      4.3050379E-02
   6658.638      4.2326774E-02
   6658.899      4.1606270E-02
   6659.161      4.0893309E-02
   6659.422      4.0197730E-02
   6659.684      3.9529823E-02
   6659.945      3.8895171E-02
   6660.207      3.8292024E-02
   6660.468      3.7711408E-02
   6660.730      3.7140731E-02
   6660.991      3.6568217E-02
   6661.253      3.5986185E-02
   6661.515      3.5391755E-02
   6661.776      3.4787405E-02
   6662.038      3.4178760E-02
   6662.299      3.3572905E-02
   6662.561      3.2977305E-02
   6662.822      3.2398395E-02
   6663.083      3.1840742E-02
   6663.345      3.1306047E-02
   6663.607      3.0792832E-02
   6663.868      3.0297708E-02
   6664.130      2.9816836E-02
   6664.392      2.9347988E-02
   6664.653      2.8890643E-02
   6664.915      2.8443657E-02
   6665.176      2.8004648E-02
   6665.438      2.7569856E-02
   6665.699      2.7137425E-02
   6665.961      2.6709266E-02
   6666.222      2.6290765E-02
   6666.484      2.5888238E-02
   6666.746      2.5504759E-02
   6667.007      2.5139488E-02
   6667.269      2.4788054E-02
   6667.530      2.4444973E-02
   6667.792      2.4105240E-02
   6668.053      2.3764862E-02
   6668.315      2.3421206E-02
   6668.576      2.3072999E-02
   6668.838      2.2720871E-02
   6669.100      2.2366485E-02
   6669.361      2.2012468E-02
   6669.623      2.1661932E-02
   6669.884      2.1317955E-02
   6670.146      2.0983510E-02
   6670.407      2.0659748E-02
   6670.669      2.0345835E-02
   6670.931      2.0039327E-02
   6671.192      1.9737631E-02
   6671.454      1.9439060E-02
   6671.715      1.9143304E-02
   6671.977      1.8851083E-02
   6672.238      1.8562734E-02
   6672.500      1.8278623E-02
   6672.762      1.7997952E-02
   6673.023      1.7720297E-02
   6673.285      1.7445400E-02
   6673.546      1.7174184E-02
   6673.808      1.6909026E-02
   6674.069      1.6652536E-02
   6674.331      1.6406761E-02
   6674.593      1.6171938E-02
   6674.854      1.5945699E-02
   6675.116      1.5725108E-02
   6675.377      1.5508387E-02
   6675.639      1.5296833E-02
   6675.900      1.5094055E-02
   6676.162      1.4904425E-02
   6676.424      1.4730270E-02
   6676.685      1.4570265E-02
   6676.947      1.4419397E-02
   6677.208      1.4270074E-02
   6677.470      1.4114327E-02
   6677.731      1.3946884E-02
   6677.993      1.3767110E-02
   6678.255      1.3578382E-02
   6678.517      1.3385879E-02
   6678.778      1.3193071E-02
   6679.040      1.3001068E-02
   6679.301      1.2809546E-02
   6679.563      1.2618231E-02
   6679.824      1.2428327E-02
   6680.086      1.2240733E-02
   6680.348      1.2054849E-02
   6680.609      1.1868726E-02
   6680.871      1.1680461E-02
   6681.132      1.1491503E-02
   6681.394      1.1307633E-02
   6681.655      1.1137515E-02
   6681.917      1.0988199E-02
   6682.179      1.0861397E-02
   6682.440      1.0751837E-02
   6682.702      1.0649643E-02
   6682.963      1.0544149E-02
   6683.225      1.0428359E-02
   6683.487      1.0300878E-02
   6683.749      1.0165823E-02
   6684.010      1.0030429E-02
   6684.271      9.9011054E-03
   6684.533      9.7801555E-03
   6684.795      9.6654240E-03
   6685.056      9.5518436E-03
   6685.318      9.4353706E-03
   6685.580      9.3152691E-03
   6685.841      9.1946367E-03
   6686.103      9.0776216E-03
   6686.364      8.9672944E-03
   6686.626      8.8640740E-03
   6686.888      8.7662665E-03
   6687.149      8.6723845E-03
   6687.411      8.5821534E-03
   6687.672      8.4970612E-03
   6687.934      8.4185069E-03
   6688.196      8.3458722E-03
   6688.458      8.2749715E-03
   6688.719      8.1992680E-03
   6688.980      8.1124809E-03
   6689.242      8.0120517E-03
   6689.504      7.9004997E-03
   6689.766      7.7841091E-03
   6690.027      7.6704626E-03
   6690.289      7.5652637E-03
   6690.550      7.4704322E-03
   6690.812      7.3854355E-03
   6691.074      7.3080221E-03
   6691.335      7.2359634E-03
   6691.597      7.1670078E-03
   6691.858      7.0984052E-03
   6692.120      7.0261690E-03
   6692.382      6.9463556E-03
   6692.644      6.8565193E-03
   6692.905      6.7567308E-03
   6693.167      6.6504376E-03
   6693.428      6.5427227E-03
   6693.690      6.4385645E-03
   6693.952      6.3421866E-03
   6694.213      6.2557333E-03
   6694.475      6.1804266E-03
   6694.736      6.1165970E-03
   6694.998      6.0636415E-03
   6695.260      6.0201227E-03
   6695.521      5.9826686E-03
   6695.783      5.9459833E-03
   6696.044      5.9036817E-03
   6696.306      5.8500310E-03
   6696.568      5.7815281E-03
   6696.830      5.6989151E-03
   6697.091      5.6070010E-03
   6697.353      5.5138003E-03
   6697.614      5.4279095E-03
   6697.876      5.3561400E-03
   6698.138      5.3017926E-03
   6698.399      5.2644759E-03
   6698.661      5.2400897E-03
   6698.923      5.2219494E-03
   6699.184      5.2033402E-03
   6699.446      5.1788129E-03
   6699.708      5.1456932E-03
   6699.969      5.1041786E-03
   6700.231      5.0550192E-03
   6700.493      4.9988865E-03
   6700.754      4.9364856E-03
   6701.016      4.8697316E-03
   6701.277      4.8034890E-03
   6701.539      4.7442927E-03
   6701.801      4.6983017E-03
   6702.063      4.6675415E-03
   6702.324      4.6484228E-03
   6702.586      4.6324059E-03
   6702.848      4.6097548E-03
   6703.109      4.5733536E-03
   6703.371      4.5213918E-03
   6703.632      4.4574151E-03
   6703.894      4.3882411E-03
   6704.156      4.3214695E-03
   6704.417      4.2633722E-03
   6704.679      4.2176177E-03
   6704.941      4.1847751E-03
