 5.40004e+03  2.45830e-03
 5.40030e+03  2.54444e-03
 5.40056e+03  2.77185e-03
 5.40083e+03  2.40180e-03
 5.40109e+03  2.66433e-03
 5.40135e+03  2.43849e-03
 5.40161e+03  2.65399e-03
 5.40187e+03  2.49694e-03
 5.40213e+03  2.71193e-03
 5.40239e+03  2.52762e-03
 5.40265e+03  2.63193e-03
 5.40292e+03  2.90153e-03
 5.40318e+03  2.90868e-03
 5.40344e+03  2.70218e-03
 5.40370e+03  2.78469e-03
 5.40396e+03  2.52656e-03
 5.40422e+03  2.59945e-03
 5.40448e+03  2.72158e-03
 5.40474e+03  2.87733e-03
 5.40500e+03  2.78925e-03
 5.40527e+03  2.89191e-03
 5.40553e+03  2.92921e-03
 5.40579e+03  3.01735e-03
 5.40605e+03  3.01589e-03
 5.40631e+03  2.79560e-03
 5.40657e+03  3.00180e-03
 5.40683e+03  2.86202e-03
 5.40709e+03  3.04423e-03
 5.40735e+03  3.09807e-03
 5.40762e+03  3.20137e-03
 5.40788e+03  3.11971e-03
 5.40814e+03  2.85126e-03
 5.40840e+03  2.93516e-03
 5.40866e+03  3.24951e-03
 5.40892e+03  3.24741e-03
 5.40918e+03  3.15234e-03
 5.40944e+03  3.12244e-03
 5.40971e+03  3.07294e-03
 5.40997e+03  3.27716e-03
 5.41023e+03  3.10091e-03
 5.41049e+03  3.30712e-03
 5.41075e+03  3.54027e-03
 5.41101e+03  3.27605e-03
 5.41127e+03  3.24605e-03
 5.41153e+03  3.37155e-03
 5.41180e+03  3.56946e-03
 5.41206e+03  3.30909e-03
 5.41232e+03  3.37445e-03
 5.41258e+03  3.34879e-03
 5.41284e+03  3.25591e-03
 5.41310e+03  3.47763e-03
 5.41336e+03  3.53827e-03
 5.41362e+03  3.88974e-03
 5.41389e+03  3.59939e-03
 5.41415e+03  3.65522e-03
 5.41441e+03  3.39597e-03
 5.41467e+03  3.83530e-03
 5.41493e+03  3.92744e-03
 5.41519e+03  3.58119e-03
 5.41545e+03  3.62821e-03
 5.41571e+03  3.92675e-03
 5.41597e+03  3.58722e-03
 5.41624e+03  3.87730e-03
 5.41650e+03  3.91804e-03
 5.41676e+03  3.91229e-03
 5.41702e+03  3.86609e-03
 5.41728e+03  3.82733e-03
 5.41754e+03  4.22768e-03
 5.41780e+03  4.39091e-03
 5.41806e+03  3.95749e-03
 5.41833e+03  4.09669e-03
 5.41859e+03  4.07568e-03
 5.41885e+03  4.28742e-03
 5.41911e+03  4.47775e-03
 5.41937e+03  4.31221e-03
 5.41963e+03  3.88484e-03
 5.41989e+03  4.38008e-03
 5.42015e+03  4.17990e-03
 5.42042e+03  4.65775e-03
 5.42068e+03  4.26089e-03
 5.42094e+03  4.31484e-03
 5.42120e+03  4.49539e-03
 5.42146e+03  4.26015e-03
 5.42172e+03  4.27304e-03
 5.42198e+03  5.03429e-03
 5.42224e+03  4.85441e-03
 5.42250e+03  4.48376e-03
 5.42277e+03  4.71867e-03
 5.42303e+03  4.99269e-03
 5.42329e+03  5.07011e-03
 5.42355e+03  5.06531e-03
 5.42381e+03  4.88381e-03
 5.42407e+03  4.77859e-03
 5.42433e+03  5.09419e-03
 5.42459e+03  5.44284e-03
 5.42486e+03  5.14271e-03
 5.42512e+03  5.34787e-03
 5.42538e+03  5.28036e-03
 5.42564e+03  5.25111e-03
 5.42590e+03  5.14809e-03
 5.42616e+03  5.35277e-03
 5.42642e+03  5.58080e-03
 5.42668e+03  5.30875e-03
 5.42695e+03  5.22690e-03
 5.42721e+03  5.54309e-03
 5.42747e+03  5.60804e-03
 5.42773e+03  5.70608e-03
 5.42799e+03  5.88380e-03
 5.42825e+03  5.49908e-03
 5.42851e+03  5.86472e-03
 5.42877e+03  6.12466e-03
 5.42903e+03  6.34345e-03
 5.42930e+03  6.51736e-03
 5.42956e+03  6.31973e-03
 5.42982e+03  6.00502e-03
 5.43008e+03  6.15024e-03
 5.43034e+03  6.86668e-03
 5.43060e+03  6.62833e-03
 5.43086e+03  6.96569e-03
 5.43112e+03  6.21950e-03
 5.43139e+03  6.24586e-03
 5.43165e+03  6.86924e-03
 5.43191e+03  6.83848e-03
 5.43217e+03  6.95484e-03
 5.43243e+03  6.95178e-03
 5.43269e+03  6.59461e-03
 5.43295e+03  6.80209e-03
 5.43321e+03  7.44904e-03
 5.43348e+03  7.65228e-03
 5.43374e+03  7.37486e-03
 5.43400e+03  7.09716e-03
 5.43426e+03  7.36706e-03
 5.43452e+03  7.65872e-03
 5.43478e+03  8.31578e-03
 5.43504e+03  7.93745e-03
 5.43530e+03  8.01737e-03
 5.43556e+03  7.78961e-03
 5.43583e+03  7.95427e-03
 5.43609e+03  8.41012e-03
 5.43635e+03  8.59754e-03
 5.43661e+03  8.57261e-03
 5.43687e+03  8.32218e-03
 5.43713e+03  8.18135e-03
 5.43739e+03  8.76032e-03
 5.43765e+03  9.12544e-03
 5.43792e+03  9.27706e-03
 5.43818e+03  9.19971e-03
 5.43844e+03  8.93832e-03
 5.43870e+03  9.05293e-03
 5.43896e+03  9.53306e-03
 5.43922e+03  1.00415e-02
 5.43948e+03  9.65135e-03
 5.43974e+03  9.71618e-03
 5.44001e+03  9.56901e-03
 5.44027e+03  9.70307e-03
 5.44053e+03  1.03413e-02
 5.44079e+03  1.10399e-02
 5.44105e+03  1.03586e-02
 5.44131e+03  1.04797e-02
 5.44157e+03  1.02930e-02
 5.44183e+03  1.10965e-02
 5.44209e+03  1.19159e-02
 5.44236e+03  1.17023e-02
 5.44262e+03  1.10630e-02
 5.44288e+03  1.06700e-02
 5.44314e+03  1.15126e-02
 5.44340e+03  1.25357e-02
 5.44366e+03  1.27524e-02
 5.44392e+03  1.22238e-02
 5.44418e+03  1.20476e-02
 5.44445e+03  1.19820e-02
 5.44471e+03  1.29043e-02
 5.44497e+03  1.34083e-02
 5.44523e+03  1.32938e-02
 5.44549e+03  1.31919e-02
 5.44575e+03  1.29785e-02
 5.44601e+03  1.34065e-02
 5.44627e+03  1.46849e-02
 5.44654e+03  1.47047e-02
 5.44680e+03  1.45923e-02
 5.44706e+03  1.46225e-02
 5.44732e+03  1.42764e-02
 5.44758e+03  1.54963e-02
 5.44784e+03  1.59461e-02
 5.44810e+03  1.62947e-02
 5.44836e+03  1.54644e-02
 5.44862e+03  1.52491e-02
 5.44889e+03  1.65773e-02
 5.44915e+03  1.77123e-02
 5.44941e+03  1.75354e-02
 5.44967e+03  1.74037e-02
 5.44993e+03  1.69601e-02
 5.45019e+03  1.72064e-02
 5.45045e+03  1.77422e-02
 5.45071e+03  1.96580e-02
 5.45098e+03  1.95608e-02
 5.45124e+03  1.93288e-02
 5.45150e+03  1.82200e-02
 5.45176e+03  1.87683e-02
 5.45202e+03  2.10107e-02
 5.45228e+03  2.12616e-02
 5.45254e+03  2.15816e-02
 5.45280e+03  2.05240e-02
 5.45307e+03  2.04504e-02
 5.45333e+03  2.14477e-02
 5.45359e+03  2.35261e-02
 5.45385e+03  2.41906e-02
 5.45411e+03  2.28722e-02
 5.45437e+03  2.25097e-02
 5.45463e+03  2.37590e-02
 5.45489e+03  2.49178e-02
 5.45515e+03  2.65837e-02
 5.45542e+03  2.60035e-02
 5.45568e+03  2.50899e-02
 5.45594e+03  2.48891e-02
 5.45620e+03  2.65735e-02
 5.45646e+03  2.85728e-02
 5.45672e+03  2.93624e-02
 5.45698e+03  2.94713e-02
 5.45724e+03  2.79622e-02
 5.45751e+03  2.84670e-02
 5.45777e+03  3.08734e-02
 5.45803e+03  3.28443e-02
 5.45829e+03  3.26331e-02
 5.45855e+03  3.12707e-02
 5.45881e+03  3.10314e-02
 5.45907e+03  3.30001e-02
 5.45933e+03  3.57063e-02
 5.45960e+03  3.68798e-02
 5.45986e+03  3.69447e-02
 5.46012e+03  3.55490e-02
 5.46038e+03  3.65706e-02
 5.46064e+03  3.90239e-02
 5.46090e+03  4.22119e-02
 5.46116e+03  4.15765e-02
 5.46142e+03  4.03934e-02
 5.46168e+03  3.94621e-02
 5.46195e+03  4.10694e-02
 5.46221e+03  4.52496e-02
 5.46247e+03  4.73033e-02
 5.46273e+03  4.67364e-02
 5.46299e+03  4.51307e-02
 5.46325e+03  4.51593e-02
 5.46351e+03  4.82712e-02
 5.46377e+03  5.22461e-02
 5.46404e+03  5.37342e-02
 5.46430e+03  5.15258e-02
 5.46456e+03  5.03000e-02
 5.46482e+03  5.17180e-02
 5.46508e+03  5.64947e-02
 5.46534e+03  6.03075e-02
 5.46560e+03  6.01584e-02
 5.46586e+03  5.83466e-02
 5.46612e+03  5.82292e-02
 5.46639e+03  6.24572e-02
 5.46665e+03  6.66889e-02
 5.46691e+03  6.96475e-02
 5.46717e+03  6.79891e-02
 5.46743e+03  6.64720e-02
 5.46769e+03  6.76567e-02
 5.46795e+03  7.39498e-02
 5.46821e+03  7.77050e-02
 5.46848e+03  8.00516e-02
 5.46874e+03  7.64681e-02
 5.46900e+03  7.55383e-02
 5.46926e+03  8.00462e-02
 5.46952e+03  8.75836e-02
 5.46978e+03  9.04418e-02
 5.47004e+03  8.98874e-02
 5.47030e+03  8.60481e-02
 5.47057e+03  8.83551e-02
 5.47083e+03  9.61051e-02
 5.47109e+03  1.03278e-01
 5.47135e+03  1.04404e-01
 5.47161e+03  1.01708e-01
 5.47187e+03  9.97077e-02
 5.47213e+03  1.04354e-01
 5.47239e+03  1.14245e-01
 5.47266e+03  1.18650e-01
 5.47292e+03  1.19533e-01
 5.47318e+03  1.14980e-01
 5.47344e+03  1.16983e-01
 5.47370e+03  1.23750e-01
 5.47396e+03  1.37290e-01
 5.47422e+03  1.39687e-01
 5.47448e+03  1.37463e-01
 5.47474e+03  1.31693e-01
 5.47501e+03  1.37107e-01
 5.47527e+03  1.51793e-01
 5.47553e+03  1.59986e-01
 5.47579e+03  1.61095e-01
 5.47605e+03  1.57033e-01
 5.47631e+03  1.54886e-01
 5.47657e+03  1.66272e-01
 5.47683e+03  1.79921e-01
 5.47710e+03  1.87117e-01
 5.47736e+03  1.83351e-01
 5.47762e+03  1.78462e-01
 5.47788e+03  1.83191e-01
 5.47814e+03  1.99336e-01
 5.47840e+03  2.12677e-01
 5.47866e+03  2.16682e-01
 5.47892e+03  2.10746e-01
 5.47919e+03  2.09577e-01
 5.47945e+03  2.19023e-01
 5.47971e+03  2.37458e-01
 5.47997e+03  2.48824e-01
 5.48023e+03  2.47558e-01
 5.48049e+03  2.41464e-01
 5.48075e+03  2.44833e-01
 5.48101e+03  2.63242e-01
 5.48127e+03  2.83363e-01
 5.48154e+03  2.87278e-01
 5.48180e+03  2.81757e-01
 5.48206e+03  2.76525e-01
 5.48232e+03  2.87247e-01
 5.48258e+03  3.10023e-01
 5.48284e+03  3.26298e-01
 5.48310e+03  3.28243e-01
 5.48336e+03  3.19897e-01
 5.48363e+03  3.20921e-01
 5.48389e+03  3.40377e-01
 5.48415e+03  3.63484e-01
 5.48441e+03  3.75887e-01
 5.48467e+03  3.67557e-01
 5.48493e+03  3.63408e-01
 5.48519e+03  3.70916e-01
 5.48545e+03  3.95482e-01
 5.48572e+03  4.16759e-01
 5.48598e+03  4.20963e-01
 5.48624e+03  4.14442e-01
 5.48650e+03  4.10083e-01
 5.48676e+03  4.25095e-01
 5.48702e+03  4.49470e-01
 5.48728e+03  4.67155e-01
 5.48754e+03  4.66106e-01
 5.48780e+03  4.56891e-01
 5.48807e+03  4.60294e-01
 5.48833e+03  4.81622e-01
 5.48859e+03  5.08550e-01
 5.48885e+03  5.15566e-01
 5.48911e+03  5.08750e-01
 5.48937e+03  5.02132e-01
 5.48963e+03  5.12251e-01
 5.48989e+03  5.36009e-01
 5.49016e+03  5.56039e-01
 5.49042e+03  5.56205e-01
 5.49068e+03  5.45170e-01
 5.49094e+03  5.47062e-01
 5.49120e+03  5.62995e-01
 5.49146e+03  5.87044e-01
 5.49172e+03  5.97484e-01
 5.49198e+03  5.90061e-01
 5.49225e+03  5.82413e-01
 5.49251e+03  5.84275e-01
 5.49277e+03  6.04510e-01
 5.49303e+03  6.25943e-01
 5.49329e+03  6.28393e-01
 5.49355e+03  6.21238e-01
 5.49381e+03  6.11987e-01
 5.49407e+03  6.19009e-01
 5.49433e+03  6.37660e-01
 5.49460e+03  6.49485e-01
 5.49486e+03  6.50065e-01
 5.49512e+03  6.40518e-01
 5.49538e+03  6.35080e-01
 5.49564e+03  6.49191e-01
 5.49590e+03  6.63763e-01
 5.49616e+03  6.72511e-01
 5.49642e+03  6.63939e-01
 5.49669e+03  6.60458e-01
 5.49695e+03  6.57263e-01
 5.49721e+03  6.69027e-01
 5.49747e+03  6.76084e-01
 5.49773e+03  6.82194e-01
 5.49799e+03  6.74302e-01
 5.49825e+03  6.66709e-01
 5.49851e+03  6.68177e-01
 5.49878e+03  6.77514e-01
 5.49904e+03  6.84871e-01
 5.49930e+03  6.85606e-01
 5.49956e+03  6.77421e-01
 5.49982e+03  6.71321e-01
 5.50008e+03  6.73688e-01
 5.50034e+03  6.84091e-01
 5.50060e+03  6.85891e-01
 5.50086e+03  6.87326e-01
 5.50113e+03  6.74913e-01
 5.50139e+03  6.72693e-01
 5.50165e+03  6.74393e-01
 5.50191e+03  6.84527e-01
 5.50217e+03  6.87987e-01
 5.50243e+03  6.85397e-01
 5.50269e+03  6.71919e-01
 5.50295e+03  6.68491e-01
 5.50322e+03  6.74647e-01
 5.50348e+03  6.83719e-01
 5.50374e+03  6.84341e-01
 5.50400e+03  6.75533e-01
 5.50426e+03  6.68175e-01
 5.50452e+03  6.66851e-01
 5.50478e+03  6.73256e-01
 5.50504e+03  6.80443e-01
 5.50531e+03  6.80762e-01
 5.50557e+03  6.68283e-01
 5.50583e+03  6.62968e-01
 5.50609e+03  6.61571e-01
 5.50635e+03  6.74236e-01
 5.50661e+03  6.77030e-01
 5.50687e+03  6.74192e-01
 5.50713e+03  6.60715e-01
 5.50740e+03  6.55003e-01
 5.50766e+03  6.59928e-01
 5.50792e+03  6.69867e-01
 5.50818e+03  6.73802e-01
 5.50844e+03  6.66139e-01
 5.50870e+03  6.53715e-01
 5.50896e+03  6.53544e-01
 5.50922e+03  6.59727e-01
 5.50948e+03  6.66909e-01
 5.50975e+03  6.72182e-01
 5.51001e+03  6.60385e-01
 5.51027e+03  6.48517e-01
 5.51053e+03  6.52171e-01
 5.51079e+03  6.62373e-01
 5.51105e+03  6.68584e-01
 5.51131e+03  6.60219e-01
 5.51157e+03  6.51776e-01
 5.51183e+03  6.44852e-01
 5.51210e+03  6.49744e-01
 5.51236e+03  6.62619e-01
 5.51262e+03  6.65221e-01
 5.51288e+03  6.60691e-01
 5.51314e+03  6.47006e-01
 5.51340e+03  6.47269e-01
 5.51366e+03  6.49649e-01
 5.51392e+03  6.63694e-01
 5.51419e+03  6.61503e-01
 5.51445e+03  6.52757e-01
 5.51471e+03  6.45421e-01
 5.51497e+03  6.46651e-01
 5.51523e+03  6.53128e-01
 5.51549e+03  6.62335e-01
 5.51575e+03  6.60413e-01
 5.51601e+03  6.53329e-01
 5.51628e+03  6.47319e-01
 5.51654e+03  6.48159e-01
 5.51680e+03  6.57355e-01
 5.51706e+03  6.63342e-01
 5.51732e+03  6.54854e-01
 5.51758e+03  6.49288e-01
 5.51784e+03  6.47281e-01
 5.51810e+03  6.55300e-01
 5.51837e+03  6.62174e-01
 5.51863e+03  6.65720e-01
 5.51889e+03  6.56439e-01
 5.51915e+03  6.47840e-01
 5.51941e+03  6.52096e-01
 5.51967e+03  6.59078e-01
 5.51993e+03  6.64669e-01
 5.52019e+03  6.63004e-01
 5.52045e+03  6.60169e-01
 5.52072e+03  6.50778e-01
 5.52098e+03  6.54826e-01
 5.52124e+03  6.66815e-01
 5.52150e+03  6.68296e-01
 5.52176e+03  6.66664e-01
 5.52202e+03  6.57592e-01
 5.52228e+03  6.56471e-01
 5.52254e+03  6.59870e-01
 5.52281e+03  6.69051e-01
 5.52307e+03  6.70680e-01
 5.52333e+03  6.68789e-01
 5.52359e+03  6.59170e-01
 5.52385e+03  6.61401e-01
 5.52411e+03  6.66598e-01
 5.52437e+03  6.71879e-01
 5.52463e+03  6.75844e-01
 5.52490e+03  6.68719e-01
 5.52516e+03  6.61688e-01
 5.52542e+03  6.65477e-01
 5.52568e+03  6.72720e-01
 5.52594e+03  6.75417e-01
 5.52620e+03  6.72655e-01
 5.52646e+03  6.70485e-01
 5.52672e+03  6.72290e-01
 5.52698e+03  6.69811e-01
 5.52725e+03  6.75444e-01
 5.52751e+03  6.80443e-01
 5.52777e+03  6.75502e-01
 5.52803e+03  6.72196e-01
 5.52829e+03  6.72452e-01
 5.52855e+03  6.75270e-01
 5.52881e+03  6.82521e-01
 5.52907e+03  6.83051e-01
 5.52934e+03  6.79865e-01
 5.52960e+03  6.76639e-01
 5.52986e+03  6.78991e-01
 5.53012e+03  6.83777e-01
 5.53038e+03  6.87432e-01
 5.53064e+03  6.85128e-01
 5.53090e+03  6.82694e-01
 5.53116e+03  6.78423e-01
 5.53143e+03  6.80491e-01
 5.53169e+03  6.88937e-01
 5.53195e+03  6.86474e-01
 5.53221e+03  6.85312e-01
 5.53247e+03  6.85017e-01
 5.53273e+03  6.84124e-01
 5.53299e+03  6.85367e-01
 5.53325e+03  6.88120e-01
 5.53351e+03  6.85530e-01
 5.53378e+03  6.85247e-01
 5.53404e+03  6.85557e-01
 5.53430e+03  6.82474e-01
 5.53456e+03  6.86937e-01
 5.53482e+03  6.91262e-01
 5.53508e+03  6.86878e-01
 5.53534e+03  6.89779e-01
 5.53560e+03  6.89471e-01
 5.53587e+03  6.82810e-01
 5.53613e+03  6.88912e-01
 5.53639e+03  6.90526e-01
 5.53665e+03  6.90198e-01
 5.53691e+03  6.86733e-01
 5.53717e+03  6.88090e-01
 5.53743e+03  6.87055e-01
 5.53769e+03  6.87227e-01
 5.53796e+03  6.89769e-01
 5.53822e+03  6.88996e-01
 5.53848e+03  6.86440e-01
 5.53874e+03  6.86833e-01
 5.53900e+03  6.86799e-01
 5.53926e+03  6.84677e-01
 5.53952e+03  6.84453e-01
 5.53978e+03  6.87962e-01
 5.54004e+03  6.85974e-01
 5.54031e+03  6.87899e-01
 5.54057e+03  6.86342e-01
 5.54083e+03  6.85995e-01
 5.54109e+03  6.85207e-01
 5.54135e+03  6.86711e-01
 5.54161e+03  6.82482e-01
 5.54187e+03  6.82205e-01
 5.54213e+03  6.80761e-01
 5.54240e+03  6.81548e-01
 5.54266e+03  6.83653e-01
 5.54292e+03  6.83685e-01
 5.54318e+03  6.80254e-01
 5.54344e+03  6.81478e-01
 5.54370e+03  6.76686e-01
 5.54396e+03  6.82177e-01
 5.54422e+03  6.82422e-01
 5.54449e+03  6.82182e-01
 5.54475e+03  6.79522e-01
 5.54501e+03  6.75593e-01
 5.54527e+03  6.73274e-01
 5.54553e+03  6.76587e-01
 5.54579e+03  6.79691e-01
 5.54605e+03  6.77365e-01
 5.54631e+03  6.73499e-01
 5.54657e+03  6.70927e-01
 5.54684e+03  6.66940e-01
 5.54710e+03  6.74085e-01
 5.54736e+03  6.78689e-01
 5.54762e+03  6.74223e-01
 5.54788e+03  6.69361e-01
 5.54814e+03  6.67971e-01
 5.54840e+03  6.66719e-01
 5.54866e+03  6.70809e-01
 5.54893e+03  6.74641e-01
 5.54919e+03  6.65449e-01
 5.54945e+03  6.63247e-01
 5.54971e+03  6.64606e-01
 5.54997e+03  6.67512e-01
 5.55023e+03  6.69731e-01
 5.55049e+03  6.70571e-01
 5.55075e+03  6.66426e-01
 5.55102e+03  6.59853e-01
 5.55128e+03  6.60519e-01
 5.55154e+03  6.60881e-01
 5.55180e+03  6.68080e-01
 5.55206e+03  6.65154e-01
 5.55232e+03  6.60844e-01
 5.55258e+03  6.58219e-01
 5.55284e+03  6.60249e-01
 5.55310e+03  6.63753e-01
 5.55337e+03  6.63096e-01
 5.55363e+03  6.63373e-01
 5.55389e+03  6.57506e-01
 5.55415e+03  6.56177e-01
 5.55441e+03  6.58397e-01
 5.55467e+03  6.62306e-01
 5.55493e+03  6.65044e-01
 5.55519e+03  6.61351e-01
 5.55546e+03  6.55254e-01
 5.55572e+03  6.52389e-01
 5.55598e+03  6.61005e-01
 5.55624e+03  6.63023e-01
 5.55650e+03  6.65158e-01
 5.55676e+03  6.56236e-01
 5.55702e+03  6.53356e-01
 5.55728e+03  6.58280e-01
 5.55755e+03  6.61907e-01
 5.55781e+03  6.61084e-01
 5.55807e+03  6.64002e-01
 5.55833e+03  6.59305e-01
 5.55859e+03  6.52946e-01
 5.55885e+03  6.57063e-01
 5.55911e+03  6.62112e-01
 5.55937e+03  6.66306e-01
 5.55963e+03  6.59000e-01
 5.55990e+03  6.53674e-01
 5.56016e+03  6.54457e-01
 5.56042e+03  6.58336e-01
 5.56068e+03  6.61030e-01
 5.56094e+03  6.62197e-01
 5.56120e+03  6.59748e-01
 5.56146e+03  6.55202e-01
 5.56172e+03  6.56571e-01
 5.56199e+03  6.57776e-01
 5.56225e+03  6.65448e-01
 5.56251e+03  6.62750e-01
 5.56277e+03  6.60773e-01
 5.56303e+03  6.55612e-01
 5.56329e+03  6.59015e-01
 5.56355e+03  6.62693e-01
 5.56381e+03  6.63581e-01
 5.56408e+03  6.64512e-01
 5.56434e+03  6.62319e-01
 5.56460e+03  6.58010e-01
 5.56486e+03  6.61780e-01
 5.56512e+03  6.66664e-01
 5.56538e+03  6.62610e-01
 5.56564e+03  6.64070e-01
 5.56590e+03  6.65435e-01
 5.56617e+03  6.61799e-01
 5.56643e+03  6.65663e-01
 5.56669e+03  6.65445e-01
 5.56695e+03  6.64733e-01
 5.56721e+03  6.62519e-01
 5.56747e+03  6.65013e-01
 5.56773e+03  6.62341e-01
 5.56799e+03  6.66131e-01
 5.56825e+03  6.66520e-01
 5.56852e+03  6.61111e-01
 5.56878e+03  6.63512e-01
 5.56904e+03  6.63179e-01
 5.56930e+03  6.64893e-01
 5.56956e+03  6.64641e-01
 5.56982e+03  6.64358e-01
 5.57008e+03  6.59567e-01
 5.57034e+03  6.58546e-01
 5.57060e+03  6.60765e-01
 5.57087e+03  6.66404e-01
 5.57113e+03  6.61266e-01
 5.57139e+03  6.57873e-01
 5.57165e+03  6.54380e-01
 5.57191e+03  6.55391e-01
 5.57217e+03  6.58536e-01
 5.57243e+03  6.56706e-01
 5.57269e+03  6.52800e-01
 5.57296e+03  6.48294e-01
 5.57322e+03  6.45415e-01
 5.57348e+03  6.47789e-01
 5.57374e+03  6.51791e-01
 5.57400e+03  6.49390e-01
 5.57426e+03  6.37342e-01
 5.57452e+03  6.34717e-01
 5.57478e+03  6.34244e-01
 5.57505e+03  6.36900e-01
 5.57531e+03  6.35767e-01
 5.57557e+03  6.26795e-01
 5.57583e+03  6.21756e-01
 5.57609e+03  6.15348e-01
 5.57635e+03  6.15292e-01
 5.57661e+03  6.17795e-01
 5.57687e+03  6.16167e-01
 5.57714e+03  6.05357e-01
 5.57740e+03  5.94993e-01
 5.57766e+03  5.89985e-01
 5.57792e+03  5.92936e-01
 5.57818e+03  5.93405e-01
 5.57844e+03  5.90743e-01
 5.57870e+03  5.75671e-01
 5.57896e+03  5.65609e-01
 5.57922e+03  5.60732e-01
 5.57949e+03  5.64546e-01
 5.57975e+03  5.61159e-01
 5.58001e+03  5.56869e-01
 5.58027e+03  5.40001e-01
 5.58053e+03  5.32778e-01
 5.58079e+03  5.26265e-01
 5.58105e+03  5.30581e-01
 5.58131e+03  5.25913e-01
 5.58158e+03  5.15620e-01
 5.58184e+03  4.99860e-01
 5.58210e+03  4.90825e-01
 5.58236e+03  4.92002e-01
 5.58262e+03  4.93342e-01
 5.58288e+03  4.85022e-01
 5.58314e+03  4.72588e-01
 5.58340e+03  4.56782e-01
 5.58367e+03  4.49576e-01
 5.58393e+03  4.52221e-01
 5.58419e+03  4.51377e-01
 5.58445e+03  4.42366e-01
 5.58471e+03  4.25808e-01
 5.58497e+03  4.13007e-01
 5.58523e+03  4.06383e-01
 5.58549e+03  4.10713e-01
 5.58575e+03  4.06728e-01
 5.58602e+03  3.92494e-01
 5.58628e+03  3.79704e-01
 5.58654e+03  3.69150e-01
 5.58680e+03  3.66930e-01
 5.58706e+03  3.65146e-01
 5.58732e+03  3.63758e-01
 5.58758e+03  3.50389e-01
 5.58784e+03  3.37894e-01
 5.58811e+03  3.27540e-01
 5.58837e+03  3.26374e-01
 5.58863e+03  3.25255e-01
 5.58889e+03  3.21190e-01
 5.58915e+03  3.08784e-01
 5.58941e+03  2.95348e-01
 5.58967e+03  2.89954e-01
 5.58993e+03  2.87597e-01
 5.59020e+03  2.87989e-01
 5.59046e+03  2.80996e-01
 5.59072e+03  2.68406e-01
 5.59098e+03  2.57764e-01
 5.59124e+03  2.53550e-01
 5.59150e+03  2.52411e-01
 5.59176e+03  2.50992e-01
 5.59202e+03  2.45024e-01
 5.59228e+03  2.33632e-01
 5.59255e+03  2.24581e-01
 5.59281e+03  2.22407e-01
 5.59307e+03  2.22376e-01
 5.59333e+03  2.19675e-01
 5.59359e+03  2.10932e-01
 5.59385e+03  2.01299e-01
 5.59411e+03  1.94232e-01
 5.59437e+03  1.92921e-01
 5.59464e+03  1.92406e-01
 5.59490e+03  1.88735e-01
 5.59516e+03  1.83345e-01
 5.59542e+03  1.72776e-01
 5.59568e+03  1.69111e-01
 5.59594e+03  1.68472e-01
 5.59620e+03  1.69543e-01
 5.59646e+03  1.63914e-01
 5.59673e+03  1.57543e-01
 5.59699e+03  1.49118e-01
 5.59725e+03  1.46472e-01
 5.59751e+03  1.46493e-01
 5.59777e+03  1.45631e-01
 5.59803e+03  1.42469e-01
 5.59829e+03  1.36002e-01
 5.59855e+03  1.29567e-01
 5.59881e+03  1.26834e-01
 5.59908e+03  1.26955e-01
 5.59934e+03  1.25900e-01
 5.59960e+03  1.23852e-01
 5.59986e+03  1.16464e-01
 5.60012e+03  1.12660e-01
 5.60038e+03  1.10489e-01
 5.60064e+03  1.10622e-01
 5.60090e+03  1.09367e-01
 5.60117e+03  1.06634e-01
 5.60143e+03  1.01508e-01
 5.60169e+03  9.72530e-02
 5.60195e+03  9.60811e-02
 5.60221e+03  9.69873e-02
 5.60247e+03  9.53273e-02
 5.60273e+03  9.24257e-02
 5.60299e+03  8.82065e-02
 5.60326e+03  8.51647e-02
 5.60352e+03  8.39615e-02
 5.60378e+03  8.49102e-02
 5.60404e+03  8.31799e-02
 5.60430e+03  8.00927e-02
 5.60456e+03  7.72377e-02
 5.60482e+03  7.42506e-02
 5.60508e+03  7.44117e-02
 5.60534e+03  7.42874e-02
 5.60561e+03  7.24909e-02
 5.60587e+03  7.01886e-02
 5.60613e+03  6.66207e-02
 5.60639e+03  6.60988e-02
 5.60665e+03  6.51541e-02
 5.60691e+03  6.48178e-02
 5.60717e+03  6.32183e-02
 5.60743e+03  6.07229e-02
 5.60770e+03  5.90701e-02
 5.60796e+03  5.78896e-02
 5.60822e+03  5.72116e-02
 5.60848e+03  5.75658e-02
 5.60874e+03  5.52254e-02
 5.60900e+03  5.38421e-02
 5.60926e+03  5.18009e-02
 5.60952e+03  5.15053e-02
 5.60979e+03  5.07486e-02
 5.61005e+03  5.13391e-02
 5.61031e+03  4.84458e-02
 5.61057e+03  4.77566e-02
 5.61083e+03  4.48778e-02
 5.61109e+03  4.54754e-02
 5.61135e+03  4.48512e-02
 5.61161e+03  4.49853e-02
 5.61188e+03  4.34528e-02
 5.61214e+03  4.10578e-02
 5.61240e+03  4.04677e-02
 5.61266e+03  4.03301e-02
 5.61292e+03  4.02662e-02
 5.61318e+03  3.97052e-02
 5.61344e+03  3.79624e-02
 5.61370e+03  3.76047e-02
 5.61396e+03  3.58328e-02
 5.61423e+03  3.55415e-02
 5.61449e+03  3.52851e-02
 5.61475e+03  3.52363e-02
 5.61501e+03  3.37642e-02
 5.61527e+03  3.27276e-02
 5.61553e+03  3.20630e-02
 5.61579e+03  3.14735e-02
 5.61605e+03  3.17729e-02
 5.61632e+03  3.16068e-02
 5.61658e+03  3.05441e-02
 5.61684e+03  2.93942e-02
 5.61710e+03  2.90518e-02
 5.61736e+03  2.83604e-02
 5.61762e+03  2.86079e-02
 5.61788e+03  2.81727e-02
 5.61814e+03  2.69242e-02
 5.61840e+03  2.63483e-02
 5.61867e+03  2.56241e-02
 5.61893e+03  2.58151e-02
 5.61919e+03  2.60232e-02
 5.61945e+03  2.52560e-02
 5.61971e+03  2.44471e-02
 5.61997e+03  2.37116e-02
 5.62023e+03  2.34947e-02
 5.62049e+03  2.32819e-02
 5.62076e+03  2.32326e-02
 5.62102e+03  2.20695e-02
 5.62128e+03  2.21553e-02
 5.62154e+03  2.11579e-02
 5.62180e+03  2.08878e-02
 5.62206e+03  2.11107e-02
 5.62232e+03  2.05500e-02
 5.62258e+03  2.02847e-02
 5.62285e+03  1.94890e-02
 5.62311e+03  1.91989e-02
 5.62337e+03  1.89428e-02
 5.62363e+03  1.94834e-02
 5.62389e+03  1.88827e-02
 5.62415e+03  1.84507e-02
 5.62441e+03  1.80200e-02
 5.62467e+03  1.75194e-02
 5.62493e+03  1.74572e-02
 5.62520e+03  1.72105e-02
 5.62546e+03  1.71612e-02
 5.62572e+03  1.65638e-02
 5.62598e+03  1.62521e-02
 5.62624e+03  1.59824e-02
 5.62650e+03  1.61254e-02
 5.62676e+03  1.60289e-02
 5.62702e+03  1.56086e-02
 5.62729e+03  1.53725e-02
 5.62755e+03  1.52115e-02
 5.62781e+03  1.49582e-02
 5.62807e+03  1.44357e-02
 5.62833e+03  1.46673e-02
 5.62859e+03  1.42056e-02
 5.62885e+03  1.37200e-02
 5.62911e+03  1.35145e-02
 5.62938e+03  1.34417e-02
 5.62964e+03  1.31673e-02
 5.62990e+03  1.31072e-02
 5.63016e+03  1.30207e-02
 5.63042e+03  1.28892e-02
 5.63068e+03  1.27047e-02
 5.63094e+03  1.25148e-02
 5.63120e+03  1.21501e-02
 5.63146e+03  1.23080e-02
 5.63173e+03  1.21614e-02
 5.63199e+03  1.15889e-02
 5.63225e+03  1.14870e-02
 5.63251e+03  1.14721e-02
 5.63277e+03  1.16313e-02
 5.63303e+03  1.13082e-02
 5.63329e+03  1.07826e-02
 5.63355e+03  1.10800e-02
 5.63382e+03  1.05361e-02
 5.63408e+03  1.03354e-02
 5.63434e+03  1.03926e-02
 5.63460e+03  1.03762e-02
 5.63486e+03  1.02876e-02
 5.63512e+03  9.93592e-03
 5.63538e+03  1.02514e-02
 5.63564e+03  9.78691e-03
 5.63591e+03  9.60245e-03
 5.63617e+03  9.56344e-03
 5.63643e+03  9.53138e-03
 5.63669e+03  9.19660e-03
 5.63695e+03  9.28573e-03
 5.63721e+03  9.03874e-03
 5.63747e+03  8.88105e-03
 5.63773e+03  8.83074e-03
 5.63799e+03  8.68799e-03
 5.63826e+03  8.56415e-03
 5.63852e+03  8.37626e-03
 5.63878e+03  8.33850e-03
 5.63904e+03  8.43338e-03
 5.63930e+03  8.19581e-03
 5.63956e+03  8.22754e-03
 5.63982e+03  8.02685e-03
 5.64008e+03  7.87212e-03
 5.64035e+03  7.75388e-03
 5.64061e+03  7.86934e-03
 5.64087e+03  7.39230e-03
 5.64113e+03  7.54343e-03
 5.64139e+03  7.29393e-03
 5.64165e+03  7.44424e-03
 5.64191e+03  7.44516e-03
 5.64217e+03  7.42319e-03
 5.64244e+03  7.07338e-03
 5.64270e+03  6.97191e-03
 5.64296e+03  6.92973e-03
 5.64322e+03  6.83973e-03
 5.64348e+03  6.93215e-03
 5.64374e+03  6.79803e-03
 5.64400e+03  6.82480e-03
 5.64426e+03  6.60453e-03
 5.64452e+03  6.29207e-03
 5.64479e+03  6.41511e-03
 5.64505e+03  6.18440e-03
 5.64531e+03  6.42941e-03
 5.64557e+03  6.11252e-03
 5.64583e+03  6.08311e-03
 5.64609e+03  6.19393e-03
 5.64635e+03  5.95837e-03
 5.64661e+03  5.92482e-03
 5.64688e+03  6.04524e-03
 5.64714e+03  5.85214e-03
 5.64740e+03  5.73627e-03
 5.64766e+03  5.76702e-03
 5.64792e+03  5.76876e-03
 5.64818e+03  5.68648e-03
 5.64844e+03  5.24495e-03
 5.64870e+03  5.26303e-03
 5.64897e+03  5.68812e-03
 5.64923e+03  5.55944e-03
 5.64949e+03  5.23672e-03
 5.64975e+03  5.37046e-03
 5.65001e+03  5.37005e-03
 5.65027e+03  5.29771e-03
 5.65053e+03  5.12271e-03
 5.65079e+03  5.02391e-03
 5.65105e+03  5.00943e-03
 5.65132e+03  4.99063e-03
 5.65158e+03  4.91639e-03
 5.65184e+03  4.68502e-03
 5.65210e+03  4.95321e-03
 5.65236e+03  4.48852e-03
 5.65262e+03  4.64769e-03
 5.65288e+03  4.67728e-03
 5.65314e+03  4.72772e-03
 5.65341e+03  4.71861e-03
 5.65367e+03  4.57366e-03
 5.65393e+03  4.35264e-03
 5.65419e+03  4.38204e-03
 5.65445e+03  4.54170e-03
 5.65471e+03  4.37949e-03
 5.65497e+03  4.32723e-03
 5.65523e+03  4.21074e-03
 5.65550e+03  4.34068e-03
 5.65576e+03  4.17199e-03
 5.65602e+03  4.21512e-03
 5.65628e+03  4.07623e-03
 5.65654e+03  4.22267e-03
 5.65680e+03  4.05591e-03
 5.65706e+03  3.80336e-03
 5.65732e+03  3.82926e-03
 5.65758e+03  3.87989e-03
 5.65785e+03  3.75496e-03
 5.65811e+03  3.88189e-03
 5.65837e+03  3.72194e-03
 5.65863e+03  3.71808e-03
 5.65889e+03  3.73631e-03
 5.65915e+03  3.74593e-03
 5.65941e+03  3.54797e-03
 5.65967e+03  3.69760e-03
 5.65994e+03  3.63459e-03
 5.66020e+03  3.71248e-03
 5.66046e+03  3.71959e-03
 5.66072e+03  3.63119e-03
 5.66098e+03  3.46787e-03
 5.66124e+03  3.55065e-03
 5.66150e+03  3.41565e-03
 5.66176e+03  3.49885e-03
 5.66203e+03  3.40526e-03
 5.66229e+03  3.44950e-03
 5.66255e+03  3.35379e-03
 5.66281e+03  3.43223e-03
 5.66307e+03  3.50070e-03
 5.66333e+03  3.21099e-03
 5.66359e+03  3.45720e-03
 5.66385e+03  3.27782e-03
 5.66411e+03  3.20167e-03
 5.66438e+03  3.11037e-03
 5.66464e+03  3.18709e-03
 5.66490e+03  3.09761e-03
 5.66516e+03  3.05060e-03
 5.66542e+03  3.01409e-03
 5.66568e+03  3.01188e-03
 5.66594e+03  2.99006e-03
 5.66620e+03  3.07113e-03
 5.66647e+03  3.09948e-03
 5.66673e+03  3.02715e-03
 5.66699e+03  2.98745e-03
 5.66725e+03  3.07808e-03
 5.66751e+03  2.87804e-03
 5.66777e+03  2.95254e-03
 5.66803e+03  2.71609e-03
 5.66829e+03  2.77681e-03
 5.66856e+03  2.71462e-03
 5.66882e+03  2.83586e-03
 5.66908e+03  2.66412e-03
 5.66934e+03  2.43410e-03
 5.66960e+03  2.73660e-03
 5.66986e+03  2.81529e-03
 5.67012e+03  2.68206e-03
 5.67038e+03  2.81370e-03
 5.67065e+03  2.52671e-03
 5.67091e+03  2.68183e-03
 5.67117e+03  2.35714e-03
 5.67143e+03  2.70248e-03
 5.67169e+03  2.57521e-03
 5.67195e+03  2.63454e-03
 5.67221e+03  2.54533e-03
 5.67247e+03  2.58311e-03
 5.67273e+03  2.48671e-03
 5.67300e+03  2.55050e-03
 5.67326e+03  2.48716e-03
 5.67352e+03  2.50040e-03
 5.67378e+03  2.47542e-03
 5.67404e+03  2.36894e-03
 5.67430e+03  2.54997e-03
 5.67456e+03  2.28514e-03
 5.67482e+03  2.37594e-03
 5.67508e+03  2.35726e-03
 5.67535e+03  2.21094e-03
 5.67561e+03  2.25619e-03
 5.67587e+03  2.30522e-03
 5.67613e+03  2.39449e-03
 5.67639e+03  2.40469e-03
 5.67665e+03  2.15597e-03
 5.67691e+03  2.26640e-03
 5.67717e+03  2.29191e-03
 5.67744e+03  2.34169e-03
 5.67770e+03  2.25246e-03
 5.67796e+03  2.27486e-03
 5.67822e+03  2.17147e-03
 5.67848e+03  2.06925e-03
 5.67874e+03  2.29649e-03
 5.67900e+03  2.16721e-03
 5.67926e+03  2.37579e-03
 5.67953e+03  2.26143e-03
 5.67979e+03  2.07651e-03
 5.68005e+03  2.15043e-03
 5.68031e+03  2.04923e-03
 5.68057e+03  2.02159e-03
 5.68083e+03  2.23614e-03
 5.68109e+03  2.12602e-03
 5.68135e+03  2.04565e-03
 5.68162e+03  2.09920e-03
 5.68188e+03  2.02691e-03
 5.68214e+03  2.06860e-03
 5.68240e+03  1.96164e-03
 5.68266e+03  2.11667e-03
 5.68292e+03  2.01815e-03
 5.68318e+03  2.02785e-03
 5.68344e+03  1.88756e-03
 5.68370e+03  1.78435e-03
 5.68397e+03  1.91906e-03
 5.68423e+03  1.88981e-03
 5.68449e+03  1.90291e-03
 5.68475e+03  1.91254e-03
 5.68501e+03  1.79767e-03
 5.68527e+03  1.78251e-03
 5.68553e+03  1.97764e-03
 5.68579e+03  1.79735e-03
 5.68606e+03  1.91240e-03
 5.68632e+03  1.79920e-03
 5.68658e+03  1.81034e-03
 5.68684e+03  1.72916e-03
 5.68710e+03  1.78195e-03
 5.68736e+03  1.82493e-03
 5.68762e+03  1.76848e-03
 5.68788e+03  1.77252e-03
 5.68815e+03  1.73494e-03
 5.68841e+03  1.72458e-03
 5.68867e+03  1.76260e-03
 5.68893e+03  1.62445e-03
 5.68919e+03  1.82474e-03
 5.68945e+03  1.74323e-03
 5.68971e+03  1.62925e-03
 5.68997e+03  1.70647e-03
 5.69023e+03  1.57496e-03
 5.69050e+03  1.78241e-03
 5.69076e+03  1.62845e-03
 5.69102e+03  1.62777e-03
 5.69128e+03  1.61736e-03
 5.69154e+03  1.65167e-03
 5.69180e+03  1.65979e-03
 5.69206e+03  1.52421e-03
 5.69232e+03  1.51680e-03
 5.69259e+03  1.60141e-03
 5.69285e+03  1.54700e-03
 5.69311e+03  1.52568e-03
 5.69337e+03  1.53168e-03
 5.69363e+03  1.58355e-03
 5.69389e+03  1.69740e-03
 5.69415e+03  1.50532e-03
 5.69441e+03  1.53899e-03
 5.69468e+03  1.40055e-03
 5.69494e+03  1.45561e-03
 5.69520e+03  1.55029e-03
 5.69546e+03  1.52824e-03
 5.69572e+03  1.60044e-03
 5.69598e+03  1.55895e-03
 5.69624e+03  1.47109e-03
 5.69650e+03  1.57265e-03
 5.69676e+03  1.52556e-03
 5.69703e+03  1.45885e-03
 5.69729e+03  1.54370e-03
 5.69755e+03  1.25388e-03
 5.69781e+03  1.36827e-03
 5.69807e+03  1.52189e-03
 5.69833e+03  1.25392e-03
 5.69859e+03  1.53497e-03
 5.69885e+03  1.55378e-03
 5.69912e+03  1.40353e-03
 5.69938e+03  1.44847e-03
 5.69964e+03  1.36540e-03
 5.69990e+03  1.36074e-03
 5.70016e+03  1.30218e-03
