   3701.714      1.8405102E-04
   3704.958      2.5884621E-04
   3708.201      3.4910711E-04
   3711.445      4.5510914E-04
   3714.688      5.7667866E-04
   3717.932      7.0895429E-04
   3721.176      8.5759937E-04
   3724.420      1.0216532E-03
   3727.664      1.1982291E-03
   3730.908      1.3906822E-03
   3734.152      1.5998161E-03
   3737.396      1.8412633E-03
   3740.639      2.1317760E-03
   3743.884      2.5014882E-03
   3747.127      2.9851594E-03
   3750.372      3.6216388E-03
   3753.616      4.4490206E-03
   3756.860      5.4799705E-03
   3760.104      6.7057689E-03
   3763.348      8.0750687E-03
   3766.592      9.5056435E-03
   3769.836      1.0891508E-02
   3773.081      1.2139576E-02
   3776.325      1.3180433E-02
   3779.569      1.3991507E-02
   3782.814      1.4595777E-02
   3786.058      1.5059854E-02
   3789.302      1.5474060E-02
   3792.547      1.5917404E-02
   3795.791      1.6447997E-02
   3799.036      1.7098650E-02
   3802.280      1.7860573E-02
   3805.525      1.8714530E-02
   3808.770      1.9634718E-02
   3812.014      2.0598406E-02
   3815.259      2.1597838E-02
   3818.503      2.2638353E-02
   3821.748      2.3731686E-02
   3824.993      2.4897153E-02
   3828.238      2.6156513E-02
   3831.482      2.7510848E-02
   3834.727      2.8953228E-02
   3837.972      3.0448001E-02
   3841.217      3.1952668E-02
   3844.462      3.3385795E-02
   3847.707      3.4668241E-02
   3850.952      3.5708867E-02
   3854.197      3.6444794E-02
   3857.442      3.6871511E-02
   3860.687      3.7028342E-02
   3863.932      3.7037015E-02
   3867.177      3.7059769E-02
   3870.423      3.7284099E-02
   3873.668      3.7872378E-02
   3876.913      3.8956422E-02
   3880.158      4.0609639E-02
   3883.404      4.2836934E-02
   3886.649      4.5587577E-02
   3889.894      4.8756994E-02
   3893.140      5.2220795E-02
   3896.385      5.5842537E-02
   3899.630      5.9486926E-02
   3902.876      6.3056134E-02
   3906.121      6.6466719E-02
   3909.367      6.9665797E-02
   3912.613      7.2620369E-02
   3915.858      7.5314783E-02
   3919.104      7.7742495E-02
   3922.350      7.9915091E-02
   3925.595      8.1865877E-02
   3928.841      8.3651870E-02
   3932.087      8.5373953E-02
   3935.333      8.7151863E-02
   3938.578      8.9122958E-02
   3941.824      9.1405004E-02
   3945.070      9.4093584E-02
   3948.316      9.7205713E-02
   3951.562      0.1007150    
   3954.808      0.1045208    
   3958.054      0.1084890    
   3961.300      0.1124818    
   3964.546      0.1163704    
   3967.792      0.1200666    
   3971.039      0.1235319    
   3974.285      0.1267673    
   3977.531      0.1298046    
   3980.777      0.1326982    
   3984.024      0.1355118    
   3987.270      0.1383081    
   3990.516      0.1411542    
   3993.763      0.1440946    
   3997.009      0.1471561    
   4000.256      0.1503399    
   4003.502      0.1536192    
   4006.749      0.1569448    
   4009.995      0.1602419    
   4013.242      0.1634487    
   4016.489      0.1665060    
   4019.735      0.1693994    
   4022.982      0.1721578    
   4026.229      0.1748826    
   4029.475      0.1776977    
   4032.722      0.1807483    
   4035.969      0.1841606    
   4039.216      0.1880030    
   4042.463      0.1922732    
   4045.710      0.1968818    
   4048.957      0.2016792    
   4052.204      0.2064736    
   4055.451      0.2110781    
   4058.698      0.2153296    
   4061.945      0.2191190    
   4065.192      0.2223983    
   4068.439      0.2251876    
   4071.687      0.2275482    
   4074.934      0.2295884    
   4078.181      0.2314290    
   4081.428      0.2331834    
   4084.676      0.2349534    
   4087.923      0.2368069    
   4091.171      0.2387756    
   4094.418      0.2408607    
   4097.666      0.2430366    
   4100.913      0.2452706    
   4104.161      0.2475295    
   4107.408      0.2498088    
   4110.656      0.2521425    
   4113.904      0.2545780    
   4117.151      0.2571860    
   4120.399      0.2600266    
   4123.647      0.2631232    
   4126.895      0.2664432    
   4130.143      0.2699239    
   4133.390      0.2734573    
   4136.638      0.2769422    
   4139.886      0.2803037    
   4143.134      0.2835138    
   4146.382      0.2865996    
   4149.630      0.2896195    
   4152.878      0.2926504    
   4156.126      0.2957560    
   4159.375      0.2989845    
   4162.623      0.3023426    
   4165.871      0.3058099    
   4169.120      0.3093403    
   4172.368      0.3128856    
   4175.616      0.3163988    
   4178.865      0.3198400    
   4182.113      0.3231939    
   4185.362      0.3264460    
   4188.610      0.3296009    
   4191.858      0.3326593    
   4195.107      0.3356186    
   4198.356      0.3384659    
   4201.604      0.3411769    
   4204.853      0.3437325    
   4208.102      0.3461092    
   4211.351      0.3483044    
   4214.600      0.3503399    
   4217.848      0.3522664    
   4221.097      0.3541498    
   4224.346      0.3560773    
   4227.595      0.3581167    
   4230.844      0.3603179    
   4234.093      0.3626918    
   4237.342      0.3652131    
   4240.591      0.3678155    
   4243.840      0.3704124    
   4247.090      0.3729151    
   4250.339      0.3752539    
   4253.588      0.3773853    
   4256.837      0.3793187    
   4260.087      0.3810848    
   4263.336      0.3827603    
   4266.585      0.3844244    
   4269.835      0.3861553    
   4273.084      0.3880076    
   4276.334      0.3900001    
   4279.583      0.3921246    
   4282.833      0.3943384    
   4286.083      0.3965971    
   4289.333      0.3988404    
   4292.582      0.4010412    
   4295.832      0.4031810    
   4299.082      0.4052603    
   4302.332      0.4072861    
   4305.582      0.4092683    
   4308.831      0.4112163    
   4312.081      0.4131321    
   4315.331      0.4150168    
   4318.581      0.4168603    
   4321.832      0.4186490    
   4325.082      0.4203531    
   4328.332      0.4219394    
   4331.582      0.4233661    
   4334.832      0.4246024    
   4338.082      0.4256303    
   4341.333      0.4264686    
   4344.583      0.4271635    
   4347.833      0.4277786    
   4351.083      0.4283833    
   4354.334      0.4290395    
   4357.584      0.4297766    
   4360.835      0.4306026    
   4364.086      0.4314919    
   4367.336      0.4324225    
   4370.587      0.4333785    
   4373.838      0.4343611    
   4377.088      0.4354056    
   4380.339      0.4365597    
   4383.590      0.4378878    
   4386.841      0.4394436    
   4390.092      0.4412786    
   4393.343      0.4434136    
   4396.594      0.4458534    
   4399.845      0.4485849    
   4403.096      0.4515731    
   4406.347      0.4547661    
   4409.598      0.4581041    
   4412.849      0.4615242    
   4416.101      0.4649632    
   4419.352      0.4683724    
   4422.603      0.4717140    
   4425.854      0.4749614    
   4429.106      0.4780998    
   4432.357      0.4811142    
   4435.609      0.4839951    
   4438.860      0.4867360    
   4442.112      0.4893250    
   4445.363      0.4917567    
   4448.615      0.4940304    
   4451.867      0.4961403    
   4455.118      0.4980862    
   4458.370      0.4998675    
   4461.622      0.5014901    
   4464.874      0.5029621    
   4468.125      0.5042863    
   4471.377      0.5054784    
   4474.629      0.5065463    
   4477.881      0.5074960    
   4481.134      0.5083335    
   4484.386      0.5090565    
   4487.638      0.5096684    
   4490.890      0.5101700    
   4494.142      0.5105727    
   4497.395      0.5109012    
   4500.647      0.5111772    
   4503.899      0.5114384    
   4507.151      0.5117168    
   4510.404      0.5120385    
   4513.656      0.5124075    
   4516.909      0.5128158    
   4520.162      0.5132363    
   4523.414      0.5136317    
   4526.667      0.5139731    
   4529.919      0.5142412    
   4533.172      0.5144365    
   4536.425      0.5145759    
   4539.678      0.5146902    
   4542.931      0.5148169    
   4546.184      0.5149760    
   4549.437      0.5151742    
   4552.689      0.5153968    
   4555.942      0.5155993    
   4559.195      0.5157321    
   4562.449      0.5157301    
   4565.702      0.5155451    
   4568.955      0.5151432    
   4572.208      0.5145054    
   4575.461      0.5136421    
   4578.715      0.5125710    
   4581.968      0.5113304    
   4585.222      0.5099570    
   4588.475      0.5084960    
   4591.729      0.5069869    
   4594.982      0.5054700    
   4598.236      0.5039809    
   4601.489      0.5025593    
   4604.743      0.5012270    
   4607.997      0.5000007    
   4611.250      0.4988862    
   4614.504      0.4978796    
   4617.758      0.4969582    
   4621.012      0.4960853    
   4624.266      0.4952163    
   4627.520      0.4942995    
   4630.774      0.4932772    
   4634.028      0.4920991    
   4637.282      0.4907208    
   4640.537      0.4891030    
   4643.791      0.4872215    
   4647.045      0.4850671    
   4650.299      0.4826458    
   4653.554      0.4799810    
   4656.808      0.4771181    
   4660.063      0.4741167    
   4663.317      0.4710516    
   4666.571      0.4680012    
   4669.826      0.4650389    
   4673.081      0.4622163    
   4676.335      0.4595487    
   4679.590      0.4570231    
   4682.845      0.4545862    
   4686.100      0.4521736    
   4689.354      0.4497153    
   4692.609      0.4471661    
   4695.864      0.4444999    
   4699.119      0.4417257    
   4702.375      0.4388707    
   4705.629      0.4359766    
   4708.884      0.4330733    
   4712.140      0.4301730    
   4715.395      0.4272622    
   4718.650      0.4243062    
   4721.905      0.4212551    
   4725.161      0.4180547    
   4728.416      0.4146645    
   4731.672      0.4110706    
   4734.927      0.4072816    
   4738.183      0.4033350    
   4741.438      0.3992827    
   4744.694      0.3951811    
   4747.950      0.3910814    
   4751.205      0.3870190    
   4754.461      0.3830185    
   4757.717      0.3790818    
   4760.973      0.3752067    
   4764.229      0.3713832    
   4767.484      0.3675961    
   4770.741      0.3638349    
   4773.997      0.3600891    
   4777.252      0.3563501    
   4780.509      0.3526071    
   4783.765      0.3488549    
   4787.021      0.3450852    
   4790.277      0.3412918    
   4793.534      0.3374750    
   4796.790      0.3336405    
   4800.047      0.3297983    
   4803.303      0.3259647    
   4806.560      0.3221558    
   4809.816      0.3183905    
   4813.073      0.3146824    
   4816.330      0.3110380    
   4819.586      0.3074574    
   4822.843      0.3039360    
   4826.100      0.3004607    
   4829.356      0.2970181    
   4832.613      0.2935998    
   4835.871      0.2901999    
   4839.127      0.2868157    
   4842.384      0.2834474    
   4845.642      0.2800947    
   4848.899      0.2767520    
   4852.156      0.2734164    
   4855.413      0.2700839    
   4858.670      0.2667573    
   4861.928      0.2634450    
   4865.185      0.2601605    
   4868.443      0.2569204    
   4871.700      0.2537343    
   4874.958      0.2506097    
   4878.215      0.2475462    
   4881.473      0.2445297    
   4884.730      0.2415448    
   4887.988      0.2385695    
   4891.246      0.2355804    
   4894.504      0.2325539    
   4897.762      0.2294745    
   4901.020      0.2263320    
   4904.278      0.2231301    
   4907.536      0.2198852    
   4910.793      0.2166235    
   4914.052      0.2133855    
   4917.310      0.2102152    
   4920.568      0.2071563    
   4923.827      0.2042436    
   4927.085      0.2015022    
   4930.343      0.1989356    
   4933.602      0.1965243    
   4936.860      0.1942329    
   4940.119      0.1920137    
   4943.377      0.1898168    
   4946.636      0.1875994    
   4949.895      0.1853402    
   4953.153      0.1830349    
   4956.412      0.1806982    
   4959.670      0.1783585    
   4962.930      0.1760420    
   4966.188      0.1737682    
   4969.447      0.1715402    
   4972.707      0.1693480    
   4975.965      0.1671622    
   4979.225      0.1649512    
   4982.484      0.1626864    
   4985.743      0.1603465    
   4989.002      0.1579291    
   4992.262      0.1554448    
   4995.521      0.1529189    
   4998.780      0.1503811    
   5002.040      0.1478611    
   5005.299      0.1453782    
   5008.559      0.1429407    
   5011.818      0.1405424    
   5015.078      0.1381639    
   5018.338      0.1357787    
   5021.598      0.1333570    
   5024.857      0.1308747    
   5028.117      0.1283157    
   5031.377      0.1256759    
   5034.637      0.1229667    
   5037.897      0.1202086    
   5041.157      0.1174298    
   5044.417      0.1146603    
   5047.678      0.1119319    
   5050.938      0.1092704    
   5054.198      0.1066966    
   5057.458      0.1042224    
   5060.719      0.1018527    
   5063.979      9.9584527E-02
   5067.240      9.7406924E-02
   5070.500      9.5305242E-02
   5073.761      9.3262307E-02
   5077.021      9.1262557E-02
   5080.282      8.9294001E-02
   5083.543      8.7348081E-02
   5086.804      8.5424267E-02
   5090.065      8.3523206E-02
   5093.326      8.1648901E-02
   5096.587      7.9807065E-02
   5099.848      7.8004465E-02
   5103.109      7.6245442E-02
   5106.370      7.4534073E-02
   5109.631      7.2872460E-02
   5112.892      7.1262322E-02
   5116.154      6.9699898E-02
   5119.415      6.8182558E-02
   5122.676      6.6704132E-02
   5125.938      6.5257549E-02
   5129.199      6.3836887E-02
   5132.461      6.2436316E-02
   5135.723      6.1050598E-02
   5138.984      5.9677154E-02
   5142.246      5.8313567E-02
   5145.508      5.6960296E-02
   5148.770      5.5619333E-02
   5152.031      5.4295491E-02
   5155.293      5.2995346E-02
   5158.555      5.1723029E-02
   5161.817      5.0479274E-02
   5165.079      4.9262602E-02
   5168.341      4.8067085E-02
   5171.604      4.6884965E-02
   5174.866      4.5707151E-02
   5178.128      4.4528823E-02
   5181.391      4.3349516E-02
   5184.653      4.2172320E-02
   5187.916      4.1002035E-02
   5191.178      3.9845895E-02
   5194.440      3.8705897E-02
   5197.703      3.7582625E-02
   5200.966      3.6473397E-02
   5204.229      3.5375487E-02
   5207.491      3.4285795E-02
   5210.754      3.3204943E-02
   5214.017      3.2136131E-02
   5217.280      3.1087993E-02
   5220.543      3.0068098E-02
   5223.806      2.9086648E-02
   5227.069      2.8149314E-02
   5230.333      2.7259942E-02
   5233.596      2.6418474E-02
   5236.859      2.5621323E-02
   5240.122      2.4863111E-02
   5243.385      2.4136091E-02
   5246.649      2.3432750E-02
   5249.913      2.2744510E-02
   5253.176      2.2066494E-02
   5256.439      2.1396151E-02
   5259.703      2.0734271E-02
   5262.967      2.0083323E-02
   5266.231      1.9447589E-02
   5269.495      1.8831298E-02
   5272.758      1.8237183E-02
   5276.022      1.7668892E-02
   5279.287      1.7125221E-02
   5282.550      1.6604640E-02
   5285.814      1.6106805E-02
   5289.079      1.5630584E-02
   5292.343      1.5178674E-02
   5295.607      1.4756849E-02
   5298.872      1.4370245E-02
   5302.136      1.4023127E-02
   5305.400      1.3716130E-02
   5308.665      1.3445058E-02
   5311.929      1.3200296E-02
   5315.194      1.2969164E-02
   5318.458      1.2739722E-02
   5321.724      1.2504836E-02
   5324.988      1.2259582E-02
   5328.253      1.2005423E-02
   5331.518      1.1745638E-02
   5334.783      1.1483788E-02
   5338.048      1.1224005E-02
   5341.313      1.0968433E-02
   5344.578      1.0722132E-02
   5347.843      1.0488261E-02
   5351.108      1.0271159E-02
   5354.374      1.0073611E-02
   5357.639      9.8968446E-03
   5360.905      9.7402493E-03
   5364.170      9.6017225E-03
   5367.436      9.4789136E-03
   5370.701      9.3705058E-03
   5373.967      9.2766192E-03
   5377.232      9.1975480E-03
   5380.498      9.1348849E-03
   5383.764      9.0872152E-03
   5387.030      9.0514282E-03
   5390.296      9.0222247E-03
   5393.562      8.9927195E-03
   5396.828      8.9558354E-03
   5400.094      8.9069530E-03
   5403.360      8.8438699E-03
   5406.626      8.7673031E-03
   5409.893      8.6774062E-03
   5413.159      8.5787419E-03
   5416.425      8.4736468E-03
   5419.691      8.3648274E-03
   5422.958      8.2546379E-03
   5426.225      8.1465216E-03
   5429.491      8.0457311E-03
   5432.758      7.9591060E-03
   5436.025      7.8961551E-03
   5439.292      7.8651970E-03
   5442.559      7.8743156E-03
   5445.825      7.9263262E-03
   5449.092      8.0208182E-03
   5452.359      8.1541678E-03
   5455.626      8.3178729E-03
   5458.894      8.5026873E-03
   5462.161      8.6999033E-03
   5465.428      8.9003267E-03
   5468.695      9.0966066E-03
   5471.962      9.2830490E-03
   5475.230      9.4550541E-03
   5478.498      9.6097905E-03
   5481.765      9.7468514E-03
   5485.033      9.8640230E-03
   5488.300      9.9612689E-03
   5491.568      1.0037288E-02
   5494.836      1.0092550E-02
   5498.104      1.0128601E-02
   5501.372      1.0149669E-02
   5504.640      1.0162123E-02
   5507.908      1.0174992E-02
   5511.176      1.0200528E-02
   5514.444      1.0248351E-02
   5517.712      1.0328802E-02
   5520.980      1.0449413E-02
   5524.249      1.0613147E-02
   5527.517      1.0820900E-02
   5530.786      1.1068353E-02
   5534.054      1.1347832E-02
   5537.323      1.1649250E-02
   5540.591      1.1958923E-02
   5543.860      1.2262841E-02
   5547.128      1.2547060E-02
   5550.397      1.2799425E-02
   5553.667      1.3008575E-02
   5556.935      1.3170421E-02
   5560.204      1.3283724E-02
   5563.473      1.3352835E-02
   5566.742      1.3389420E-02
   5570.012      1.3407135E-02
   5573.281      1.3423778E-02
   5576.550      1.3454698E-02
   5579.819      1.3511413E-02
   5583.089      1.3598303E-02
   5586.358      1.3713052E-02
   5589.628      1.3845911E-02
   5592.897      1.3982860E-02
   5596.167      1.4106953E-02
   5599.437      1.4204233E-02
   5602.707      1.4262847E-02
   5605.977      1.4276193E-02
   5609.246      1.4241041E-02
   5612.516      1.4158252E-02
   5615.787      1.4033507E-02
   5619.057      1.3874476E-02
   5622.327      1.3691885E-02
   5625.597      1.3499173E-02
   5628.867      1.3309498E-02
   5632.137      1.3133224E-02
   5635.408      1.2976990E-02
   5638.678      1.2841916E-02
   5641.949      1.2724891E-02
   5645.219      1.2616687E-02
   5648.490      1.2507036E-02
   5651.761      1.2384382E-02
   5655.031      1.2239981E-02
   5658.302      1.2066748E-02
   5661.573      1.1861338E-02
   5664.844      1.1624794E-02
   5668.115      1.1360002E-02
   5671.386      1.1073795E-02
   5674.657      1.0772302E-02
   5677.929      1.0462913E-02
   5681.200      1.0152031E-02
   5684.471      9.8458016E-03
   5687.743      9.5486753E-03
   5691.014      9.2655635E-03
   5694.286      9.0000816E-03
   5697.557      8.7544341E-03
   5700.829      8.5258884E-03
   5704.101      8.3110258E-03
   5707.372      8.1008393E-03
   5710.644      7.8868745E-03
   5713.916      7.6596132E-03
   5717.188      7.4121747E-03
   5720.460      7.1423044E-03
   5723.732      6.8499525E-03
   5727.004      6.5403008E-03
   5730.276      6.2192054E-03
   5733.548      5.8950279E-03
   5736.821      5.5740820E-03
   5740.093      5.2609686E-03
   5743.366      4.9605658E-03
   5746.638      4.6769339E-03
   5749.911      4.4124648E-03
   5753.184      4.1691596E-03
   5756.456      3.9465115E-03
   5759.729      3.7437677E-03
   5763.002      3.5583694E-03
   5766.275      3.3869196E-03
   5769.548      3.2280821E-03
   5772.821      3.0828016E-03
   5776.094      2.9540027E-03
   5779.367      2.8463772E-03
   5782.641      2.7637703E-03
   5785.914      2.7077887E-03
   5789.187      2.6789287E-03
   5792.460      2.6736141E-03
   5795.734      2.6874195E-03
   5799.008      2.7141189E-03
   5802.281      2.7477136E-03
   5805.555      2.7797860E-03
   5808.829      2.8038220E-03
   5812.103      2.8102745E-03
   5815.376      2.7915919E-03
   5818.650      2.7385321E-03
   5821.924      2.6452143E-03
   5825.198      2.5076841E-03
   5828.472      2.3264128E-03
   5831.747      2.1081134E-03
   5835.021      1.8661611E-03
   5838.295      1.6177556E-03
   5841.569      1.3832896E-03
   5844.844      1.1803308E-03
   5848.119      1.0229935E-03
   5851.393      9.1752096E-04
   5854.668      8.6121156E-04
   5857.942      8.4546616E-04
   5861.217      8.5544673E-04
   5864.492      8.7590271E-04
   5867.767      8.9336041E-04
   5871.042      8.9757680E-04
   5874.317      8.8382681E-04
   5877.592      8.5308310E-04
   5880.868      8.1039930E-04
   5884.143      7.6353271E-04
   5887.418      7.2130014E-04
   5890.693      6.8908115E-04
   5893.969      6.7002507E-04
   5897.244      6.6393550E-04
   5900.520      6.6701096E-04
   5903.796      6.7376543E-04
   5907.071      6.7841692E-04
   5910.347      6.7660474E-04
   5913.623      6.6676911E-04
   5916.899      6.4923416E-04
   5920.175      6.2803418E-04
   5923.451      6.0788821E-04
   5926.727      5.9526088E-04
   5930.003      5.9473288E-04
   5933.279      6.0983608E-04
   5936.556      6.4072467E-04
   5939.832      6.8638514E-04
   5943.108      7.4168190E-04
   5946.385      8.0192200E-04
   5949.662      8.6176977E-04
   5952.938      9.1689150E-04
   5956.215      9.6502958E-04
   5959.492      1.0043331E-03
   5962.769      1.0365248E-03
   5966.045      1.0630597E-03
   5969.323      1.0855842E-03
   5972.600      1.1074345E-03
   5975.877      1.1299695E-03
   5979.154      1.1537889E-03
   5982.431      1.1779984E-03
   5985.708      1.2002531E-03
   5988.986      1.2164965E-03
   5992.263      1.2245672E-03
   5995.541      1.2203526E-03
   5998.818      1.2030844E-03
   6002.096      1.1728654E-03
   6005.374      1.1316811E-03
   6008.652      1.0839417E-03
   6011.930      1.0332705E-03
   6015.208      9.8360330E-04
   6018.485      9.3738298E-04
   6021.764      8.9431752E-04
   6025.042      8.5296744E-04
   6028.320      8.1088656E-04
   6031.598      7.6540041E-04
   6034.876      7.1448681E-04
   6038.155      6.5895187E-04
   6041.434      6.0148910E-04
   6044.712      5.4608949E-04
   6047.991      4.9647223E-04
   6051.270      4.5649486E-04
   6054.548      4.2755160E-04
   6057.827      4.0871379E-04
   6061.106      3.9761272E-04
   6064.385      3.9146593E-04
   6067.664      3.8908751E-04
   6070.943      3.8973760E-04
   6074.222      3.9478694E-04
   6077.501      4.0572180E-04
   6080.781      4.2265718E-04
   6084.060      4.4395728E-04
   6087.339      4.6686718E-04
   6090.619      4.8618502E-04
   6093.898      4.9738021E-04
   6097.178      4.9769116E-04
   6100.458      4.8598068E-04
   6103.738      4.6422379E-04
   6107.018      4.3507255E-04
   6110.298      4.0216124E-04
   6113.578      3.7089840E-04
   6116.857      3.4580339E-04
   6120.138      3.3142429E-04
   6123.418      3.3297483E-04
   6126.698      3.5270088E-04
   6129.979      3.9117318E-04
   6133.259      4.4634545E-04
   6136.540      5.1420700E-04
   6139.820      5.8772392E-04
   6143.101      6.5955211E-04
   6146.381      7.2380120E-04
   6149.663      7.7649439E-04
   6152.943      8.1569375E-04
   6156.224      8.4187347E-04
   6159.505      8.5688004E-04
   6162.786      8.6308562E-04
   6166.067      8.6126797E-04
   6169.349      8.5313170E-04
   6172.630      8.3890755E-04
   6175.911      8.1777113E-04
   6179.192      7.8993186E-04
   6182.474      7.5500592E-04
   6185.756      7.1358471E-04
   6189.037      6.6538772E-04
   6192.319      6.1261177E-04
   6195.601      5.5699691E-04
   6198.883      5.0261902E-04
   6202.165      4.5308642E-04
   6205.447      4.1320486E-04
   6208.729      3.8658440E-04
   6212.011      3.7519759E-04
   6215.293      3.7938304E-04
   6218.575      3.9733553E-04
   6221.857      4.2509218E-04
   6225.140      4.5714912E-04
   6228.422      4.8826198E-04
   6231.705      5.1272416E-04
   6234.988      5.2737782E-04
   6238.271      5.2906870E-04
   6241.553      5.1740097E-04
   6244.836      4.9416552E-04
   6248.119      4.6074970E-04
   6251.402      4.1988268E-04
   6254.685      3.7512198E-04
   6257.968      3.2972312E-04
   6261.251      2.8800048E-04
   6264.535      2.5351811E-04
   6267.818      2.3043697E-04
   6271.102      2.2042030E-04
   6274.385      2.2563606E-04
   6277.668      2.4661908E-04
   6280.952      2.8260020E-04
   6284.236      3.3170261E-04
   6287.520      3.8964272E-04
   6290.804      4.5160405E-04
   6294.087      5.0896360E-04
   6297.372      5.5302586E-04
   6300.656      5.7560526E-04
   6303.940      5.7046046E-04
   6307.224      5.3508469E-04
   6310.508      4.7287424E-04
   6313.793      3.9021831E-04
   6317.077      2.9708599E-04
   6320.362      2.0414483E-04
   6323.646      1.2184784E-04
   6326.931      5.7883361E-05
   6330.216      1.7789924E-05
   6333.500      3.5190419E-06
   6336.786      1.4063287E-05
   6340.070      4.7490805E-05
   6343.355      9.9457829E-05
   6346.641      1.6388025E-04
   6349.926      2.3506260E-04
   6353.211      3.0631054E-04
   6356.497      3.7179509E-04
   6359.782      4.2719868E-04
   6363.067      4.6956091E-04
   6366.353      4.9884070E-04
   6369.639      5.1550497E-04
   6372.924      5.2256137E-04
   6376.210      5.2278629E-04
   6379.496      5.1848672E-04
   6382.782      5.1173550E-04
   6386.068      5.0409301E-04
   6389.354      4.9664581E-04
   6392.640      4.9021357E-04
   6395.926      4.8562483E-04
   6399.212      4.8210533E-04
   6402.499      4.7852157E-04
   6405.786      4.7324738E-04
   6409.072      4.6445563E-04
   6412.358      4.5002592E-04
   6415.646      4.3041070E-04
   6418.932      4.0706884E-04
   6422.219      3.8267105E-04
   6425.506      3.5948455E-04
   6428.793      3.3882749E-04
   6432.080      3.1957877E-04
   6435.367      3.0012839E-04
   6438.654      2.7637012E-04
   6441.941      2.4565827E-04
   6445.229      2.0710139E-04
   6448.516      1.6350189E-04
   6451.804      1.1967997E-04
   6455.091      8.3039129E-05
   6458.379      6.0251692E-05
   6461.667      5.5609722E-05
   6464.955      7.0821283E-05
   6468.243      1.0392848E-04
   6471.531      1.5093833E-04
   6474.818      2.0560109E-04
   6478.107      2.6282412E-04
   6481.395      3.1944748E-04
   6484.683      3.7293899E-04
   6487.972      4.2239093E-04
   6491.260      4.6754981E-04
   6494.548      5.0744333E-04
   6497.837      5.4116460E-04
   6501.125      5.6707347E-04
   6504.415      5.8367755E-04
   6507.703      5.9019338E-04
   6510.992      5.8655132E-04
   6514.281      5.7379034E-04
   6517.570      5.5311003E-04
   6520.859      5.2623037E-04
   6524.148      4.9408583E-04
   6527.438      4.5770078E-04
   6530.727      4.1692986E-04
   6534.017      3.7286914E-04
   6537.306      3.2611680E-04
   6540.596      2.7937675E-04
   6543.885      2.3613892E-04
   6547.175      2.0014760E-04
   6550.465      1.7507419E-04
   6553.755      1.6296511E-04
   6557.044      1.6363412E-04
   6560.334      1.7363441E-04
   6563.625      1.8808940E-04
   6566.915      2.0052485E-04
   6570.206      2.0583924E-04
   6573.496      2.0081582E-04
   6576.786      1.8595824E-04
   6580.077      1.6319538E-04
   6583.367      1.3629449E-04
   6586.658      1.0944732E-04
   6589.949      8.6359432E-05
   6593.239      6.8705194E-05
   6596.530      5.8141122E-05
   6599.821      5.5352921E-05
   6603.112      6.0365714E-05
   6606.403      7.2738534E-05
   6609.695      9.1424045E-05
   6612.986      1.1454731E-04
   6616.277      1.4044542E-04
   6619.569      1.6675465E-04
   6622.860      1.9212434E-04
   6626.152      2.1656275E-04
   6629.443      2.4005679E-04
   6632.735      2.6448481E-04
   6636.027      2.9088306E-04
   6639.319      3.2071269E-04
   6642.611      3.5475646E-04
   6645.903      3.9221256E-04
   6649.195      4.3167811E-04
   6652.488      4.7011510E-04
   6655.780      5.0376449E-04
   6659.072      5.2815693E-04
   6662.365      5.4016808E-04
   6665.657      5.3674367E-04
   6668.950      5.1662466E-04
   6672.243      4.8045020E-04
   6675.536      4.3131976E-04
   6678.828      3.7408690E-04
   6682.122      3.1587292E-04
   6685.415      2.6414415E-04
   6688.708      2.2576767E-04
   6692.001      2.0536341E-04
   6695.294      2.0523684E-04
   6698.587      2.2315026E-04
   6701.881      2.5449577E-04
   6705.174      2.9274958E-04
   6708.468      3.3025656E-04
   6711.762      3.6080397E-04
   6715.055      3.7960807E-04
   6718.349      3.8474728E-04
   6721.643      3.7697368E-04
   6724.937      3.5899662E-04
   6728.231      3.3447903E-04
   6731.525      3.0783314E-04
   6734.819      2.8268812E-04
   6738.114      2.6216070E-04
   6741.408      2.4959096E-04
   6744.703      2.4757301E-04
   6747.998      2.5822668E-04
   6751.292      2.8263498E-04
   6754.587      3.2015934E-04
   6757.881      3.6833948E-04
   6761.176      4.2242830E-04
   6764.471      4.7652691E-04
   6767.766      5.2532007E-04
   6771.062      5.6371855E-04
   6774.357      5.8948150E-04
   6777.652      6.0143461E-04
   6780.947      6.0118415E-04
   6784.243      5.9155142E-04
   6787.539      5.7595700E-04
   6790.834      5.5807823E-04
   6794.129      5.4161920E-04
   6797.425      5.2937801E-04
   6800.721      5.2303530E-04
   6804.018      5.2259647E-04
   6807.313      5.2670290E-04
   6810.609      5.3267059E-04
   6813.905      5.3644233E-04
   6817.202      5.3368945E-04
   6820.498      5.2031403E-04
   6823.794      4.9414090E-04
   6827.091      4.5443530E-04
   6830.388      4.0267830E-04
   6833.685      3.4234210E-04
   6836.981      2.7812342E-04
   6840.278      2.1545659E-04
   6843.575      1.5937675E-04
   6846.872      1.1469785E-04
   6850.169      8.4937587E-05
   6853.466      7.2861010E-05
   6856.764      7.8910016E-05
   6860.061      1.0228580E-04
   6863.358      1.4057432E-04
   6866.656      1.8980823E-04
   6869.954      2.4461417E-04
   6873.251      3.0046175E-04
   6876.549      3.5219803E-04
   6879.847      3.9681868E-04
   6883.145      4.3246534E-04
   6886.443      4.5918784E-04
   6889.741      4.7733856E-04
   6893.039      4.8814682E-04
   6896.337      4.9261772E-04
   6899.635      4.9124396E-04
   6902.934      4.8437316E-04
   6906.232      4.7216562E-04
   6909.531      4.5526898E-04
   6912.830      4.3394693E-04
   6916.128      4.0894418E-04
   6919.427      3.8117106E-04
   6922.726      3.5164316E-04
   6926.025      3.2107616E-04
   6929.324      2.9036531E-04
   6932.623      2.6047573E-04
   6935.923      2.3156560E-04
   6939.222      2.0425786E-04
   6942.521      1.7835856E-04
   6945.821      1.5403422E-04
   6949.121      1.3177795E-04
   6952.420      1.1241746E-04
   6955.720      9.6297757E-05
   6959.020      8.4606916E-05
   6962.320      7.7386940E-05
   6965.620      3.5166740E-06
   6968.920      3.5166740E-06
   6972.220      3.5166740E-06
   6975.520      3.5166740E-06
   6978.821      3.5166740E-06
   6982.121      3.5166740E-06
   6985.421      3.5166740E-06
   6988.722      3.5166740E-06
   6992.023      3.5166740E-06
   6995.324      3.5166740E-06
   6998.625      3.5166740E-06
   7001.925      3.5166740E-06
   7005.227      3.5166740E-06
   7008.528      3.5166740E-06
   7011.829      3.5166740E-06
   7015.130      3.5166740E-06
   7018.432      3.5166740E-06
   7021.733      3.5166740E-06
   7025.035      3.5166740E-06
   7028.336      3.5166740E-06
   7031.638      3.5166740E-06
   7034.940      3.5166740E-06
   7038.242      3.5166740E-06
   7041.543      3.5166740E-06
   7044.846      3.5166740E-06
