7.50040e+03  1.17146e-03
7.50252e+03  1.15933e-03
7.50465e+03  1.30492e-03
7.50678e+03  1.08138e-03
7.50891e+03  1.30254e-03
7.51104e+03  1.46956e-03
7.51316e+03  1.22547e-03
7.51529e+03  9.28503e-04
7.51742e+03  9.07813e-04
7.51955e+03  1.08636e-03
7.52168e+03  9.24509e-04
7.52380e+03  8.56074e-04
7.52593e+03  1.30054e-03
7.52806e+03  1.04963e-03
7.53019e+03  1.02169e-03
7.53232e+03  1.08862e-03
7.53444e+03  8.11537e-04
7.53657e+03  1.51937e-03
7.53870e+03  1.61789e-03
7.54083e+03  1.51734e-03
7.54296e+03  9.66060e-04
7.54508e+03  1.42490e-03
7.54721e+03  1.18437e-03
7.54934e+03  9.32932e-04
7.55147e+03  1.13955e-03
7.55360e+03  1.42966e-03
7.55572e+03  1.02150e-03
7.55785e+03  1.60626e-03
7.55998e+03  1.24766e-03
7.56211e+03  1.24234e-03
7.56424e+03  1.71486e-03
7.56636e+03  1.47458e-03
7.56849e+03  1.08840e-03
7.57062e+03  1.33840e-03
7.57275e+03  1.31368e-03
7.57488e+03  1.17826e-03
7.57700e+03  1.22292e-03
7.57913e+03  1.16666e-03
7.58126e+03  1.11052e-03
7.58339e+03  1.09471e-03
7.58552e+03  1.33800e-03
7.58764e+03  1.21749e-03
7.58977e+03  1.66899e-03
7.59190e+03  1.55728e-03
7.59403e+03  1.36140e-03
7.59616e+03  1.56221e-03
7.59828e+03  1.60632e-03
7.60041e+03  1.25650e-03
7.60254e+03  1.12313e-03
7.60467e+03  1.32856e-03
7.60680e+03  1.22366e-03
7.60892e+03  1.09032e-03
7.61105e+03  1.53332e-03
7.61318e+03  1.20906e-03
7.61531e+03  1.20979e-03
7.61744e+03  1.53950e-03
7.61956e+03  1.33754e-03
7.62169e+03  1.20281e-03
7.62382e+03  1.53545e-03
7.62595e+03  1.18664e-03
7.62808e+03  1.05197e-03
7.63020e+03  1.58320e-03
7.63233e+03  1.07984e-03
7.63446e+03  1.23263e-03
7.63659e+03  1.83119e-03
7.63872e+03  1.53941e-03
7.64084e+03  1.26333e-03
7.64297e+03  1.39774e-03
7.64510e+03  1.25922e-03
7.64723e+03  1.44357e-03
7.64936e+03  1.46667e-03
7.65148e+03  1.40845e-03
7.65361e+03  1.40735e-03
7.65574e+03  1.35400e-03
7.65787e+03  1.61734e-03
7.66000e+03  1.57916e-03
7.66212e+03  1.57466e-03
7.66425e+03  1.85274e-03
7.66638e+03  1.55704e-03
7.66851e+03  1.61973e-03
7.67064e+03  1.59332e-03
7.67276e+03  1.27116e-03
7.67489e+03  1.79323e-03
7.67702e+03  1.71769e-03
7.67915e+03  1.34134e-03
7.68128e+03  1.79024e-03
7.68340e+03  1.25233e-03
7.68553e+03  1.60627e-03
7.68766e+03  1.71465e-03
7.68979e+03  1.92076e-03
7.69192e+03  1.67343e-03
7.69404e+03  1.74231e-03
7.69617e+03  1.89843e-03
7.69830e+03  1.33581e-03
7.70043e+03  1.85150e-03
7.70256e+03  1.64496e-03
7.70468e+03  1.56228e-03
7.70681e+03  1.45734e-03
7.70894e+03  1.69670e-03
7.71107e+03  1.41401e-03
7.71320e+03  1.61152e-03
7.71532e+03  1.99059e-03
7.71745e+03  1.82216e-03
7.71958e+03  1.81060e-03
7.72171e+03  1.93413e-03
7.72384e+03  1.51900e-03
7.72596e+03  1.67734e-03
7.72809e+03  1.64380e-03
7.73022e+03  1.72444e-03
7.73235e+03  1.78478e-03
7.73448e+03  2.01366e-03
7.73660e+03  1.87522e-03
7.73873e+03  1.79253e-03
7.74086e+03  2.19198e-03
7.74299e+03  1.72249e-03
7.74512e+03  1.74081e-03
7.74724e+03  2.15694e-03
7.74937e+03  2.25236e-03
7.75150e+03  2.16124e-03
7.75363e+03  2.25137e-03
7.75576e+03  1.95972e-03
7.75788e+03  2.38295e-03
7.76001e+03  2.35116e-03
7.76214e+03  2.41304e-03
7.76427e+03  2.20824e-03
7.76640e+03  2.15656e-03
7.76852e+03  2.44706e-03
7.77065e+03  2.00827e-03
7.77278e+03  2.16335e-03
7.77491e+03  2.35379e-03
7.77704e+03  2.12785e-03
7.77916e+03  2.41065e-03
7.78129e+03  2.55803e-03
7.78342e+03  2.12822e-03
7.78555e+03  2.26273e-03
7.78768e+03  2.41183e-03
7.78980e+03  2.61162e-03
7.79193e+03  2.51122e-03
7.79406e+03  2.58176e-03
7.79619e+03  2.43950e-03
7.79832e+03  2.41191e-03
7.80044e+03  2.84160e-03
7.80257e+03  2.71395e-03
7.80470e+03  2.40737e-03
7.80683e+03  2.65896e-03
7.80896e+03  2.78593e-03
7.81108e+03  2.68830e-03
7.81321e+03  2.74510e-03
7.81534e+03  2.97403e-03
7.81747e+03  2.70173e-03
7.81960e+03  2.94878e-03
7.82172e+03  2.68274e-03
7.82385e+03  3.29751e-03
7.82598e+03  3.32053e-03
7.82811e+03  2.98622e-03
7.83024e+03  3.64560e-03
7.83236e+03  3.37621e-03
7.83449e+03  3.38152e-03
7.83662e+03  3.41584e-03
7.83875e+03  3.73048e-03
7.84088e+03  3.32856e-03
7.84300e+03  3.81171e-03
7.84513e+03  3.86691e-03
7.84726e+03  3.72512e-03
7.84939e+03  3.76126e-03
7.85152e+03  4.09307e-03
7.85364e+03  3.87887e-03
7.85577e+03  3.88476e-03
7.85790e+03  4.17154e-03
7.86003e+03  4.23601e-03
7.86216e+03  4.45681e-03
7.86428e+03  4.42759e-03
7.86641e+03  4.37493e-03
7.86854e+03  4.46253e-03
7.87067e+03  4.39412e-03
7.87280e+03  4.52469e-03
7.87492e+03  4.72813e-03
7.87705e+03  4.72106e-03
7.87918e+03  4.69741e-03
7.88131e+03  4.81093e-03
7.88344e+03  4.64299e-03
7.88556e+03  5.30382e-03
7.88769e+03  5.55289e-03
7.88982e+03  5.39318e-03
7.89195e+03  5.50560e-03
7.89408e+03  5.60654e-03
7.89620e+03  5.89402e-03
7.89833e+03  6.00397e-03
7.90046e+03  5.89093e-03
7.90259e+03  5.95218e-03
7.90472e+03  6.54859e-03
7.90684e+03  6.31021e-03
7.90897e+03  6.72579e-03
7.91110e+03  6.85144e-03
7.91323e+03  6.74412e-03
7.91536e+03  7.13666e-03
7.91748e+03  7.29623e-03
7.91961e+03  7.62215e-03
7.92174e+03  7.78956e-03
7.92387e+03  8.18215e-03
7.92600e+03  7.95488e-03
7.92812e+03  8.52417e-03
7.93025e+03  8.72415e-03
7.93238e+03  9.06719e-03
7.93451e+03  9.34160e-03
7.93664e+03  9.63514e-03
7.93876e+03  1.33642e-02
7.94089e+03  1.04240e-02
7.94302e+03  1.05774e-02
7.94515e+03  1.09455e-02
7.94728e+03  1.06752e-02
7.94940e+03  1.17561e-02
7.95153e+03  1.22391e-02
7.95366e+03  1.22438e-02
7.95579e+03  1.32879e-02
7.95792e+03  1.34528e-02
7.96004e+03  1.40111e-02
7.96217e+03  1.44409e-02
7.96430e+03  1.51694e-02
7.96643e+03  1.57469e-02
7.96856e+03  1.67602e-02
7.97068e+03  1.75170e-02
7.97281e+03  1.79662e-02
7.97494e+03  1.90286e-02
7.97707e+03  1.98019e-02
7.97920e+03  2.12568e-02
7.98132e+03  2.24284e-02
7.98345e+03  2.32034e-02
7.98558e+03  2.47394e-02
7.98771e+03  2.59821e-02
7.98984e+03  2.72280e-02
7.99196e+03  2.86059e-02
7.99409e+03  3.08087e-02
7.99622e+03  3.21338e-02
7.99835e+03  3.38800e-02
8.00048e+03  3.62075e-02
8.00260e+03  3.80309e-02
8.00473e+03  4.10636e-02
8.00686e+03  4.35467e-02
8.00899e+03  4.65434e-02
8.01112e+03  4.91372e-02
8.01324e+03  5.30632e-02
8.01537e+03  5.66585e-02
8.01750e+03  6.07245e-02
8.01963e+03  6.50567e-02
8.02176e+03  7.07881e-02
8.02388e+03  7.57926e-02
8.02601e+03  8.14173e-02
8.02814e+03  8.80919e-02
8.03027e+03  9.56397e-02
8.03240e+03  1.02651e-01
8.03452e+03  1.11953e-01
8.03665e+03  1.21751e-01
8.03878e+03  1.31040e-01
8.04091e+03  1.42158e-01
8.04304e+03  1.52749e-01
8.04516e+03  1.65275e-01
8.04729e+03  1.78193e-01
8.04942e+03  1.92498e-01
8.05155e+03  2.10751e-01
8.05368e+03  2.25506e-01
8.05580e+03  2.40822e-01
8.05793e+03  2.58656e-01
8.06006e+03  2.76964e-01
8.06219e+03  2.98737e-01
8.06432e+03  3.19443e-01
8.06644e+03  3.42611e-01
8.06857e+03  3.59920e-01
8.07070e+03  3.84247e-01
8.07283e+03  4.06644e-01
8.07496e+03  4.28412e-01
8.07708e+03  4.51939e-01
8.07921e+03  4.77723e-01
8.08134e+03  4.99119e-01
8.08347e+03  5.22166e-01
8.08560e+03  5.43465e-01
8.08772e+03  5.67541e-01
8.08985e+03  5.84678e-01
8.09198e+03  6.04884e-01
8.09411e+03  6.21677e-01
8.09624e+03  6.38988e-01
8.09836e+03  6.54647e-01
8.10049e+03  6.64680e-01
8.10262e+03  6.80191e-01
8.10475e+03  6.89046e-01
8.10688e+03  6.96605e-01
8.10900e+03  7.04896e-01
8.11113e+03  7.11173e-01
8.11326e+03  7.19647e-01
8.11539e+03  7.21941e-01
8.11752e+03  7.26102e-01
8.11964e+03  7.32500e-01
8.12177e+03  7.30371e-01
8.12390e+03  7.32610e-01
8.12603e+03  7.32517e-01
8.12816e+03  7.35423e-01
8.13028e+03  7.34258e-01
8.13241e+03  7.39209e-01
8.13454e+03  7.34716e-01
8.13667e+03  7.36476e-01
8.13880e+03  7.38286e-01
8.14092e+03  7.35098e-01
8.14305e+03  7.35640e-01
8.14518e+03  7.37820e-01
8.14731e+03  7.35889e-01
8.14944e+03  7.33450e-01
8.15156e+03  7.35145e-01
8.15369e+03  7.33780e-01
8.15582e+03  7.32353e-01
8.15795e+03  7.33405e-01
8.16008e+03  7.32145e-01
8.16220e+03  7.32155e-01
8.16433e+03  7.25254e-01
8.16646e+03  7.25941e-01
8.16859e+03  7.26218e-01
8.17072e+03  7.22685e-01
8.17284e+03  7.22095e-01
8.17497e+03  7.19219e-01
8.17710e+03  7.14146e-01
8.17923e+03  7.08309e-01
8.18136e+03  7.06897e-01
8.18348e+03  7.02241e-01
8.18561e+03  6.92296e-01
8.18774e+03  6.90270e-01
8.18987e+03  6.84790e-01
8.19200e+03  6.77357e-01
8.19412e+03  6.66924e-01
8.19625e+03  6.58034e-01
8.19838e+03  6.45353e-01
8.20051e+03  6.35026e-01
8.20264e+03  6.22569e-01
8.20476e+03  6.08858e-01
8.20689e+03  5.97052e-01
8.20902e+03  5.80021e-01
8.21115e+03  5.60537e-01
8.21328e+03  5.42545e-01
8.21540e+03  5.21382e-01
8.21753e+03  5.03384e-01
8.21966e+03  4.81252e-01
8.22179e+03  4.60393e-01
8.22392e+03  4.39204e-01
8.22604e+03  4.17397e-01
8.22817e+03  3.95349e-01
8.23030e+03  3.72980e-01
8.23243e+03  3.50713e-01
8.23456e+03  3.31262e-01
8.23668e+03  3.07974e-01
8.23881e+03  2.88162e-01
8.24094e+03  2.68396e-01
8.24307e+03  2.50322e-01
8.24520e+03  2.32831e-01
8.24732e+03  2.14355e-01
8.24945e+03  1.99221e-01
8.25158e+03  1.83057e-01
8.25371e+03  1.71138e-01
8.25584e+03  1.57691e-01
8.25796e+03  1.46476e-01
8.26009e+03  1.35737e-01
8.26222e+03  1.26442e-01
8.26435e+03  1.17105e-01
8.26648e+03  1.08692e-01
8.26860e+03  1.01309e-01
8.27073e+03  9.43962e-02
8.27286e+03  8.81710e-02
8.27499e+03  8.28763e-02
8.27712e+03  7.76767e-02
8.27924e+03  7.30935e-02
8.28137e+03  6.86350e-02
8.28350e+03  6.54739e-02
8.28563e+03  6.18638e-02
8.28776e+03  5.77379e-02
8.28988e+03  5.46188e-02
8.29201e+03  5.22678e-02
8.29414e+03  4.94089e-02
8.29627e+03  4.80295e-02
8.29840e+03  4.48599e-02
8.30052e+03  4.23315e-02
8.30265e+03  4.11143e-02
8.30478e+03  3.92075e-02
8.30691e+03  3.74129e-02
8.30904e+03  3.55008e-02
8.31116e+03  3.38741e-02
8.31329e+03  3.29752e-02
8.31542e+03  3.13965e-02
8.31755e+03  3.03554e-02
8.31968e+03  2.84354e-02
8.32180e+03  2.72309e-02
8.32393e+03  2.57018e-02
8.32606e+03  2.43742e-02
8.32819e+03  2.32523e-02
8.33032e+03  2.26097e-02
8.33244e+03  2.13614e-02
8.33457e+03  2.11504e-02
8.33670e+03  1.97491e-02
8.33883e+03  1.90454e-02
8.34096e+03  1.81400e-02
8.34308e+03  1.71428e-02
8.34521e+03  1.67892e-02
8.34734e+03  1.61217e-02
8.34947e+03  1.56078e-02
8.35160e+03  1.48851e-02
8.35372e+03  1.46893e-02
8.35585e+03  1.37829e-02
8.35798e+03  1.30376e-02
8.36011e+03  1.30713e-02
8.36224e+03  1.22383e-02
8.36436e+03  1.20040e-02
8.36649e+03  1.13375e-02
8.36862e+03  1.12917e-02
8.37075e+03  1.05512e-02
8.37288e+03  9.98564e-03
8.37500e+03  1.04208e-02
8.37713e+03  9.74959e-03
8.37926e+03  9.32541e-03
8.38139e+03  9.30792e-03
8.38352e+03  8.54088e-03
8.38564e+03  8.64882e-03
8.38777e+03  8.44349e-03
8.38990e+03  8.14118e-03
8.39203e+03  8.25645e-03
8.39416e+03  7.88823e-03
8.39628e+03  7.65816e-03
8.39841e+03  7.38097e-03
8.40054e+03  6.97445e-03
8.40267e+03  7.07027e-03
8.40480e+03  7.16902e-03
8.40692e+03  6.70077e-03
8.40905e+03  6.61185e-03
8.41118e+03  6.53831e-03
8.41331e+03  6.59518e-03
8.41544e+03  6.22834e-03
8.41756e+03  5.84035e-03
8.41969e+03  6.34253e-03
8.42182e+03  5.95701e-03
8.42395e+03  5.89634e-03
8.42608e+03  5.57317e-03
8.42820e+03  5.37095e-03
8.43033e+03  5.17665e-03
8.43246e+03  5.00229e-03
8.43459e+03  4.93659e-03
8.43672e+03  4.80798e-03
8.43884e+03  4.98093e-03
8.44097e+03  5.20159e-03
8.44310e+03  4.68190e-03
8.44523e+03  4.44890e-03
8.44736e+03  4.66892e-03
8.44948e+03  4.41433e-03
8.45161e+03  4.29790e-03
8.45374e+03  4.23279e-03
8.45587e+03  3.99844e-03
8.45800e+03  3.78681e-03
8.46012e+03  4.21875e-03
8.46225e+03  4.18326e-03
8.46438e+03  3.67594e-03
8.46651e+03  3.89774e-03
8.46864e+03  3.60290e-03
8.47076e+03  3.46473e-03
8.47289e+03  3.65204e-03
8.47502e+03  3.70891e-03
8.47715e+03  3.44175e-03
8.47928e+03  3.74742e-03
8.48140e+03  3.18225e-03
8.48353e+03  3.55177e-03
8.48566e+03  3.25963e-03
8.48779e+03  3.20616e-03
8.48992e+03  2.94506e-03
8.49204e+03  3.18168e-03
8.49417e+03  3.18611e-03
8.49630e+03  3.01947e-03
8.49843e+03  2.85094e-03
8.50056e+03  2.92235e-03
8.50268e+03  2.68049e-03
8.50481e+03  2.94664e-03
8.50694e+03  2.61097e-03
8.50907e+03  2.90587e-03
8.51120e+03  2.73600e-03
8.51332e+03  2.47661e-03
8.51545e+03  2.70234e-03
8.51758e+03  2.78282e-03
8.51971e+03  2.73386e-03
8.52184e+03  2.35320e-03
8.52396e+03  2.69399e-03
8.52609e+03  2.32808e-03
8.52822e+03  2.44955e-03
8.53035e+03  2.72141e-03
8.53248e+03  2.35972e-03
8.53460e+03  2.32869e-03
8.53673e+03  2.49298e-03
8.53886e+03  2.35654e-03
8.54099e+03  2.19373e-03
8.54312e+03  2.45372e-03
8.54524e+03  2.05681e-03
8.54737e+03  2.23510e-03
8.54950e+03  2.12499e-03
8.55163e+03  2.17315e-03
8.55376e+03  2.30025e-03
8.55588e+03  2.16510e-03
8.55801e+03  2.13638e-03
8.56014e+03  1.88244e-03
8.56227e+03  2.06825e-03
8.56440e+03  2.24186e-03
8.56652e+03  1.77243e-03
8.56865e+03  1.87022e-03
8.57078e+03  2.35323e-03
8.57291e+03  1.96674e-03
8.57504e+03  2.10715e-03
8.57716e+03  2.39541e-03
8.57929e+03  1.76929e-03
8.58142e+03  2.07968e-03
8.58355e+03  1.78211e-03
8.58568e+03  1.76973e-03
8.58780e+03  1.98651e-03
8.58993e+03  1.86061e-03
8.59206e+03  1.50879e-03
8.59419e+03  1.60503e-03
8.59632e+03  2.20737e-03
8.59844e+03  2.12088e-03
8.60057e+03  1.69343e-03
8.60270e+03  1.97247e-03
8.60483e+03  1.95316e-03
8.60696e+03  1.92112e-03
8.60908e+03  1.76677e-03
8.61121e+03  1.85615e-03
8.61334e+03  1.42107e-03
8.61547e+03  1.99113e-03
8.61760e+03  2.04990e-03
8.61972e+03  2.07439e-03
8.62185e+03  1.89120e-03
8.62398e+03  1.60179e-03
8.62611e+03  1.79145e-03
8.62824e+03  1.93866e-03
8.63036e+03  1.68045e-03
8.63249e+03  1.40143e-03
8.63462e+03  1.51963e-03
8.63675e+03  1.51064e-03
8.63888e+03  1.86149e-03
8.64100e+03  1.61699e-03
8.64313e+03  1.79480e-03
8.64526e+03  1.26813e-03
8.64739e+03  1.55233e-03
8.64952e+03  1.73949e-03
8.65164e+03  1.36500e-03
8.65377e+03  1.40834e-03
8.65590e+03  1.46173e-03
8.65803e+03  1.53190e-03
8.66016e+03  1.10973e-03
8.66228e+03  1.45404e-03
8.66441e+03  1.40907e-03
8.66654e+03  1.19095e-03
8.66867e+03  1.71822e-03
8.67080e+03  1.58638e-03
8.67292e+03  1.59075e-03
8.67505e+03  1.47262e-03
8.67718e+03  1.47455e-03
8.67931e+03  1.55886e-03
8.68144e+03  1.52544e-03
8.68356e+03  1.47651e-03
8.68569e+03  1.34169e-03
8.68782e+03  1.77798e-03
8.68995e+03  1.47190e-03
8.69208e+03  1.30880e-03
8.69420e+03  1.65372e-03
8.69633e+03  1.32918e-03
8.69846e+03  1.08865e-03
8.70059e+03  1.31608e-03
8.70272e+03  1.41747e-03
8.70484e+03  1.36007e-03
8.70697e+03  1.62681e-03
8.70910e+03  1.69190e-03
8.71123e+03  1.38324e-03
8.71336e+03  1.65837e-03
8.71548e+03  1.39081e-03
8.71761e+03  1.37630e-03
8.71974e+03  1.13956e-03
8.72187e+03  1.50691e-03
8.72400e+03  1.03400e-03
8.72612e+03  1.54775e-03
8.72825e+03  1.24241e-03
8.73038e+03  1.31055e-03
8.73251e+03  1.30491e-03
8.73464e+03  1.45411e-03
8.73676e+03  1.10821e-03
8.73889e+03  1.16912e-03
8.74102e+03  1.43288e-03
8.74315e+03  1.32097e-03
8.74528e+03  1.15483e-03
8.74740e+03  1.51115e-03
8.74953e+03  1.69227e-03
8.75166e+03  1.12540e-03
8.75379e+03  1.48441e-03
8.75592e+03  1.32804e-03
8.75804e+03  1.40447e-03
8.76017e+03  1.34438e-03
8.76230e+03  1.22317e-03
8.76443e+03  1.43873e-03
8.76656e+03  1.65560e-03
8.76868e+03  1.34724e-03
8.77081e+03  9.50281e-04
8.77294e+03  1.34736e-03
8.77507e+03  1.45456e-03
8.77720e+03  1.17636e-03
8.77932e+03  1.16394e-03
8.78145e+03  1.31103e-03
8.78358e+03  1.36566e-03
8.78571e+03  1.62775e-03
8.78784e+03  1.55212e-03
8.78996e+03  1.29198e-03
8.79209e+03  1.54028e-03
8.79422e+03  1.57978e-03
8.79635e+03  1.19430e-03
8.79848e+03  1.13461e-03
