 5.20017e+03  9.82258e-04
 5.20043e+03  1.17183e-03
 5.20069e+03  1.00008e-03
 5.20095e+03  1.19954e-03
 5.20121e+03  1.02925e-03
 5.20147e+03  1.06906e-03
 5.20173e+03  1.48899e-03
 5.20199e+03  1.15905e-03
 5.20225e+03  9.82614e-04
 5.20251e+03  9.01603e-04
 5.20277e+03  1.20077e-03
 5.20303e+03  1.18961e-03
 5.20329e+03  1.14569e-03
 5.20355e+03  1.30654e-03
 5.20381e+03  1.02941e-03
 5.20407e+03  1.23953e-03
 5.20433e+03  9.61949e-04
 5.20459e+03  1.30902e-03
 5.20485e+03  1.14666e-03
 5.20511e+03  1.06090e-03
 5.20537e+03  1.26905e-03
 5.20563e+03  1.32975e-03
 5.20589e+03  1.14112e-03
 5.20615e+03  1.27486e-03
 5.20641e+03  1.07247e-03
 5.20667e+03  1.28598e-03
 5.20693e+03  1.23099e-03
 5.20719e+03  1.34019e-03
 5.20745e+03  1.37044e-03
 5.20771e+03  1.30271e-03
 5.20797e+03  1.23911e-03
 5.20823e+03  1.34045e-03
 5.20849e+03  1.27186e-03
 5.20875e+03  9.60114e-04
 5.20901e+03  1.17932e-03
 5.20927e+03  1.11765e-03
 5.20953e+03  1.42527e-03
 5.20979e+03  1.23875e-03
 5.21005e+03  1.12080e-03
 5.21031e+03  1.42994e-03
 5.21057e+03  1.17636e-03
 5.21083e+03  1.05265e-03
 5.21109e+03  1.21655e-03
 5.21135e+03  1.19943e-03
 5.21161e+03  1.26750e-03
 5.21187e+03  1.27786e-03
 5.21213e+03  1.58385e-03
 5.21239e+03  1.26059e-03
 5.21265e+03  1.13153e-03
 5.21291e+03  1.20392e-03
 5.21317e+03  1.30916e-03
 5.21343e+03  1.15239e-03
 5.21369e+03  1.20275e-03
 5.21395e+03  1.31898e-03
 5.21421e+03  1.19580e-03
 5.21447e+03  1.36948e-03
 5.21473e+03  1.44647e-03
 5.21499e+03  1.31179e-03
 5.21525e+03  1.21557e-03
 5.21551e+03  1.21079e-03
 5.21577e+03  1.17594e-03
 5.21603e+03  1.28337e-03
 5.21629e+03  1.34154e-03
 5.21655e+03  1.51769e-03
 5.21681e+03  1.24991e-03
 5.21707e+03  1.28300e-03
 5.21733e+03  1.45127e-03
 5.21759e+03  1.34274e-03
 5.21785e+03  1.69960e-03
 5.21811e+03  9.20730e-04
 5.21837e+03  1.41440e-03
 5.21863e+03  1.28032e-03
 5.21889e+03  9.98651e-04
 5.21915e+03  1.36709e-03
 5.21941e+03  1.26781e-03
 5.21967e+03  1.21507e-03
 5.21993e+03  1.07537e-03
 5.22019e+03  1.42400e-03
 5.22045e+03  1.45544e-03
 5.22071e+03  1.28382e-03
 5.22097e+03  1.59282e-03
 5.22123e+03  1.45600e-03
 5.22149e+03  1.13828e-03
 5.22175e+03  1.30323e-03
 5.22201e+03  1.17106e-03
 5.22227e+03  1.30177e-03
 5.22253e+03  1.33064e-03
 5.22279e+03  1.18352e-03
 5.22305e+03  1.40424e-03
 5.22331e+03  1.72104e-03
 5.22357e+03  1.40973e-03
 5.22383e+03  1.36675e-03
 5.22409e+03  1.41036e-03
 5.22435e+03  1.55621e-03
 5.22461e+03  1.53168e-03
 5.22487e+03  1.40236e-03
 5.22513e+03  1.76297e-03
 5.22539e+03  1.44730e-03
 5.22565e+03  1.59545e-03
 5.22591e+03  1.40086e-03
 5.22617e+03  1.47897e-03
 5.22643e+03  1.26206e-03
 5.22669e+03  1.47547e-03
 5.22695e+03  1.40800e-03
 5.22721e+03  1.41066e-03
 5.22747e+03  1.49992e-03
 5.22773e+03  1.62289e-03
 5.22799e+03  1.54126e-03
 5.22825e+03  1.42811e-03
 5.22851e+03  1.61862e-03
 5.22877e+03  1.42419e-03
 5.22903e+03  1.73409e-03
 5.22929e+03  1.45609e-03
 5.22955e+03  1.46591e-03
 5.22981e+03  1.46964e-03
 5.23007e+03  1.45770e-03
 5.23033e+03  1.64671e-03
 5.23059e+03  1.50144e-03
 5.23085e+03  1.58540e-03
 5.23111e+03  1.90005e-03
 5.23137e+03  1.37395e-03
 5.23163e+03  1.70970e-03
 5.23189e+03  1.49977e-03
 5.23215e+03  1.55421e-03
 5.23241e+03  1.79374e-03
 5.23267e+03  1.85845e-03
 5.23293e+03  1.40463e-03
 5.23319e+03  1.68470e-03
 5.23345e+03  1.67361e-03
 5.23371e+03  1.48877e-03
 5.23397e+03  1.80993e-03
 5.23423e+03  1.43371e-03
 5.23449e+03  2.03375e-03
 5.23475e+03  1.40354e-03
 5.23501e+03  1.72798e-03
 5.23527e+03  1.61699e-03
 5.23553e+03  1.62370e-03
 5.23579e+03  1.67654e-03
 5.23605e+03  1.77119e-03
 5.23631e+03  1.70645e-03
 5.23657e+03  1.77939e-03
 5.23683e+03  1.87303e-03
 5.23709e+03  1.66781e-03
 5.23735e+03  1.81089e-03
 5.23761e+03  1.75851e-03
 5.23787e+03  1.87269e-03
 5.23813e+03  1.93908e-03
 5.23839e+03  1.84065e-03
 5.23865e+03  1.71029e-03
 5.23891e+03  1.90231e-03
 5.23917e+03  1.66533e-03
 5.23943e+03  1.89680e-03
 5.23969e+03  1.57055e-03
 5.23995e+03  1.74558e-03
 5.24021e+03  1.72824e-03
 5.24047e+03  1.66063e-03
 5.24073e+03  1.93731e-03
 5.24099e+03  1.68562e-03
 5.24125e+03  1.71532e-03
 5.24151e+03  1.90734e-03
 5.24177e+03  1.97493e-03
 5.24203e+03  1.73946e-03
 5.24229e+03  2.01366e-03
 5.24255e+03  1.98101e-03
 5.24281e+03  1.79556e-03
 5.24307e+03  1.93277e-03
 5.24333e+03  1.95227e-03
 5.24359e+03  1.78271e-03
 5.24385e+03  1.87404e-03
 5.24411e+03  1.91881e-03
 5.24437e+03  1.93905e-03
 5.24463e+03  1.76321e-03
 5.24489e+03  1.84908e-03
 5.24515e+03  1.97170e-03
 5.24541e+03  1.88281e-03
 5.24567e+03  1.86495e-03
 5.24593e+03  2.12858e-03
 5.24619e+03  2.01751e-03
 5.24645e+03  1.90874e-03
 5.24671e+03  2.06173e-03
 5.24697e+03  2.08741e-03
 5.24723e+03  2.31016e-03
 5.24749e+03  1.76356e-03
 5.24775e+03  2.12265e-03
 5.24801e+03  1.67257e-03
 5.24827e+03  1.92019e-03
 5.24853e+03  2.27199e-03
 5.24879e+03  2.18515e-03
 5.24905e+03  2.10508e-03
 5.24931e+03  2.07729e-03
 5.24957e+03  2.20549e-03
 5.24983e+03  2.09899e-03
 5.25009e+03  2.00918e-03
 5.25035e+03  2.25512e-03
 5.25061e+03  2.29883e-03
 5.25087e+03  2.22051e-03
 5.25113e+03  2.28758e-03
 5.25139e+03  2.14200e-03
 5.25165e+03  2.34329e-03
 5.25191e+03  2.41271e-03
 5.25217e+03  2.09857e-03
 5.25243e+03  2.23950e-03
 5.25269e+03  2.21198e-03
 5.25295e+03  2.15297e-03
 5.25321e+03  1.82503e-03
 5.25347e+03  2.12878e-03
 5.25373e+03  2.36435e-03
 5.25399e+03  2.51314e-03
 5.25425e+03  2.36635e-03
 5.25451e+03  2.21387e-03
 5.25477e+03  2.51340e-03
 5.25503e+03  2.55831e-03
 5.25529e+03  2.52761e-03
 5.25555e+03  2.41351e-03
 5.25581e+03  2.43427e-03
 5.25607e+03  2.43097e-03
 5.25633e+03  2.71480e-03
 5.25659e+03  2.43642e-03
 5.25685e+03  2.10936e-03
 5.25711e+03  2.71973e-03
 5.25737e+03  2.59133e-03
 5.25763e+03  2.62728e-03
 5.25789e+03  2.46002e-03
 5.25815e+03  2.60361e-03
 5.25841e+03  2.49050e-03
 5.25867e+03  2.61739e-03
 5.25893e+03  2.74307e-03
 5.25919e+03  2.42917e-03
 5.25945e+03  2.69498e-03
 5.25971e+03  2.39513e-03
 5.25997e+03  2.76569e-03
 5.26023e+03  2.67685e-03
 5.26049e+03  2.65006e-03
 5.26075e+03  2.89768e-03
 5.26101e+03  2.77270e-03
 5.26127e+03  2.63827e-03
 5.26153e+03  2.96689e-03
 5.26179e+03  3.17593e-03
 5.26205e+03  2.91367e-03
 5.26231e+03  2.88893e-03
 5.26257e+03  3.05075e-03
 5.26283e+03  3.05995e-03
 5.26309e+03  2.73221e-03
 5.26335e+03  2.97717e-03
 5.26361e+03  2.94853e-03
 5.26387e+03  3.15926e-03
 5.26413e+03  3.03449e-03
 5.26439e+03  2.93048e-03
 5.26465e+03  3.06660e-03
 5.26491e+03  3.25772e-03
 5.26517e+03  2.67381e-03
 5.26543e+03 -1.47596e-02
 5.26569e+03 -4.34934e-03
 5.26595e+03  1.87631e-03
 5.26621e+03  3.21114e-03
 5.26647e+03  3.20701e-03
 5.26673e+03  2.98228e-03
 5.26699e+03  3.24412e-03
 5.26725e+03  3.40792e-03
 5.26751e+03  3.14262e-03
 5.26777e+03  3.35616e-03
 5.26803e+03  3.27268e-03
 5.26829e+03  3.39178e-03
 5.26855e+03  3.40606e-03
 5.26881e+03  3.30518e-03
 5.26907e+03  3.30414e-03
 5.26933e+03  3.33990e-03
 5.26959e+03  3.83684e-03
 5.26985e+03  3.56086e-03
 5.27011e+03  3.67152e-03
 5.27037e+03  3.83803e-03
 5.27063e+03  3.57453e-03
 5.27089e+03  3.53888e-03
 5.27115e+03  3.65191e-03
 5.27141e+03  3.76359e-03
 5.27167e+03  3.70209e-03
 5.27193e+03  3.83681e-03
 5.27219e+03  3.76386e-03
 5.27245e+03  3.91302e-03
 5.27271e+03  3.76672e-03
 5.27297e+03  3.84385e-03
 5.27323e+03  3.75429e-03
 5.27349e+03  3.87593e-03
 5.27375e+03  3.85475e-03
 5.27401e+03  4.11591e-03
 5.27427e+03  4.01004e-03
 5.27453e+03  4.19261e-03
 5.27479e+03  4.08118e-03
 5.27505e+03  4.27953e-03
 5.27531e+03  4.01471e-03
 5.27557e+03  4.37185e-03
 5.27583e+03  4.30231e-03
 5.27609e+03  4.47807e-03
 5.27635e+03  4.48310e-03
 5.27661e+03  4.39452e-03
 5.27687e+03  4.39560e-03
 5.27713e+03  4.53667e-03
 5.27739e+03  4.40286e-03
 5.27765e+03  4.65210e-03
 5.27791e+03  4.63363e-03
 5.27817e+03  4.76529e-03
 5.27843e+03  4.81064e-03
 5.27869e+03  4.85170e-03
 5.27895e+03  4.62451e-03
 5.27921e+03  5.03053e-03
 5.27947e+03  4.76305e-03
 5.27973e+03  4.68676e-03
 5.27999e+03  4.88973e-03
 5.28025e+03  4.68848e-03
 5.28051e+03  4.84883e-03
 5.28077e+03  4.81718e-03
 5.28103e+03  5.02628e-03
 5.28129e+03  5.00097e-03
 5.28155e+03  4.96711e-03
 5.28181e+03  5.05395e-03
 5.28207e+03  4.74296e-03
 5.28233e+03  5.30359e-03
 5.28259e+03  5.61655e-03
 5.28285e+03  5.26050e-03
 5.28311e+03  5.69936e-03
 5.28337e+03  5.67257e-03
 5.28363e+03  5.44682e-03
 5.28389e+03  5.71341e-03
 5.28415e+03  5.74113e-03
 5.28441e+03  5.77885e-03
 5.28467e+03  5.46537e-03
 5.28493e+03  5.70669e-03
 5.28519e+03  5.86524e-03
 5.28545e+03  5.78139e-03
 5.28571e+03  6.22815e-03
 5.28597e+03  5.86020e-03
 5.28623e+03  6.19051e-03
 5.28649e+03  6.28393e-03
 5.28675e+03  6.37299e-03
 5.28701e+03  6.39528e-03
 5.28727e+03  6.45516e-03
 5.28753e+03  6.19192e-03
 5.28779e+03  6.29057e-03
 5.28805e+03  6.42056e-03
 5.28831e+03  6.29922e-03
 5.28857e+03  6.36968e-03
 5.28883e+03  6.81281e-03
 5.28909e+03  6.76161e-03
 5.28935e+03  6.60328e-03
 5.28961e+03  7.25102e-03
 5.28987e+03  6.73531e-03
 5.29013e+03  7.06366e-03
 5.29039e+03  7.26653e-03
 5.29065e+03  7.39756e-03
 5.29091e+03  6.99092e-03
 5.29117e+03  7.49411e-03
 5.29143e+03  7.68616e-03
 5.29169e+03  7.57454e-03
 5.29195e+03  7.64041e-03
 5.29221e+03  7.89263e-03
 5.29247e+03  7.76441e-03
 5.29273e+03  7.96697e-03
 5.29299e+03  8.08679e-03
 5.29325e+03  8.17152e-03
 5.29351e+03  8.19186e-03
 5.29377e+03  8.69491e-03
 5.29403e+03  8.54440e-03
 5.29429e+03  8.77354e-03
 5.29455e+03  8.41408e-03
 5.29481e+03  9.00599e-03
 5.29507e+03  8.55318e-03
 5.29533e+03  8.76869e-03
 5.29559e+03  9.19705e-03
 5.29585e+03  8.61671e-03
 5.29611e+03  9.30289e-03
 5.29637e+03  9.37236e-03
 5.29663e+03  9.62088e-03
 5.29689e+03  9.65248e-03
 5.29715e+03  9.35123e-03
 5.29741e+03  9.93524e-03
 5.29767e+03  9.63070e-03
 5.29793e+03  9.94979e-03
 5.29819e+03  1.02728e-02
 5.29845e+03  1.01249e-02
 5.29871e+03  1.02785e-02
 5.29897e+03  1.02193e-02
 5.29923e+03  1.09617e-02
 5.29949e+03  1.09308e-02
 5.29975e+03  1.11255e-02
 5.30001e+03  1.12451e-02
 5.30027e+03  1.12666e-02
 5.30053e+03  1.14037e-02
 5.30079e+03  1.12959e-02
 5.30105e+03  1.16887e-02
 5.30131e+03  1.19088e-02
 5.30157e+03  1.18877e-02
 5.30183e+03  1.18966e-02
 5.30209e+03  1.26165e-02
 5.30235e+03  1.25669e-02
 5.30261e+03  1.24336e-02
 5.30287e+03  1.28516e-02
 5.30313e+03  1.30327e-02
 5.30339e+03  1.29767e-02
 5.30365e+03  1.30661e-02
 5.30391e+03  1.35292e-02
 5.30417e+03  1.37391e-02
 5.30443e+03  1.36428e-02
 5.30469e+03  1.41837e-02
 5.30495e+03  1.45766e-02
 5.30521e+03  1.39417e-02
 5.30547e+03  1.41628e-02
 5.30573e+03  1.43957e-02
 5.30599e+03  1.49857e-02
 5.30625e+03  1.53216e-02
 5.30651e+03  1.55423e-02
 5.30677e+03  1.53076e-02
 5.30703e+03  1.61598e-02
 5.30729e+03  1.59527e-02
 5.30755e+03  1.67070e-02
 5.30781e+03  1.68325e-02
 5.30807e+03  1.63570e-02
 5.30833e+03  1.65340e-02
 5.30859e+03  1.65466e-02
 5.30885e+03  1.71597e-02
 5.30911e+03  1.75581e-02
 5.30937e+03  1.76896e-02
 5.30963e+03  1.78291e-02
 5.30989e+03  1.85368e-02
 5.31015e+03  1.83179e-02
 5.31041e+03  1.90888e-02
 5.31067e+03  1.90561e-02
 5.31093e+03  1.96108e-02
 5.31119e+03  1.93304e-02
 5.31145e+03  2.00977e-02
 5.31171e+03  2.04151e-02
 5.31197e+03  2.03112e-02
 5.31223e+03  2.13644e-02
 5.31249e+03  2.15100e-02
 5.31275e+03  2.19483e-02
 5.31301e+03  2.22823e-02
 5.31327e+03  2.21912e-02
 5.31353e+03  2.30898e-02
 5.31379e+03  2.28856e-02
 5.31405e+03  2.30465e-02
 5.31431e+03  2.37039e-02
 5.31457e+03  2.37147e-02
 5.31483e+03  2.46121e-02
 5.31509e+03  2.51882e-02
 5.31535e+03  2.48728e-02
 5.31561e+03  2.55186e-02
 5.31587e+03  2.61223e-02
 5.31613e+03  2.64513e-02
 5.31639e+03  2.63065e-02
 5.31665e+03  2.69420e-02
 5.31691e+03  2.73645e-02
 5.31717e+03  2.78936e-02
 5.31743e+03  2.86166e-02
 5.31769e+03  2.86604e-02
 5.31795e+03  2.91100e-02
 5.31821e+03  2.99490e-02
 5.31847e+03  3.04936e-02
 5.31873e+03  3.03877e-02
 5.31899e+03  3.12781e-02
 5.31925e+03  3.15517e-02
 5.31951e+03  3.22293e-02
 5.31977e+03  3.33441e-02
 5.32003e+03  3.34989e-02
 5.32029e+03  3.35328e-02
 5.32055e+03  3.47766e-02
 5.32081e+03  3.54132e-02
 5.32107e+03  3.48934e-02
 5.32133e+03  3.65124e-02
 5.32159e+03  3.69423e-02
 5.32185e+03  3.78570e-02
 5.32211e+03  3.85357e-02
 5.32237e+03  3.96685e-02
 5.32263e+03  3.97693e-02
 5.32289e+03  4.00809e-02
 5.32315e+03  4.04091e-02
 5.32341e+03  4.16822e-02
 5.32367e+03  4.19851e-02
 5.32393e+03  4.36814e-02
 5.32419e+03  4.32859e-02
 5.32445e+03  4.43534e-02
 5.32471e+03  4.56817e-02
 5.32497e+03  4.64307e-02
 5.32523e+03  4.69477e-02
 5.32549e+03  4.74996e-02
 5.32575e+03  4.81919e-02
 5.32601e+03  4.96756e-02
 5.32627e+03  5.04372e-02
 5.32653e+03  5.14726e-02
 5.32679e+03  5.13683e-02
 5.32705e+03  5.27722e-02
 5.32731e+03  5.40327e-02
 5.32757e+03  5.42918e-02
 5.32783e+03  5.56613e-02
 5.32809e+03  5.65949e-02
 5.32835e+03  5.58722e-02
 5.32861e+03  5.87132e-02
 5.32887e+03  5.96403e-02
 5.32913e+03  6.16330e-02
 5.32939e+03  6.18658e-02
 5.32965e+03  6.22916e-02
 5.32991e+03  6.29314e-02
 5.33017e+03  6.44819e-02
 5.33043e+03  6.64706e-02
 5.33069e+03  6.73178e-02
 5.33095e+03  6.85420e-02
 5.33121e+03  7.03234e-02
 5.33147e+03  7.12097e-02
 5.33173e+03  7.19630e-02
 5.33199e+03  7.38433e-02
 5.33225e+03  7.41403e-02
 5.33251e+03  7.59396e-02
 5.33277e+03  7.75663e-02
 5.33303e+03  7.99189e-02
 5.33329e+03  7.94211e-02
 5.33355e+03  8.28981e-02
 5.33381e+03  8.33749e-02
 5.33407e+03  8.46223e-02
 5.33433e+03  8.56191e-02
 5.33459e+03  8.71767e-02
 5.33485e+03  8.93479e-02
 5.33511e+03  9.08138e-02
 5.33537e+03  9.29284e-02
 5.33563e+03  9.47012e-02
 5.33589e+03  9.61562e-02
 5.33615e+03  9.82604e-02
 5.33641e+03  9.90260e-02
 5.33667e+03  1.00668e-01
 5.33693e+03  1.02842e-01
 5.33719e+03  1.04828e-01
 5.33745e+03  1.06321e-01
 5.33771e+03  1.09016e-01
 5.33797e+03  1.10267e-01
 5.33823e+03  1.12196e-01
 5.33849e+03  1.14357e-01
 5.33875e+03  1.16176e-01
 5.33901e+03  1.17804e-01
 5.33927e+03  1.20366e-01
 5.33953e+03  1.24075e-01
 5.33979e+03  1.24989e-01
 5.34005e+03  1.26624e-01
 5.34031e+03  1.29083e-01
 5.34057e+03  1.31081e-01
 5.34083e+03  1.32362e-01
 5.34109e+03  1.35059e-01
 5.34135e+03  1.37052e-01
 5.34161e+03  1.39686e-01
 5.34187e+03  1.44092e-01
 5.34213e+03  1.43824e-01
 5.34239e+03  1.48355e-01
 5.34265e+03  1.51425e-01
 5.34291e+03  1.53696e-01
 5.34317e+03  1.54736e-01
 5.34343e+03  1.58413e-01
 5.34369e+03  1.60983e-01
 5.34395e+03  1.63157e-01
 5.34421e+03  1.65617e-01
 5.34447e+03  1.68900e-01
 5.34473e+03  1.72492e-01
 5.34499e+03  1.76104e-01
 5.34525e+03  1.76706e-01
 5.34551e+03  1.80600e-01
 5.34577e+03  1.82582e-01
 5.34603e+03  1.87095e-01
 5.34629e+03  1.91104e-01
 5.34655e+03  1.91824e-01
 5.34681e+03  1.95358e-01
 5.34707e+03  1.97736e-01
 5.34733e+03  2.01823e-01
 5.34759e+03  2.04148e-01
 5.34785e+03  2.05233e-01
 5.34811e+03  2.08443e-01
 5.34837e+03  2.13575e-01
 5.34863e+03  2.18291e-01
 5.34889e+03  2.18528e-01
 5.34915e+03  2.23610e-01
 5.34941e+03  2.27825e-01
 5.34967e+03  2.30875e-01
 5.34993e+03  2.31998e-01
 5.35019e+03  2.37368e-01
 5.35045e+03  2.38989e-01
 5.35071e+03  2.43803e-01
 5.35097e+03  2.46028e-01
 5.35123e+03  2.48871e-01
 5.35149e+03  2.54094e-01
 5.35175e+03  2.55158e-01
 5.35201e+03  2.58703e-01
 5.35227e+03  2.62212e-01
 5.35253e+03  2.65142e-01
 5.35279e+03  2.68224e-01
 5.35305e+03  2.72033e-01
 5.35331e+03  2.76981e-01
 5.35357e+03  2.80053e-01
 5.35383e+03  2.82965e-01
 5.35409e+03  2.83673e-01
 5.35435e+03  2.88913e-01
 5.35461e+03  2.92956e-01
 5.35487e+03  2.96025e-01
 5.35513e+03  3.01131e-01
 5.35539e+03  3.01711e-01
 5.35565e+03  3.05657e-01
 5.35591e+03  3.08961e-01
 5.35617e+03  3.11598e-01
 5.35643e+03  3.16342e-01
 5.35669e+03  3.18775e-01
 5.35695e+03  3.23513e-01
 5.35721e+03  3.24010e-01
 5.35747e+03  3.30331e-01
 5.35773e+03  3.32012e-01
 5.35799e+03  3.33694e-01
 5.35825e+03  3.36767e-01
 5.35851e+03  3.40843e-01
 5.35877e+03  3.44632e-01
 5.35903e+03  3.44716e-01
 5.35929e+03  3.50381e-01
 5.35955e+03  3.55073e-01
 5.35981e+03  3.58092e-01
 5.36007e+03  3.59786e-01
 5.36033e+03  3.61253e-01
 5.36059e+03  3.66082e-01
 5.36085e+03  3.67636e-01
 5.36111e+03  3.73805e-01
 5.36137e+03  3.74102e-01
 5.36163e+03  3.78088e-01
 5.36189e+03  3.81130e-01
 5.36215e+03  3.84557e-01
 5.36241e+03  3.85810e-01
 5.36267e+03  3.89052e-01
 5.36293e+03  3.90592e-01
 5.36319e+03  3.95296e-01
 5.36345e+03  3.98154e-01
 5.36371e+03  3.96586e-01
 5.36397e+03  4.02626e-01
 5.36423e+03  4.02050e-01
 5.36449e+03  4.08930e-01
 5.36475e+03  4.10428e-01
 5.36501e+03  4.12189e-01
 5.36527e+03  4.13553e-01
 5.36553e+03  4.17802e-01
 5.36579e+03  4.19368e-01
 5.36605e+03  4.21559e-01
 5.36631e+03  4.22037e-01
 5.36657e+03  4.27798e-01
 5.36683e+03  4.26481e-01
 5.36709e+03  4.30968e-01
 5.36735e+03  4.31440e-01
 5.36761e+03  4.31050e-01
 5.36787e+03  4.35772e-01
 5.36813e+03  4.37108e-01
 5.36839e+03  4.42988e-01
 5.36865e+03  4.42302e-01
 5.36891e+03  4.43276e-01
 5.36917e+03  4.46353e-01
 5.36943e+03  4.47908e-01
 5.36969e+03  4.49669e-01
 5.36995e+03  4.51943e-01
 5.37021e+03  4.54924e-01
 5.37047e+03  4.55139e-01
 5.37073e+03  4.54277e-01
 5.37099e+03  4.60410e-01
 5.37125e+03  4.59018e-01
 5.37151e+03  4.62798e-01
 5.37177e+03  4.62720e-01
 5.37203e+03  4.63648e-01
 5.37229e+03  4.68437e-01
 5.37255e+03  4.65794e-01
 5.37281e+03  4.69900e-01
 5.37307e+03  4.71291e-01
 5.37333e+03  4.72883e-01
 5.37359e+03  4.71457e-01
 5.37385e+03  4.73943e-01
 5.37411e+03  4.72774e-01
 5.37437e+03  4.76189e-01
 5.37463e+03  4.77773e-01
 5.37489e+03  4.78544e-01
 5.37515e+03  4.79504e-01
 5.37541e+03  4.82004e-01
 5.37567e+03  4.83561e-01
 5.37593e+03  4.84614e-01
 5.37619e+03  4.83051e-01
 5.37645e+03  4.86736e-01
 5.37671e+03  4.88851e-01
 5.37697e+03  4.89857e-01
 5.37723e+03  4.88020e-01
 5.37749e+03  4.94420e-01
 5.37775e+03  4.93203e-01
 5.37801e+03  4.96417e-01
 5.37827e+03  4.95491e-01
 5.37853e+03  4.96516e-01
 5.37879e+03  4.95973e-01
 5.37905e+03  4.97139e-01
 5.37931e+03  4.99360e-01
 5.37957e+03  4.99066e-01
 5.37983e+03  4.98321e-01
 5.38009e+03  4.99969e-01
 5.38035e+03  5.02667e-01
 5.38061e+03  5.02357e-01
 5.38087e+03  5.03985e-01
 5.38113e+03  5.05982e-01
 5.38139e+03  5.04755e-01
 5.38165e+03  5.03616e-01
 5.38191e+03  5.06294e-01
 5.38217e+03  5.07311e-01
 5.38243e+03  5.07827e-01
 5.38269e+03  5.07576e-01
 5.38295e+03  5.08753e-01
 5.38321e+03  5.09743e-01
 5.38347e+03  5.12756e-01
 5.38373e+03  5.10877e-01
 5.38399e+03  5.14331e-01
 5.38425e+03  5.12172e-01
 5.38451e+03  5.12366e-01
 5.38477e+03  5.13447e-01
 5.38503e+03  5.14374e-01
 5.38529e+03  5.12176e-01
 5.38555e+03  5.14377e-01
 5.38581e+03  5.17752e-01
 5.38607e+03  5.19291e-01
 5.38633e+03  5.17424e-01
 5.38659e+03  5.16648e-01
 5.38685e+03  5.19128e-01
 5.38711e+03  5.17658e-01
 5.38737e+03  5.18952e-01
 5.38763e+03  5.19168e-01
 5.38789e+03  5.19013e-01
 5.38815e+03  5.20291e-01
 5.38841e+03  5.23558e-01
 5.38867e+03  5.22352e-01
 5.38893e+03  5.21757e-01
 5.38919e+03  5.20736e-01
 5.38945e+03  5.21161e-01
 5.38971e+03  5.23117e-01
 5.38997e+03  5.22318e-01
 5.39023e+03  5.21660e-01
 5.39049e+03  5.25634e-01
 5.39075e+03  5.26102e-01
 5.39101e+03  5.22642e-01
 5.39127e+03  5.27211e-01
 5.39153e+03  5.23915e-01
 5.39179e+03  5.21617e-01
 5.39205e+03  5.23644e-01
 5.39231e+03  5.26492e-01
 5.39257e+03  5.24984e-01
 5.39283e+03  5.28585e-01
 5.39309e+03  5.25961e-01
 5.39335e+03  5.26153e-01
 5.39361e+03  5.27197e-01
 5.39387e+03  5.23176e-01
 5.39413e+03  5.26333e-01
 5.39439e+03  5.22241e-01
 5.39465e+03  5.29048e-01
 5.39491e+03  5.25966e-01
 5.39517e+03  5.29799e-01
 5.39543e+03  5.28167e-01
 5.39569e+03  5.29948e-01
 5.39595e+03  5.28473e-01
 5.39621e+03  5.26513e-01
 5.39647e+03  5.27592e-01
 5.39673e+03  5.26693e-01
 5.39699e+03  5.28164e-01
 5.39725e+03  5.28201e-01
 5.39751e+03  5.28806e-01
 5.39777e+03  5.28493e-01
 5.39803e+03  5.27405e-01
 5.39829e+03  5.27777e-01
 5.39855e+03  5.25548e-01
 5.39881e+03  5.27824e-01
 5.39907e+03  5.27960e-01
 5.39933e+03  5.27189e-01
 5.39959e+03  5.25265e-01
 5.39985e+03  5.28511e-01
 5.40011e+03  5.29130e-01
 5.40037e+03  5.27619e-01
 5.40063e+03  5.24807e-01
 5.40089e+03  5.29777e-01
 5.40115e+03  5.28542e-01
 5.40141e+03  5.27025e-01
 5.40167e+03  5.25128e-01
 5.40193e+03  5.25532e-01
 5.40219e+03  5.27263e-01
 5.40245e+03  5.25338e-01
 5.40271e+03  5.25646e-01
 5.40297e+03  5.25945e-01
 5.40323e+03  5.26015e-01
 5.40349e+03  5.25150e-01
 5.40375e+03  5.23984e-01
 5.40401e+03  5.26727e-01
 5.40427e+03  5.22874e-01
 5.40453e+03  5.23033e-01
 5.40479e+03  5.22971e-01
 5.40505e+03  5.23640e-01
 5.40531e+03  5.22140e-01
 5.40557e+03  5.24255e-01
 5.40583e+03  5.23600e-01
 5.40609e+03  5.24169e-01
 5.40635e+03  5.20235e-01
 5.40661e+03  5.21175e-01
 5.40687e+03  5.20294e-01
 5.40713e+03  5.18689e-01
 5.40739e+03  5.22382e-01
 5.40765e+03  5.19343e-01
 5.40791e+03  5.17544e-01
 5.40817e+03  5.17895e-01
 5.40843e+03  5.16203e-01
 5.40869e+03  5.19441e-01
 5.40895e+03  5.18701e-01
 5.40921e+03  5.16289e-01
 5.40947e+03  5.16492e-01
 5.40973e+03  5.19260e-01
 5.40999e+03  5.14948e-01
 5.41025e+03  5.13067e-01
 5.41051e+03  5.14794e-01
 5.41077e+03  5.14806e-01
 5.41103e+03  5.14012e-01
 5.41129e+03  5.15069e-01
 5.41155e+03  5.14799e-01
 5.41181e+03  5.11896e-01
 5.41207e+03  5.15562e-01
 5.41233e+03  5.11079e-01
 5.41259e+03  5.11730e-01
 5.41285e+03  5.08774e-01
 5.41311e+03  5.09586e-01
 5.41337e+03  5.06750e-01
 5.41363e+03  5.07687e-01
 5.41389e+03  5.03228e-01
 5.41415e+03  5.07614e-01
 5.41441e+03  5.05232e-01
 5.41467e+03  5.06442e-01
 5.41493e+03  5.06322e-01
 5.41519e+03  5.02413e-01
 5.41545e+03  5.07185e-01
 5.41571e+03  5.03207e-01
 5.41597e+03  5.02774e-01
 5.41623e+03  5.02804e-01
 5.41649e+03  5.03043e-01
 5.41675e+03  4.99551e-01
 5.41701e+03  5.02210e-01
 5.41727e+03  5.01186e-01
 5.41753e+03  4.99384e-01
 5.41779e+03  4.95775e-01
 5.41805e+03  5.00634e-01
 5.41831e+03  4.98497e-01
 5.41857e+03  4.96959e-01
 5.41883e+03  4.95822e-01
 5.41909e+03  4.94736e-01
 5.41935e+03  4.95921e-01
 5.41961e+03  4.94051e-01
 5.41987e+03  4.94196e-01
 5.42013e+03  4.95058e-01
 5.42039e+03  4.92882e-01
 5.42065e+03  4.91558e-01
 5.42091e+03  4.98322e-01
 5.42117e+03  4.90144e-01
 5.42143e+03  4.90724e-01
 5.42169e+03  4.89440e-01
 5.42195e+03  4.87788e-01
 5.42221e+03  4.87126e-01
 5.42247e+03  4.85612e-01
 5.42273e+03  4.86985e-01
 5.42299e+03  4.87748e-01
 5.42325e+03  4.85400e-01
 5.42351e+03  4.87552e-01
 5.42377e+03  4.81011e-01
 5.42403e+03  4.82066e-01
 5.42429e+03  4.83045e-01
 5.42455e+03  4.81569e-01
 5.42481e+03  4.81794e-01
 5.42507e+03  4.81279e-01
 5.42533e+03  4.79505e-01
 5.42559e+03  4.81309e-01
 5.42585e+03  4.79466e-01
 5.42611e+03  4.81382e-01
 5.42637e+03  4.77222e-01
 5.42663e+03  4.76179e-01
 5.42689e+03  4.75275e-01
 5.42715e+03  4.77081e-01
 5.42741e+03  4.73472e-01
 5.42767e+03  4.71924e-01
 5.42793e+03  4.71487e-01
 5.42819e+03  4.70960e-01
 5.42845e+03  4.71126e-01
 5.42871e+03  4.71421e-01
 5.42897e+03  4.69542e-01
 5.42923e+03  4.64331e-01
 5.42949e+03  4.67966e-01
 5.42975e+03  4.64823e-01
 5.43001e+03  4.65606e-01
 5.43027e+03  4.63921e-01
 5.43053e+03  4.62979e-01
 5.43079e+03  4.63355e-01
 5.43105e+03  4.61386e-01
 5.43131e+03  4.59561e-01
 5.43157e+03  4.58947e-01
 5.43183e+03  4.57513e-01
 5.43209e+03  4.58066e-01
 5.43235e+03  4.57664e-01
 5.43261e+03  4.54030e-01
 5.43287e+03  4.54621e-01
 5.43313e+03  4.55098e-01
 5.43339e+03  4.51367e-01
 5.43365e+03  4.49113e-01
 5.43391e+03  4.49991e-01
 5.43417e+03  4.48964e-01
 5.43443e+03  4.49276e-01
 5.43469e+03  4.44730e-01
 5.43495e+03  4.45736e-01
 5.43521e+03  4.43655e-01
 5.43547e+03  4.44374e-01
 5.43573e+03  4.44299e-01
 5.43599e+03  4.40761e-01
 5.43625e+03  4.37363e-01
 5.43651e+03  4.38047e-01
 5.43677e+03  4.33312e-01
 5.43703e+03  4.33133e-01
 5.43729e+03  4.34167e-01
 5.43755e+03  4.29082e-01
 5.43781e+03  4.29406e-01
 5.43807e+03  4.28006e-01
 5.43833e+03  4.25770e-01
 5.43859e+03  4.23072e-01
 5.43885e+03  4.22054e-01
 5.43911e+03  4.20976e-01
 5.43937e+03  4.14389e-01
 5.43963e+03  4.12501e-01
 5.43989e+03  4.12368e-01
 5.44015e+03  4.10287e-01
 5.44041e+03  4.11408e-01
 5.44067e+03  4.07713e-01
 5.44093e+03  4.06642e-01
 5.44119e+03  4.05488e-01
 5.44145e+03  4.04001e-01
 5.44171e+03  3.99054e-01
 5.44197e+03  3.97068e-01
 5.44223e+03  3.96512e-01
 5.44249e+03  3.93228e-01
 5.44275e+03  3.90232e-01
 5.44301e+03  3.88104e-01
 5.44327e+03  3.85110e-01
 5.44353e+03  3.84294e-01
 5.44379e+03  3.80195e-01
 5.44405e+03  3.78743e-01
 5.44431e+03  3.73463e-01
 5.44457e+03  3.72292e-01
 5.44483e+03  3.69632e-01
 5.44509e+03  3.69000e-01
 5.44535e+03  3.64950e-01
 5.44561e+03  3.61026e-01
 5.44587e+03  3.58975e-01
 5.44613e+03  3.58183e-01
 5.44639e+03  3.53039e-01
 5.44665e+03  3.51918e-01
 5.44691e+03  3.47084e-01
 5.44717e+03  3.44145e-01
 5.44743e+03  3.41186e-01
 5.44769e+03  3.39176e-01
 5.44795e+03  3.34308e-01
 5.44821e+03  3.34363e-01
 5.44847e+03  3.29107e-01
 5.44873e+03  3.27515e-01
 5.44899e+03  3.25189e-01
 5.44925e+03  3.21545e-01
 5.44951e+03  3.15266e-01
 5.44977e+03  3.13453e-01
 5.45003e+03  3.08438e-01
 5.45029e+03  3.06819e-01
 5.45055e+03  3.05877e-01
 5.45081e+03  3.00619e-01
 5.45107e+03  2.95406e-01
 5.45133e+03  2.93071e-01
 5.45159e+03  2.90429e-01
 5.45185e+03  2.87423e-01
 5.45211e+03  2.83991e-01
 5.45237e+03  2.80826e-01
 5.45263e+03  2.76123e-01
 5.45289e+03  2.73711e-01
 5.45315e+03  2.72216e-01
 5.45341e+03  2.68051e-01
 5.45367e+03  2.63683e-01
 5.45393e+03  2.60772e-01
 5.45419e+03  2.57425e-01
 5.45445e+03  2.54373e-01
 5.45471e+03  2.51075e-01
 5.45497e+03  2.45212e-01
 5.45523e+03  2.44183e-01
 5.45549e+03  2.40352e-01
 5.45575e+03  2.36918e-01
 5.45601e+03  2.34403e-01
 5.45627e+03  2.30189e-01
 5.45653e+03  2.26157e-01
 5.45679e+03  2.24210e-01
 5.45705e+03  2.20277e-01
 5.45731e+03  2.17052e-01
 5.45757e+03  2.13027e-01
 5.45783e+03  2.11580e-01
 5.45809e+03  2.06677e-01
 5.45835e+03  2.06242e-01
 5.45861e+03  2.01730e-01
 5.45887e+03  1.97761e-01
 5.45913e+03  1.95573e-01
 5.45939e+03  1.93879e-01
 5.45965e+03  1.89872e-01
 5.45991e+03  1.86616e-01
 5.46017e+03  1.85033e-01
 5.46043e+03  1.80516e-01
 5.46069e+03  1.77387e-01
 5.46095e+03  1.77301e-01
 5.46121e+03  1.74032e-01
 5.46147e+03  1.68374e-01
 5.46173e+03  1.66962e-01
 5.46199e+03  1.62938e-01
 5.46225e+03  1.59800e-01
 5.46251e+03  1.59190e-01
 5.46277e+03  1.57317e-01
 5.46303e+03  1.52430e-01
 5.46329e+03  1.49250e-01
 5.46355e+03  1.47329e-01
 5.46381e+03  1.45572e-01
 5.46407e+03  1.42900e-01
 5.46433e+03  1.41363e-01
 5.46459e+03  1.38450e-01
 5.46485e+03  1.36738e-01
 5.46511e+03  1.34346e-01
 5.46537e+03  1.31333e-01
 5.46563e+03  1.28680e-01
 5.46589e+03  1.26820e-01
 5.46615e+03  1.24502e-01
 5.46641e+03  1.22539e-01
 5.46667e+03  1.19300e-01
 5.46693e+03  1.18318e-01
 5.46719e+03  1.15662e-01
 5.46745e+03  1.13774e-01
 5.46771e+03  1.11412e-01
 5.46797e+03  1.09224e-01
 5.46823e+03  1.07934e-01
 5.46849e+03  1.05283e-01
 5.46875e+03  1.05489e-01
 5.46901e+03  1.02140e-01
 5.46927e+03  9.84565e-02
 5.46953e+03  9.92253e-02
 5.46979e+03  9.68058e-02
 5.47005e+03  9.39546e-02
 5.47031e+03  9.33597e-02
 5.47057e+03  9.22330e-02
 5.47083e+03  8.98171e-02
 5.47109e+03  8.87280e-02
 5.47135e+03  8.77950e-02
 5.47161e+03  8.58996e-02
 5.47187e+03  8.33774e-02
 5.47213e+03  8.24916e-02
 5.47239e+03  8.15674e-02
 5.47265e+03  7.93611e-02
 5.47291e+03  7.84368e-02
 5.47317e+03  7.70908e-02
 5.47343e+03  7.46310e-02
 5.47369e+03  7.33405e-02
 5.47395e+03  7.23815e-02
 5.47421e+03  7.12594e-02
 5.47447e+03  7.02145e-02
 5.47473e+03  6.87986e-02
 5.47499e+03  6.76052e-02
 5.47525e+03  6.62175e-02
 5.47551e+03  6.53636e-02
 5.47577e+03  6.38952e-02
 5.47603e+03  6.35611e-02
 5.47629e+03  6.11336e-02
 5.47655e+03  6.09188e-02
 5.47681e+03  5.90679e-02
 5.47707e+03  5.79321e-02
 5.47733e+03  5.80592e-02
 5.47759e+03  5.67653e-02
 5.47785e+03  5.65874e-02
 5.47811e+03  5.47663e-02
 5.47837e+03  5.36224e-02
 5.47863e+03  5.32098e-02
 5.47889e+03  5.13193e-02
 5.47915e+03  4.99875e-02
 5.47941e+03  5.11858e-02
 5.47967e+03  4.89854e-02
 5.47993e+03  4.84082e-02
 5.48019e+03  4.76169e-02
 5.48045e+03  4.64537e-02
 5.48071e+03  4.62916e-02
 5.48097e+03  4.51221e-02
 5.48123e+03  4.37085e-02
 5.48149e+03  4.34304e-02
 5.48175e+03  4.28766e-02
 5.48201e+03  4.15448e-02
 5.48227e+03  4.15505e-02
 5.48253e+03  4.03226e-02
 5.48279e+03  4.02971e-02
 5.48305e+03  3.88433e-02
 5.48331e+03  3.79525e-02
 5.48357e+03  3.70315e-02
 5.48383e+03  3.70672e-02
 5.48409e+03  3.61478e-02
 5.48435e+03  3.61587e-02
 5.48461e+03  3.56615e-02
 5.48487e+03  3.48974e-02
 5.48513e+03  3.36002e-02
 5.48539e+03  3.39073e-02
 5.48565e+03  3.29716e-02
 5.48591e+03  3.26073e-02
 5.48617e+03  3.14690e-02
 5.48643e+03  3.20841e-02
 5.48669e+03  3.04985e-02
 5.48695e+03  3.08910e-02
 5.48721e+03  2.96663e-02
 5.48747e+03  2.93302e-02
 5.48773e+03  2.92584e-02
 5.48799e+03  2.85254e-02
 5.48825e+03  2.77416e-02
 5.48851e+03  2.76877e-02
 5.48877e+03  2.74274e-02
 5.48903e+03  2.66805e-02
 5.48929e+03  2.57515e-02
 5.48955e+03  2.61732e-02
 5.48981e+03  2.50242e-02
 5.49007e+03  2.45368e-02
 5.49033e+03  2.46052e-02
 5.49059e+03  2.40160e-02
 5.49085e+03  2.40565e-02
 5.49111e+03  2.32701e-02
 5.49137e+03  2.33575e-02
 5.49163e+03  2.26948e-02
 5.49189e+03  2.22602e-02
 5.49215e+03  2.15217e-02
 5.49241e+03  2.15421e-02
 5.49267e+03  2.15925e-02
 5.49293e+03  2.08323e-02
 5.49319e+03  2.05571e-02
 5.49345e+03  1.98923e-02
 5.49371e+03  2.03213e-02
 5.49397e+03  1.96654e-02
 5.49423e+03  1.96258e-02
 5.49449e+03  1.90871e-02
 5.49475e+03  1.91244e-02
 5.49501e+03  1.87465e-02
 5.49527e+03  1.84594e-02
 5.49553e+03  1.80325e-02
 5.49579e+03  1.81389e-02
 5.49605e+03  1.72940e-02
 5.49631e+03  1.71278e-02
 5.49657e+03  1.74098e-02
 5.49683e+03  1.66009e-02
 5.49709e+03  1.67017e-02
 5.49735e+03  1.63951e-02
 5.49761e+03  1.60390e-02
 5.49787e+03  1.58067e-02
 5.49813e+03  1.51830e-02
 5.49839e+03  1.54698e-02
 5.49865e+03  1.52851e-02
 5.49891e+03  1.53214e-02
 5.49917e+03  1.47328e-02
 5.49943e+03  1.46007e-02
 5.49969e+03  1.41563e-02
 5.49995e+03  1.38592e-02
 5.50021e+03  1.38671e-02
 5.50047e+03  1.37608e-02
 5.50073e+03  1.38211e-02
 5.50099e+03  1.28768e-02
 5.50125e+03  1.30277e-02
 5.50151e+03  1.26895e-02
 5.50177e+03  1.30581e-02
 5.50203e+03  1.30613e-02
 5.50229e+03  1.23890e-02
 5.50255e+03  1.22899e-02
 5.50281e+03  1.23464e-02
 5.50307e+03  1.20596e-02
 5.50333e+03  1.18242e-02
 5.50359e+03  1.20575e-02
 5.50385e+03  1.15747e-02
 5.50411e+03  1.11802e-02
 5.50437e+03  1.11688e-02
 5.50463e+03  1.12317e-02
 5.50489e+03  1.05913e-02
 5.50515e+03  1.09507e-02
 5.50541e+03  1.05082e-02
 5.50567e+03  1.06129e-02
 5.50593e+03  1.07345e-02
 5.50619e+03  1.02919e-02
 5.50645e+03  9.88175e-03
 5.50671e+03  9.87089e-03
 5.50697e+03  9.70986e-03
 5.50723e+03  9.90436e-03
 5.50749e+03  9.58442e-03
 5.50775e+03  9.72997e-03
 5.50801e+03  9.28525e-03
 5.50827e+03  8.94349e-03
 5.50853e+03  8.78343e-03
 5.50879e+03  9.27926e-03
 5.50905e+03  8.90450e-03
 5.50931e+03  8.49769e-03
 5.50957e+03  8.39923e-03
 5.50983e+03  8.48989e-03
 5.51009e+03  8.30652e-03
 5.51035e+03  7.96828e-03
 5.51061e+03  7.98171e-03
 5.51087e+03  7.93506e-03
 5.51113e+03  8.19375e-03
 5.51139e+03  7.86024e-03
 5.51165e+03  7.80246e-03
 5.51191e+03  7.95213e-03
 5.51217e+03  7.41392e-03
 5.51243e+03  7.32128e-03
 5.51269e+03  7.65810e-03
 5.51295e+03  7.47673e-03
 5.51321e+03  7.18861e-03
 5.51347e+03  7.42055e-03
 5.51373e+03  6.78618e-03
 5.51399e+03  6.77855e-03
 5.51425e+03  7.16461e-03
 5.51451e+03  7.23694e-03
 5.51477e+03  6.81063e-03
 5.51503e+03  6.57072e-03
 5.51529e+03  6.72106e-03
 5.51555e+03  6.48192e-03
 5.51581e+03  6.56098e-03
 5.51607e+03  6.51635e-03
 5.51633e+03  6.15007e-03
 5.51659e+03  6.21035e-03
 5.51685e+03  6.38336e-03
 5.51711e+03  5.95210e-03
 5.51737e+03  6.23666e-03
 5.51763e+03  5.86383e-03
 5.51789e+03  6.16083e-03
 5.51815e+03  6.03443e-03
 5.51841e+03  5.87286e-03
 5.51867e+03  6.11145e-03
 5.51893e+03  5.78758e-03
 5.51919e+03  5.41420e-03
 5.51945e+03  5.68873e-03
 5.51971e+03  5.47533e-03
 5.51997e+03  5.12763e-03
 5.52023e+03  5.34875e-03
 5.52049e+03  5.40158e-03
 5.52075e+03  5.35443e-03
 5.52101e+03  5.10280e-03
 5.52127e+03  4.86946e-03
 5.52153e+03  4.78902e-03
 5.52179e+03  4.80537e-03
 5.52205e+03  5.03269e-03
 5.52231e+03  5.32159e-03
 5.52257e+03  5.00676e-03
 5.52283e+03  4.53757e-03
 5.52309e+03  4.43961e-03
 5.52335e+03  4.63420e-03
 5.52361e+03  4.63632e-03
 5.52387e+03  4.36462e-03
 5.52413e+03  4.70105e-03
 5.52439e+03  4.75759e-03
 5.52465e+03  4.40547e-03
 5.52491e+03  4.39500e-03
 5.52517e+03  4.26516e-03
 5.52543e+03  4.52538e-03
 5.52569e+03  4.56955e-03
 5.52595e+03  4.29636e-03
 5.52621e+03  4.19627e-03
 5.52647e+03  4.14239e-03
 5.52673e+03  3.95628e-03
 5.52699e+03  4.24474e-03
 5.52725e+03  4.03282e-03
 5.52751e+03  3.99710e-03
 5.52777e+03  3.74261e-03
 5.52803e+03  3.78920e-03
 5.52829e+03  4.14122e-03
 5.52855e+03  3.88090e-03
 5.52881e+03  3.93487e-03
 5.52907e+03  3.64525e-03
 5.52933e+03  3.84350e-03
 5.52959e+03  3.67286e-03
 5.52985e+03  3.39066e-03
 5.53011e+03  3.63166e-03
 5.53037e+03  3.77444e-03
 5.53063e+03  3.73060e-03
 5.53089e+03  3.37756e-03
 5.53115e+03  3.19184e-03
 5.53141e+03  3.38964e-03
 5.53167e+03  3.44735e-03
 5.53193e+03  3.45192e-03
 5.53219e+03  3.19972e-03
 5.53245e+03  3.37984e-03
 5.53271e+03  3.37326e-03
 5.53297e+03  2.97101e-03
 5.53323e+03  3.49498e-03
 5.53349e+03  3.51737e-03
 5.53375e+03  3.27213e-03
 5.53401e+03  3.32851e-03
 5.53427e+03  2.95228e-03
 5.53453e+03  2.89059e-03
 5.53479e+03  2.96752e-03
 5.53505e+03  2.90813e-03
 5.53531e+03  2.88970e-03
 5.53557e+03  2.70022e-03
 5.53583e+03  3.02300e-03
 5.53609e+03  2.92367e-03
 5.53635e+03  3.03210e-03
 5.53661e+03  3.04960e-03
 5.53687e+03  2.86523e-03
 5.53713e+03  2.85677e-03
 5.53739e+03  2.67989e-03
 5.53765e+03  2.43852e-03
 5.53791e+03  2.67676e-03
 5.53817e+03  2.63303e-03
 5.53843e+03  2.68652e-03
 5.53869e+03  2.65735e-03
 5.53895e+03  2.74289e-03
 5.53921e+03  2.75344e-03
 5.53947e+03  2.60423e-03
 5.53973e+03  2.71522e-03
 5.53999e+03  2.45665e-03
 5.54025e+03  2.54360e-03
 5.54051e+03  2.34782e-03
 5.54077e+03  2.57859e-03
 5.54103e+03  2.18143e-03
 5.54129e+03  2.55535e-03
 5.54155e+03  2.19932e-03
 5.54181e+03  2.47273e-03
 5.54207e+03  2.43495e-03
 5.54233e+03  1.99183e-03
 5.54259e+03  2.31874e-03
 5.54285e+03  2.53684e-03
 5.54311e+03  2.78537e-03
 5.54337e+03  2.30843e-03
 5.54363e+03  2.28608e-03
 5.54389e+03  2.30683e-03
 5.54415e+03  2.08320e-03
 5.54441e+03  2.29478e-03
 5.54467e+03  2.09264e-03
 5.54493e+03  2.52113e-03
 5.54519e+03  2.20699e-03
 5.54545e+03  2.39333e-03
 5.54571e+03  2.45570e-03
 5.54597e+03  2.10958e-03
 5.54623e+03  2.36614e-03
 5.54649e+03  2.25120e-03
 5.54675e+03  2.17644e-03
 5.54701e+03  2.08112e-03
 5.54727e+03  1.98322e-03
 5.54753e+03  2.02378e-03
 5.54779e+03  1.91600e-03
 5.54805e+03  1.86191e-03
 5.54831e+03  1.93735e-03
 5.54857e+03  2.11009e-03
 5.54883e+03  1.90643e-03
 5.54909e+03  1.93516e-03
 5.54935e+03  2.13543e-03
 5.54961e+03  1.78264e-03
 5.54987e+03  2.00138e-03
 5.55013e+03  1.87184e-03
 5.55039e+03  1.94323e-03
 5.55065e+03  2.05627e-03
 5.55091e+03  1.86818e-03
 5.55117e+03  1.89950e-03
 5.55143e+03  1.77799e-03
 5.55169e+03  1.98721e-03
 5.55195e+03  1.79250e-03
 5.55221e+03  1.66572e-03
 5.55247e+03  1.78111e-03
 5.55273e+03  1.69603e-03
 5.55299e+03  1.69010e-03
 5.55325e+03  1.45088e-03
 5.55351e+03  1.74077e-03
 5.55377e+03  1.45773e-03
 5.55403e+03  1.61618e-03
 5.55429e+03  1.73590e-03
 5.55455e+03  1.53960e-03
 5.55481e+03  1.65382e-03
 5.55507e+03  1.55659e-03
 5.55533e+03  1.84626e-03
 5.55559e+03  1.86940e-03
 5.55585e+03  1.75579e-03
 5.55611e+03  1.56386e-03
 5.55637e+03  1.54572e-03
 5.55663e+03  1.65918e-03
 5.55689e+03  1.51468e-03
 5.55715e+03  1.68838e-03
 5.55741e+03  1.64282e-03
 5.55767e+03  1.78696e-03
 5.55793e+03  1.48878e-03
 5.55819e+03  1.42668e-03
 5.55845e+03  1.37821e-03
 5.55871e+03  1.70876e-03
 5.55897e+03  1.46909e-03
 5.55923e+03  1.61854e-03
 5.55949e+03  1.60126e-03
 5.55975e+03  1.67829e-03
 5.56001e+03  1.57504e-03
 5.56027e+03  1.63454e-03
 5.56053e+03  1.38066e-03
 5.56079e+03  1.61606e-03
 5.56105e+03  1.15728e-03
 5.56131e+03  1.49086e-03
 5.56157e+03  1.32937e-03
 5.56183e+03  1.51585e-03
 5.56209e+03  1.54854e-03
 5.56235e+03  1.54718e-03
 5.56261e+03  1.55777e-03
 5.56287e+03  1.40398e-03
 5.56313e+03  1.69784e-03
 5.56339e+03  1.26270e-03
 5.56365e+03  1.45672e-03
 5.56391e+03  1.28607e-03
 5.56417e+03  1.24873e-03
 5.56443e+03  1.31165e-03
 5.56469e+03  1.23708e-03
 5.56495e+03  1.53758e-03
 5.56521e+03  1.63648e-03
 5.56547e+03  1.25703e-03
 5.56573e+03  1.47436e-03
 5.56599e+03  1.36500e-03
 5.56625e+03  1.15770e-03
 5.56651e+03  1.07245e-03
 5.56677e+03  1.25025e-03
 5.56703e+03  1.10722e-03
 5.56729e+03  1.36883e-03
 5.56755e+03  1.38716e-03
 5.56781e+03  9.97229e-04
 5.56807e+03  1.15369e-03
 5.56833e+03  8.70905e-04
 5.56859e+03  1.13509e-03
 5.56885e+03  1.18319e-03
 5.56911e+03  1.37173e-03
 5.56937e+03  1.18008e-03
 5.56963e+03  1.47241e-03
 5.56989e+03  1.42967e-03
 5.57015e+03  1.26895e-03
 5.57041e+03  1.17545e-03
 5.57067e+03  1.35788e-03
 5.57093e+03  1.32059e-03
 5.57119e+03  1.25949e-03
 5.57145e+03  1.10251e-03
 5.57171e+03  1.04048e-03
 5.57197e+03  1.25278e-03
 5.57223e+03  1.17470e-03
 5.57249e+03  1.17340e-03
 5.57275e+03  1.06171e-03
 5.57301e+03  1.27779e-03
 5.57327e+03  9.92489e-04
 5.57353e+03  7.38749e-04
 5.57379e+03  1.18800e-03
 5.57405e+03  1.31516e-03
 5.57431e+03  1.02475e-03
 5.57457e+03  9.62610e-04
 5.57483e+03  1.13187e-03
 5.57509e+03  1.26486e-03
 5.57535e+03  1.20297e-03
 5.57561e+03  1.15523e-03
 5.57587e+03  9.61840e-04
 5.57613e+03  1.10555e-03
 5.57639e+03  1.28294e-03
 5.57665e+03  1.23106e-03
 5.57691e+03  1.34535e-03
 5.57717e+03  1.19669e-03
 5.57743e+03  9.63969e-04
 5.57769e+03  1.14926e-03
 5.57795e+03  9.06609e-04
 5.57821e+03  1.11037e-03
 5.57847e+03  1.17762e-03
 5.57873e+03  7.48513e-04
 5.57899e+03  9.70694e-04
 5.57925e+03  9.66145e-04
 5.57951e+03  1.08668e-03
 5.57977e+03  1.04337e-03
 5.58003e+03  1.19877e-03
 5.58029e+03  8.85353e-04
 5.58055e+03  1.14931e-03
 5.58081e+03  1.27091e-03
 5.58107e+03  1.06892e-03
 5.58133e+03  9.93757e-04
 5.58159e+03  1.02283e-03
 5.58185e+03  1.26044e-03
 5.58211e+03  1.21794e-03
 5.58237e+03  1.09008e-03
 5.58263e+03  9.34237e-04
 5.58289e+03  8.83800e-04
 5.58315e+03  9.76047e-04
 5.58341e+03  6.62981e-04
 5.58367e+03  8.12391e-04
 5.58393e+03  9.39591e-04
 5.58419e+03  9.51630e-04
 5.58445e+03  9.91597e-04
 5.58471e+03  9.14974e-04
 5.58497e+03  9.21071e-04
 5.58523e+03  1.01776e-03
 5.58549e+03  7.76706e-04
 5.58575e+03  7.43907e-04
 5.58601e+03  9.32735e-04
 5.58627e+03  1.05972e-03
 5.58653e+03  7.62839e-04
 5.58679e+03  8.49192e-04
 5.58705e+03  1.04813e-03
 5.58731e+03  9.84037e-04
 5.58757e+03  1.12674e-03
 5.58783e+03  7.83540e-04
 5.58809e+03  8.13296e-04
 5.58835e+03  1.03942e-03
 5.58861e+03  7.16407e-04
 5.58887e+03  1.00906e-03
 5.58913e+03  9.89072e-04
 5.58939e+03  1.20888e-03
 5.58965e+03  9.41696e-04
 5.58991e+03  8.81391e-04
 5.59017e+03  1.09226e-03
 5.59043e+03  9.20593e-04
 5.59069e+03  8.81188e-04
 5.59095e+03  1.15180e-03
 5.59121e+03  8.13114e-04
 5.59147e+03  7.59093e-04
 5.59173e+03  8.96928e-04
 5.59199e+03  9.68306e-04
 5.59225e+03  9.18225e-04
 5.59251e+03  7.98614e-04
 5.59277e+03  1.02009e-03
 5.59303e+03  1.01340e-03
 5.59329e+03  9.49977e-04
 5.59355e+03  8.48597e-04
 5.59381e+03  6.67817e-04
 5.59407e+03  8.36198e-04
 5.59433e+03  7.12377e-04
 5.59459e+03  7.27772e-04
 5.59485e+03  1.04546e-03
 5.59511e+03  7.32449e-04
 5.59537e+03  1.07701e-03
 5.59563e+03  7.64125e-04
 5.59589e+03  7.69076e-04
 5.59615e+03  7.92735e-04
 5.59641e+03  9.11360e-04
 5.59667e+03  7.92775e-04
 5.59693e+03  7.87735e-04
 5.59719e+03  8.11077e-04
 5.59745e+03  6.10908e-04
 5.59771e+03  5.86691e-04
 5.59797e+03  8.13664e-04
 5.59823e+03  7.78848e-04
 5.59849e+03  1.00838e-03
 5.59875e+03  7.14148e-04
 5.59901e+03  8.34236e-04
 5.59927e+03  8.37686e-04
 5.59953e+03  9.03011e-04
 5.59979e+03  1.06085e-03
 5.60005e+03  9.50904e-04
