3.50162e+03 1.32306e-02 
3.50368e+03 1.32306e-02 
3.50574e+03 1.37228e-02 
3.50780e+03 1.37228e-02 
3.50986e+03 1.21703e-02 
3.51192e+03 1.27320e-02 
3.51398e+03 1.27320e-02 
3.51604e+03 1.20886e-02 
3.51810e+03 1.14208e-02 
3.52016e+03 1.11515e-02 
3.52222e+03 1.06021e-02 
3.52428e+03 1.06021e-02 
3.52634e+03 1.11515e-02 
3.52840e+03 1.26416e-02 
3.53046e+03 1.26416e-02 
3.53252e+03 1.27664e-02 
3.53458e+03 1.26416e-02 
3.53664e+03 1.26173e-02 
3.53870e+03 1.26173e-02 
3.54076e+03 1.40606e-02 
3.54282e+03 1.26173e-02 
3.54488e+03 1.22270e-02 
3.54694e+03 1.22270e-02 
3.54900e+03 1.17162e-02 
3.55106e+03 1.17162e-02 
3.55312e+03 1.13944e-02 
3.55518e+03 1.13944e-02 
3.55724e+03 1.13944e-02 
3.55930e+03 1.15088e-02 
3.56136e+03 9.41678e-03 
3.56342e+03 1.15088e-02 
3.56548e+03 9.55058e-03 
3.56754e+03 1.20335e-02 
3.56960e+03 1.13220e-02 
3.57166e+03 1.19498e-02 
3.57372e+03 1.19498e-02 
3.57578e+03 1.20136e-02 
3.57784e+03 1.20136e-02 
3.57990e+03 1.38046e-02 
3.58196e+03 1.42851e-02 
3.58402e+03 1.44489e-02 
3.58608e+03 1.50351e-02 
3.58814e+03 1.59123e-02 
3.59020e+03 1.50351e-02 
3.59226e+03 1.50351e-02 
3.59432e+03 1.45173e-02 
3.59638e+03 1.44813e-02 
3.59844e+03 1.44813e-02 
3.60050e+03 1.45173e-02 
3.60256e+03 1.48210e-02 
3.60462e+03 1.48210e-02 
3.60668e+03 1.48210e-02 
3.60874e+03 1.44559e-02 
3.61080e+03 1.43691e-02 
3.61286e+03 1.43691e-02 
3.61492e+03 1.41849e-02 
3.61698e+03 1.41849e-02 
3.61904e+03 1.41849e-02 
3.62110e+03 1.45269e-02 
3.62316e+03 1.37864e-02 
3.62522e+03 1.37864e-02 
3.62728e+03 1.22329e-02 
3.62934e+03 1.22329e-02 
3.63140e+03 1.17202e-02 
3.63346e+03 1.22329e-02 
3.63552e+03 1.22329e-02 
3.63758e+03 1.16947e-02 
3.63964e+03 1.16250e-02 
3.64170e+03 1.16947e-02 
3.64376e+03 1.16947e-02 
3.64582e+03 1.26723e-02 
3.64788e+03 1.34914e-02 
3.64994e+03 1.43373e-02 
3.65200e+03 1.43373e-02 
3.65406e+03 1.43373e-02 
3.65612e+03 1.35192e-02 
3.65818e+03 1.31843e-02 
3.66024e+03 1.31843e-02 
3.66230e+03 1.35192e-02 
3.66436e+03 1.45197e-02 
3.66642e+03 1.45197e-02 
3.66848e+03 1.45197e-02 
3.67054e+03 1.45197e-02 
3.67260e+03 1.52230e-02 
3.67466e+03 1.52230e-02 
3.67672e+03 1.52685e-02 
3.67878e+03 1.52685e-02 
3.68084e+03 1.52685e-02 
3.68290e+03 1.47484e-02 
3.68496e+03 1.44622e-02 
3.68702e+03 1.37156e-02 
3.68908e+03 1.37156e-02 
3.69114e+03 1.47484e-02 
3.69320e+03 1.56920e-02 
3.69526e+03 1.56920e-02 
3.69732e+03 1.65034e-02 
3.69938e+03 1.65034e-02 
3.70144e+03 1.49575e-02 
3.70350e+03 1.46441e-02 
3.70556e+03 1.46441e-02 
3.70762e+03 1.45314e-02 
3.70968e+03 1.46441e-02 
3.71174e+03 1.47981e-02 
3.71380e+03 1.47981e-02 
3.71586e+03 1.46685e-02 
3.71792e+03 1.47981e-02 
3.71998e+03 1.46718e-02 
3.72204e+03 1.46718e-02 
3.72410e+03 1.46718e-02 
3.72616e+03 1.52215e-02 
3.72822e+03 1.52215e-02 
3.73028e+03 1.62336e-02 
3.73234e+03 1.62420e-02 
3.73440e+03 1.62420e-02 
3.73646e+03 1.76465e-02 
3.73852e+03 1.76681e-02 
3.74058e+03 1.76465e-02 
3.74264e+03 1.64079e-02 
3.74470e+03 1.76681e-02 
3.74676e+03 1.69544e-02 
3.74882e+03 1.69544e-02 
3.75088e+03 1.69544e-02 
3.75294e+03 1.77006e-02 
3.75500e+03 1.77006e-02 
3.75706e+03 1.77006e-02 
3.75912e+03 1.84134e-02 
3.76118e+03 1.88351e-02 
3.76324e+03 1.85356e-02 
3.76530e+03 1.84134e-02 
3.76736e+03 1.84134e-02 
3.76942e+03 1.74745e-02 
3.77148e+03 1.71732e-02 
3.77354e+03 1.59898e-02 
3.77560e+03 1.58374e-02 
3.77766e+03 1.59898e-02 
3.77972e+03 1.59898e-02 
3.78178e+03 1.59898e-02 
3.78384e+03 1.74857e-02 
3.78590e+03 1.79036e-02 
3.78796e+03 1.74857e-02 
3.79002e+03 1.74857e-02 
3.79208e+03 1.86534e-02 
3.79414e+03 1.63659e-02 
3.79620e+03 1.56144e-02 
3.79826e+03 1.63659e-02 
3.80032e+03 1.64408e-02 
3.80238e+03 1.64408e-02 
3.80444e+03 1.66648e-02 
3.80650e+03 1.69047e-02 
3.80856e+03 1.91783e-02 
3.81062e+03 1.96731e-02 
3.81268e+03 1.81489e-02 
3.81474e+03 1.96731e-02 
3.81680e+03 1.96731e-02 
3.81886e+03 1.96731e-02 
3.82092e+03 1.93377e-02 
3.82298e+03 1.93377e-02 
3.82504e+03 1.83318e-02 
3.82710e+03 1.83318e-02 
3.82916e+03 1.83318e-02 
3.83122e+03 1.84983e-02 
3.83328e+03 1.88899e-02 
3.83534e+03 1.88899e-02 
3.83740e+03 1.84983e-02 
3.83946e+03 1.84548e-02 
3.84152e+03 1.84548e-02 
3.84358e+03 1.84548e-02 
3.84564e+03 1.98989e-02 
3.84770e+03 2.44494e-02 
3.84976e+03 2.44494e-02 
3.85182e+03 1.98989e-02 
3.85388e+03 1.98140e-02 
3.85594e+03 1.96438e-02 
3.85800e+03 1.96438e-02 
3.86006e+03 1.93374e-02 
3.86212e+03 1.90733e-02 
3.86418e+03 1.93374e-02 
3.86624e+03 2.26761e-02 
3.86830e+03 2.09997e-02 
3.87036e+03 2.09997e-02 
3.87242e+03 2.09997e-02 
3.87448e+03 2.09997e-02 
3.87654e+03 2.09851e-02 
3.87860e+03 2.05856e-02 
3.88066e+03 2.09851e-02 
3.88272e+03 2.09851e-02 
3.88478e+03 2.09851e-02 
3.88684e+03 2.11093e-02 
3.88890e+03 2.11093e-02 
3.89096e+03 2.11093e-02 
3.89302e+03 2.11093e-02 
3.89508e+03 2.11093e-02 
3.89714e+03 2.16626e-02 
3.89920e+03 2.16626e-02 
3.90126e+03 2.08300e-02 
3.90332e+03 2.08496e-02 
3.90538e+03 2.08496e-02 
3.90744e+03 2.08300e-02 
3.90950e+03 2.08496e-02 
3.91156e+03 2.25564e-02 
3.91362e+03 2.25564e-02 
3.91568e+03 2.29538e-02 
3.91774e+03 2.29538e-02 
3.91980e+03 2.45297e-02 
3.92186e+03 2.38623e-02 
3.92392e+03 2.47476e-02 
3.92598e+03 2.47476e-02 
3.92804e+03 2.47476e-02 
3.93010e+03 2.58763e-02 
3.93216e+03 2.60829e-02 
3.93422e+03 2.62650e-02 
3.93628e+03 2.60829e-02 
3.93834e+03 2.60829e-02 
3.94040e+03 2.62650e-02 
3.94246e+03 2.55344e-02 
3.94452e+03 2.55344e-02 
3.94658e+03 2.61422e-02 
3.94864e+03 2.70726e-02 
3.95070e+03 2.61422e-02 
3.95276e+03 2.61422e-02 
3.95482e+03 2.61422e-02 
3.95688e+03 2.62964e-02 
3.95894e+03 2.62964e-02 
3.96100e+03 2.62964e-02 
3.96306e+03 2.87058e-02 
3.96512e+03 2.87058e-02 
3.96718e+03 2.92503e-02 
3.96924e+03 2.93590e-02 
3.97130e+03 2.94868e-02 
3.97336e+03 2.97696e-02 
3.97542e+03 3.03334e-02 
3.97748e+03 3.09695e-02 
3.97954e+03 3.09695e-02 
3.98160e+03 3.21030e-02 
3.98366e+03 3.21030e-02 
3.98572e+03 3.25285e-02 
3.98778e+03 3.13099e-02 
3.98984e+03 3.27336e-02 
3.99190e+03 3.27336e-02 
3.99396e+03 3.45287e-02 
3.99602e+03 3.45287e-02 
3.99808e+03 3.45287e-02 
4.00014e+03 3.45287e-02 
4.00220e+03 3.56110e-02 
4.00426e+03 3.56110e-02 
4.00632e+03 3.56110e-02 
4.00838e+03 3.68628e-02 
4.01044e+03 3.69205e-02 
4.01250e+03 3.72277e-02 
4.01456e+03 3.72277e-02 
4.01662e+03 3.79699e-02 
4.01868e+03 3.87457e-02 
4.02074e+03 3.88431e-02 
4.02280e+03 4.19416e-02 
4.02486e+03 4.22082e-02 
4.02692e+03 4.37846e-02 
4.02898e+03 4.49154e-02 
4.03104e+03 4.50005e-02 
4.03310e+03 4.62843e-02 
4.03516e+03 4.63992e-02 
4.03722e+03 4.69191e-02 
4.03928e+03 5.06367e-02 
4.04134e+03 5.35883e-02 
4.04340e+03 5.42230e-02 
4.04546e+03 5.48275e-02 
4.04752e+03 5.73835e-02 
4.04958e+03 5.81386e-02 
4.05164e+03 5.83862e-02 
4.05370e+03 6.31001e-02 
4.05576e+03 6.44429e-02 
4.05782e+03 6.68341e-02 
4.05988e+03 6.81626e-02 
4.06194e+03 6.91833e-02 
4.06400e+03 7.08591e-02 
4.06606e+03 7.15770e-02 
4.06812e+03 7.53558e-02 
4.07018e+03 7.54469e-02 
4.07224e+03 7.74284e-02 
4.07430e+03 8.40587e-02 
4.07636e+03 8.60848e-02 
4.07842e+03 9.01500e-02 
4.08048e+03 9.19878e-02 
4.08254e+03 9.59298e-02 
4.08460e+03 9.86976e-02 
4.08666e+03 1.02117e-01 
4.08872e+03 1.05478e-01 
4.09078e+03 1.10166e-01 
4.09284e+03 1.13606e-01 
4.09490e+03 1.17720e-01 
4.09696e+03 1.18984e-01 
4.09902e+03 1.24828e-01 
4.10108e+03 1.29330e-01 
4.10314e+03 1.31509e-01 
4.10520e+03 1.40834e-01 
4.10726e+03 1.42525e-01 
4.10932e+03 1.45583e-01 
4.11138e+03 1.51621e-01 
4.11344e+03 1.59401e-01 
4.11550e+03 1.62962e-01 
4.11756e+03 1.68086e-01 
4.11962e+03 1.75073e-01 
4.12168e+03 1.80919e-01 
4.12374e+03 1.92279e-01 
4.12580e+03 1.94608e-01 
4.12786e+03 1.98690e-01 
4.12992e+03 2.05494e-01 
4.13198e+03 2.14233e-01 
4.13404e+03 2.18150e-01 
4.13610e+03 2.22806e-01 
4.13816e+03 2.30298e-01 
4.14022e+03 2.33459e-01 
4.14228e+03 2.43419e-01 
4.14434e+03 2.53759e-01 
4.14640e+03 2.58214e-01 
4.14846e+03 2.65005e-01 
4.15052e+03 2.68682e-01 
4.15258e+03 2.82003e-01 
4.15464e+03 2.86679e-01 
4.15670e+03 2.92598e-01 
4.15876e+03 2.95091e-01 
4.16082e+03 3.07746e-01 
4.16288e+03 3.10010e-01 
4.16494e+03 3.16701e-01 
4.16700e+03 3.25322e-01 
4.16906e+03 3.29748e-01 
4.17112e+03 3.33592e-01 
4.17318e+03 3.46957e-01 
4.17524e+03 3.47426e-01 
4.17730e+03 3.53398e-01 
4.17936e+03 3.58146e-01 
4.18142e+03 3.58204e-01 
4.18348e+03 3.73374e-01 
4.18554e+03 3.76180e-01 
4.18760e+03 3.78617e-01 
4.18966e+03 3.84979e-01 
4.19172e+03 3.90228e-01 
4.19378e+03 3.96325e-01 
4.19584e+03 3.96985e-01 
4.19790e+03 4.00926e-01 
4.19996e+03 4.11067e-01 
4.20202e+03 4.11479e-01 
4.20408e+03 4.15237e-01 
4.20614e+03 4.21850e-01 
4.20820e+03 4.27935e-01 
4.21026e+03 4.30099e-01 
4.21232e+03 4.30117e-01 
4.21438e+03 4.41242e-01 
4.21644e+03 4.43452e-01 
4.21850e+03 4.44295e-01 
4.22056e+03 4.48824e-01 
4.22262e+03 4.49038e-01 
4.22468e+03 4.51297e-01 
4.22674e+03 4.52639e-01 
4.22880e+03 4.59594e-01 
4.23086e+03 4.61195e-01 
4.23292e+03 4.67893e-01 
4.23498e+03 4.69602e-01 
4.23704e+03 4.70842e-01 
4.23910e+03 4.71049e-01 
4.24116e+03 4.73161e-01 
4.24322e+03 4.78520e-01 
4.24528e+03 4.78714e-01 
4.24734e+03 4.80454e-01 
4.24940e+03 4.85458e-01 
4.25146e+03 4.85589e-01 
4.25352e+03 4.90751e-01 
4.25558e+03 4.90753e-01 
4.25764e+03 4.91559e-01 
4.25970e+03 4.93939e-01 
4.26176e+03 4.95913e-01 
4.26382e+03 4.96397e-01 
4.26588e+03 4.99258e-01 
4.26794e+03 4.98965e-01 
4.27000e+03 4.99258e-01 
4.27206e+03 4.99301e-01 
4.27412e+03 5.05930e-01 
4.27618e+03 5.07668e-01 
4.27824e+03 5.10482e-01 
4.28030e+03 5.10482e-01 
4.28236e+03 5.10482e-01 
4.28442e+03 5.10482e-01 
4.28648e+03 5.12072e-01 
4.28854e+03 5.12072e-01 
4.29060e+03 5.16246e-01 
4.29266e+03 5.18931e-01 
4.29472e+03 5.19735e-01 
4.29678e+03 5.23482e-01 
4.29884e+03 5.23547e-01 
4.30090e+03 5.23547e-01 
4.30296e+03 5.27701e-01 
4.30502e+03 5.27701e-01 
4.30708e+03 5.28054e-01 
4.30914e+03 5.28744e-01 
4.31120e+03 5.28744e-01 
4.31326e+03 5.30008e-01 
4.31532e+03 5.31108e-01 
4.31738e+03 5.31108e-01 
4.31944e+03 5.32144e-01 
4.32150e+03 5.36414e-01 
4.32356e+03 5.37918e-01 
4.32562e+03 5.38080e-01 
4.32768e+03 5.41499e-01 
4.32974e+03 5.41499e-01 
4.33180e+03 5.41499e-01 
4.33386e+03 5.41990e-01 
4.33592e+03 5.43429e-01 
4.33798e+03 5.43429e-01 
4.34004e+03 5.43607e-01 
4.34210e+03 5.43607e-01 
4.34416e+03 5.47417e-01 
4.34622e+03 5.46599e-01 
4.34828e+03 5.47417e-01 
4.35034e+03 5.48019e-01 
4.35240e+03 5.49123e-01 
4.35446e+03 5.49123e-01 
4.35652e+03 5.50767e-01 
4.35858e+03 5.52296e-01 
4.36064e+03 5.52296e-01 
4.36270e+03 5.52296e-01 
4.36476e+03 5.53159e-01 
4.36682e+03 5.53812e-01 
4.36888e+03 5.53812e-01 
4.37094e+03 5.55226e-01 
4.37300e+03 5.57145e-01 
4.37506e+03 5.58646e-01 
4.37712e+03 5.59079e-01 
4.37918e+03 5.58646e-01 
4.38124e+03 5.59811e-01 
4.38330e+03 5.60741e-01 
4.38536e+03 5.60741e-01 
4.38742e+03 5.60741e-01 
4.38948e+03 5.60868e-01 
4.39154e+03 5.62708e-01 
4.39360e+03 5.63199e-01 
4.39566e+03 5.63199e-01 
4.39772e+03 5.62954e-01 
4.39978e+03 5.62954e-01 
4.40184e+03 5.68722e-01 
4.40390e+03 5.62954e-01 
4.40596e+03 5.68722e-01 
4.40802e+03 5.68722e-01 
4.41008e+03 5.68722e-01 
4.41214e+03 5.68960e-01 
4.41420e+03 5.70076e-01 
4.41626e+03 5.70076e-01 
4.41832e+03 5.70706e-01 
4.42038e+03 5.72308e-01 
4.42244e+03 5.74030e-01 
4.42450e+03 5.73755e-01 
4.42656e+03 5.73755e-01 
4.42862e+03 5.73755e-01 
4.43068e+03 5.74990e-01 
4.43274e+03 5.75443e-01 
4.43480e+03 5.78532e-01 
4.43686e+03 5.78532e-01 
4.43892e+03 5.76317e-01 
4.44098e+03 5.76317e-01 
4.44304e+03 5.76979e-01 
4.44510e+03 5.76979e-01 
4.44716e+03 5.80319e-01 
4.44922e+03 5.80411e-01 
4.45128e+03 5.81950e-01 
4.45334e+03 5.81950e-01 
4.45540e+03 5.80411e-01 
4.45746e+03 5.78845e-01 
4.45952e+03 5.77967e-01 
4.46158e+03 5.76345e-01 
4.46364e+03 5.76345e-01 
4.46570e+03 5.76345e-01 
4.46776e+03 5.82292e-01 
4.46982e+03 5.82650e-01 
4.47188e+03 5.82650e-01 
4.47394e+03 5.82292e-01 
4.47600e+03 5.80392e-01 
4.47806e+03 5.79709e-01 
4.48012e+03 5.78441e-01 
4.48218e+03 5.78365e-01 
4.48424e+03 5.78365e-01 
4.48630e+03 5.78350e-01 
4.48836e+03 5.78350e-01 
4.49042e+03 5.78350e-01 
4.49248e+03 5.81570e-01 
4.49454e+03 5.78847e-01 
4.49660e+03 5.82747e-01 
4.49866e+03 5.78847e-01 
4.50072e+03 5.79795e-01 
4.50278e+03 5.79549e-01 
4.50484e+03 5.79795e-01 
4.50690e+03 5.79795e-01 
4.50896e+03 5.80353e-01 
4.51102e+03 5.80353e-01 
4.51308e+03 5.81182e-01 
4.51514e+03 5.81719e-01 
4.51720e+03 5.81182e-01 
4.51926e+03 5.81182e-01 
4.52132e+03 5.81436e-01 
4.52338e+03 5.81436e-01 
4.52544e+03 5.80326e-01 
4.52750e+03 5.79669e-01 
4.52956e+03 5.79669e-01 
4.53162e+03 5.79669e-01 
4.53368e+03 5.82103e-01 
4.53574e+03 5.82922e-01 
4.53780e+03 5.82922e-01 
4.53986e+03 5.82922e-01 
4.54192e+03 5.84280e-01 
4.54398e+03 5.84280e-01 
4.54604e+03 5.82529e-01 
4.54810e+03 5.83913e-01 
4.55016e+03 5.82529e-01 
4.55222e+03 5.81031e-01 
4.55428e+03 5.81031e-01 
4.55634e+03 5.81031e-01 
4.55840e+03 5.81031e-01 
4.56046e+03 5.82541e-01 
4.56252e+03 5.82541e-01 
4.56458e+03 5.78968e-01 
4.56664e+03 5.78968e-01 
4.56870e+03 5.78220e-01 
4.57076e+03 5.78220e-01 
4.57282e+03 5.78220e-01 
4.57488e+03 5.78556e-01 
4.57694e+03 5.78626e-01 
4.57900e+03 5.79006e-01 
4.58106e+03 5.79895e-01 
4.58312e+03 5.79006e-01 
4.58518e+03 5.79912e-01 
4.58724e+03 5.79006e-01 
4.58930e+03 5.79912e-01 
4.59136e+03 5.78112e-01 
4.59342e+03 5.79912e-01 
4.59548e+03 5.78112e-01 
4.59754e+03 5.80766e-01 
4.59960e+03 5.79285e-01 
4.60166e+03 5.79285e-01 
4.60372e+03 5.78326e-01 
4.60578e+03 5.79285e-01 
4.60784e+03 5.78326e-01 
4.60990e+03 5.77801e-01 
4.61196e+03 5.76762e-01 
4.61402e+03 5.76597e-01 
4.61608e+03 5.76597e-01 
4.61814e+03 5.76597e-01 
4.62020e+03 5.76057e-01 
4.62226e+03 5.76057e-01 
4.62432e+03 5.76057e-01 
4.62638e+03 5.74493e-01 
4.62844e+03 5.74493e-01 
4.63050e+03 5.74332e-01 
4.63256e+03 5.74002e-01 
4.63462e+03 5.74002e-01 
4.63668e+03 5.73843e-01 
4.63874e+03 5.73077e-01 
4.64080e+03 5.71939e-01 
4.64286e+03 5.73423e-01 
4.64492e+03 5.71939e-01 
4.64698e+03 5.69220e-01 
4.64904e+03 5.69220e-01 
4.65110e+03 5.68754e-01 
4.65316e+03 5.67538e-01 
4.65522e+03 5.67666e-01 
4.65728e+03 5.67666e-01 
4.65934e+03 5.68363e-01 
4.66140e+03 5.67666e-01 
4.66346e+03 5.68363e-01 
4.66552e+03 5.68363e-01 
4.66758e+03 5.65012e-01 
4.66964e+03 5.63904e-01 
4.67170e+03 5.61504e-01 
4.67376e+03 5.60760e-01 
4.67582e+03 5.60734e-01 
4.67788e+03 5.59746e-01 
4.67994e+03 5.58626e-01 
4.68200e+03 5.58095e-01 
4.68406e+03 5.57627e-01 
4.68612e+03 5.57627e-01 
4.68818e+03 5.57807e-01 
4.69024e+03 5.56242e-01 
4.69230e+03 5.56242e-01 
4.69436e+03 5.56242e-01 
4.69642e+03 5.53942e-01 
4.69848e+03 5.50409e-01 
4.70054e+03 5.48955e-01 
4.70260e+03 5.48955e-01 
4.70466e+03 5.48555e-01 
4.70672e+03 5.48555e-01 
4.70878e+03 5.46013e-01 
4.71084e+03 5.44239e-01 
4.71290e+03 5.43401e-01 
4.71496e+03 5.42442e-01 
4.71702e+03 5.42442e-01 
4.71908e+03 5.39646e-01 
4.72114e+03 5.39126e-01 
4.72320e+03 5.38035e-01 
4.72526e+03 5.35140e-01 
4.72732e+03 5.33816e-01 
4.72938e+03 5.32925e-01 
4.73144e+03 5.32640e-01 
4.73350e+03 5.32340e-01 
4.73556e+03 5.29373e-01 
4.73762e+03 5.29373e-01 
4.73968e+03 5.28221e-01 
4.74174e+03 5.28476e-01 
4.74380e+03 5.28476e-01 
4.74586e+03 5.26630e-01 
4.74792e+03 5.22232e-01 
4.74998e+03 5.20271e-01 
4.75204e+03 5.17559e-01 
4.75410e+03 5.17559e-01 
4.75616e+03 5.15622e-01 
4.75822e+03 5.14773e-01 
4.76028e+03 5.14035e-01 
4.76234e+03 5.12240e-01 
4.76440e+03 5.12005e-01 
4.76646e+03 5.11625e-01 
4.76852e+03 5.09913e-01 
4.77058e+03 5.06908e-01 
4.77264e+03 5.06603e-01 
4.77470e+03 5.03108e-01 
4.77676e+03 5.02527e-01 
4.77882e+03 5.02172e-01 
4.78088e+03 5.00423e-01 
4.78294e+03 4.99586e-01 
4.78500e+03 4.97376e-01 
4.78706e+03 4.96140e-01 
4.78912e+03 4.94168e-01 
4.79118e+03 4.93954e-01 
4.79324e+03 4.93083e-01 
4.79530e+03 4.90403e-01 
4.79736e+03 4.89170e-01 
4.79942e+03 4.87714e-01 
4.80148e+03 4.84357e-01 
4.80354e+03 4.83985e-01 
4.80560e+03 4.82944e-01 
4.80766e+03 4.79658e-01 
4.80972e+03 4.78054e-01 
4.81178e+03 4.77731e-01 
4.81384e+03 4.73366e-01 
4.81590e+03 4.71921e-01 
4.81796e+03 4.70338e-01 
4.82002e+03 4.70017e-01 
4.82208e+03 4.67396e-01 
4.82414e+03 4.65206e-01 
4.82620e+03 4.64192e-01 
4.82826e+03 4.63215e-01 
4.83032e+03 4.62700e-01 
4.83238e+03 4.59562e-01 
4.83444e+03 4.57051e-01 
4.83650e+03 4.54810e-01 
4.83856e+03 4.52817e-01 
4.84062e+03 4.51169e-01 
4.84268e+03 4.49714e-01 
4.84474e+03 4.46795e-01 
4.84680e+03 4.46092e-01 
4.84886e+03 4.44510e-01 
4.85092e+03 4.42528e-01 
4.85298e+03 4.38712e-01 
4.85504e+03 4.38611e-01 
4.85710e+03 4.33791e-01 
4.85916e+03 4.33701e-01 
4.86122e+03 4.33622e-01 
4.86328e+03 4.29583e-01 
4.86534e+03 4.28947e-01 
4.86740e+03 4.28529e-01 
4.86946e+03 4.25080e-01 
4.87152e+03 4.24061e-01 
4.87358e+03 4.22492e-01 
4.87564e+03 4.19856e-01 
4.87770e+03 4.19715e-01 
4.87976e+03 4.18259e-01 
4.88182e+03 4.15886e-01 
4.88388e+03 4.13176e-01 
4.88594e+03 4.11069e-01 
4.88800e+03 4.10734e-01 
4.89006e+03 4.06414e-01 
4.89212e+03 4.05856e-01 
4.89418e+03 4.04781e-01 
4.89624e+03 4.04259e-01 
4.89830e+03 4.01105e-01 
4.90036e+03 3.97419e-01 
4.90242e+03 3.95429e-01 
4.90448e+03 3.94326e-01 
4.90654e+03 3.93586e-01 
4.90860e+03 3.92696e-01 
4.91066e+03 3.89311e-01 
4.91272e+03 3.88910e-01 
4.91478e+03 3.87026e-01 
4.91684e+03 3.83894e-01 
4.91890e+03 3.80750e-01 
4.92096e+03 3.80522e-01 
4.92302e+03 3.79473e-01 
4.92508e+03 3.77240e-01 
4.92714e+03 3.74934e-01 
4.92920e+03 3.73284e-01 
4.93126e+03 3.72837e-01 
4.93332e+03 3.70962e-01 
4.93538e+03 3.67756e-01 
4.93744e+03 3.66950e-01 
4.93950e+03 3.65646e-01 
4.94156e+03 3.64624e-01 
4.94362e+03 3.62863e-01 
4.94568e+03 3.60343e-01 
4.94774e+03 3.59072e-01 
4.94980e+03 3.58725e-01 
4.95186e+03 3.56549e-01 
4.95392e+03 3.56141e-01 
4.95598e+03 3.55793e-01 
4.95804e+03 3.51645e-01 
4.96010e+03 3.50282e-01 
4.96216e+03 3.49323e-01 
4.96422e+03 3.47348e-01 
4.96628e+03 3.44664e-01 
4.96834e+03 3.44503e-01 
4.97040e+03 3.43421e-01 
4.97246e+03 3.41482e-01 
4.97452e+03 3.38983e-01 
4.97658e+03 3.38389e-01 
4.97864e+03 3.37977e-01 
4.98070e+03 3.37102e-01 
4.98276e+03 3.34947e-01 
4.98482e+03 3.32902e-01 
4.98688e+03 3.30699e-01 
4.98894e+03 3.30454e-01 
4.99100e+03 3.29887e-01 
4.99306e+03 3.28915e-01 
4.99512e+03 3.27480e-01 
4.99718e+03 3.24501e-01 
4.99924e+03 3.24496e-01 
5.00130e+03 3.22033e-01 
5.00336e+03 3.21363e-01 
5.00542e+03 3.19497e-01 
5.00748e+03 3.16900e-01 
5.00954e+03 3.15294e-01 
5.01160e+03 3.14449e-01 
5.01366e+03 3.11600e-01 
5.01572e+03 3.11258e-01 
5.01778e+03 3.08405e-01 
5.01984e+03 3.08171e-01 
5.02190e+03 3.06435e-01 
5.02396e+03 3.03926e-01 
5.02602e+03 3.00374e-01 
5.02808e+03 2.99476e-01 
5.03014e+03 2.97084e-01 
5.03220e+03 2.95271e-01 
5.03426e+03 2.93150e-01 
5.03632e+03 2.92753e-01 
5.03838e+03 2.92655e-01 
5.04044e+03 2.87208e-01 
5.04250e+03 2.85149e-01 
5.04456e+03 2.84771e-01 
5.04662e+03 2.82163e-01 
5.04868e+03 2.80183e-01 
5.05074e+03 2.76035e-01 
5.05280e+03 2.75455e-01 
5.05486e+03 2.74108e-01 
5.05692e+03 2.72857e-01 
5.05898e+03 2.72037e-01 
5.06104e+03 2.68552e-01 
5.06310e+03 2.66992e-01 
5.06516e+03 2.65148e-01 
5.06722e+03 2.61454e-01 
5.06928e+03 2.58285e-01 
5.07134e+03 2.58013e-01 
5.07340e+03 2.55590e-01 
5.07546e+03 2.53759e-01 
5.07752e+03 2.53444e-01 
5.07958e+03 2.49820e-01 
5.08164e+03 2.49341e-01 
5.08370e+03 2.48087e-01 
5.08576e+03 2.45295e-01 
5.08782e+03 2.44171e-01 
5.08988e+03 2.40616e-01 
5.09194e+03 2.40118e-01 
5.09400e+03 2.38736e-01 
5.09606e+03 2.37693e-01 
5.09812e+03 2.35273e-01 
5.10018e+03 2.32079e-01 
5.10224e+03 2.32068e-01 
5.10430e+03 2.27758e-01 
5.10636e+03 2.27618e-01 
5.10842e+03 2.26317e-01 
5.11048e+03 2.24646e-01 
5.11254e+03 2.22139e-01 
5.11460e+03 2.20864e-01 
5.11666e+03 2.19447e-01 
5.11872e+03 2.19032e-01 
5.12078e+03 2.17142e-01 
5.12284e+03 2.16295e-01 
5.12490e+03 2.13168e-01 
5.12696e+03 2.11662e-01 
5.12902e+03 2.10159e-01 
5.13108e+03 2.08141e-01 
5.13314e+03 2.06835e-01 
5.13520e+03 2.04862e-01 
5.13726e+03 2.03305e-01 
5.13932e+03 2.00631e-01 
5.14138e+03 1.99745e-01 
5.14344e+03 1.97380e-01 
5.14550e+03 1.96046e-01 
5.14756e+03 1.94816e-01 
5.14962e+03 1.94639e-01 
5.15168e+03 1.91156e-01 
5.15374e+03 1.90279e-01 
5.15580e+03 1.89429e-01 
5.15786e+03 1.86396e-01 
5.15992e+03 1.84999e-01 
5.16198e+03 1.83747e-01 
5.16404e+03 1.83151e-01 
5.16610e+03 1.79308e-01 
5.16816e+03 1.79119e-01 
5.17022e+03 1.77142e-01 
5.17228e+03 1.76843e-01 
5.17434e+03 1.74293e-01 
5.17640e+03 1.72381e-01 
5.17846e+03 1.70157e-01 
5.18052e+03 1.69685e-01 
5.18258e+03 1.66568e-01 
5.18464e+03 1.65978e-01 
5.18670e+03 1.65655e-01 
5.18876e+03 1.63006e-01 
5.19082e+03 1.61779e-01 
5.19288e+03 1.60339e-01 
5.19494e+03 1.57400e-01 
5.19700e+03 1.57338e-01 
5.19906e+03 1.54777e-01 
5.20112e+03 1.53242e-01 
5.20318e+03 1.52343e-01 
5.20524e+03 1.49694e-01 
5.20730e+03 1.48738e-01 
5.20936e+03 1.48274e-01 
5.21142e+03 1.45457e-01 
5.21348e+03 1.44759e-01 
5.21554e+03 1.43076e-01 
5.21760e+03 1.40858e-01 
5.21966e+03 1.40554e-01 
5.22172e+03 1.39985e-01 
5.22378e+03 1.36923e-01 
5.22584e+03 1.35819e-01 
5.22790e+03 1.34024e-01 
5.22996e+03 1.32403e-01 
5.23202e+03 1.31299e-01 
5.23408e+03 1.29837e-01 
5.23614e+03 1.28106e-01 
5.23820e+03 1.26687e-01 
5.24026e+03 1.24570e-01 
5.24232e+03 1.24415e-01 
5.24438e+03 1.23942e-01 
5.24644e+03 1.21681e-01 
5.24850e+03 1.20700e-01 
5.25056e+03 1.18520e-01 
5.25262e+03 1.16946e-01 
5.25468e+03 1.16653e-01 
5.25674e+03 1.13753e-01 
5.25880e+03 1.13098e-01 
5.26086e+03 1.12734e-01 
5.26292e+03 1.11958e-01 
5.26498e+03 1.10470e-01 
5.26704e+03 1.10300e-01 
5.26910e+03 1.08325e-01 
5.27116e+03 1.08212e-01 
5.27322e+03 1.05648e-01 
5.27528e+03 1.04139e-01 
5.27734e+03 1.02923e-01 
5.27940e+03 1.02389e-01 
5.28146e+03 1.01477e-01 
5.28352e+03 9.96549e-02 
5.28558e+03 9.92351e-02 
5.28764e+03 9.86066e-02 
5.28970e+03 9.75881e-02 
5.29176e+03 9.58466e-02 
5.29382e+03 9.57366e-02 
5.29588e+03 9.34286e-02 
5.29794e+03 9.34286e-02 
5.30000e+03 9.28439e-02 
5.30206e+03 9.27382e-02 
5.30412e+03 9.08421e-02 
5.30618e+03 8.98303e-02 
5.30824e+03 8.94330e-02 
5.31030e+03 8.85743e-02 
5.31236e+03 8.84129e-02 
5.31442e+03 8.84129e-02 
5.31648e+03 8.72418e-02 
5.31854e+03 8.64010e-02 
5.32060e+03 8.62732e-02 
5.32266e+03 8.42689e-02 
5.32472e+03 8.39516e-02 
5.32678e+03 8.38817e-02 
5.32884e+03 8.36542e-02 
5.33090e+03 8.24819e-02 
5.33296e+03 8.22061e-02 
5.33502e+03 8.13252e-02 
5.33708e+03 8.07898e-02 
5.33914e+03 8.07475e-02 
5.34120e+03 8.07083e-02 
5.34326e+03 8.06176e-02 
5.34532e+03 7.90734e-02 
5.34738e+03 7.85322e-02 
5.34944e+03 7.84870e-02 
5.35150e+03 7.79315e-02 
5.35356e+03 7.78445e-02 
5.35562e+03 7.71031e-02 
5.35768e+03 7.67300e-02 
5.35974e+03 7.61452e-02 
5.36180e+03 7.57896e-02 
5.36386e+03 7.55190e-02 
5.36592e+03 7.51010e-02 
5.36798e+03 7.48886e-02 
5.37004e+03 7.48143e-02 
5.37210e+03 7.48143e-02 
5.37416e+03 7.44643e-02 
5.37622e+03 7.36866e-02 
5.37828e+03 7.35139e-02 
5.38034e+03 7.33142e-02 
5.38240e+03 7.28515e-02 
5.38446e+03 7.28515e-02 
5.38652e+03 7.27165e-02 
5.38858e+03 7.27165e-02 
5.39064e+03 7.25589e-02 
5.39270e+03 7.23818e-02 
5.39476e+03 7.23130e-02 
5.39682e+03 7.23130e-02 
5.39888e+03 7.16928e-02 
5.40094e+03 7.16928e-02 
5.40300e+03 7.16928e-02 
5.40506e+03 7.16928e-02 
5.40712e+03 7.16928e-02 
5.40918e+03 7.14751e-02 
5.41124e+03 7.14751e-02 
5.41330e+03 7.10513e-02 
5.41536e+03 7.10513e-02 
5.41742e+03 7.10513e-02 
5.41948e+03 7.10162e-02 
5.42154e+03 7.10162e-02 
5.42360e+03 7.10693e-02 
5.42566e+03 7.10162e-02 
5.42772e+03 7.08920e-02 
5.42978e+03 7.11610e-02 
5.43184e+03 7.15299e-02 
5.43390e+03 7.15306e-02 
5.43596e+03 7.15306e-02 
5.43802e+03 7.15585e-02 
5.44008e+03 7.15932e-02 
5.44214e+03 7.17845e-02 
5.44420e+03 7.20061e-02 
5.44626e+03 7.22718e-02 
5.44832e+03 7.25803e-02 
5.45038e+03 7.26989e-02 
5.45244e+03 7.29124e-02 
5.45450e+03 7.34741e-02 
5.45656e+03 7.35764e-02 
5.45862e+03 7.37842e-02 
5.46068e+03 7.37842e-02 
5.46274e+03 7.39247e-02 
5.46480e+03 7.43829e-02 
5.46686e+03 7.44994e-02 
5.46892e+03 7.46562e-02 
5.47098e+03 7.58621e-02 
5.47304e+03 7.58807e-02 
5.47510e+03 7.59805e-02 
5.47716e+03 7.60075e-02 
5.47922e+03 7.67814e-02 
5.48128e+03 7.75981e-02 
5.48334e+03 7.76482e-02 
5.48540e+03 7.79266e-02 
5.48746e+03 7.83863e-02 
5.48952e+03 7.86192e-02 
5.49158e+03 7.86340e-02 
5.49364e+03 7.92294e-02 
5.49570e+03 7.98279e-02 
5.49776e+03 8.03615e-02 
5.49982e+03 8.04582e-02 
5.50188e+03 8.07635e-02 
5.50394e+03 8.07989e-02 
5.50600e+03 8.16113e-02 
5.50806e+03 8.23651e-02 
5.51012e+03 8.24310e-02 
5.51218e+03 8.26470e-02 
5.51424e+03 8.28817e-02 
5.51630e+03 8.29588e-02 
5.51836e+03 8.36060e-02 
5.52042e+03 8.38970e-02 
5.52248e+03 8.44201e-02 
5.52454e+03 8.52900e-02 
5.52660e+03 8.59385e-02 
5.52866e+03 8.60934e-02 
5.53072e+03 8.60976e-02 
5.53278e+03 8.64987e-02 
5.53484e+03 8.67848e-02 
5.53690e+03 8.73723e-02 
5.53896e+03 8.75137e-02 
5.54102e+03 8.79734e-02 
5.54308e+03 8.79785e-02 
5.54514e+03 8.79734e-02 
5.54720e+03 8.79785e-02 
5.54926e+03 8.79734e-02 
5.55132e+03 8.83952e-02 
5.55338e+03 8.86780e-02 
5.55544e+03 8.86780e-02 
5.55750e+03 8.86780e-02 
5.55956e+03 8.87789e-02 
5.56162e+03 8.89632e-02 
5.56368e+03 8.93240e-02 
5.56574e+03 8.93996e-02 
5.56780e+03 8.93996e-02 
5.56986e+03 8.93996e-02 
5.57192e+03 8.93240e-02 
5.57398e+03 8.93044e-02 
5.57604e+03 8.93029e-02 
5.57810e+03 8.93044e-02 
5.58016e+03 8.93029e-02 
5.58222e+03 8.93029e-02 
5.58428e+03 8.79033e-02 
5.58634e+03 8.77906e-02 
5.58840e+03 8.77906e-02 
5.59046e+03 8.77749e-02 
5.59252e+03 8.77749e-02 
5.59458e+03 8.74080e-02 
5.59664e+03 8.69679e-02 
5.59870e+03 8.67669e-02 
5.60076e+03 8.63912e-02 
5.60282e+03 8.58772e-02 
5.60488e+03 8.55900e-02 
5.60694e+03 8.55469e-02 
5.60900e+03 8.44342e-02 
5.61106e+03 8.43980e-02 
5.61312e+03 8.43258e-02 
5.61518e+03 8.38898e-02 
5.61724e+03 8.32870e-02 
5.61930e+03 8.28727e-02 
5.62136e+03 8.26872e-02 
5.62342e+03 8.25400e-02 
5.62548e+03 8.25400e-02 
5.62754e+03 8.16198e-02 
5.62960e+03 8.05888e-02 
5.63166e+03 7.97513e-02 
5.63372e+03 7.92107e-02 
5.63578e+03 7.88371e-02 
5.63784e+03 7.79217e-02 
5.63990e+03 7.77145e-02 
5.64196e+03 7.67163e-02 
5.64402e+03 7.60349e-02 
5.64608e+03 7.59504e-02 
5.64814e+03 7.51579e-02 
5.65020e+03 7.40996e-02 
5.65226e+03 7.38666e-02 
5.65432e+03 7.32866e-02 
5.65638e+03 7.28391e-02 
5.65844e+03 7.15416e-02 
5.66050e+03 7.07001e-02 
5.66256e+03 7.06500e-02 
5.66462e+03 6.91793e-02 
5.66668e+03 6.91162e-02 
5.66874e+03 6.79038e-02 
5.67080e+03 6.78617e-02 
5.67286e+03 6.61447e-02 
5.67492e+03 6.52350e-02 
5.67698e+03 6.44227e-02 
5.67904e+03 6.39975e-02 
5.68110e+03 6.31931e-02 
5.68316e+03 6.26206e-02 
5.68522e+03 6.19300e-02 
5.68728e+03 6.15644e-02 
5.68934e+03 5.98795e-02 
5.69140e+03 5.89783e-02 
5.69346e+03 5.85227e-02 
5.69552e+03 5.80828e-02 
5.69758e+03 5.68712e-02 
5.69964e+03 5.65532e-02 
5.70170e+03 5.50705e-02 
5.70376e+03 5.42440e-02 
5.70582e+03 5.32745e-02 
5.70788e+03 5.29288e-02 
5.70994e+03 5.16486e-02 
5.71200e+03 5.10751e-02 
5.71406e+03 4.97527e-02 
5.71612e+03 4.94400e-02 
5.71818e+03 4.90093e-02 
5.72024e+03 4.84873e-02 
5.72230e+03 4.73131e-02 
5.72436e+03 4.63013e-02 
5.72642e+03 4.56365e-02 
5.72848e+03 4.43207e-02 
5.73054e+03 4.38197e-02 
5.73260e+03 4.37513e-02 
5.73466e+03 4.21086e-02 
5.73672e+03 4.16604e-02 
5.73878e+03 4.08880e-02 
5.74084e+03 4.00839e-02 
5.74290e+03 3.84921e-02 
5.74496e+03 3.79785e-02 
5.74702e+03 3.79573e-02 
5.74908e+03 3.68328e-02 
5.75114e+03 3.63659e-02 
5.75320e+03 3.60108e-02 
5.75526e+03 3.49193e-02 
5.75732e+03 3.37220e-02 
5.75938e+03 3.33816e-02 
5.76144e+03 3.28343e-02 
5.76350e+03 3.17630e-02 
5.76556e+03 3.10026e-02 
5.76762e+03 3.02211e-02 
5.76968e+03 2.97086e-02 
5.77174e+03 2.93295e-02 
5.77380e+03 2.87163e-02 
5.77586e+03 2.81291e-02 
5.77792e+03 2.74196e-02 
5.77998e+03 2.67448e-02 
5.78204e+03 2.61903e-02 
5.78410e+03 2.54169e-02 
5.78616e+03 2.53520e-02 
5.78822e+03 2.48196e-02 
5.79028e+03 2.35762e-02 
5.79234e+03 2.34348e-02 
5.79440e+03 2.27230e-02 
5.79646e+03 2.18884e-02 
5.79852e+03 2.17295e-02 
5.80058e+03 2.13604e-02 
5.80264e+03 2.10833e-02 
5.80470e+03 2.02428e-02 
5.80676e+03 1.98418e-02 
5.80882e+03 1.92786e-02 
5.81088e+03 1.90943e-02 
5.81294e+03 1.87005e-02 
5.81500e+03 1.81393e-02 
5.81706e+03 1.76560e-02 
5.81912e+03 1.70266e-02 
5.82118e+03 1.68812e-02 
5.82324e+03 1.67060e-02 
5.82530e+03 1.60698e-02 
5.82736e+03 1.53723e-02 
5.82942e+03 1.52992e-02 
5.83148e+03 1.52306e-02 
5.83354e+03 1.45870e-02 
5.83560e+03 1.44055e-02 
5.83766e+03 1.41616e-02 
5.83972e+03 1.37269e-02 
5.84178e+03 1.31730e-02 
5.84384e+03 1.30845e-02 
5.84590e+03 1.30628e-02 
5.84796e+03 1.27903e-02 
5.85002e+03 1.23715e-02 
5.85208e+03 1.23595e-02 
5.85414e+03 1.19873e-02 
5.85620e+03 1.17686e-02 
5.85826e+03 1.16045e-02 
5.86032e+03 1.12895e-02 
5.86238e+03 1.10372e-02 
5.86444e+03 1.08831e-02 
5.86650e+03 1.06842e-02 
5.86856e+03 1.06352e-02 
5.87062e+03 1.05987e-02 
5.87268e+03 1.01311e-02 
5.87474e+03 9.83013e-03 
5.87680e+03 9.77746e-03 
5.87886e+03 9.67284e-03 
5.88092e+03 9.49346e-03 
5.88298e+03 9.44541e-03 
5.88504e+03 9.44541e-03 
5.88710e+03 9.44541e-03 
5.88916e+03 9.34647e-03 
5.89122e+03 9.14142e-03 
5.89328e+03 8.79073e-03 
5.89534e+03 8.77406e-03 
5.89740e+03 8.51007e-03 
5.89946e+03 8.51007e-03 
5.90152e+03 8.47987e-03 
5.90358e+03 8.47987e-03 
5.90564e+03 8.16362e-03 
5.90770e+03 8.08894e-03 
5.90976e+03 8.04680e-03 
5.91182e+03 7.87053e-03 
5.91388e+03 7.87053e-03 
5.91594e+03 7.83850e-03 
5.91800e+03 7.78199e-03 
5.92006e+03 7.78199e-03 
5.92212e+03 7.73710e-03 
5.92418e+03 7.72430e-03 
5.92624e+03 7.62514e-03 
5.92830e+03 7.60622e-03 
5.93036e+03 7.54897e-03 
5.93242e+03 7.52797e-03 
5.93448e+03 7.43991e-03 
5.93654e+03 7.25416e-03 
5.93860e+03 7.38798e-03 
5.94066e+03 7.25416e-03 
5.94272e+03 7.18223e-03 
5.94478e+03 7.18223e-03 
5.94684e+03 7.12147e-03 
5.94890e+03 7.12147e-03 
5.95096e+03 7.12147e-03 
5.95302e+03 7.07116e-03 
5.95508e+03 7.07116e-03 
5.95714e+03 6.94268e-03 
5.95920e+03 6.94268e-03 
5.96126e+03 6.98458e-03 
5.96332e+03 6.98458e-03 
5.96538e+03 6.98458e-03 
5.96744e+03 6.98458e-03 
5.96950e+03 6.83621e-03 
5.97156e+03 6.75085e-03 
5.97362e+03 6.75085e-03 
5.97568e+03 6.75085e-03 
5.97774e+03 6.75085e-03 
5.97980e+03 6.66389e-03 
5.98186e+03 6.60682e-03 
5.98392e+03 6.54061e-03 
5.98598e+03 6.51596e-03 
5.98804e+03 6.48495e-03 
5.99010e+03 6.47115e-03 
5.99216e+03 6.48495e-03 
5.99422e+03 6.45470e-03 
5.99628e+03 6.37680e-03 
5.99834e+03 6.37680e-03 
6.00040e+03 6.37894e-03 
6.00246e+03 6.27955e-03 
6.00452e+03 6.18034e-03 
6.00658e+03 6.15779e-03 
6.00864e+03 6.15779e-03 
6.01070e+03 6.15661e-03 
6.01276e+03 6.09268e-03 
6.01482e+03 6.07055e-03 
6.01688e+03 5.96081e-03 
6.01894e+03 5.94450e-03 
6.02100e+03 5.89836e-03 
6.02306e+03 5.83964e-03 
6.02512e+03 5.80358e-03 
6.02718e+03 5.83027e-03 
6.02924e+03 5.80358e-03 
6.03130e+03 5.80358e-03 
6.03336e+03 5.78392e-03 
6.03542e+03 5.46043e-03 
6.03748e+03 5.46043e-03 
6.03954e+03 5.46444e-03 
6.04160e+03 5.43092e-03 
6.04366e+03 5.46444e-03 
6.04572e+03 5.46444e-03 
6.04778e+03 5.46444e-03 
6.04984e+03 5.34010e-03 
6.05190e+03 5.34010e-03 
6.05396e+03 5.21608e-03 
6.05602e+03 5.21608e-03 
6.05808e+03 5.17234e-03 
6.06014e+03 5.17234e-03 
6.06220e+03 5.15916e-03 
6.06426e+03 5.15916e-03 
6.06632e+03 5.11428e-03 
6.06838e+03 5.04427e-03 
6.07044e+03 4.93601e-03 
6.07250e+03 4.81911e-03 
6.07456e+03 4.80429e-03 
6.07662e+03 4.70891e-03 
6.07868e+03 4.70219e-03 
6.08074e+03 4.67876e-03 
6.08280e+03 4.62173e-03 
6.08486e+03 4.62173e-03 
6.08692e+03 4.44213e-03 
6.08898e+03 4.44213e-03 
6.09104e+03 4.43265e-03 
6.09310e+03 4.43265e-03 
6.09516e+03 4.43265e-03 
6.09722e+03 4.44761e-03 
6.09928e+03 4.40925e-03 
6.10134e+03 4.40925e-03 
6.10340e+03 4.40925e-03 
6.10546e+03 4.27553e-03 
6.10752e+03 4.16127e-03 
6.10958e+03 4.16127e-03 
6.11164e+03 4.11061e-03 
6.11370e+03 4.08247e-03 
6.11576e+03 3.99967e-03 
6.11782e+03 3.97284e-03 
6.11988e+03 3.87610e-03 
6.12194e+03 3.82219e-03 
6.12400e+03 3.82219e-03 
6.12606e+03 3.75677e-03 
6.12812e+03 3.75677e-03 
6.13018e+03 3.68918e-03 
6.13224e+03 3.75465e-03 
6.13430e+03 3.68918e-03 
6.13636e+03 3.64549e-03 
6.13842e+03 3.62256e-03 
6.14048e+03 3.48031e-03 
6.14254e+03 3.48031e-03 
6.14460e+03 3.43995e-03 
6.14666e+03 3.48031e-03 
6.14872e+03 3.51863e-03 
6.15078e+03 3.51863e-03 
6.15284e+03 3.30538e-03 
6.15490e+03 3.30538e-03 
6.15696e+03 3.19007e-03 
6.15902e+03 3.17758e-03 
6.16108e+03 3.14015e-03 
6.16314e+03 3.07075e-03 
6.16520e+03 3.06414e-03 
6.16726e+03 3.06414e-03 
6.16932e+03 2.95439e-03 
6.17138e+03 2.86016e-03 
6.17344e+03 2.77614e-03 
6.17550e+03 2.77646e-03 
6.17756e+03 2.77646e-03 
6.17962e+03 2.75478e-03 
6.18168e+03 2.74112e-03 
6.18374e+03 2.72938e-03 
6.18580e+03 2.72938e-03 
6.18786e+03 2.66081e-03 
6.18992e+03 2.72938e-03 
6.19198e+03 2.66081e-03 
6.19404e+03 2.60145e-03 
6.19610e+03 2.55620e-03 
6.19816e+03 2.44939e-03 
6.20022e+03 2.44939e-03 
6.20228e+03 2.42928e-03 
6.20434e+03 2.44939e-03 
6.20640e+03 2.40231e-03 
6.20846e+03 2.35276e-03 
6.21052e+03 2.32584e-03 
6.21258e+03 2.32265e-03 
6.21464e+03 2.28369e-03 
6.21670e+03 2.28369e-03 
6.21876e+03 2.25603e-03 
6.22082e+03 2.25603e-03 
6.22288e+03 2.24275e-03 
6.22494e+03 2.24275e-03 
6.22700e+03 2.10168e-03 
6.22906e+03 2.03111e-03 
6.23112e+03 2.03111e-03 
6.23318e+03 2.03111e-03 
6.23524e+03 2.00697e-03 
6.23730e+03 1.91627e-03 
6.23936e+03 1.92103e-03 
6.24142e+03 1.88448e-03 
6.24348e+03 1.87579e-03 
6.24554e+03 1.88448e-03 
6.24760e+03 1.88575e-03 
6.24966e+03 1.88448e-03 
6.25172e+03 1.71398e-03 
6.25378e+03 1.71398e-03 
6.25584e+03 1.71398e-03 
6.25790e+03 1.70384e-03 
6.25996e+03 1.66094e-03 
6.26202e+03 1.66304e-03 
6.26408e+03 1.66304e-03 
6.26614e+03 1.64186e-03 
6.26820e+03 1.58878e-03 
6.27026e+03 1.60137e-03 
6.27232e+03 1.55236e-03 
6.27438e+03 1.55236e-03 
6.27644e+03 1.54316e-03 
6.27850e+03 1.54316e-03 
6.28056e+03 1.53083e-03 
6.28262e+03 1.51665e-03 
6.28468e+03 1.45974e-03 
6.28674e+03 1.43101e-03 
6.28880e+03 1.43101e-03 
6.29086e+03 1.43053e-03 
6.29292e+03 1.37257e-03 
6.29498e+03 1.35692e-03 
6.29704e+03 1.30619e-03 
6.29910e+03 1.24864e-03 
6.30116e+03 1.24185e-03 
6.30322e+03 1.23716e-03 
6.30528e+03 1.09521e-03 
6.30734e+03 1.09521e-03 
6.30940e+03 1.09521e-03 
6.31146e+03 1.07783e-03 
6.31352e+03 1.22949e-03 
6.31558e+03 1.22949e-03 
