   7616.190      8.6692057E-04
   7617.055      1.1468667E-03
   7617.919      1.4037320E-03
   7618.784      1.6023801E-03
   7619.649      1.7237483E-03
   7620.513      1.7701520E-03
   7621.378      1.7604920E-03
   7622.243      1.7214190E-03
   7623.107      1.6781442E-03
   7623.972      1.6492903E-03
   7624.836      1.6447152E-03
   7625.701      1.6651221E-03
   7626.565      1.7069400E-03
   7627.430      1.7661573E-03
   7628.294      1.8451179E-03
   7629.159      1.9513500E-03
   7630.023      2.0906103E-03
   7630.888      2.2541056E-03
   7631.752      2.4124682E-03
   7632.617      2.5204457E-03
   7633.481      2.5361828E-03
   7634.346      2.4407040E-03
   7635.210      2.2504467E-03
   7636.074      2.0131683E-03
   7636.939      1.7834272E-03
   7637.803      1.6050965E-03
   7638.667      1.4954912E-03
   7639.532      1.4477476E-03
   7640.396      1.4452285E-03
   7641.260      1.4723934E-03
   7642.125      1.5250527E-03
   7642.989      1.6050972E-03
   7643.853      1.7132106E-03
   7644.717      1.8397302E-03
   7645.582      1.9646706E-03
   7646.445      2.0647002E-03
   7647.310      2.1232378E-03
   7648.174      2.1379737E-03
   7649.038      2.1203323E-03
   7649.902      2.0890154E-03
   7650.766      2.0634362E-03
   7651.630      2.0574452E-03
   7652.494      2.0790340E-03
   7653.358      2.1327804E-03
   7654.222      2.2218865E-03
   7655.086      2.3479003E-03
   7655.950      2.5088557E-03
   7656.814      2.6941891E-03
   7657.678      2.8841952E-03
   7658.542      3.0527620E-03
   7659.406      3.1736975E-03
   7660.270      3.2322395E-03
   7661.134      3.2283859E-03
   7661.998      3.1771809E-03
   7662.861      3.1012234E-03
   7663.726      3.0250205E-03
   7664.589      2.9652331E-03
   7665.453      2.9279694E-03
   7666.317      2.9058326E-03
   7667.181      2.8849375E-03
   7668.044      2.8537703E-03
   7668.908      2.8132240E-03
   7669.772      2.7800202E-03
   7670.635      2.7821567E-03
   7671.499      2.8459581E-03
   7672.363      2.9841841E-03
   7673.227      3.1863702E-03
   7674.090      3.4204633E-03
   7674.954      3.6430368E-03
   7675.817      3.8125985E-03
   7676.681      3.9072526E-03
   7677.544      3.9268825E-03
   7678.408      3.8912394E-03
   7679.271      3.8295111E-03
   7680.135      3.7689838E-03
   7680.999      3.7311895E-03
   7681.862      3.7273257E-03
   7682.726      3.7570314E-03
   7683.589      3.8124740E-03
   7684.453      3.8824442E-03
   7685.316      3.9559160E-03
   7686.179      4.0251021E-03
   7687.043      4.0852237E-03
   7687.906      4.1304678E-03
   7688.770      4.1555916E-03
   7689.633      4.1563553E-03
   7690.496      4.1328561E-03
   7691.359      4.0907427E-03
   7692.223      4.0367926E-03
   7693.086      3.9723185E-03
   7693.949      3.8919915E-03
   7694.813      3.7883704E-03
   7695.676      3.6577557E-03
   7696.539      3.5132552E-03
   7697.402      3.3845922E-03
   7698.266      3.3112441E-03
   7699.128      3.3263646E-03
   7699.992      3.4395889E-03
   7700.855      3.6296423E-03
   7701.718      3.8564859E-03
   7702.581      4.0804008E-03
   7703.444      4.2811669E-03
   7704.307      4.4610538E-03
   7705.170      4.6296557E-03
   7706.033      4.7855889E-03
   7706.896      4.9101789E-03
   7707.759      4.9739489E-03
   7708.622      4.9586892E-03
   7709.485      4.8712255E-03
   7710.348      4.7412990E-03
   7711.211      4.6136407E-03
   7712.074      4.5257332E-03
   7712.937      4.4967476E-03
   7713.800      4.5265309E-03
   7714.663      4.6037883E-03
   7715.525      4.7127572E-03
   7716.389      4.8415493E-03
   7717.251      4.9815262E-03
   7718.114      5.1255571E-03
   7718.977      5.2663223E-03
   7719.840      5.4007489E-03
   7720.702      5.5287252E-03
   7721.565      5.6542847E-03
   7722.428      5.7804729E-03
   7723.291      5.9048957E-03
   7724.153      6.0169473E-03
   7725.016      6.1006942E-03
   7725.878      6.1410749E-03
   7726.741      6.1327242E-03
   7727.604      6.0796645E-03
   7728.466      5.9975209E-03
   7729.329      5.9085498E-03
   7730.191      5.8351476E-03
   7731.054      5.7990225E-03
   7731.917      5.8125532E-03
   7732.779      5.8756485E-03
   7733.642      5.9728525E-03
   7734.504      6.0811932E-03
   7735.367      6.1787604E-03
   7736.229      6.2555522E-03
   7737.092      6.3181180E-03
   7737.954      6.3825641E-03
   7738.816      6.4648343E-03
   7739.679      6.5736179E-03
   7740.541      6.7101722E-03
   7741.404      6.8720751E-03
   7742.266      7.0575420E-03
   7743.128      7.2665093E-03
   7743.991      7.4959663E-03
   7744.853      7.7380426E-03
   7745.715      7.9797283E-03
   7746.578      8.2089510E-03
   7747.439      8.4164329E-03
   7748.302      8.5976841E-03
   7749.164      8.7503474E-03
   7750.026      8.8738063E-03
   7750.889      8.9732101E-03
   7751.750      9.0610767E-03
   7752.613      9.1542639E-03
   7753.475      9.2667639E-03
   7754.337      9.4031999E-03
   7755.199      9.5557477E-03
   7756.061      9.7077992E-03
   7756.923      9.8431874E-03
   7757.785      9.9522034E-03
   7758.647      1.0035748E-02
   7759.509      1.0101840E-02
   7760.372      1.0162964E-02
   7761.233      1.0229173E-02
   7762.095      1.0307525E-02
   7762.958      1.0403201E-02
   7763.819      1.0522933E-02
   7764.681      1.0676062E-02
   7765.543      1.0869438E-02
   7766.405      1.1101312E-02
   7767.267      1.1357883E-02
   7768.129      1.1616009E-02
   7768.991      1.1853036E-02
   7769.853      1.2053394E-02
   7770.714      1.2211992E-02
   7771.576      1.2333046E-02
   7772.438      1.2422192E-02
   7773.299      1.2487375E-02
   7774.161      1.2542250E-02
   7775.023      1.2605323E-02
   7775.885      1.2698830E-02
   7776.746      1.2839674E-02
   7777.608      1.3032497E-02
   7778.470      1.3267522E-02
   7779.331      1.3524395E-02
   7780.193      1.3782008E-02
   7781.055      1.4023134E-02
   7781.916      1.4241283E-02
   7782.778      1.4442098E-02
   7783.639      1.4642558E-02
   7784.501      1.4866097E-02
   7785.362      1.5130626E-02
   7786.224      1.5437449E-02
   7787.085      1.5767269E-02
   7787.947      1.6084839E-02
   7788.808      1.6359422E-02
   7789.670      1.6580172E-02
   7790.531      1.6763318E-02
   7791.393      1.6946830E-02
   7792.254      1.7173389E-02
   7793.115      1.7472636E-02
   7793.977      1.7855164E-02
   7794.838      1.8309021E-02
   7795.699      1.8808896E-02
   7796.561      1.9327898E-02
   7797.422      1.9848408E-02
   7798.283      2.0365922E-02
   7799.145      2.0886134E-02
   7800.006      2.1417292E-02
   7800.867      2.1958677E-02
   7801.728      2.2498731E-02
   7802.589      2.3018815E-02
   7803.451      2.3501335E-02
   7804.312      2.3941832E-02
   7805.173      2.4356395E-02
   7806.034      2.4779832E-02
   7806.895      2.5256284E-02
   7807.756      2.5818804E-02
   7808.617      2.6477084E-02
   7809.479      2.7213380E-02
   7810.339      2.7990870E-02
   7811.201      2.8774364E-02
   7812.062      2.9545661E-02
   7812.922      3.0311242E-02
   7813.784      3.1097472E-02
   7814.645      3.1939268E-02
   7815.505      3.2861855E-02
   7816.366      3.3873841E-02
   7817.227      3.4970857E-02
   7818.088      3.6143739E-02
   7818.949      3.7387121E-02
   7819.810      3.8704794E-02
   7820.671      4.0102564E-02
   7821.532      4.1583307E-02
   7822.393      4.3139379E-02
   7823.253      4.4756301E-02
   7824.114      4.6414513E-02
   7824.975      4.8096031E-02
   7825.835      4.9797628E-02
   7826.696      5.1536191E-02
   7827.557      5.3349957E-02
   7828.417      5.5292785E-02
   7829.278      5.7420343E-02
   7830.139      5.9763532E-02
   7831.000      6.2309686E-02
   7831.860      6.5000646E-02
   7832.721      6.7750812E-02
   7833.582      7.0482478E-02
   7834.442      7.3170312E-02
   7835.303      7.5858809E-02
   7836.163      7.8645766E-02
   7837.024      8.1640579E-02
   7837.884      8.4924363E-02
   7838.745      8.8521056E-02
   7839.605      9.2408538E-02
   7840.466      9.6549027E-02
   7841.326      0.1009227    
   7842.187      0.1055328    
   7843.047      0.1104027    
   7843.908      0.1155597    
   7844.768      0.1210195    
   7845.628      0.1267832    
   7846.489      0.1328488    
   7847.349      0.1392213    
   7848.209      0.1459132    
   7849.070      0.1529540    
   7849.930      0.1603820    
   7850.791      0.1682308    
   7851.650      0.1765200    
   7852.511      0.1852605    
   7853.371      0.1944559    
   7854.231      0.2041026    
   7855.091      0.2142023    
   7855.952      0.2247678    
   7856.812      0.2358148    
   7857.672      0.2473651    
   7858.532      0.2594396    
   7859.392      0.2720475    
   7860.252      0.2851720    
   7861.112      0.2987826    
   7861.973      0.3128378    
   7862.833      0.3272852    
   7863.692      0.3420760    
   7864.553      0.3571784    
   7865.413      0.3725636    
   7866.272      0.3882062    
   7867.132      0.4040891    
   7867.993      0.4201893    
   7868.853      0.4364715    
   7869.712      0.4528816    
   7870.572      0.4693534    
   7871.432      0.4857911    
   7872.292      0.5020949    
   7873.152      0.5181752    
   7874.012      0.5339479    
   7874.872      0.5493377    
   7875.731      0.5642881    
   7876.591      0.5787621    
   7877.451      0.5927496    
   7878.311      0.6062583    
   7879.170      0.6193117    
   7880.030      0.6319132    
   7880.890      0.6440337    
   7881.750      0.6556206    
   7882.609      0.6665977    
   7883.469      0.6768660    
   7884.329      0.6863471    
   7885.188      0.6950061    
   7886.048      0.7028815    
   7886.907      0.7100943    
   7887.767      0.7168120    
   7888.626      0.7231827    
   7889.486      0.7292709    
   7890.345      0.7350686    
   7891.205      0.7405180    
   7892.064      0.7455663    
   7892.924      0.7502205    
   7893.783      0.7545350    
   7894.643      0.7585793    
   7895.502      0.7623886    
   7896.362      0.7659415    
   7897.221      0.7691811    
   7898.081      0.7720506    
   7898.940      0.7745447    
   7899.799      0.7767159    
   7900.659      0.7786371    
   7901.518      0.7803823    
   7902.377      0.7820057    
   7903.236      0.7835397    
   7904.096      0.7850017    
   7904.955      0.7863986    
   7905.814      0.7877293    
   7906.673      0.7889908    
   7907.533      0.7901925    
   7908.392      0.7913609    
   7909.251      0.7925338    
   7910.110      0.7937483    
   7910.969      0.7950224    
   7911.828      0.7963361    
   7912.688      0.7976511    
   7913.546      0.7989179    
   7914.405      0.8000917    
   7915.265      0.8011446    
   7916.124      0.8020645    
   7916.982      0.8028448    
   7917.842      0.8034778    
   7918.701      0.8039682    
   7919.560      0.8043432    
   7920.418      0.8046471    
   7921.277      0.8049381    
   7922.136      0.8052629    
   7922.995      0.8056358    
   7923.854      0.8060407    
   7924.713      0.8064579    
   7925.572      0.8068818    
   7926.431      0.8073330    
   7927.290      0.8078385    
   7928.148      0.8083977    
   7929.007      0.8089624    
   7929.866      0.8094358    
   7930.725      0.8097163    
   7931.583      0.8097384    
   7932.442      0.8095073    
   7933.301      0.8090973    
   7934.160      0.8086165    
   7935.018      0.8081636    
   7935.877      0.8078027    
   7936.735      0.8075563    
   7937.594      0.8074167    
   7938.453      0.8073611    
   7939.312      0.8073443    
   7940.170      0.8072947    
   7941.028      0.8071207    
   7941.887      0.8067377    
   7942.746      0.8061044    
   7943.604      0.8052530    
   7944.462      0.8042794    
   7945.321      0.8032890    
   7946.179      0.8023577    
   7947.038      0.8014933    
   7947.896      0.8006538    
   7948.755      0.7997864    
   7949.613      0.7988613    
   7950.472      0.7978882    
   7951.330      0.7968948    
   7952.188      0.7959262    
   7953.046      0.7950415    
   7953.905      0.7943239    
   7954.763      0.7938648    
   7955.622      0.7937364    
   7956.479      0.7939504    
   7957.338      0.7944407    
   7958.196      0.7950775    
   7959.054      0.7957048    
   7959.913      0.7961838    
   7960.771      0.7964427    
   7961.629      0.7964968    
   7962.487      0.7964444    
   7963.345      0.7964301    
   7964.203      0.7965951    
   7965.062      0.7970154    
   7965.919      0.7976925    
   7966.777      0.7985534    
   7967.636      0.7994900    
   7968.494      0.8003908    
   7969.352      0.8011565    
   7970.209      0.8017048    
   7971.068      0.8019668    
   7971.926      0.8019068    
   7972.784      0.8015415    
   7973.642      0.8009363    
   7974.500      0.8001918    
   7975.357      0.7993989    
   7976.215      0.7985957    
   7977.073      0.7977496    
   7977.931      0.7967778    
   7978.789      0.7955909    
   7979.646      0.7941139    
   7980.504      0.7923047    
   7981.362      0.7901357    
   7982.220      0.7875499    
   7983.078      0.7844377    
   7983.936      0.7806706    
   7984.793      0.7761374    
   7985.651      0.7707675    
   7986.508      0.7645391    
   7987.366      0.7574706    
   7988.224      0.7495930    
   7989.082      0.7409301    
   7989.939      0.7315145    
   7990.797      0.7213756    
   7991.654      0.7105151    
   7992.512      0.6989135    
   7993.370      0.6865264    
   7994.227      0.6732940    
   7995.084      0.6591490    
   7995.942      0.6440529    
   7996.799      0.6280278    
   7997.657      0.6111624    
   7998.515      0.5936192    
   7999.372      0.5756038    
   8000.229      0.5573183    
   8001.087      0.5389350    
   8001.944      0.5205833    
   8002.802      0.5023481    
   8003.659      0.4842680    
   8004.516      0.4663465    
   8005.374      0.4485640    
   8006.231      0.4308982    
   8007.088      0.4133510    
   8007.945      0.3959694    
   8008.803      0.3788410    
   8009.660      0.3620844    
   8010.517      0.3458164    
   8011.375      0.3301110    
   8012.231      0.3149920    
   8013.089      0.3004468    
   8013.946      0.2864488    
   8014.803      0.2729782    
   8015.660      0.2600321    
   8016.517      0.2476268    
   8017.375      0.2357692    
   8018.231      0.2244507    
   8019.088      0.2136588    
   8019.946      0.2033731    
   8020.803      0.1935740    
   8021.660      0.1842472    
   8022.517      0.1753838    
   8023.374      0.1669720    
   8024.230      0.1589978    
   8025.087      0.1514555    
   8025.944      0.1443586    
   8026.801      0.1377194    
   8027.658      0.1315422    
   8028.515      0.1258132    
   8029.372      0.1204828    
   8030.229      0.1154670    
   8031.086      0.1106739    
   8031.942      0.1060382    
   8032.799      0.1015407    
   8033.656      9.7207755E-02
   8034.513      9.3094371E-02
   8035.370      8.9244224E-02
   8036.227      8.5669719E-02
   8037.083      8.2350843E-02
   8037.940      7.9254642E-02
   8038.796      7.6345161E-02
   8039.653      7.3592290E-02
   8040.510      7.0975609E-02
   8041.367      6.8479575E-02
   8042.223      6.6085272E-02
   8043.080      6.3775107E-02
   8043.937      6.1537508E-02
   8044.793      5.9364229E-02
   8045.649      5.7262179E-02
   8046.506      5.5251051E-02
   8047.363      5.3363476E-02
   8048.219      5.1627673E-02
   8049.076      5.0055414E-02
   8049.932      4.8632909E-02
   8050.789      4.7328074E-02
   8051.645      4.6100151E-02
   8052.501      4.4915706E-02
   8053.358      4.3751087E-02
   8054.214      4.2589303E-02
   8055.070      4.1416332E-02
   8055.927      4.0229660E-02
   8056.783      3.9041959E-02
   8057.640      3.7880354E-02
   8058.496      3.6774408E-02
   8059.352      3.5743441E-02
   8060.208      3.4785911E-02
   8061.065      3.3878442E-02
   8061.921      3.2989893E-02
   8062.777      3.2096177E-02
   8063.633      3.1190872E-02
   8064.490      3.0286685E-02
   8065.346      2.9412551E-02
   8066.202      2.8602792E-02
   8067.058      2.7884157E-02
   8067.914      2.7263835E-02
   8068.771      2.6729723E-02
   8069.626      2.6251575E-02
   8070.482      2.5794404E-02
   8071.338      2.5333155E-02
   8072.195      2.4862209E-02
   8073.051      2.4389088E-02
   8073.907      2.3928115E-02
   8074.763      2.3490727E-02
   8075.619      2.3077615E-02
   8076.475      2.2678165E-02
   8077.331      2.2273211E-02
   8078.187      2.1845173E-02
   8079.042      2.1388035E-02
   8079.898      2.0914022E-02
   8080.754      2.0451218E-02
   8081.610      2.0034280E-02
   8082.466      1.9686796E-02
   8083.322      1.9414276E-02
   8084.178      1.9204544E-02
   8085.033      1.9033056E-02
   8085.889      1.8870149E-02
   8086.745      1.8686384E-02
   8087.601      1.8457929E-02
   8088.457      1.8171607E-02
   8089.312      1.7828902E-02
   8090.168      1.7446205E-02
   8091.023      1.7053222E-02
   8091.879      1.6684122E-02
   8092.735      1.6364835E-02
   8093.590      1.6105792E-02
   8094.446      1.5900262E-02
   8095.302      1.5727840E-02
   8096.157      1.5564564E-02
   8097.013      1.5390609E-02
   8097.869      1.5196923E-02
   8098.724      1.4986327E-02
   8099.580      1.4768437E-02
   8100.435      1.4555939E-02
   8101.291      1.4353117E-02
   8102.146      1.4151338E-02
   8103.001      1.3931081E-02
   8103.857      1.3673271E-02
   8104.712      1.3374951E-02
   8105.568      1.3056341E-02
   8106.423      1.2755216E-02
   8107.278      1.2511634E-02
   8108.134      1.2350341E-02
   8108.989      1.2273731E-02
   8109.845      1.2263929E-02
   8110.700      1.2293229E-02
   8111.555      1.2330702E-02
   8112.411      1.2345334E-02
   8113.266      1.2310706E-02
   8114.121      1.2210445E-02
   8114.976      1.2043717E-02
   8115.832      1.1831004E-02
   8116.687      1.1609815E-02
   8117.542      1.1421098E-02
   8118.397      1.1294104E-02
   8119.252      1.1229427E-02
   8120.107      1.1201578E-02
   8120.962      1.1166457E-02
   8121.817      1.1080665E-02
   8122.672      1.0915311E-02
   8123.528      1.0663377E-02
   8124.383      1.0341689E-02
   8125.238      9.9862497E-03
   8126.093      9.6441843E-03
   8126.948      9.3565853E-03
   8127.803      9.1430703E-03
   8128.658      8.9924298E-03
   8129.513      8.8699711E-03
   8130.368      8.7380186E-03
   8131.223      8.5785110E-03
   8132.078      8.4028458E-03
   8132.932      8.2427235E-03
   8133.787      8.1287911E-03
   8134.642      8.0696912E-03
   8135.497      8.0485353E-03
   8136.352      8.0358218E-03
   8137.207      8.0040880E-03
   8138.061      7.9394300E-03
   8138.916      7.8400550E-03
   8139.771      7.7109579E-03
   8140.625      7.5589246E-03
   8141.480      7.3938589E-03
   8142.335      7.2312811E-03
   8143.189      7.0917481E-03
   8144.044      6.9958330E-03
   8144.899      6.9564260E-03
   8145.753      6.9739711E-03
   8146.608      7.0316214E-03
   8147.463      7.1034054E-03
   8148.317      7.1629635E-03
   8149.172      7.1946308E-03
   8150.026      7.1983826E-03
   8150.881      7.1871583E-03
   8151.736      7.1822777E-03
   8152.590      7.2031305E-03
   8153.445      7.2607095E-03
   8154.299      7.3486590E-03
   8155.153      7.4414043E-03
   8156.008      7.5030993E-03
   8156.862      7.5010718E-03
   8157.717      7.4184709E-03
   8158.571      7.2583649E-03
   8159.426      7.0375162E-03
   8160.280      6.7782835E-03
   8161.134      6.5047569E-03
   8161.989      6.2429425E-03
   8162.843      6.0205334E-03
   8163.697      5.8594286E-03
   8164.551      5.7670507E-03
   8165.406      5.7319100E-03
   8166.260      5.7226857E-03
   8167.114      5.6983884E-03
   8167.968      5.6201168E-03
   8168.823      5.4658344E-03
   8169.677      5.2382350E-03
   8170.531      4.9640778E-03
   8171.385      4.6868352E-03
   8172.239      4.4499077E-03
   8173.093      4.2844294E-03
   8173.947      4.2012343E-03
   8174.802      4.1908924E-03
   8175.656      4.2305551E-03
   8176.510      4.2925691E-03
   8177.364      4.3493044E-03
   8178.218      4.3750205E-03
   8179.072      4.3492331E-03
   8179.926      4.2665745E-03
   8180.780      4.1391030E-03
   8181.634      3.9969627E-03
   8182.488      3.8812757E-03
   8183.341      3.8301956E-03
   8184.195      3.8643829E-03
   8185.049      3.9810897E-03
   8185.903      4.1529732E-03
   8186.757      4.3367599E-03
   8187.611      4.4889851E-03
   8188.465      4.5791040E-03
   8189.318      4.5965672E-03
   8190.172      4.5463410E-03
   8191.026      4.4402424E-03
   8191.880      4.2904015E-03
   8192.733      4.1095228E-03
   8193.587      3.9189770E-03
   8194.441      3.7487545E-03
   8195.295      3.6332696E-03
   8196.148      3.5959645E-03
   8197.002      3.6391157E-03
   8197.855      3.7412141E-03
   8198.709      3.8674287E-03
   8199.563      3.9903019E-03
   8200.416      4.0962650E-03
   8201.270      4.1854442E-03
   8202.123      4.2626695E-03
   8202.978      4.3260911E-03
   8203.831      4.3609114E-03
   8204.685      4.3445127E-03
   8205.538      4.2565386E-03
   8206.391      4.0873438E-03
   8207.244      3.8487334E-03
   8208.098      3.5753695E-03
   8208.951      3.3171182E-03
   8209.805      3.1246261E-03
   8210.658      3.0328091E-03
   8211.512      3.0493140E-03
   8212.365      3.1532508E-03
   8213.219      3.3106897E-03
   8214.071      3.4858023E-03
   8214.925      3.6532483E-03
   8215.778      3.7986275E-03
   8216.632      3.9128028E-03
   8217.484      3.9890623E-03
   8218.338      4.0224711E-03
   8219.191      4.0115728E-03
   8220.045      3.9612721E-03
   8220.897      3.8778821E-03
   8221.751      3.7697465E-03
   8222.604      3.6437176E-03
   8223.457      3.5081953E-03
   8224.311      3.3679155E-03
   8225.163      3.2284353E-03
   8226.017      3.0924003E-03
   8226.869      2.9624440E-03
   8227.723      2.8470978E-03
   8228.576      2.7627368E-03
   8229.429      2.7337589E-03
   8230.282      2.7838238E-03
   8231.135      2.9251387E-03
   8231.987      3.1435697E-03
   8232.841      3.4000212E-03
   8233.693      3.6394764E-03
   8234.547      3.8089645E-03
   8235.399      3.8748949E-03
   8236.252      3.8260499E-03
   8237.105      3.6744047E-03
   8237.958      3.4505818E-03
   8238.811      3.1970497E-03
   8239.664      2.9629874E-03
   8240.517      2.7883188E-03
   8241.369      2.6886957E-03
   8242.223      2.6496025E-03
   8243.075      2.6405563E-03
   8243.928      2.6359465E-03
   8244.780      2.6380380E-03
   8245.633      2.6722599E-03
   8246.486      2.7663335E-03
   8247.339      2.9248684E-03
   8248.191      3.1193735E-03
   8249.044      3.3004573E-03
   8249.896      3.4249672E-03
   8250.749      3.4803827E-03
   8251.602      3.4854382E-03
   8252.454      3.4815182E-03
   8253.307      3.5047182E-03
   8254.159      3.5732177E-03
   8255.012      3.6820178E-03
   8255.864      3.8138442E-03
   8256.717      3.9508324E-03
   8257.569      4.0785954E-03
   8258.422      4.1855364E-03
   8259.274      4.2584892E-03
   8260.127      4.2833211E-03
   8260.979      4.2449930E-03
   8261.832      4.1348767E-03
   8262.685      3.9549479E-03
   8263.536      3.7205077E-03
   8264.389      3.4570906E-03
   8265.241      3.1943463E-03
   8266.094      2.9546316E-03
   8266.946      2.7507255E-03
   8267.798      2.5848958E-03
   8268.650      2.4531358E-03
   8269.503      2.3495189E-03
   8270.355      2.2701228E-03
   8271.207      2.2099484E-03
   8272.060      2.1699632E-03
   8272.912      2.1553817E-03
   8273.764      2.1766592E-03
   8274.616      2.2410962E-03
   8275.468      2.3424532E-03
   8276.320      2.4599938E-03
   8277.173      2.5630379E-03
   8278.024      2.6240859E-03
   8278.877      2.6340261E-03
   8279.729      2.6077554E-03
   8280.581      2.5786604E-03
   8281.433      2.5862814E-03
   8282.285      2.6569688E-03
   8283.137      2.7921658E-03
   8283.988      2.9624884E-03
   8284.841      3.1213074E-03
   8285.692      3.2222273E-03
   8286.545      3.2382747E-03
   8287.396      3.1717897E-03
   8288.248      3.0484900E-03
   8289.101      2.9020053E-03
   8289.952      2.7548966E-03
   8290.804      2.6111142E-03
   8291.656      2.4644153E-03
   8292.508      2.3113908E-03
   8293.359      2.1621510E-03
   8294.211      2.0393399E-03
   8295.063      1.9650066E-03
   8295.915      1.9490495E-03
   8296.767      1.9826470E-03
   8297.618      2.0385212E-03
   8298.470      2.0820366E-03
   8299.321      2.0828517E-03
   8300.173      2.0273975E-03
   8301.025      1.9224876E-03
   8301.877      1.7917978E-03
   8302.729      1.6690340E-03
   8303.580      1.5849076E-03
   8304.432      1.5580211E-03
   8305.283      1.5888555E-03
   8306.135      1.6582437E-03
   8306.986      1.7408662E-03
   8307.838      1.8168016E-03
   8308.689      1.8810431E-03
   8309.541      1.9388564E-03
   8310.392      1.9946168E-03
   8311.243      2.0464959E-03
   8312.095      2.0834222E-03
   8312.946      2.0962411E-03
   8313.798      2.0834096E-03
   8314.649      2.0563910E-03
   8315.501      2.0355897E-03
   8316.352      2.0402104E-03
   8317.203      2.0825041E-03
   8318.055      2.1613922E-03
   8318.906      2.2650410E-03
   8319.757      2.3755620E-03
   8320.608      2.4724326E-03
   8321.460      2.5375974E-03
   8322.311      2.5599322E-03
   8323.162      2.5374363E-03
   8324.014      2.4803167E-03
   8324.864      2.4090514E-03
   8325.716      2.3467282E-03
   8326.567      2.3121920E-03
   8327.418      2.3116262E-03
   8328.270      2.3402667E-03
   8329.120      2.3839003E-03
   8329.972      2.4266473E-03
   8330.822      2.4575489E-03
   8331.674      2.4704200E-03
   8332.524      2.4624551E-03
   8333.376      2.4338551E-03
   8334.227      2.3883840E-03
   8335.078      2.3372129E-03
   8335.929      2.2954543E-03
   8336.779      2.2763722E-03
   8337.631      2.2804406E-03
   8338.481      2.2941751E-03
   8339.332      2.2953763E-03
   8340.184      2.2625274E-03
   8341.034      2.1870912E-03
   8341.885      2.0784813E-03
   8342.736      1.9629709E-03
   8343.587      1.8744974E-03
   8344.438      1.8455539E-03
   8345.288      1.8952667E-03
   8346.140      2.0226836E-03
   8346.990      2.2026878E-03
   8347.841      2.3935051E-03
   8348.691      2.5466448E-03
   8349.542      2.6219490E-03
   8350.393      2.6049213E-03
   8351.243      2.5125288E-03
   8352.095      2.3850386E-03
   8352.945      2.2676880E-03
   8353.796      2.1860842E-03
   8354.646      2.1394594E-03
   8355.497      2.1041520E-03
   8356.348      2.0536203E-03
   8357.198      1.9744562E-03
   8358.049      1.8727280E-03
   8358.899      1.7689512E-03
   8359.750      1.6843530E-03
   8360.600      1.6292647E-03
   8361.450      1.6025282E-03
   8362.301      1.5949813E-03
   8363.151      1.5962551E-03
   8364.002      1.5963175E-03
   8364.853      1.5875470E-03
   8365.703      1.5626885E-03
   8366.553      1.5231482E-03
   8367.403      1.4819587E-03
   8368.254      1.4647942E-03
   8369.104      1.4988874E-03
   8369.954      1.5947589E-03
   8370.805      1.7353685E-03
   8371.655      1.8804694E-03
   8372.506      1.9854677E-03
   8373.355      2.0210855E-03
   8374.206      1.9896920E-03
   8375.057      1.9148962E-03
   8375.906      1.8258243E-03
   8376.757      1.7388564E-03
   8377.606      1.6531631E-03
   8378.457      1.5572082E-03
   8379.307      1.4461540E-03
   8380.157      1.3273568E-03
   8381.008      1.2260890E-03
   8381.857      1.1703609E-03
   8382.707      1.1783681E-03
   8383.558      1.2461441E-03
   8384.407      1.3507396E-03
   8385.258      1.4580296E-03
   8386.107      1.5412421E-03
   8386.958      1.5887576E-03
   8387.808      1.6055933E-03
   8388.657      1.6084245E-03
   8389.508      1.6156882E-03
   8390.357      1.6385594E-03
   8391.207      1.6781476E-03
   8392.058      1.7299514E-03
   8392.907      1.7889938E-03
   8393.757      1.8543967E-03
   8394.607      1.9253885E-03
   8395.457      1.9936522E-03
   8396.307      2.0416358E-03
   8397.156      2.0467441E-03
   8398.006      1.9904734E-03
   8398.855      1.8669976E-03
   8399.706      1.6849765E-03
   8400.556      1.4672054E-03
   8401.405      1.2429107E-03
   8402.255      1.0420429E-03
   8403.104      8.8968646E-04
   8403.954      8.0650602E-04
   8404.804      8.0314837E-04
   8405.653      8.7621465E-04
   8406.503      1.0020605E-03
   8407.353      1.1383486E-03
   8408.202      1.2328383E-03
   8409.052      1.2471171E-03
   8409.901      1.1705270E-03
   8410.751      1.0275729E-03
   8411.601      8.6638378E-04
   8412.450      7.3741161E-04
   8413.300      6.7362882E-04
   8414.149      6.8185362E-04
   8414.998      7.4794638E-04
   8415.848      8.4682944E-04
   8416.697      9.5592969E-04
   8417.547      1.0582447E-03
   8418.396      1.1450166E-03
   8419.245      1.2135244E-03
   8420.095      1.2695654E-03
   8420.944      1.3238317E-03
   8421.794      1.3895016E-03
   8422.643      1.4774532E-03
   8423.492      1.5921349E-03
   8424.342      1.7315086E-03
   8425.190      1.8891296E-03
   8426.040      2.0564033E-03
   8426.889      2.2268959E-03
   8427.738      2.3933966E-03
   8428.588      2.5438329E-03
   8429.437      2.6636529E-03
   8430.286      2.7401554E-03
   8431.135      2.7703093E-03
   8431.984      2.7636981E-03
   8432.833      2.7392250E-03
   8433.683      2.7148856E-03
   8434.531      2.7022490E-03
   8435.381      2.7019563E-03
   8436.229      2.7078309E-03
   8437.079      2.7077710E-03
   8437.928      2.6863399E-03
   8438.776      2.6200535E-03
   8439.626      2.4863819E-03
   8440.475      2.2727919E-03
   8441.323      1.9873150E-03
   8442.173      1.6640018E-03
   8443.021      1.3539215E-03
   8443.870      1.1098649E-03
   8444.719      9.6951937E-04
   8445.568      9.4304275E-04
   8446.417      1.0099403E-03
   8447.266      1.1327753E-03
   8448.114      1.2638258E-03
   8448.963      1.3643691E-03
   8449.813      1.4101382E-03
   8450.661      1.3923206E-03
   8451.510      1.3118461E-03
   8452.358      1.1760738E-03
   8453.207      9.9718443E-04
   8454.056      7.9303386E-04
   8454.904      5.8953487E-04
   8455.753      4.1471020E-04
   8456.602      2.9095655E-04
   8457.450      2.2674559E-04
   8458.299      2.1602273E-04
   8459.147      2.4561372E-04
   8459.996      3.0763954E-04
   8460.845      4.0605257E-04
   8461.693      5.4954097E-04
   8462.542      7.3634344E-04
   8463.391      9.4006385E-04
   8464.239      1.1141957E-03
   8465.088      1.2108447E-03
   8465.936      1.2050451E-03
   8466.784      1.1156898E-03
   8467.633      9.9666265E-04
   8468.481      9.1307331E-04
   8469.330      9.1088418E-04
   8470.178      9.9795696E-04
   8471.026      1.1425059E-03
   8471.875      1.2925925E-03
   8472.724      1.3969188E-03
   8473.571      1.4204963E-03
   8474.420      1.3510605E-03
   8475.269      1.1974160E-03
   8476.116      9.8369131E-04
   8476.965      7.3940132E-04
   8477.813      4.9328065E-04
   8478.661      2.6521081E-04
   8479.510      6.4696855E-05
   8480.357     -1.0577410E-04
   8481.206     -2.4581165E-04
   8482.054     -3.5511068E-04
   8482.902     -4.3545489E-04
   8483.750     -4.8925122E-04
   8484.599     -5.2167533E-04
   8485.446     -5.3940609E-04
   8486.295     -5.4785475E-04
   8487.143     -5.5135170E-04
   8487.990     -5.5268005E-04
   8488.839     -5.5336946E-04
   8489.687     -5.5336946E-04
   8490.534     -5.5336946E-04
   8491.383     -5.5336946E-04
   8492.230     -5.5336946E-04
