   3701.714      1.9995191E-03
   3704.958      2.1353133E-03
   3708.201      2.2964228E-03
   3711.445      2.4821602E-03
   3714.688      2.6909865E-03
   3717.932      2.9208127E-03
   3721.176      3.1693331E-03
   3724.420      3.4343225E-03
   3727.664      3.7138406E-03
   3730.908      4.0063360E-03
   3734.152      4.3106610E-03
   3737.396      4.6260282E-03
   3740.639      4.9519287E-03
   3743.884      5.2880617E-03
   3747.127      5.6342515E-03
   3750.372      5.9904088E-03
   3753.616      6.3564884E-03
   3756.860      6.7324531E-03
   3760.104      7.1183010E-03
   3763.348      7.5140335E-03
   3766.592      7.9196477E-03
   3769.836      8.3351498E-03
   3773.081      8.7645920E-03
   3776.325      9.2054373E-03
   3779.569      9.6643204E-03
   3782.814      1.0140604E-02
   3786.058      1.0652348E-02
   3789.302      1.1205122E-02
   3792.547      1.1822382E-02
   3795.791      1.2520583E-02
   3799.036      1.3329815E-02
   3802.280      1.4276415E-02
   3805.525      1.5381141E-02
   3808.770      1.6660037E-02
   3812.014      1.8127568E-02
   3815.259      1.9775257E-02
   3818.503      2.1597851E-02
   3821.748      2.3576058E-02
   3824.993      2.5686882E-02
   3828.238      2.7903868E-02
   3831.482      3.0189332E-02
   3834.727      3.2510545E-02
   3837.972      3.4814391E-02
   3841.217      3.7063554E-02
   3844.462      3.9205015E-02
   3847.707      4.1200288E-02
   3850.952      4.3015942E-02
   3854.197      4.4630565E-02
   3857.442      4.6028849E-02
   3860.687      4.7219872E-02
   3863.932      4.8220720E-02
   3867.177      4.9069114E-02
   3870.423      4.9820874E-02
   3873.668      5.0547767E-02
   3876.913      5.1340207E-02
   3880.158      5.2292462E-02
   3883.404      5.3501088E-02
   3886.649      5.5034764E-02
   3889.894      5.6963708E-02
   3893.140      5.9303146E-02
   3896.385      6.2051412E-02
   3899.630      6.5150283E-02
   3902.876      6.8527043E-02
   3906.121      7.2102726E-02
   3909.367      7.5783037E-02
   3912.613      7.9493135E-02
   3915.858      8.3179258E-02
   3919.104      8.6795837E-02
   3922.350      9.0323165E-02
   3925.595      9.3741596E-02
   3928.841      9.7034059E-02
   3932.087      0.1001903    
   3935.333      0.1031941    
   3938.578      0.1060620    
   3941.824      0.1088121    
   3945.070      0.1114976    
   3948.316      0.1141840    
   3951.562      0.1169303    
   3954.808      0.1197822    
   3958.054      0.1227457    
   3961.300      0.1257704    
   3964.546      0.1287773    
   3967.792      0.1316559    
   3971.039      0.1343080    
   3974.285      0.1366629    
   3977.531      0.1387077    
   3980.777      0.1404763    
   3984.024      0.1420496    
   3987.270      0.1435256    
   3990.516      0.1449862    
   3993.763      0.1464973    
   3997.009      0.1480871    
   4000.256      0.1497645    
   4003.502      0.1515113    
   4006.749      0.1532905    
   4009.995      0.1550767    
   4013.242      0.1568322    
   4016.489      0.1585519    
   4019.735      0.1602245    
   4022.982      0.1618688    
   4026.229      0.1635233    
   4029.475      0.1652236    
   4032.722      0.1670055    
   4035.969      0.1688805    
   4039.216      0.1708331    
   4042.463      0.1728300    
   4045.710      0.1748184    
   4048.957      0.1767329    
   4052.204      0.1785231    
   4055.451      0.1801321    
   4058.698      0.1815284    
   4061.945      0.1826799    
   4065.192      0.1835743    
   4068.439      0.1841967    
   4071.687      0.1845475    
   4074.934      0.1846419    
   4078.181      0.1845044    
   4081.428      0.1841801    
   4084.676      0.1837265    
   4087.923      0.1831984    
   4091.171      0.1826502    
   4094.418      0.1821179    
   4097.666      0.1816131    
   4100.913      0.1811371    
   4104.161      0.1806768    
   4107.408      0.1802140    
   4110.656      0.1797332    
   4113.904      0.1792237    
   4117.151      0.1786746    
   4120.399      0.1780851    
   4123.647      0.1774361    
   4126.895      0.1767044    
   4130.143      0.1758667    
   4133.390      0.1748880    
   4136.638      0.1737521    
   4139.886      0.1724450    
   4143.134      0.1709784    
   4146.382      0.1693796    
   4149.630      0.1676881    
   4152.878      0.1659505    
   4156.126      0.1642049    
   4159.375      0.1624740    
   4162.623      0.1607652    
   4165.871      0.1590526    
   4169.120      0.1573078    
   4172.368      0.1554786    
   4175.616      0.1535221    
   4178.865      0.1514182    
   4182.113      0.1491753    
   4185.362      0.1468424    
   4188.610      0.1445009    
   4191.858      0.1422455    
   4195.107      0.1401647    
   4198.356      0.1383166    
   4201.604      0.1367151    
   4204.853      0.1353376    
   4208.102      0.1341310    
   4211.351      0.1330252    
   4214.600      0.1319574    
   4217.848      0.1308817    
   4221.097      0.1297905    
   4224.346      0.1286994    
   4227.595      0.1276401    
   4230.844      0.1266479    
   4234.093      0.1257466    
   4237.342      0.1249361    
   4240.591      0.1241821    
   4243.840      0.1234353    
   4247.090      0.1226319    
   4250.339      0.1217039    
   4253.588      0.1206043    
   4256.837      0.1193131    
   4260.087      0.1178286    
   4263.336      0.1161805    
   4266.585      0.1144129    
   4269.835      0.1125745    
   4273.084      0.1107173    
   4276.334      0.1088816    
   4279.583      0.1070936    
   4282.833      0.1053641    
   4286.083      0.1036801    
   4289.333      0.1020157    
   4292.582      0.1003309    
   4295.832      9.8584853E-02
   4299.082      9.6749604E-02
   4302.332      9.4809212E-02
   4305.582      9.2774570E-02
   4308.831      9.0678930E-02
   4312.081      8.8569112E-02
   4315.331      8.6494572E-02
   4318.581      8.4491000E-02
   4321.832      8.2575537E-02
   4325.082      8.0739588E-02
   4328.332      7.8964598E-02
   4331.582      7.7226110E-02
   4334.832      7.5504214E-02
   4338.082      7.3796391E-02
   4341.333      7.2126672E-02
   4344.583      7.0517451E-02
   4347.833      6.9007948E-02
   4351.083      6.7624912E-02
   4354.334      6.6370532E-02
   4357.584      6.5232098E-02
   4360.835      6.4173684E-02
   4364.086      6.3147068E-02
   4367.336      6.2104184E-02
   4370.587      6.1003350E-02
   4373.838      5.9816003E-02
   4377.088      5.8535710E-02
   4380.339      5.7169091E-02
   4383.590      5.5738375E-02
   4386.841      5.4276463E-02
   4390.092      5.2815799E-02
   4393.343      5.1384047E-02
   4396.594      5.0006583E-02
   4399.845      4.8696015E-02
   4403.096      4.7465805E-02
   4406.347      4.6322379E-02
   4409.598      4.5276497E-02
   4412.849      4.4338144E-02
   4416.101      4.3518092E-02
   4419.352      4.2820487E-02
   4422.603      4.2234864E-02
   4425.854      4.1748244E-02
   4429.106      4.1330531E-02
   4432.357      4.0949225E-02
   4435.609      4.0585283E-02
   4438.860      4.0226176E-02
   4442.112      3.9870504E-02
   4445.363      3.9525051E-02
   4448.615      3.9199140E-02
   4451.867      3.8891926E-02
   4455.118      3.8591258E-02
   4458.370      3.8267177E-02
   4461.622      3.7882671E-02
   4464.874      3.7390284E-02
   4468.125      3.6753148E-02
   4471.377      3.5948876E-02
   4474.629      3.4968939E-02
   4477.881      3.3832368E-02
   4481.134      3.2575347E-02
   4484.386      3.1246627E-02
   4487.638      2.9903602E-02
   4490.890      2.8601438E-02
   4494.142      2.7385615E-02
   4497.395      2.6288388E-02
   4500.647      2.5324794E-02
   4503.899      2.4496837E-02
   4507.151      2.3797307E-02
   4510.404      2.3216588E-02
   4513.656      2.2741664E-02
   4516.909      2.2365263E-02
   4520.162      2.2079084E-02
   4523.414      2.1871906E-02
   4526.667      2.1728376E-02
   4529.919      2.1629227E-02
   4533.172      2.1550933E-02
   4536.425      2.1460939E-02
   4539.678      2.1329211E-02
   4542.931      2.1130214E-02
   4546.184      2.0845136E-02
   4549.437      2.0469481E-02
   4552.689      2.0012712E-02
   4555.942      1.9497339E-02
   4559.195      1.8953823E-02
   4562.449      1.8411471E-02
   4565.702      1.7896118E-02
   4568.955      1.7414799E-02
   4572.208      1.6966160E-02
   4575.461      1.6542817E-02
   4578.715      1.6127270E-02
   4581.968      1.5704472E-02
   4585.222      1.5264616E-02
   4588.475      1.4796883E-02
   4591.729      1.4298689E-02
   4594.982      1.3770758E-02
   4598.236      1.3218688E-02
   4601.489      1.2657420E-02
   4604.743      1.2101250E-02
   4607.997      1.1572645E-02
   4611.250      1.1083021E-02
   4614.504      1.0645333E-02
   4617.758      1.0257628E-02
   4621.012      9.9141495E-03
   4624.266      9.6027805E-03
   4627.520      9.3122097E-03
   4630.774      9.0351691E-03
   4634.028      8.7735178E-03
   4637.282      8.5360184E-03
   4640.537      8.3388500E-03
   4643.791      8.1985882E-03
   4647.045      8.1300745E-03
   4650.299      8.1412252E-03
   4653.554      8.2319789E-03
   4656.808      8.3888173E-03
   4660.063      8.5922182E-03
   4663.317      8.8114915E-03
   4666.571      9.0135559E-03
   4669.826      9.1681387E-03
   4673.081      9.2478897E-03
   4676.335      9.2325052E-03
   4679.590      9.1161570E-03
   4682.845      8.9027146E-03
   4686.100      8.6061154E-03
   4689.354      8.2526077E-03
   4692.609      7.8717200E-03
   4695.864      7.4923425E-03
   4699.119      7.1393587E-03
   4702.375      6.8278192E-03
   4705.629      6.5630539E-03
   4708.884      6.3383658E-03
   4712.140      6.1471667E-03
   4715.395      5.9757372E-03
   4718.650      5.8170529E-03
   4721.905      5.6657228E-03
   4725.161      5.5220616E-03
   4728.416      5.3875828E-03
   4731.672      5.2664108E-03
   4734.927      5.1587867E-03
   4738.183      5.0656148E-03
   4741.438      4.9787401E-03
   4744.694      4.8902091E-03
   4747.950      4.7913748E-03
   4751.205      4.6780366E-03
   4754.461      4.5546284E-03
   4757.717      4.4356845E-03
   4760.973      4.3382626E-03
   4764.229      4.2876843E-03
   4767.484      4.3033715E-03
   4770.741      4.3958011E-03
   4773.997      4.5635994E-03
   4777.252      4.7919136E-03
   4780.509      5.0533032E-03
   4783.765      5.3135832E-03
   4787.021      5.5327904E-03
   4790.277      5.6746942E-03
   4793.534      5.7116365E-03
   4796.790      5.6315232E-03
   4800.047      5.4347469E-03
   4803.303      5.1417132E-03
   4806.560      4.7817640E-03
   4809.816      4.3903454E-03
   4813.073      3.9991559E-03
   4816.330      3.6359329E-03
   4819.586      3.3115689E-03
   4822.843      3.0276000E-03
   4826.100      2.7774957E-03
   4829.356      2.5498271E-03
   4832.613      2.3363433E-03
   4835.871      2.1328139E-03
   4839.127      1.9403237E-03
   4842.384      1.7681894E-03
   4845.642      1.6234032E-03
   4848.899      1.5139499E-03
   4852.156      1.4421793E-03
   4855.413      1.4061804E-03
   4858.670      1.3950644E-03
   4861.928      1.3993502E-03
   4865.185      1.4054358E-03
   4868.443      1.4011408E-03
   4871.700      1.3801064E-03
   4874.958      1.3399487E-03
   4878.215      1.2844487E-03
   4881.473      1.2207550E-03
   4884.730      1.1608454E-03
   4887.988      1.1162801E-03
   4891.246      1.0978306E-03
   4894.504      1.1115662E-03
   4897.762      1.1552306E-03
   4901.020      1.2235465E-03
   4904.278      1.3027672E-03
   4907.536      1.3793111E-03
   4910.793      1.4413865E-03
   4914.052      1.4813729E-03
   4917.310      1.4968484E-03
   4920.568      1.4944919E-03
   4923.827      1.4800156E-03
   4927.085      1.4597814E-03
   4930.343      1.4356335E-03
   4933.602      1.4068559E-03
   4936.860      1.3682445E-03
   4940.119      1.3179109E-03
   4943.377      1.2516977E-03
   4946.636      1.1736194E-03
   4949.895      1.0902605E-03
   4953.153      1.0137219E-03
   4956.412      9.5813192E-04
   4959.670      9.3697192E-04
   4962.930      9.5689856E-04
   4966.188      1.0189345E-03
   4969.447      1.1169562E-03
   4972.707      1.2356380E-03
   4975.965      1.3549037E-03
   4979.225      1.4537087E-03
   4982.484      1.5154600E-03
   4985.743      1.5294423E-03
   4989.002      1.4964365E-03
   4992.262      1.4242867E-03
   4995.521      1.3334733E-03
   4998.780      1.2452250E-03
   5002.040      1.1775038E-03
   5005.299      1.1417418E-03
   5008.559      1.1395412E-03
   5011.818      1.1623446E-03
   5015.078      1.1965919E-03
   5018.338      1.2267003E-03
   5021.598      1.2394668E-03
   5024.857      1.2299776E-03
   5028.117      1.1947681E-03
   5031.377      1.1389263E-03
   5034.637      1.0662687E-03
   5037.897      9.8339899E-04
   5041.157      8.9211331E-04
   5044.417      7.9753343E-04
   5047.678      7.0307398E-04
   5050.938      6.1314099E-04
   5054.198      5.3544185E-04
   5057.458      4.7855597E-04
   5060.719      4.4884963E-04
   5063.979      4.4941984E-04
   5067.240      4.7713285E-04
   5070.500      5.2174740E-04
   5073.761      5.6964438E-04
   5077.021      6.0536695E-04
   5080.282      6.1627902E-04
   5083.543      5.9711689E-04
   5086.804      5.5149564E-04
   5090.065      4.8740653E-04
   5093.326      4.1446369E-04
   5096.587      3.4054165E-04
   5099.848      2.7038399E-04
   5103.109      2.0447958E-04
   5106.370      1.3721330E-04
   5109.631      6.3734617E-05
   5112.892     -1.8961200E-05
   5116.154     -1.0881641E-04
   5119.415     -2.0140357E-04
   5122.676     -2.8790432E-04
   5125.938     -3.6104000E-04
   5129.199     -4.1202726E-04
   5132.461     -4.3823931E-04
   5135.723     -4.4273795E-04
   5138.984     -4.3158460E-04
   5142.246     -4.1653900E-04
   5145.508     -4.1061157E-04
   5148.770     -4.2422622E-04
   5152.031     -4.6415385E-04
   5155.293     -5.2905449E-04
   5158.555     -6.1207649E-04
   5161.817     -6.9847627E-04
   5165.079     -7.7295973E-04
   5168.341     -8.2202058E-04
   5171.604     -8.3876663E-04
   5174.866     -8.2144362E-04
   5178.128     -7.7533047E-04
   5181.391     -7.0922886E-04
   5184.653     -6.3408772E-04
   5187.916     -5.5918202E-04
   5191.178     -4.8982952E-04
   5194.440     -4.2669009E-04
   5197.703     -3.6962103E-04
   5200.966     -3.1443874E-04
   5204.229     -2.5678484E-04
   5207.491     -1.9083481E-04
   5210.754     -1.1637414E-04
   5214.017     -3.3498851E-05
   5217.280      5.3881642E-05
   5220.543      1.4142631E-04
   5223.806      2.2343665E-04
   5227.069      2.9458446E-04
   5230.333      3.5017732E-04
   5233.596      3.8803252E-04
   5236.859      4.0940681E-04
   5240.122      4.1442664E-04
   5243.385      4.0746608E-04
   5246.649      3.9285660E-04
   5249.913      3.7460646E-04
   5253.176      3.5943781E-04
   5256.439      3.5140375E-04
   5259.703      3.5529904E-04
   5262.967      3.7212201E-04
   5266.231      4.0120722E-04
   5269.495      4.4096951E-04
   5272.758      4.8773669E-04
   5276.022      5.3463498E-04
   5279.287      5.7695131E-04
   5282.550      6.1046571E-04
   5285.814      6.3127867E-04
   5289.079      6.3796161E-04
   5292.343      6.3036935E-04
   5295.607      6.1136426E-04
   5298.872      5.8354298E-04
   5302.136      5.5282988E-04
   5305.400      5.2470196E-04
   5308.665      5.0584518E-04
   5311.929      5.0339772E-04
   5315.194      5.2008237E-04
   5318.458      5.5989483E-04
   5321.724      6.2473031E-04
   5324.988      7.1273925E-04
   5328.253      8.2190050E-04
   5331.518      9.4841060E-04
   5334.783      1.0853850E-03
   5338.048      1.2238720E-03
   5341.313      1.3532557E-03
   5344.578      1.4631394E-03
   5347.843      1.5423521E-03
   5351.108      1.5822265E-03
   5354.374      1.5780247E-03
   5357.639      1.5292385E-03
   5360.905      1.4393374E-03
   5364.170      1.3167938E-03
   5367.436      1.1717451E-03
   5370.701      1.0145967E-03
   5373.967      8.5667043E-04
   5377.232      7.0892851E-04
   5380.498      5.7813613E-04
   5383.764      4.6978312E-04
   5387.030      3.8884595E-04
   5390.296      3.3715513E-04
   5393.562      3.1374441E-04
   5396.828      3.1333324E-04
   5400.094      3.2815427E-04
   5403.360      3.4667208E-04
   5406.626      3.5657504E-04
   5409.893      3.4585834E-04
   5413.159      3.0678004E-04
   5416.425      2.3707459E-04
   5419.691      1.3762382E-04
   5422.958      1.6152413E-05
   5426.225     -1.1594725E-04
   5429.491     -2.4625272E-04
   5432.758     -3.6310355E-04
   5436.025     -4.5389062E-04
   5439.292     -5.1121757E-04
   5442.559     -5.3086760E-04
   5445.825     -5.1425479E-04
   5449.092     -4.6463328E-04
   5452.359     -3.8894964E-04
   5455.626     -2.9673197E-04
   5458.894     -1.9644112E-04
   5462.161     -9.6245072E-05
   5465.428     -4.2966735E-06
   5468.695      7.3824289E-05
   5471.962      1.3286842E-04
   5475.230      1.6797133E-04
   5478.498      1.7699553E-04
   5481.765      1.6035647E-04
   5485.033      1.2068626E-04
   5488.300      6.2664098E-05
   5491.568     -5.4849002E-06
   5494.836     -7.4813484E-05
   5498.104     -1.3833522E-04
   5501.372     -1.8907564E-04
   5504.640     -2.2559057E-04
   5507.908     -2.4858586E-04
   5511.176     -2.6091424E-04
   5514.444     -2.6785515E-04
   5517.712     -2.7327772E-04
   5520.980     -2.8014451E-04
   5524.249     -2.9267388E-04
   5527.517     -3.1125473E-04
   5530.786     -3.3528081E-04
   5534.054     -3.6389026E-04
   5537.323     -3.9354767E-04
   5540.591     -4.1955060E-04
   5543.860     -4.3548635E-04
   5547.128     -4.3546979E-04
   5550.397     -4.1429876E-04
   5553.667     -3.6809137E-04
   5556.935     -2.9559826E-04
   5560.204     -1.9944065E-04
   5563.473     -8.3925406E-05
   5566.742      4.4791788E-05
   5570.012      1.7780144E-04
   5573.281      3.0570448E-04
   5576.550      4.1836302E-04
   5579.819      5.0637458E-04
   5583.089      5.6282763E-04
   5586.358      5.8383087E-04
   5589.628      5.7067501E-04
   5592.897      5.2819791E-04
   5596.167      4.6480019E-04
   5599.437      3.9098092E-04
   5602.707      3.1412291E-04
   5605.977      2.4213461E-04
   5609.246      1.7824712E-04
   5612.516      1.2329937E-04
   5615.787      7.8285855E-05
   5619.057      4.2577176E-05
   5622.327      1.7177821E-05
   5625.597      4.3203745E-06
   5628.867      3.7357584E-06
   5632.137      1.3456388E-05
   5635.408      2.9254421E-05
   5638.678      4.3119548E-05
   5641.949      4.7015532E-05
   5645.219      3.3720422E-05
   5648.490      7.4617577E-07
   5651.761     -4.8684164E-05
   5655.031     -1.0523030E-04
   5658.302     -1.5598776E-04
   5661.573     -1.8627092E-04
   5664.844     -1.8635050E-04
   5668.115     -1.5273169E-04
   5671.386     -8.9731999E-05
   5674.657     -8.2887645E-06
   5677.929      7.7293036E-05
   5681.200      1.5383707E-04
   5684.471      2.1330641E-04
   5687.743      2.5387580E-04
   5691.014      2.8164170E-04
   5694.286      3.0595635E-04
   5697.557      3.3774646E-04
   5700.829      3.8457316E-04
   5704.101      4.4862946E-04
   5707.372      5.2503211E-04
   5710.644      6.0471351E-04
   5713.916      6.7657791E-04
   5717.188      7.3022046E-04
   5720.460      7.5773831E-04
   5723.732      7.5538218E-04
   5727.004      7.2371599E-04
   5730.276      6.6621590E-04
   5733.548      5.8730814E-04
   5736.821      4.9162965E-04
   5740.093      3.8339439E-04
   5743.366      2.6809427E-04
   5746.638      1.4930686E-04
   5749.911      3.2366315E-05
   5753.184     -7.7366771E-05
   5756.456     -1.7521055E-04
   5759.729     -2.5598501E-04
   5763.002     -3.1761741E-04
   5766.275     -3.5679960E-04
   5769.548     -3.7342726E-04
   5772.821     -3.6666749E-04
   5776.094     -3.3738071E-04
   5779.367     -2.8580014E-04
   5782.641     -2.1319148E-04
   5785.914     -1.2002172E-04
   5789.187     -7.3975789E-06
   5792.460      1.2102644E-04
   5795.734      2.6380052E-04
   5799.008      4.1676775E-04
   5802.281      5.7568750E-04
   5805.555      7.3417183E-04
   5808.829      8.8394020E-04
   5812.103      1.0139812E-03
   5815.376      1.1124306E-03
   5818.650      1.1680595E-03
   5821.924      1.1740074E-03
   5825.198      1.1290491E-03
   5828.472      1.0387275E-03
   5831.747      9.1621396E-04
   5835.021      7.7991496E-04
   5838.295      6.4958673E-04
   5841.569      5.4159522E-04
   5844.844      4.6668309E-04
   5848.119      4.2920702E-04
   5851.393      4.2527675E-04
   5854.668      4.4612132E-04
   5857.942      4.8037333E-04
   5861.217      5.1496370E-04
   5864.492      5.3807721E-04
   5867.767      5.3790660E-04
   5871.042      5.0717179E-04
   5874.317      4.3952538E-04
   5877.592      3.3480604E-04
   5880.868      1.9879226E-04
   5884.143      4.4385783E-05
   5887.418     -1.1146312E-04
   5890.693     -2.4935385E-04
   5893.969     -3.5089903E-04
   5897.244     -4.0405162E-04
   5900.520     -4.0356777E-04
   5903.796     -3.5251764E-04
   5907.071     -2.5978353E-04
   5910.347     -1.4034813E-04
   5913.623     -1.1269512E-05
   5916.899      1.1076780E-04
   5920.175      2.1189872E-04
   5923.451      2.8192683E-04
   5926.727      3.1506867E-04
   5930.003      3.1215674E-04
   5933.279      2.7757903E-04
   5936.556      2.1993552E-04
   5939.832      1.4990204E-04
   5943.108      7.9127880E-05
   5946.385      1.6575041E-05
   5949.662     -2.9738767E-05
   5952.938     -5.7662623E-05
   5956.215     -6.9421294E-05
   5959.492     -7.0424125E-05
   5962.769     -6.8867244E-05
   5966.045     -7.2199131E-05
   5969.323     -8.6774606E-05
   5972.600     -1.1518560E-04
   5975.877     -1.5493025E-04
   5979.154     -2.0152511E-04
   5982.431     -2.4924608E-04
   5985.708     -2.9266111E-04
   5988.986     -3.2826490E-04
   5992.263     -3.5627518E-04
   5995.541     -3.7848009E-04
   5998.818     -3.9725550E-04
   6002.096     -4.1293149E-04
   6005.374     -4.2491528E-04
   6008.652     -4.2822174E-04
   6011.930     -4.1596699E-04
   6015.208     -3.8239089E-04
   6018.485     -3.2341570E-04
   6021.764     -2.3823619E-04
   6025.042     -1.2935289E-04
   6028.320     -3.6208708E-06
   6031.598      1.3100065E-04
   6034.876      2.6606172E-04
   6038.155      3.9352142E-04
   6041.434      5.0494715E-04
   6044.712      5.9393334E-04
   6047.991      6.5622642E-04
   6051.270      6.8836741E-04
   6054.548      6.9079292E-04
   6057.827      6.6696550E-04
   6061.106      6.2159199E-04
   6064.385      5.6172750E-04
   6067.664      4.9502635E-04
   6070.943      4.2908604E-04
   6074.222      3.6947452E-04
   6077.501      3.1980861E-04
   6080.781      2.8202491E-04
   6084.060      2.5650035E-04
   6087.339      2.4230650E-04
   6090.619      2.3726563E-04
   6093.898      2.3920686E-04
   6097.178      2.4520757E-04
   6100.458      2.5206548E-04
   6103.738      2.5702838E-04
   6107.018      2.5833631E-04
   6110.298      2.5464559E-04
   6113.578      2.4716233E-04
   6116.857      2.3879742E-04
   6120.138      2.3297366E-04
   6123.418      2.3429476E-04
   6126.698      2.4622781E-04
   6129.979      2.7085928E-04
   6133.259      3.0678231E-04
   6136.540      3.5116452E-04
   6139.820      3.9849797E-04
   6143.101      4.4305681E-04
   6146.381      4.7816982E-04
   6149.663      4.9829384E-04
   6152.943      5.0016824E-04
   6156.224      4.8317510E-04
   6159.505      4.4937612E-04
   6162.786      4.0346436E-04
   6166.067      3.5204703E-04
   6169.349      3.0263027E-04
   6172.630      2.6262223E-04
   6175.911      2.3882229E-04
   6179.192      2.3577079E-04
   6182.474      2.5501708E-04
   6185.756      2.9575228E-04
   6189.037      3.5455820E-04
   6192.319      4.2475329E-04
   6195.601      4.9720809E-04
   6198.883      5.6198926E-04
   6202.165      6.0881960E-04
   6205.447      6.2870939E-04
   6208.729      6.1587867E-04
   6212.011      5.6911202E-04
   6215.293      4.9259659E-04
   6218.575      3.9506680E-04
   6221.857      2.8755842E-04
   6225.140      1.8118347E-04
   6228.422      8.5351116E-05
   6231.705      5.4039610E-06
   6234.988     -5.6762874E-05
   6238.271     -1.0275983E-04
   6241.553     -1.3524412E-04
   6244.836     -1.5721151E-04
   6248.119     -1.7062909E-04
   6251.402     -1.7585294E-04
   6254.685     -1.7294138E-04
   6257.968     -1.6083842E-04
   6261.251     -1.4095478E-04
   6264.535     -1.1388546E-04
   6267.818     -8.3420033E-05
   6271.102     -5.3630021E-05
   6274.385     -2.8616538E-05
   6277.668     -1.2553034E-05
   6280.952     -6.8393651E-06
   6284.236     -1.1738509E-05
   6287.520     -2.5289775E-05
   6290.804     -4.4098761E-05
   6294.087     -6.3314605E-05
   6297.372     -7.9692487E-05
   6300.656     -9.1988019E-05
   6303.940     -1.0096424E-04
   6307.224     -1.0981649E-04
   6310.508     -1.2229770E-04
   6313.793     -1.4164446E-04
   6317.077     -1.6864436E-04
   6320.362     -2.0010459E-04
   6323.646     -2.2971879E-04
   6326.931     -2.4969547E-04
   6330.216     -2.5198711E-04
   6333.500     -2.3131887E-04
   6336.786     -1.8702903E-04
   6340.070     -1.2227964E-04
   6343.355     -4.3664997E-05
   6346.641      4.0461491E-05
   6349.926      1.2099572E-04
   6353.211      1.9149849E-04
   6356.497      2.4814220E-04
   6359.782      2.8958099E-04
   6363.067      3.1795571E-04
   6366.353      3.3553329E-04
   6369.639      3.4579894E-04
   6372.924      3.5142619E-04
   6376.210      3.5324431E-04
   6379.496      3.5187061E-04
   6382.782      3.4512248E-04
   6386.068      3.3168014E-04
   6389.354      3.0887721E-04
   6392.640      2.7445832E-04
   6395.926      2.2776060E-04
   6399.212      1.6841812E-04
   6402.499      9.8075914E-05
   6405.786      1.9318872E-05
   6409.072     -6.4678105E-05
   6412.358     -1.5084851E-04
   6415.646     -2.3567729E-04
   6418.932     -3.1534789E-04
   6422.219     -3.8745589E-04
   6425.506     -4.4815725E-04
   6428.793     -4.9422728E-04
   6432.080     -5.2276743E-04
   6435.367     -5.3156097E-04
   6438.654     -5.2046299E-04
   6441.941     -4.9149425E-04
   6445.229     -4.4915164E-04
   6448.516     -3.9874640E-04
   6451.804     -3.4595240E-04
   6455.091     -2.9594571E-04
   6458.379     -2.5218297E-04
   6461.667     -2.1696092E-04
   6464.955     -1.9097484E-04
   6468.243     -1.7398117E-04
   6471.531     -1.6583812E-04
   6474.818     -1.6661102E-04
   6478.107     -1.7655089E-04
   6481.395     -1.9583439E-04
   6484.683     -2.2355518E-04
   6487.972     -2.5795581E-04
   6491.260     -2.9485146E-04
   6494.548     -3.2853015E-04
   6497.837     -3.5382216E-04
   6501.125     -3.6555916E-04
   6504.415     -3.6150869E-04
   6507.703     -3.4093688E-04
   6510.992     -3.0567744E-04
   6514.281     -2.5807446E-04
   6517.570     -2.0211756E-04
   6520.859     -1.4056916E-04
   6524.148     -7.6747434E-05
   6527.438     -1.5445317E-05
   6530.727      3.8051669E-05
   6534.017      7.8143741E-05
   6537.306      1.0055711E-04
   6540.596      1.0373034E-04
   6543.885      8.9112291E-05
   6547.175      6.2891733E-05
   6550.465      3.3317774E-05
   6553.755      9.5460018E-06
   6557.044     -7.5381209E-08
   6560.334      9.3535336E-06
   6563.625      3.8814866E-05
   6566.915      8.5107989E-05
   6570.206      1.4212307E-04
   6573.496      2.0307321E-04
   6576.786      2.6065047E-04
   6580.077      3.1001418E-04
   6583.367      3.4667901E-04
   6586.658      3.6839439E-04
   6589.949      3.7381670E-04
   6593.239      3.6166579E-04
   6596.530      3.3169281E-04
   6599.821      2.8545596E-04
   6603.112      2.2545092E-04
   6606.403      1.5638315E-04
   6609.695      8.4303341E-05
   6612.986      1.6087264E-05
   6616.277     -4.1936622E-05
   6619.569     -8.5368796E-05
   6622.860     -1.1268706E-04
   6626.152     -1.2405396E-04
   6629.443     -1.2296961E-04
   6632.735     -1.1277733E-04
   6636.027     -9.8933568E-05
   6639.319     -8.4872336E-05
   6642.611     -7.3296411E-05
   6645.903     -6.5167813E-05
   6649.195     -6.0976156E-05
   6652.488     -5.9531063E-05
   6655.780     -5.8572485E-05
   6659.072     -5.6348614E-05
   6662.365     -5.0760558E-05
   6665.657     -4.0843173E-05
   6668.950     -2.7406468E-05
   6672.243     -1.3083344E-05
   6675.536     -2.1783285E-06
   6678.828      1.7742876E-06
   6682.122     -5.4093584E-06
   6685.415     -2.4888781E-05
   6688.708     -5.5940924E-05
   6692.001     -9.5923991E-05
   6695.294     -1.3994231E-04
   6698.587     -1.8310224E-04
   6701.881     -2.2146320E-04
   6705.174     -2.5119286E-04
   6708.468     -2.7128489E-04
   6711.762     -2.8169609E-04
   6715.055     -2.8365519E-04
   6718.349     -2.7896641E-04
   6721.643     -2.6864564E-04
   6724.937     -2.5373779E-04
   6728.231     -2.3363007E-04
   6731.525     -2.0634812E-04
   6734.819     -1.7091773E-04
   6738.114     -1.2519561E-04
   6741.408     -6.9513539E-05
   6744.703     -5.2287501E-06
   6747.998      6.4913555E-05
   6751.292      1.3629302E-04
   6754.587      2.0344532E-04
   6757.881      2.6109035E-04
   6761.176      3.0470613E-04
   6764.471      3.3164944E-04
   6767.766      3.4029994E-04
   6771.062      3.3108130E-04
   6774.357      3.0613341E-04
   6777.652      2.6854960E-04
   6780.947      2.2186578E-04
   6784.243      1.7183647E-04
   6787.539      1.2387136E-04
   6790.834      8.4048705E-05
   6794.129      5.7863992E-05
   6797.425      4.9472019E-05
   6800.721      6.1758336E-05
   6804.018      9.4563904E-05
   6807.313      1.4497311E-04
   6810.609      2.0788277E-04
   6813.905      2.7662033E-04
   6817.202      3.4345101E-04
   6820.498      4.0079464E-04
   6823.794      4.4262718E-04
   6827.091      4.6459318E-04
   6830.388      4.6431908E-04
   6833.685      4.4183957E-04
   6836.981      3.9945543E-04
   6840.278      3.4088967E-04
   6843.575      2.7087016E-04
   6846.872      1.9565018E-04
   6850.169      1.2104328E-04
   6853.466      5.3431304E-05
   6856.764     -2.3065138E-06
   6860.061     -4.3003092E-05
   6863.358     -6.7128451E-05
   6866.656     -7.6057404E-05
   6869.954     -7.2043760E-05
   6873.251     -5.9553495E-05
   6876.549     -4.2536856E-05
   6879.847     -2.4171162E-05
   6883.145     -6.0046841E-06
   6886.443      1.1626897E-05
   6889.741      3.0191752E-05
   6893.039      5.1696046E-05
   6896.337      7.8478792E-05
   6899.635      1.1173119E-04
   6902.934      1.5090429E-04
   6906.232      1.9465286E-04
   6909.531      2.3942303E-04
   6912.830      2.8092420E-04
   6916.128      3.1407675E-04
   6919.427      3.3546975E-04
   6922.726      3.4281201E-04
   6926.025      3.3535363E-04
   6929.324      3.1520301E-04
   6932.623      2.8505945E-04
   6935.923      2.4884121E-04
   6939.222      2.1030518E-04
   6942.521      1.7283490E-04
   6945.821      1.3940941E-04
   6949.121      1.1239194E-04
   6952.420      9.3367220E-05
   6955.720      8.3061459E-05
   6959.020      8.1025311E-05
   6962.320      8.5689913E-05
   6965.620      1.0268763E-04
   6968.920      1.0268763E-04
   6972.220      1.0268763E-04
   6975.520      1.0268763E-04
   6978.821      1.0268763E-04
   6982.121      1.0268763E-04
   6985.421      1.0268763E-04
   6988.722      1.0268763E-04
   6992.023      1.0268763E-04
   6995.324      1.0268763E-04
   6998.625      1.0268763E-04
   7001.925      1.0268763E-04
   7005.227      1.0268763E-04
   7008.528      1.0268763E-04
   7011.829      1.0268763E-04
   7015.130      1.0268763E-04
   7018.432      1.0268763E-04
   7021.733      1.0268763E-04
   7025.035      1.0268763E-04
   7028.336      1.0268763E-04
   7031.638      1.0268763E-04
   7034.940      1.0268763E-04
   7038.242      1.0268763E-04
   7041.543      1.0268763E-04
   7044.846      1.0268763E-04
