   4800.887      4.0137148E-04
   4804.155      4.0137148E-04
   4807.423      4.0137148E-04
   4810.691      4.0137148E-04
   4813.959      4.0137148E-04
   4817.227      4.0137148E-04
   4820.495      4.0137148E-04
   4823.763      4.0137148E-04
   4827.031      4.0137148E-04
   4830.300      4.0137148E-04
   4833.568      4.0137148E-04
   4836.836      4.0137148E-04
   4840.104      4.0137148E-04
   4843.373      4.0137148E-04
   4846.641      4.0137148E-04
   4849.910      4.0137148E-04
   4853.178      4.0137148E-04
   4856.446      4.0137148E-04
   4859.715      4.0137148E-04
   4862.983      4.0137148E-04
   4866.252      4.0137148E-04
   4869.521      4.0137148E-04
   4872.790      4.0137148E-04
   4876.058      4.0137148E-04
   4879.327      4.0137148E-04
   4882.596      4.0137148E-04
   4885.865      4.0137148E-04
   4889.134      4.0137148E-04
   4892.402      4.0137148E-04
   4895.671      4.0137148E-04
   4898.940      4.0137148E-04
   4902.209      4.0137148E-04
   4905.479      4.0137148E-04
   4908.748      4.0137148E-04
   4912.017      4.0137148E-04
   4915.286      4.0137148E-04
   4918.556      4.0137148E-04
   4921.825      4.0137148E-04
   4925.094      4.0137148E-04
   4928.363      4.0137148E-04
   4931.633      4.0137148E-04
   4934.902      4.0137148E-04
   4938.172      4.0137148E-04
   4941.441      4.0137148E-04
   4944.711      4.0137148E-04
   4947.980      4.0137148E-04
   4951.250      4.0137148E-04
   4954.520      4.0137148E-04
   4957.790      4.0137148E-04
   4961.060      4.0137148E-04
   4964.329      4.0137148E-04
   4967.599      4.0137148E-04
   4970.869      4.0137148E-04
   4974.139      4.0137148E-04
   4977.409      4.0137148E-04
   4980.679      4.0137148E-04
   4983.949      4.0137148E-04
   4987.219      4.0137148E-04
   4990.489      4.0137148E-04
   4993.759      4.0137148E-04
   4997.029      4.0137148E-04
   5000.300      4.0137148E-04
   5003.570      4.0137148E-04
   5006.840      4.0137148E-04
   5010.111      4.0137148E-04
   5013.381      4.0137148E-04
   5016.651      4.0137148E-04
   5019.922      4.0137148E-04
   5023.192      4.0137148E-04
   5026.463      4.0137148E-04
   5029.733      4.0137148E-04
   5033.004      4.0137148E-04
   5036.275      4.0137148E-04
   5039.546      4.0137148E-04
   5042.816      4.0137148E-04
   5046.087      4.0137148E-04
   5049.358      4.0137148E-04
   5052.629      4.0137148E-04
   5055.900      4.0137148E-04
   5059.171      4.0137148E-04
   5062.442      4.0137148E-04
   5065.713      4.0137148E-04
   5068.984      4.0137148E-04
   5072.255      4.0137148E-04
   5075.526      4.0137148E-04
   5078.797      4.0137148E-04
   5082.069      4.0137148E-04
   5085.340      4.0137148E-04
   5088.611      4.0137148E-04
   5091.883      4.0137148E-04
   5095.154      4.0137148E-04
   5098.425      4.0137148E-04
   5101.697      4.0137148E-04
   5104.968      4.0137148E-04
   5108.240      4.0137148E-04
   5111.512      4.0137148E-04
   5114.783      4.0137148E-04
   5118.055      4.0137148E-04
   5121.327      4.0137148E-04
   5124.598      4.0137148E-04
   5127.870      4.0137148E-04
   5131.142      4.0137148E-04
   5134.414      4.0137148E-04
   5137.686      4.0137148E-04
   5140.958      4.0137148E-04
   5144.229      4.0137148E-04
   5147.502      4.0137148E-04
   5150.774      4.0137148E-04
   5154.046      4.0137148E-04
   5157.318      4.0137148E-04
   5160.590      4.0137148E-04
   5163.862      4.0137148E-04
   5167.135      4.0137148E-04
   5170.407      4.0137148E-04
   5173.680      4.0137148E-04
   5176.952      4.0137148E-04
   5180.224      4.0137148E-04
   5183.497      4.0137148E-04
   5186.769      4.0137148E-04
   5190.042      4.0137148E-04
   5193.314      4.0137148E-04
   5196.587      4.0137148E-04
   5199.860      4.0137148E-04
   5203.132      4.0137148E-04
   5206.405      4.0137148E-04
   5209.678      4.0137148E-04
   5212.951      4.0137148E-04
   5216.224      4.0122119E-04
   5219.497      4.0089671E-04
   5222.770      4.0022339E-04
   5226.042      3.9889355E-04
   5229.315      3.9640386E-04
   5232.588      3.9199379E-04
   5235.862      3.8461050E-04
   5239.135      3.7293578E-04
   5242.408      3.5551313E-04
   5245.681      3.3099487E-04
   5248.955      2.9849474E-04
   5252.228      2.5798101E-04
   5255.501      2.1059973E-04
   5258.774      1.5880533E-04
   5262.048      1.0620731E-04
   5265.321      5.7121830E-05
   5268.595      1.5913418E-05
   5271.869     -1.3707951E-05
   5275.142     -2.9249806E-05
   5278.416     -2.9720222E-05
   5281.689     -1.5584965E-05
   5284.963      1.1547105E-05
   5288.237      4.9386992E-05
   5291.511      9.5438045E-05
   5294.784      1.4737074E-04
   5298.058      2.0324877E-04
   5301.332      2.6160968E-04
   5304.606      3.2143857E-04
   5307.880      3.8208382E-04
   5311.154      4.4315643E-04
   5314.428      5.0443970E-04
   5317.702      5.6588458E-04
   5320.977      6.2732940E-04
   5324.250      6.8857911E-04
   5327.525      7.4961473E-04
   5330.799      8.1022904E-04
   5334.073      8.7006390E-04
   5337.348      9.2854560E-04
   5340.622      9.8483509E-04
   5343.896      1.0378230E-03
   5347.171      1.0862238E-03
   5350.445      1.1288053E-03
   5353.720      1.1647858E-03
   5356.995      1.1943517E-03
   5360.269      1.2192036E-03
   5363.544      1.2429658E-03
   5366.818      1.2712945E-03
   5370.093      1.3115609E-03
   5373.368      1.3721091E-03
   5376.643      1.4612337E-03
   5379.917      1.5861104E-03
   5383.192      1.7519566E-03
   5386.467      1.9616080E-03
   5389.743      2.2155819E-03
   5393.018      2.5125386E-03
   5396.292      2.8499602E-03
   5399.567      3.2248478E-03
   5402.843      3.6342880E-03
   5406.118      4.0758024E-03
   5409.393      4.5474926E-03
   5412.668      5.0480291E-03
   5415.944      5.5765519E-03
   5419.219      6.1325454E-03
   5422.494      6.7157228E-03
   5425.770      7.3260171E-03
   5429.045      7.9632103E-03
   5432.321      8.6273011E-03
   5435.596      9.3182912E-03
   5438.872      1.0036184E-02
   5442.147      1.0780571E-02
   5445.423      1.1551739E-02
   5448.699      1.2349863E-02
   5451.975      1.3174437E-02
   5455.250      1.4025781E-02
   5458.526      1.4903896E-02
   5461.802      1.5809892E-02
   5465.078      1.6746063E-02
   5468.354      1.7716529E-02
   5471.630      1.8728923E-02
   5474.906      1.9792419E-02
   5478.182      2.0921141E-02
   5481.458      2.2134056E-02
   5484.734      2.3452202E-02
   5488.010      2.4901867E-02
   5491.286      2.6511392E-02
   5494.563      2.8312583E-02
   5497.839      3.0339319E-02
   5501.115      3.2626264E-02
   5504.392      3.5209063E-02
   5507.668      3.8120810E-02
   5510.944      4.1391496E-02
   5514.221      4.5045391E-02
   5517.498      4.9102664E-02
   5520.774      5.3579655E-02
   5524.050      5.8492813E-02
   5527.327      6.3857652E-02
   5530.604      6.9692001E-02
   5533.880      7.6014027E-02
   5537.157      8.2838513E-02
   5540.434      9.0177074E-02
   5543.711      9.8035820E-02
   5546.988      0.1064123    
   5550.265      0.1152999    
   5553.542      0.1246894    
   5556.819      0.1345698    
   5560.096      0.1449332    
   5563.373      0.1557725    
   5566.650      0.1670815    
   5569.927      0.1788516    
   5573.204      0.1910663    
   5576.481      0.2037035    
   5579.759      0.2167266    
   5583.036      0.2300923    
   5586.313      0.2437501    
   5589.591      0.2576438    
   5592.868      0.2717172    
   5596.146      0.2859124    
   5599.423      0.3001740    
   5602.701      0.3144504    
   5605.979      0.3286933    
   5609.256      0.3428617    
   5612.534      0.3569227    
   5615.812      0.3708512    
   5619.089      0.3846293    
   5622.367      0.3982398    
   5625.645      0.4116696    
   5628.923      0.4249049    
   5632.201      0.4379303    
   5635.479      0.4507286    
   5638.756      0.4632796    
   5642.035      0.4755628    
   5645.313      0.4875557    
   5648.591      0.4992373    
   5651.869      0.5105859    
   5655.147      0.5215811    
   5658.425      0.5322078    
   5661.704      0.5424530    
   5664.982      0.5523157    
   5668.260      0.5618017    
   5671.539      0.5709308    
   5674.817      0.5797310    
   5678.096      0.5882369    
   5681.374      0.5964867    
   5684.653      0.6045107    
   5687.931      0.6123350    
   5691.210      0.6199732    
   5694.489      0.6274285    
   5697.767      0.6346991    
   5701.046      0.6417749    
   5704.325      0.6486445    
   5707.604      0.6552953    
   5710.882      0.6617121    
   5714.162      0.6678758    
   5717.440      0.6737702    
   5720.719      0.6793783    
   5723.999      0.6846867    
   5727.277      0.6896859    
   5730.557      0.6943757    
   5733.835      0.6987619    
   5737.115      0.7028581    
   5740.394      0.7066876    
   5743.673      0.7102727    
   5746.953      0.7136415    
   5750.232      0.7168214    
   5753.511      0.7198412    
   5756.791      0.7227268    
   5760.070      0.7254989    
   5763.350      0.7281748    
   5766.629      0.7307594    
   5769.909      0.7332524    
   5773.188      0.7356448    
   5776.468      0.7379236    
   5779.748      0.7400772    
   5783.027      0.7420974    
   5786.307      0.7439886    
   5789.587      0.7457643    
   5792.867      0.7474526    
   5796.147      0.7490910    
   5799.427      0.7507178    
   5802.707      0.7523698    
   5805.987      0.7540669    
   5809.267      0.7558087    
   5812.547      0.7575716    
   5815.827      0.7593145    
   5819.107      0.7609812    
   5822.388      0.7625206    
   5825.668      0.7638949    
   5828.948      0.7650853    
   5832.229      0.7660955    
   5835.509      0.7669473    
   5838.789      0.7676759    
   5842.070      0.7683141    
   5845.350      0.7688942    
   5848.631      0.7694368    
   5851.911      0.7699502    
   5855.192      0.7704350    
   5858.473      0.7708828    
   5861.753      0.7712845    
   5865.034      0.7716289    
   5868.315      0.7719134    
   5871.596      0.7721397    
   5874.876      0.7723163    
   5878.157      0.7724600    
   5881.438      0.7725894    
   5884.719      0.7727261    
   5888.000      0.7728856    
   5891.281      0.7730769    
   5894.563      0.7733011    
   5897.844      0.7735524    
   5901.125      0.7738205    
   5904.406      0.7740954    
   5907.687      0.7743707    
   5910.968      0.7746476    
   5914.250      0.7749296    
   5917.531      0.7752205    
   5920.813      0.7755218    
   5924.094      0.7758265    
   5927.375      0.7761188    
   5930.657      0.7763770    
   5933.938      0.7765791    
   5937.220      0.7767048    
   5940.502      0.7767406    
   5943.784      0.7766846    
   5947.065      0.7765422    
   5950.347      0.7763249    
   5953.629      0.7760482    
   5956.911      0.7757255    
   5960.192      0.7753708    
   5963.475      0.7749930    
   5966.756      0.7745996    
   5970.039      0.7741941    
   5973.320      0.7737793    
   5976.603      0.7733578    
   5979.885      0.7729310    
   5983.167      0.7724997    
   5986.449      0.7720640    
   5989.731      0.7716249    
   5993.014      0.7711834    
   5996.296      0.7707385    
   5999.578      0.7702908    
   6002.861      0.7698403    
   6006.143      0.7693870    
   6009.426      0.7689312    
   6012.708      0.7684725    
   6015.991      0.7680108    
   6019.273      0.7675467    
   6022.556      0.7670798    
   6025.838      0.7666099    
   6029.122      0.7661375    
   6032.404      0.7656624    
   6035.687      0.7651843    
   6038.970      0.7647036    
   6042.252      0.7642204    
   6045.536      0.7637342    
   6048.818      0.7632451    
   6052.102      0.7627535    
   6055.385      0.7622591    
   6058.667      0.7617621    
   6061.951      0.7612623    
   6065.234      0.7607595    
   6068.517      0.7602541    
   6071.800      0.7597460    
   6075.083      0.7592352    
   6078.367      0.7587215    
   6081.650      0.7582051    
   6084.934      0.7576861    
   6088.217      0.7571642    
   6091.500      0.7566397    
   6094.784      0.7561123    
   6098.068      0.7555822    
   6101.351      0.7550493    
   6104.635      0.7545138    
   6107.918      0.7539755    
   6111.202      0.7534344    
   6114.486      0.7528908    
   6117.770      0.7523441    
   6121.054      0.7517948    
   6124.337      0.7512428    
   6127.622      0.7506880    
   6130.905      0.7501306    
   6134.189      0.7495703    
   6137.473      0.7490073    
   6140.757      0.7484415    
   6144.042      0.7478730    
   6147.326      0.7473018    
   6150.610      0.7467278    
   6153.894      0.7461509    
   6157.178      0.7455716    
   6160.463      0.7449892    
   6163.747      0.7444044    
   6167.031      0.7438166    
   6170.316      0.7432262    
   6173.601      0.7426331    
   6176.885      0.7420371    
   6180.169      0.7414384    
   6183.454      0.7408369    
   6186.739      0.7402328    
   6190.023      0.7396259    
   6193.308      0.7390162    
   6196.593      0.7384037    
   6199.877      0.7377886    
   6203.163      0.7371708    
   6206.447      0.7365501    
   6209.732      0.7359267    
   6213.017      0.7353007    
   6216.302      0.7346718    
   6219.587      0.7340402    
   6222.872      0.7334058    
   6226.157      0.7327687    
   6229.442      0.7321289    
   6232.728      0.7314863    
   6236.013      0.7308410    
   6239.298      0.7301929    
   6242.583      0.7295421    
   6245.869      0.7288884    
   6249.154      0.7282322    
   6252.439      0.7275733    
   6255.725      0.7269114    
   6259.010      0.7262468    
   6262.296      0.7255795    
   6265.582      0.7249095    
   6268.867      0.7242366    
   6272.153      0.7235611    
   6275.438      0.7228830    
   6278.724      0.7222019    
   6282.010      0.7215182    
   6285.296      0.7208317    
   6288.582      0.7201424    
   6291.868      0.7194505    
   6295.154      0.7187559    
   6298.439      0.7180582    
   6301.726      0.7173580    
   6305.012      0.7166551    
   6308.298      0.7159493    
   6311.584      0.7152411    
   6314.870      0.7145298    
   6318.156      0.7138158    
   6321.443      0.7130991    
   6324.729      0.7123798    
   6328.015      0.7116575    
   6331.302      0.7109327    
   6334.588      0.7102050    
   6337.875      0.7094744    
   6341.161      0.7087415    
   6344.447      0.7080057    
   6347.734      0.7072670    
   6351.021      0.7065257    
   6354.307      0.7057815    
   6357.594      0.7050345    
   6360.881      0.7042850    
   6364.167      0.7035326    
   6367.454      0.7027776    
   6370.741      0.7020200    
   6374.028      0.7012602    
   6377.315      0.7004985    
   6380.602      0.6997354    
   6383.889      0.6989722    
   6387.176      0.6982110    
   6390.463      0.6974539    
   6393.750      0.6967045    
   6397.038      0.6959662    
   6400.325      0.6952425    
   6403.612      0.6945365    
   6406.899      0.6938486    
   6410.187      0.6931773    
   6413.474      0.6925181    
   6416.761      0.6918638    
   6420.049      0.6912051    
   6423.336      0.6905326    
   6426.624      0.6898376    
   6429.911      0.6891143    
   6433.199      0.6883598    
   6436.487      0.6875741    
   6439.774      0.6867601    
   6443.062      0.6859221    
   6446.350      0.6850649    
   6449.638      0.6841928    
   6452.925      0.6833104    
   6456.213      0.6824203    
   6459.501      0.6815246    
   6462.789      0.6806248    
   6466.077      0.6797215    
   6469.365      0.6788153    
   6472.653      0.6779063    
   6475.941      0.6769947    
   6479.229      0.6760809    
   6482.518      0.6751643    
   6485.806      0.6742452    
   6489.094      0.6733238    
   6492.383      0.6723999    
   6495.671      0.6714734    
   6498.959      0.6705444    
   6502.248      0.6696129    
   6505.537      0.6686791    
   6508.825      0.6677427    
   6512.113      0.6668039    
   6515.402      0.6658623    
   6518.690      0.6649185    
   6521.979      0.6639720    
   6525.268      0.6630232    
   6528.557      0.6620719    
   6531.846      0.6611180    
   6535.134      0.6601617    
   6538.423      0.6592029    
   6541.712      0.6582416    
   6545.001      0.6572778    
   6548.290      0.6563115    
   6551.579      0.6553427    
   6554.868      0.6543713    
   6558.157      0.6533975    
   6561.447      0.6524212    
   6564.736      0.6514425    
   6568.025      0.6504612    
   6571.314      0.6494775    
   6574.604      0.6484912    
   6577.893      0.6475027    
   6581.182      0.6465113    
   6584.472      0.6455176    
   6587.761      0.6445215    
   6591.051      0.6435227    
   6594.340      0.6425215    
   6597.630      0.6415178    
   6600.919      0.6405118    
   6604.209      0.6395031    
   6607.499      0.6384920    
   6610.789      0.6374783    
   6614.079      0.6364621    
   6617.368      0.6354436    
   6620.658      0.6344224    
   6623.948      0.6333989    
   6627.238      0.6323729    
   6630.528      0.6313442    
   6633.818      0.6303132    
   6637.108      0.6292796    
   6640.398      0.6282436    
   6643.688      0.6272051    
   6646.979      0.6261640    
   6650.269      0.6251205    
   6653.559      0.6240745    
   6656.850      0.6230258    
   6660.140      0.6219749    
   6663.430      0.6209216    
   6666.721      0.6198655    
   6670.011      0.6188071    
   6673.302      0.6177462    
   6676.592      0.6166825    
   6679.883      0.6156167    
   6683.173      0.6145483    
   6686.464      0.6134773    
   6689.755      0.6124039    
   6693.045      0.6113279    
   6696.336      0.6102497    
   6699.627      0.6091687    
   6702.918      0.6080854    
   6706.209      0.6069995    
   6709.500      0.6059111    
   6712.791      0.6048203    
   6716.082      0.6037271    
   6719.373      0.6026312    
   6722.664      0.6015328    
   6725.955      0.6004320    
   6729.246      0.5993287    
   6732.538      0.5982229    
   6735.829      0.5971147    
   6739.120      0.5960039    
   6742.412      0.5948907    
   6745.703      0.5937749    
   6748.994      0.5926567    
   6752.286      0.5915359    
   6755.577      0.5904127    
   6758.869      0.5892869    
   6762.160      0.5881587    
   6765.452      0.5870281    
   6768.744      0.5858949    
   6772.035      0.5847592    
   6775.327      0.5836210    
   6778.619      0.5824804    
   6781.911      0.5813372    
   6785.203      0.5801916    
   6788.495      0.5790434    
   6791.786      0.5778927    
   6795.078      0.5767396    
   6798.371      0.5755841    
   6801.663      0.5744261    
   6804.955      0.5732653    
   6808.247      0.5721023    
   6811.539      0.5709368    
   6814.831      0.5697687    
   6818.123      0.5685982    
   6821.416      0.5674252    
   6824.708      0.5662495    
   6828.000      0.5650716    
   6831.292      0.5638911    
   6834.585      0.5627081    
   6837.877      0.5615225    
   6841.170      0.5603345    
   6844.463      0.5591440    
   6847.755      0.5579510    
   6851.048      0.5567556    
   6854.341      0.5555578    
   6857.633      0.5543572    
   6860.926      0.5531544    
   6864.219      0.5519490    
   6867.512      0.5507411    
   6870.805      0.5495307    
   6874.098      0.5483177    
   6877.391      0.5471023    
   6880.684      0.5458845    
   6883.977      0.5446641    
   6887.270      0.5434412    
   6890.563      0.5422159    
   6893.856      0.5409881    
   6897.149      0.5397578    
   6900.443      0.5385249    
   6903.736      0.5372897    
   6907.029      0.5360518    
   6910.323      0.5348115    
   6913.616      0.5335687    
   6916.909      0.5323235    
   6920.203      0.5310757    
   6923.497      0.5298254    
   6926.790      0.5285726    
   6930.083      0.5273175    
   6933.377      0.5260597    
   6936.671      0.5247995    
   6939.965      0.5235367    
   6943.258      0.5222717    
   6946.552      0.5210040    
   6949.846      0.5197338    
   6953.140      0.5184610    
   6956.434      0.5171859    
   6959.728      0.5159083    
   6963.022      0.5146282    
   6966.316      0.5133455    
   6969.610      0.5120603    
   6972.904      0.5107727    
   6976.198      0.5094827    
   6979.493      0.5081901    
   6982.787      0.5068949    
   6986.081      0.5055974    
   6989.375      0.5042973    
   6992.670      0.5029948    
   6995.964      0.5016897    
   6999.258      0.5003822    
   7002.553      0.4990721    
   7005.848      0.4977596    
   7009.142      0.4964446    
   7012.437      0.4951271    
   7015.731      0.4938070    
   7019.026      0.4924846    
   7022.321      0.4911596    
   7025.616      0.4898322    
   7028.910      0.4885022    
   7032.205      0.4871697    
   7035.500      0.4858348    
   7038.795      0.4844973    
   7042.090      0.4831574    
   7045.385      0.4818150    
   7048.680      0.4804700    
   7051.975      0.4791227    
   7055.270      0.4777728    
   7058.565      0.4764204    
   7061.860      0.4750656    
   7065.156      0.4737082    
   7068.451      0.4723483    
   7071.746      0.4709860    
   7075.042      0.4696212    
   7078.337      0.4682539    
   7081.632      0.4668841    
   7084.928      0.4655118    
   7088.224      0.4641370    
   7091.519      0.4627596    
   7094.814      0.4613799    
   7098.110      0.4599977    
   7101.406      0.4586129    
   7104.702      0.4572256    
   7107.998      0.4558359    
   7111.293      0.4544443    
   7114.589      0.4530507    
   7117.885      0.4516561    
   7121.181      0.4502613    
   7124.477      0.4488682    
   7127.773      0.4474798    
   7131.069      0.4460999    
   7134.365      0.4447331    
   7137.661      0.4433847    
   7140.957      0.4420593    
   7144.253      0.4407598    
   7147.549      0.4394857    
   7150.846      0.4382323    
   7154.142      0.4369895    
   7157.438      0.4357438    
   7160.735      0.4344783    
   7164.031      0.4331768    
   7167.328      0.4318258    
   7170.624      0.4304165    
   7173.921      0.4289458    
   7177.217      0.4274165    
   7180.514      0.4258356    
   7183.811      0.4242120    
   7187.107      0.4225562    
   7190.404      0.4208774    
   7193.701      0.4191831    
   7196.998      0.4174791    
   7200.294      0.4157694    
   7203.591      0.4140565    
   7206.889      0.4123419    
   7210.186      0.4106265    
   7213.482      0.4089106    
   7216.780      0.4071946    
   7220.077      0.4054786    
   7223.374      0.4037626    
   7226.671      0.4020467    
   7229.968      0.4003307    
   7233.265      0.3986148    
   7236.563      0.3968988    
   7239.860      0.3951828    
   7243.157      0.3934667    
   7246.455      0.3917508    
   7249.752      0.3900349    
   7253.050      0.3883188    
   7256.348      0.3866029    
   7259.645      0.3848869    
   7262.942      0.3831709    
   7266.240      0.3814550    
   7269.538      0.3797390    
   7272.835      0.3780230    
   7276.133      0.3763071    
   7279.431      0.3745910    
   7282.729      0.3728750    
   7286.027      0.3711590    
   7289.325      0.3694431    
   7292.623      0.3677271    
   7295.921      0.3660111    
   7299.219      0.3642952    
   7302.517      0.3625792    
   7305.815      0.3608632    
   7309.113      0.3591472    
   7312.412      0.3574313    
   7315.710      0.3557152    
   7319.008      0.3539993    
   7322.307      0.3522833    
   7325.605      0.3505673    
   7328.903      0.3488513    
   7332.202      0.3471354    
   7335.500      0.3454194    
   7338.799      0.3437034    
   7342.097      0.3419874    
   7345.396      0.3402714    
   7348.695      0.3385555    
   7351.993      0.3368394    
   7355.292      0.3351235    
   7358.591      0.3334076    
   7361.890      0.3316916    
   7365.188      0.3299756    
   7368.487      0.3282596    
   7371.786      0.3265436    
   7375.085      0.3248276    
   7378.384      0.3231117    
   7381.684      0.3213957    
   7384.982      0.3196796    
   7388.281      0.3179637    
   7391.581      0.3162477    
   7394.880      0.3145317    
   7398.179      0.3128158    
   7401.479      0.3110999    
   7404.778      0.3093839    
   7408.077      0.3076679    
   7411.376      0.3059520    
   7414.676      0.3042359    
   7417.976      0.3025200    
   7421.275      0.3008040    
   7424.575      0.2990882    
   7427.874      0.2973725    
   7431.174      0.2956575    
   7434.474      0.2939432    
   7437.773      0.2922307    
   7441.073      0.2905211    
   7444.373      0.2888160    
   7447.673      0.2871184    
   7450.973      0.2854315    
   7454.272      0.2837597    
   7457.572      0.2821073    
   7460.873      0.2804798    
   7464.172      0.2788815    
   7467.473      0.2773175    
   7470.773      0.2757908    
   7474.073      0.2743046    
   7477.373      0.2728617    
   7480.673      0.2714631    
   7483.974      0.2701091    
   7487.274      0.2687984    
   7490.574      0.2675273    
   7493.875      0.2662900    
   7497.175      0.2650782    
   7500.476      0.2638829    
   7503.776      0.2626956    
   7507.077      0.2615101    
   7510.377      0.2603223    
   7513.678      0.2591320    
   7516.979      0.2579408    
   7520.279      0.2567514    
   7523.580      0.2555661    
   7526.881      0.2543858    
   7530.182      0.2532093    
   7533.482      0.2520342    
   7536.784      0.2508584    
   7540.084      0.2496799    
   7543.386      0.2484980    
   7546.687      0.2473132    
   7549.987      0.2461270    
   7553.289      0.2449414    
   7556.590      0.2437580    
   7559.891      0.2425790    
   7563.192      0.2414050    
   7566.494      0.2402373    
   7569.795      0.2390757    
   7573.096      0.2379204    
   7576.397      0.2367696    
   7579.699      0.2356215    
   7583.000      0.2344746    
   7586.302      0.2333273    
   7589.604      0.2321786    
   7592.905      0.2310286    
   7596.207      0.2298770    
   7599.508      0.2287247    
   7602.810      0.2275712    
   7606.112      0.2264171    
   7609.414      0.2252612    
   7612.716      0.2241039    
   7616.018      0.2229450    
   7619.319      0.2217856    
   7622.621      0.2206281    
   7625.923      0.2194775    
   7629.225      0.2183392    
   7632.527      0.2172199    
   7635.830      0.2161244    
   7639.132      0.2150549    
   7642.434      0.2140099    
   7645.736      0.2129841    
   7649.038      0.2119692    
   7652.340      0.2109553    
   7655.643      0.2099332    
   7658.945      0.2088960    
   7662.248      0.2078402    
   7665.550      0.2067664    
   7668.853      0.2056786    
   7672.155      0.2045833    
   7675.458      0.2034879    
   7678.761      0.2023997    
   7682.063      0.2013244    
   7685.366      0.2002665    
   7688.668      0.1992280    
   7691.971      0.1982093    
   7695.274      0.1972094    
   7698.577      0.1962252    
   7701.880      0.1952518    
   7705.183      0.1942834    
   7708.486      0.1933134    
   7711.789      0.1923357    
   7715.092      0.1913443    
   7718.395      0.1903362    
   7721.698      0.1893101    
   7725.001      0.1882675    
   7728.305      0.1872116    
   7731.608      0.1861478    
   7734.911      0.1850812    
   7738.215      0.1840169    
   7741.518      0.1829583    
   7744.821      0.1819065    
   7748.125      0.1808616    
   7751.428      0.1798223    
   7754.732      0.1787872    
   7758.036      0.1777554    
   7761.339      0.1767273    
   7764.643      0.1757053    
   7767.946      0.1746925    
   7771.250      0.1736921    
   7774.554      0.1727080    
   7777.858      0.1717417    
   7781.162      0.1707937    
   7784.465      0.1698618    
   7787.770      0.1689421    
   7791.073      0.1680298    
   7794.377      0.1671204    
   7797.682      0.1662098    
   7800.986      0.1652973    
   7804.290      0.1643834    
   7807.594      0.1634708    
   7810.898      0.1625626    
   7814.202      0.1616617    
   7817.507      0.1607698    
   7820.811      0.1598866    
   7824.115      0.1590114    
   7827.420      0.1581418    
   7830.724      0.1572753    
   7834.029      0.1564102    
   7837.333      0.1555441    
   7840.638      0.1546753    
   7843.942      0.1538029    
   7847.247      0.1529268    
   7850.552      0.1520475    
   7853.856      0.1511673    
   7857.161      0.1502888    
   7860.466      0.1494152    
   7863.771      0.1485485    
   7867.076      0.1476898    
   7870.381      0.1468394    
   7873.686      0.1459962    
   7876.991      0.1451590    
   7880.296      0.1443268    
   7883.601      0.1434984    
   7886.906      0.1426735    
   7890.211      0.1418521    
   7893.517      0.1410351    
   7896.822      0.1402227    
   7900.127      0.1394156    
   7903.432      0.1386133    
   7906.738      0.1378147    
   7910.043      0.1370167    
   7913.349      0.1362156    
   7916.654      0.1354073    
   7919.959      0.1345879    
   7923.265      0.1337545    
   7926.571      0.1329061    
   7929.876      0.1320453    
   7933.182      0.1311762    
   7936.488      0.1303045    
   7939.793      0.1294377    
   7943.099      0.1285822    
   7946.405      0.1277436    
   7949.711      0.1269249    
   7953.017      0.1261273    
   7956.323      0.1253496    
   7959.629      0.1245895    
   7962.935      0.1238430    
   7966.241      0.1231064    
   7969.547      0.1223761    
   7972.854      0.1216487    
   7976.160      0.1209213    
   7979.466      0.1201907    
   7982.772      0.1194548    
   7986.079      0.1187114    
   7989.385      0.1179589    
   7992.691      0.1171963    
   7995.998      0.1164241    
   7999.304      0.1156431    
   8002.611      0.1148549    
   8005.917      0.1140611    
   8009.224      0.1132633    
   8012.530      0.1124633    
   8015.837      0.1116621    
   8019.144      0.1108607    
   8022.451      0.1100608    
   8025.757      0.1092642    
   8029.064      0.1084728    
   8032.371      0.1076885    
   8035.678      0.1069136    
   8038.985      0.1061502    
   8042.292      0.1054003    
   8045.599      0.1046652    
   8048.906      0.1039449    
   8052.213      0.1032383    
   8055.521      0.1025424    
   8058.828      0.1018534    
   8062.135      0.1011668    
   8065.442      0.1004785    
   8068.750      9.9785663E-02
   8072.057      9.9087305E-02
   8075.364      9.8384403E-02
   8078.671      9.7679809E-02
   8081.979      9.6978031E-02
   8085.287      9.6283309E-02
   8088.594      9.5599450E-02
   8091.901      9.4928958E-02
   8095.209      9.4273001E-02
   8098.517      9.3631558E-02
   8101.825      9.3003675E-02
   8105.132      9.2387445E-02
   8108.440      9.1780260E-02
   8111.748      9.1179006E-02
   8115.056      9.0579107E-02
   8118.364      8.9975812E-02
   8121.672      8.9363784E-02
   8124.980      8.8738188E-02
   8128.288      8.8095814E-02
   8131.596      8.7435588E-02
   8134.904      8.6758852E-02
   8138.212      8.6070500E-02
   8141.520      8.5376501E-02
   8144.829      8.4684260E-02
   8148.137      8.4000930E-02
   8151.445      8.3332695E-02
   8154.753      8.2684129E-02
   8158.062      8.2056873E-02
   8161.370      8.1450552E-02
   8164.679      8.0863722E-02
   8167.987      8.0293842E-02
   8171.296      7.9737738E-02
   8174.604      7.9192422E-02
   8177.913      7.8654692E-02
   8181.222      7.8121699E-02
   8184.530      7.7590428E-02
   8187.839      7.7059381E-02
   8191.148      7.6527402E-02
   8194.457      7.5993642E-02
   8197.766      7.5457647E-02
   8201.074      7.4919604E-02
   8204.384      7.4379392E-02
   8207.692      7.3836908E-02
   8211.001      7.3291779E-02
   8214.311      7.2745025E-02
   8217.620      7.2197825E-02
   8220.929      7.1652792E-02
   8224.238      7.1113400E-02
   8227.547      7.0583887E-02
   8230.856      7.0068754E-02
   8234.166      6.9571204E-02
   8237.476      6.9093786E-02
   8240.784      6.8637632E-02
   8244.094      6.8204112E-02
   8247.403      6.7792818E-02
   8250.713      6.7403875E-02
   8254.022      6.7035943E-02
   8257.332      6.6686891E-02
   8260.642      6.6353172E-02
   8263.951      6.6028237E-02
   8267.261      6.5703891E-02
   8270.570      6.5370932E-02
   8273.880      6.5020636E-02
   8277.190      6.4645305E-02
   8280.500      6.4240567E-02
   8283.810      6.3805267E-02
   8287.120      6.3342571E-02
   8290.430      6.2858216E-02
   8293.740      6.2360831E-02
   8297.050      6.1859876E-02
   8300.360      6.1363995E-02
   8303.670      6.0879435E-02
   8306.980      6.0409900E-02
   8310.291      5.9956454E-02
   8313.601      5.9516225E-02
   8316.911      5.9084874E-02
   8320.222      5.8657974E-02
   8323.532      5.8232069E-02
   8326.842      5.7805914E-02
   8330.152      5.7381403E-02
   8333.463      5.6963008E-02
   8336.773      5.6557614E-02
   8340.084      5.6170728E-02
   8343.395      5.5805650E-02
   8346.705      5.5462468E-02
   8350.017      5.5138163E-02
   8353.327      5.4825656E-02
   8356.638      5.4516099E-02
   8359.948      5.4200266E-02
   8363.260      5.3870369E-02
   8366.570      5.3520501E-02
   8369.881      5.3147133E-02
   8373.192      5.2750781E-02
   8376.503      5.2334778E-02
   8379.814      5.1904820E-02
   8383.125      5.1469475E-02
   8386.437      5.1037308E-02
   8389.748      5.0616737E-02
   8393.059      5.0214205E-02
   8396.370      4.9833443E-02
   8399.682      4.9474828E-02
   8402.993      4.9136579E-02
   8406.304      4.8814747E-02
   8409.615      4.8505854E-02
   8412.927      4.8206799E-02
   8416.238      4.7917757E-02
   8419.550      4.7639076E-02
   8422.861      4.7373772E-02
   8426.173      4.7123555E-02
   8429.485      4.6889927E-02
   8432.797      4.6670876E-02
   8436.108      4.6462353E-02
   8439.420      4.6257891E-02
   8442.731      4.6049576E-02
   8446.044      4.5829721E-02
   8449.355      4.5591511E-02
   8452.667      4.5331005E-02
   8455.979      4.5047317E-02
   8459.291      4.4742431E-02
   8462.604      4.4420019E-02
   8465.915      4.4084601E-02
   8469.228      4.3738920E-02
   8472.540      4.3383908E-02
   8475.852      4.3017823E-02
   8479.164      4.2638563E-02
   8482.477      4.2245138E-02
   8485.789      4.1840609E-02
   8489.102      4.1432161E-02
   8492.414      4.1031256E-02
   8495.726      4.0651504E-02
   8499.038      4.0304601E-02
   8502.352      3.9998304E-02
   8505.664      3.9733279E-02
   8508.977      3.9503843E-02
   8512.289      3.9298441E-02
   8515.602      3.9103989E-02
   8518.914      3.8906615E-02
   8522.228      3.8696617E-02
   8525.540      3.8467150E-02
   8528.853      3.8216900E-02
   8532.166      3.7947733E-02
   8535.479      3.7664764E-02
   8538.791      3.7374642E-02
   8542.104      3.7083507E-02
   8545.417      3.6798101E-02
   8548.730      3.6522832E-02
   8552.043      3.6260158E-02
   8555.356      3.6009852E-02
   8558.670      3.5769489E-02
   8561.983      3.5535589E-02
   8565.297      3.5303410E-02
   8568.609      3.5069555E-02
   8571.923      3.4832533E-02
   8575.236      3.4592945E-02
   8578.550      3.4352858E-02
   8581.863      3.4115516E-02
   8585.177      3.3883292E-02
   8588.490      3.3656947E-02
   8591.804      3.3436999E-02
   8595.118      3.3220988E-02
   8598.432      3.3006407E-02
   8601.745      3.2791294E-02
   8605.059      3.2574210E-02
   8608.373      3.2355316E-02
   8611.687      3.2136261E-02
   8615.000      3.1919103E-02
   8618.314      3.1704500E-02
   8621.628      3.1493276E-02
   8624.942      3.1283680E-02
   8628.256      3.1072706E-02
   8631.570      3.0857008E-02
   8634.885      3.0633451E-02
   8638.198      3.0401377E-02
   8641.513      3.0160939E-02
   8644.827      2.9916130E-02
   8648.142      2.9670799E-02
   8651.455      2.9429212E-02
   8654.770      2.9195324E-02
   8658.084      2.8971925E-02
   8661.398      2.8760392E-02
   8664.713      2.8561160E-02
   8668.027      2.8374488E-02
   8671.342      2.8198931E-02
   8674.656      2.8032171E-02
   8677.972      2.7869996E-02
   8681.286      2.7708007E-02
   8684.601      2.7541231E-02
   8687.916      2.7365938E-02
   8691.230      2.7179841E-02
   8694.545      2.6983034E-02
   8697.860      2.6777908E-02
   8701.175      2.6568029E-02
   8704.489      2.6357181E-02
   8707.805      2.6148083E-02
   8711.120      2.5942009E-02
   8714.435      2.5738556E-02
   8717.750      2.5536004E-02
   8721.065      2.5332985E-02
   8724.380      2.5127878E-02
   8727.695      2.4920063E-02
   8731.011      2.4711112E-02
   8734.326      2.4502652E-02
   8737.642      2.4297832E-02
   8740.957      2.4099376E-02
   8744.272      2.3909967E-02
   8747.588      2.3730200E-02
   8750.903      2.3559431E-02
   8754.219      2.3395924E-02
   8757.534      2.3236364E-02
   8760.850      2.3078520E-02
   8764.165      2.2921344E-02
   8767.481      2.2765802E-02
   8770.797      2.2615746E-02
   8774.112      2.2476451E-02
   8777.429      2.2353513E-02
   8780.744      2.2250453E-02
   8784.061      2.2168245E-02
   8787.376      2.2104140E-02
   8790.692      2.2052465E-02
   8794.008      2.2005860E-02
   8797.324      2.1955740E-02
   8800.641      2.1894509E-02
   8803.957      2.1815855E-02
   8807.272      2.1716319E-02
   8810.589      2.1594418E-02
   8813.905      2.1451309E-02
   8817.222      2.1290733E-02
   8820.538      2.1117618E-02
   8823.854      2.0938700E-02
   8827.171      2.0760620E-02
   8830.487      2.0589571E-02
   8833.804      2.0430017E-02
   8837.120      2.0284040E-02
   8840.437      2.0149812E-02
   8843.753      2.0023396E-02
   8847.070      1.9899350E-02
   8850.387      1.9770946E-02
   8853.703      1.9633779E-02
   8857.021      1.9486161E-02
   8860.337      1.9329848E-02
   8863.654      1.9169956E-02
   8866.971      1.9013200E-02
   8870.288      1.8866351E-02
   8873.604      1.8734382E-02
   8876.922      1.8619824E-02
   8880.239      1.8521674E-02
   8883.556      1.8437004E-02
   8886.873      1.8360510E-02
   8890.190      1.8287046E-02
   8893.507      1.8210990E-02
   8896.824      1.8128300E-02
   8900.142      1.8036440E-02
   8903.459      1.7934905E-02
   8906.776      1.7824914E-02
   8910.094      1.7709782E-02
   8913.411      1.7594039E-02
   8916.729      1.7483026E-02
   8920.046      1.7381346E-02
   8923.364      1.7293056E-02
   8926.682      1.7219095E-02
   8929.999      1.7158931E-02
   8933.317      1.7109299E-02
   8936.635      1.7064042E-02
   8939.952      1.7017204E-02
   8943.271      1.6962403E-02
   8946.588      1.6894480E-02
   8949.906      1.6810574E-02
   8953.224      1.6711159E-02
   8956.542      1.6598281E-02
   8959.859      1.6475510E-02
   8963.178      1.6347103E-02
   8966.496      1.6216632E-02
   8969.814      1.6087517E-02
   8973.133      1.5962532E-02
   8976.450      1.5845209E-02
   8979.769      1.5739039E-02
   8983.087      1.5647998E-02
   8986.405      1.5574825E-02
   8989.724      1.5520179E-02
   8993.042      1.5482844E-02
   8996.360      1.5459743E-02
   8999.679      1.5446379E-02
   9002.998      1.5439055E-02
   9006.316      1.5434801E-02
   9009.635      1.5433704E-02
   9012.953      1.5435589E-02
   9016.272      1.5440318E-02
   9019.591      1.5445045E-02
   9022.909      1.5444378E-02
   9026.229      1.5429414E-02
   9029.547      1.5390337E-02
   9032.866      1.5317574E-02
   9036.185      1.5206525E-02
   9039.504      1.5058187E-02
   9042.822      1.4879818E-02
   9046.142      1.4685377E-02
   9049.461      1.4491661E-02
   9052.780      1.4315076E-02
   9056.100      1.4169901E-02
   9059.418      1.4064603E-02
   9062.737      1.4002297E-02
   9066.057      1.3979836E-02
   9069.376      1.3989288E-02
   9072.695      1.4018388E-02
   9076.015      1.4052838E-02
   9079.334      1.4078435E-02
   9082.653      1.4081709E-02
   9085.974      1.4052855E-02
   9089.293      1.3988066E-02
   9092.612      1.3890407E-02
   9095.933      1.3768246E-02
   9099.252      1.3634934E-02
   9102.571      1.3505111E-02
   9105.892      1.3391779E-02
   9109.211      1.3302232E-02
   9112.531      1.3236191E-02
   9115.851      1.3188628E-02
   9119.171      1.3149115E-02
   9122.490      1.3106852E-02
   9125.811      1.3052388E-02
   9129.131      1.2980858E-02
   9132.450      1.2892759E-02
   9135.771      1.2792403E-02
   9139.091      1.2686748E-02
   9142.411      1.2584332E-02
   9145.731      1.2492608E-02
   9149.052      1.2417052E-02
   9152.372      1.2360291E-02
   9155.692      1.2321815E-02
   9159.013      1.2298299E-02
   9162.333      1.2284026E-02
   9165.653      1.2271777E-02
   9168.975      1.2254830E-02
   9172.295      1.2227181E-02
   9175.615      1.2185268E-02
   9178.936      1.2126603E-02
   9182.257      1.2051200E-02
   9185.577      1.1963193E-02
   9188.898      1.1867936E-02
   9192.219      1.1773170E-02
   9195.539      1.1687415E-02
   9198.860      1.1618268E-02
   9202.182      1.1570062E-02
   9205.502      1.1543964E-02
   9208.823      1.1535472E-02
   9212.145      1.1538011E-02
   9215.465      1.1541958E-02
   9218.786      1.1537913E-02
   9222.107      1.1518288E-02
   9225.429      1.1478322E-02
   9228.750      1.1417194E-02
   9232.071      1.1336995E-02
   9235.393      1.1241782E-02
   9238.714      1.1138177E-02
   9242.035      1.1032525E-02
   9245.356      1.0930898E-02
   9248.678      1.0837953E-02
   9252.000      1.0756935E-02
   9255.321      1.0689295E-02
   9258.643      1.0634901E-02
   9261.965      1.0591229E-02
   9265.286      1.0555441E-02
   9268.607      1.0523446E-02
   9271.930      1.0491140E-02
   9275.251      1.0455283E-02
   9278.573      1.0413947E-02
   9281.895      1.0367016E-02
   9285.217      1.0315370E-02
   9288.539      1.0260793E-02
   9291.860      1.0205771E-02
   9295.183      1.0152121E-02
   9298.505      1.0101504E-02
   9301.827      1.0055006E-02
   9305.149      1.0012874E-02
   9308.471      9.9741882E-03
   9311.794      9.9389441E-03
   9315.115      9.9058645E-03
   9318.438      9.8746950E-03
   9321.761      9.8444419E-03
   9325.083      9.8150242E-03
   9328.405      9.7859055E-03
   9331.728      9.7570587E-03
   9335.050      9.7282734E-03
   9338.372      9.6995942E-03
   9341.695      9.6709197E-03
   9345.018      9.6422480E-03
   9348.340      9.6135717E-03
   9351.663      9.5848972E-03
   9354.985      9.5562236E-03
   9358.309      9.5275501E-03
   9361.631      9.4988756E-03
   9364.954      9.4702020E-03
   9368.277      9.4415285E-03
   9371.600      9.4128558E-03
   9374.923      9.3841823E-03
   9378.246      9.3555069E-03
   9381.569      9.3268314E-03
   9384.893      9.2981597E-03
   9388.215      9.2694853E-03
   9391.538      9.2408108E-03
   9394.861      9.2121372E-03
   9398.185      9.1834618E-03
   9401.508      9.1547891E-03
   9404.832      9.1261147E-03
   9408.155      9.0974383E-03
   9411.479      9.0687657E-03
   9414.802      9.0400921E-03
   9418.125      9.0114148E-03
   9421.448      8.9827413E-03
   9424.772      8.9540677E-03
   9428.096      8.9253951E-03
   9431.419      8.8967206E-03
   9434.743      8.8680461E-03
   9438.067      8.8393725E-03
   9441.391      8.8106981E-03
   9444.715      8.7820236E-03
   9448.038      8.7533509E-03
   9451.362      8.7246755E-03
   9454.687      8.6960001E-03
   9458.010      8.6673275E-03
   9461.334      8.6386520E-03
   9464.658      8.6099794E-03
   9467.982      8.5813059E-03
   9471.307      8.5526314E-03
   9474.631      8.5239550E-03
   9477.955      8.4952815E-03
   9481.279      8.4666088E-03
   9484.604      8.4379343E-03
   9487.928      8.4092608E-03
   9491.252      8.3805863E-03
   9494.576      8.3519127E-03
   9497.900      8.3232401E-03
   9501.226      8.2945656E-03
   9504.550      8.2658911E-03
   9507.874      8.2372176E-03
   9511.199      8.2085431E-03
   9514.523      8.1798695E-03
   9517.849      8.1511941E-03
   9521.173      8.1225205E-03
   9524.498      8.0938488E-03
   9527.822      8.0651734E-03
   9531.147      8.0364989E-03
   9534.472      8.0078244E-03
   9537.797      7.9791499E-03
   9541.122      7.9504764E-03
   9544.447      7.9218037E-03
   9547.772      7.8931283E-03
   9551.098      7.8644520E-03
   9554.422      7.8357793E-03
   9557.748      7.8071053E-03
   9561.072      7.7784318E-03
   9564.397      7.7497573E-03
   9567.724      7.7210842E-03
   9571.049      7.6924083E-03
   9574.374      7.6637343E-03
   9577.699      7.6350607E-03
   9581.024      7.6063871E-03
   9584.350      7.5777117E-03
   9587.676      7.5490377E-03
   9591.001      7.5203632E-03
   9594.327      7.4916892E-03
   9597.652      7.4630152E-03
   9600.979      7.4343402E-03
   9604.304      7.4056671E-03
   9607.629      7.3769921E-03
   9610.955      7.3483190E-03
   9614.281      7.3196450E-03
   9617.606      7.2909710E-03
   9620.933      7.2622956E-03
   9624.259      7.2336229E-03
   9627.585      7.2049494E-03
   9630.911      7.1762758E-03
   9634.237      7.1476013E-03
   9637.563      7.1189278E-03
   9640.890      7.0902538E-03
   9644.216      7.0615797E-03
   9647.541      7.0329062E-03
   9650.868      7.0042321E-03
   9654.194      6.9755577E-03
   9657.521      6.9468841E-03
   9660.847      6.9182096E-03
   9664.174      6.8895356E-03
   9667.500      6.8608606E-03
   9670.826      6.8321861E-03
   9674.153      6.8035126E-03
   9677.479      6.7748385E-03
   9680.807      6.7461645E-03
   9684.133      6.7174896E-03
   9687.459      6.6888165E-03
   9690.786      6.6601424E-03
   9694.113      6.6314675E-03
   9697.439      6.6027935E-03
   9700.767      6.5741194E-03
   9704.094      6.5454459E-03
   9707.421      6.5167705E-03
   9710.747      6.4880964E-03
   9714.074      6.4594233E-03
   9717.401      6.4307489E-03
   9720.729      6.4020744E-03
   9724.056      6.3734003E-03
   9727.383      6.3447258E-03
   9730.710      6.3160518E-03
   9734.037      6.2873778E-03
   9737.364      6.2587038E-03
   9740.692      6.2300288E-03
   9744.020      6.2013553E-03
   9747.347      6.1726817E-03
   9750.674      6.1440077E-03
   9754.002      6.1153327E-03
   9757.329      6.0866605E-03
   9760.657      6.0579865E-03
   9763.984      6.0293111E-03
   9767.313      6.0006385E-03
   9770.640      5.9719649E-03
   9773.968      5.9432914E-03
   9777.296      5.9146159E-03
   9780.623      5.8859428E-03
   9783.951      5.8572683E-03
   9787.279      5.8285948E-03
   9790.606      5.7999194E-03
   9793.936      5.7712458E-03
   9797.263      5.7425718E-03
   9800.591      5.7138982E-03
   9803.919      5.6852223E-03
   9807.247      5.6565492E-03
   9810.575      5.6278757E-03
   9813.903      5.5992012E-03
   9817.231      5.5705267E-03
   9820.561      5.5418527E-03
   9823.889      5.5131782E-03
   9827.217      5.4845042E-03
   9830.545      5.4558297E-03
   9833.874      5.4271556E-03
   9837.202      5.3984825E-03
   9840.530      5.3698076E-03
   9843.859      5.3411340E-03
   9847.188      5.3124591E-03
   9850.517      5.2837851E-03
   9853.845      5.2551101E-03
   9857.174      5.2264365E-03
   9860.503      5.1977630E-03
   9863.831      5.1690885E-03
   9867.160      5.1404145E-03
   9870.489      5.1117395E-03
   9873.818      5.0830650E-03
   9877.147      5.0543915E-03
   9880.477      5.0257174E-03
   9883.805      4.9970429E-03
   9887.135      4.9683698E-03
   9890.464      4.9396958E-03
   9893.793      4.9110218E-03
   9897.122      4.8823478E-03
   9900.451      4.8536737E-03
   9903.780      4.8249993E-03
   9907.109      4.7963276E-03
   9910.439      4.7676526E-03
   9913.769      4.7389786E-03
   9917.098      4.7103046E-03
   9920.428      4.6816310E-03
   9923.757      4.6529560E-03
   9927.087      4.6242829E-03
   9930.416      4.5956085E-03
   9933.746      4.5669344E-03
   9937.075      4.5382609E-03
   9940.405      4.5095854E-03
   9943.734      4.4809114E-03
   9947.064      4.4522374E-03
   9950.395      4.4235624E-03
   9953.725      4.3948893E-03
   9957.054      4.3662153E-03
   9960.385      4.3375404E-03
   9963.714      4.3088659E-03
   9967.044      4.2801923E-03
   9970.375      4.2515188E-03
   9973.704      4.2228438E-03
   9977.034      4.1941698E-03
   9980.365      4.1654948E-03
   9983.695      4.1368213E-03
   9987.025      4.1081482E-03
   9990.355      4.0794727E-03
   9993.687      4.0507996E-03
   9997.017      4.0221247E-03
   10000.35      3.9934511E-03
   10003.68      3.9647771E-03
   10007.01      3.9361026E-03
   10010.34      3.9074286E-03
   10013.67      3.8787541E-03
   10017.00      3.8500801E-03
   10020.33      3.8214063E-03
   10023.66      3.7927320E-03
   10026.99      3.7640585E-03
   10030.32      3.7353844E-03
   10033.65      3.7067109E-03
   10036.98      3.6780369E-03
   10040.32      3.6493633E-03
   10043.65      3.6206888E-03
   10046.98      3.5920150E-03
   10050.31      3.5633408E-03
   10053.64      3.5346670E-03
   10056.97      3.5059932E-03
   10060.30      3.4773189E-03
   10063.63      3.4486447E-03
   10066.96      3.4199706E-03
   10070.29      3.3912964E-03
   10073.63      3.3626221E-03
   10076.96      3.3339479E-03
   10080.29      3.3052745E-03
   10083.62      3.2765996E-03
   10086.95      3.2479258E-03
   10090.28      3.2192518E-03
   10093.62      3.1905768E-03
   10096.95      3.1619028E-03
   10100.28      3.1332292E-03
   10103.61      3.1045543E-03
   10106.94      3.0758807E-03
   10110.27      3.0472060E-03
   10113.61      3.0185322E-03
   10116.94      2.9898575E-03
   10120.27      2.9611844E-03
   10123.60      2.9325096E-03
   10126.93      2.9038356E-03
   10130.26      2.8751614E-03
   10133.60      2.8464871E-03
   10136.93      2.8178126E-03
   10140.26      2.7891386E-03
   10143.59      2.7604646E-03
   10146.93      2.7317908E-03
   10150.26      2.7031170E-03
   10153.59      2.6744423E-03
   10156.92      2.6457685E-03
   10160.25      2.6170947E-03
   10163.59      2.5884211E-03
   10166.92      2.5597473E-03
   10170.25      2.5310731E-03
   10173.58      2.5023997E-03
   10176.92      2.4737255E-03
   10180.25      2.4450517E-03
   10183.58      2.4163777E-03
   10186.92      2.3877036E-03
   10190.25      2.3590296E-03
   10193.58      2.3303553E-03
   10196.91      2.3016813E-03
   10200.25      2.2730071E-03
   10203.58      2.2443326E-03
   10206.91      2.2156588E-03
   10210.24      2.1869845E-03
   10213.58      2.1583103E-03
   10216.91      2.1296360E-03
   10220.24      2.1009673E-03
   10223.58      2.0723098E-03
   10226.91      2.0436775E-03
   10230.24      2.0150952E-03
   10233.58      1.9866067E-03
   10236.91      1.9582866E-03
   10240.24      1.9302520E-03
   10243.58      1.9026741E-03
   10246.91      1.8757888E-03
   10250.24      1.8498965E-03
   10253.58      1.8253515E-03
   10256.91      1.8025355E-03
   10260.24      1.7818189E-03
   10263.58      1.7635139E-03
   10266.91      1.7478296E-03
