 5.70021e+03  1.82728e-03
 5.70047e+03  1.93118e-03
 5.70073e+03  1.92286e-03
 5.70099e+03  1.91353e-03
 5.70125e+03  1.84338e-03
 5.70151e+03  1.98482e-03
 5.70177e+03  2.07284e-03
 5.70203e+03  1.82475e-03
 5.70229e+03  1.98111e-03
 5.70255e+03  1.96933e-03
 5.70281e+03  1.98260e-03
 5.70308e+03  1.85242e-03
 5.70334e+03  1.97263e-03
 5.70360e+03  2.01463e-03
 5.70386e+03  1.97182e-03
 5.70412e+03  1.98916e-03
 5.70438e+03  2.03240e-03
 5.70464e+03  1.99115e-03
 5.70490e+03  2.05047e-03
 5.70516e+03  1.98732e-03
 5.70542e+03  2.01518e-03
 5.70568e+03  1.97132e-03
 5.70594e+03  1.98953e-03
 5.70620e+03  2.12136e-03
 5.70646e+03  2.14205e-03
 5.70672e+03  2.09233e-03
 5.70698e+03  2.01422e-03
 5.70724e+03  1.98130e-03
 5.70750e+03  2.10697e-03
 5.70776e+03  2.05728e-03
 5.70802e+03  2.05683e-03
 5.70829e+03  2.11938e-03
 5.70855e+03  2.19922e-03
 5.70881e+03  2.15551e-03
 5.70907e+03  2.03771e-03
 5.70933e+03  2.16334e-03
 5.70959e+03  2.14760e-03
 5.70985e+03  2.11850e-03
 5.71011e+03  2.23282e-03
 5.71037e+03  2.13361e-03
 5.71063e+03  2.15923e-03
 5.71089e+03  2.08271e-03
 5.71115e+03  2.11246e-03
 5.71141e+03  2.07796e-03
 5.71167e+03  2.08797e-03
 5.71193e+03  2.25268e-03
 5.71219e+03  2.08967e-03
 5.71245e+03  2.38838e-03
 5.71271e+03  2.05997e-03
 5.71297e+03  2.43067e-03
 5.71323e+03  2.33101e-03
 5.71350e+03  2.05982e-03
 5.71376e+03  2.16702e-03
 5.71402e+03  2.22618e-03
 5.71428e+03  2.29470e-03
 5.71454e+03  2.15629e-03
 5.71480e+03  2.34226e-03
 5.71506e+03  2.33422e-03
 5.71532e+03  2.32795e-03
 5.71558e+03  2.24379e-03
 5.71584e+03  2.33873e-03
 5.71610e+03  2.31146e-03
 5.71636e+03  2.21812e-03
 5.71662e+03  2.30322e-03
 5.71688e+03  2.43464e-03
 5.71714e+03  2.34071e-03
 5.71740e+03  2.20592e-03
 5.71766e+03  2.36462e-03
 5.71792e+03  2.42551e-03
 5.71818e+03  2.43573e-03
 5.71844e+03  2.40802e-03
 5.71871e+03  2.35372e-03
 5.71897e+03  2.37711e-03
 5.71923e+03  2.35227e-03
 5.71949e+03  2.30953e-03
 5.71975e+03  2.40395e-03
 5.72001e+03  2.30985e-03
 5.72027e+03  2.48718e-03
 5.72053e+03  2.51566e-03
 5.72079e+03  2.48817e-03
 5.72105e+03  2.51409e-03
 5.72131e+03  2.45519e-03
 5.72157e+03  2.61767e-03
 5.72183e+03  2.47325e-03
 5.72209e+03  2.34860e-03
 5.72235e+03  2.35021e-03
 5.72261e+03  2.56626e-03
 5.72287e+03  2.53394e-03
 5.72313e+03  2.53462e-03
 5.72339e+03  2.53208e-03
 5.72365e+03  2.64891e-03
 5.72392e+03  2.37912e-03
 5.72418e+03  2.50865e-03
 5.72444e+03  2.52865e-03
 5.72470e+03  2.67586e-03
 5.72496e+03  2.76333e-03
 5.72522e+03  2.60310e-03
 5.72548e+03  2.71234e-03
 5.72574e+03  2.55538e-03
 5.72600e+03  2.65167e-03
 5.72626e+03  2.87528e-03
 5.72652e+03  2.48654e-03
 5.72678e+03  2.69268e-03
 5.72704e+03  2.60468e-03
 5.72730e+03  2.63914e-03
 5.72756e+03  2.71405e-03
 5.72782e+03  2.73081e-03
 5.72808e+03  2.65022e-03
 5.72834e+03  2.77244e-03
 5.72860e+03  2.83350e-03
 5.72887e+03  2.69606e-03
 5.72913e+03  2.76918e-03
 5.72939e+03  2.63107e-03
 5.72965e+03  2.94576e-03
 5.72991e+03  2.80547e-03
 5.73017e+03  2.97480e-03
 5.73043e+03  2.81576e-03
 5.73069e+03  2.83470e-03
 5.73095e+03  2.84165e-03
 5.73121e+03  3.09609e-03
 5.73147e+03  2.91652e-03
 5.73173e+03  3.00928e-03
 5.73199e+03  2.84158e-03
 5.73225e+03  3.00229e-03
 5.73251e+03  3.08710e-03
 5.73277e+03  2.91025e-03
 5.73303e+03  3.06131e-03
 5.73329e+03  2.88674e-03
 5.73355e+03  3.01921e-03
 5.73381e+03  2.98450e-03
 5.73408e+03  2.99655e-03
 5.73434e+03  3.11041e-03
 5.73460e+03  3.00938e-03
 5.73486e+03  3.02206e-03
 5.73512e+03  3.04828e-03
 5.73538e+03  3.15560e-03
 5.73564e+03  2.93479e-03
 5.73590e+03  2.96196e-03
 5.73616e+03  2.91449e-03
 5.73642e+03  3.02939e-03
 5.73668e+03  3.14063e-03
 5.73694e+03  3.15498e-03
 5.73720e+03  3.16300e-03
 5.73746e+03  3.14600e-03
 5.73772e+03  3.04875e-03
 5.73798e+03  3.33315e-03
 5.73824e+03  3.10790e-03
 5.73850e+03  3.22939e-03
 5.73876e+03  3.28634e-03
 5.73902e+03  3.16464e-03
 5.73929e+03  3.51276e-03
 5.73955e+03  3.16408e-03
 5.73981e+03  3.27825e-03
 5.74007e+03  3.22357e-03
 5.74033e+03  3.40668e-03
 5.74059e+03  3.45465e-03
 5.74085e+03  3.43527e-03
 5.74111e+03  3.38688e-03
 5.74137e+03  3.44016e-03
 5.74163e+03  3.43335e-03
 5.74189e+03  3.44393e-03
 5.74215e+03  3.36951e-03
 5.74241e+03  3.39465e-03
 5.74267e+03  3.35127e-03
 5.74293e+03  3.40385e-03
 5.74319e+03  3.57656e-03
 5.74345e+03  3.37358e-03
 5.74371e+03  3.60789e-03
 5.74397e+03  3.47352e-03
 5.74423e+03  3.54794e-03
 5.74450e+03  3.67194e-03
 5.74476e+03  3.64943e-03
 5.74502e+03  3.37867e-03
 5.74528e+03  3.46298e-03
 5.74554e+03  3.71023e-03
 5.74580e+03  3.62944e-03
 5.74606e+03  3.80943e-03
 5.74632e+03  3.44141e-03
 5.74658e+03  3.66118e-03
 5.74684e+03  3.72389e-03
 5.74710e+03  3.76437e-03
 5.74736e+03  3.74943e-03
 5.74762e+03  3.74506e-03
 5.74788e+03  3.87659e-03
 5.74814e+03  3.80005e-03
 5.74840e+03  3.85964e-03
 5.74866e+03  3.71579e-03
 5.74892e+03  3.92924e-03
 5.74918e+03  3.81416e-03
 5.74944e+03  3.85682e-03
 5.74971e+03  3.94353e-03
 5.74997e+03  3.87420e-03
 5.75023e+03  3.84653e-03
 5.75049e+03  3.89516e-03
 5.75075e+03  3.80733e-03
 5.75101e+03  3.93159e-03
 5.75127e+03  3.95729e-03
 5.75153e+03  3.97707e-03
 5.75179e+03  3.95027e-03
 5.75205e+03  4.05392e-03
 5.75231e+03  4.06437e-03
 5.75257e+03  3.78652e-03
 5.75283e+03  4.16885e-03
 5.75309e+03  4.23589e-03
 5.75335e+03  4.09985e-03
 5.75361e+03  3.95554e-03
 5.75387e+03  4.28345e-03
 5.75413e+03  4.13604e-03
 5.75439e+03  4.11596e-03
 5.75465e+03  4.26966e-03
 5.75492e+03  4.36154e-03
 5.75518e+03  4.12344e-03
 5.75544e+03  4.28075e-03
 5.75570e+03  4.37295e-03
 5.75596e+03  4.37031e-03
 5.75622e+03  4.33440e-03
 5.75648e+03  4.17438e-03
 5.75674e+03  4.29870e-03
 5.75700e+03  4.55423e-03
 5.75726e+03  4.32928e-03
 5.75752e+03  4.40310e-03
 5.75778e+03  4.51904e-03
 5.75804e+03  4.40682e-03
 5.75830e+03  4.65263e-03
 5.75856e+03  4.41731e-03
 5.75882e+03  4.50891e-03
 5.75908e+03  4.24182e-03
 5.75934e+03  4.65189e-03
 5.75960e+03  4.73161e-03
 5.75986e+03  4.67021e-03
 5.76012e+03  4.62495e-03
 5.76039e+03  4.49493e-03
 5.76065e+03  4.82866e-03
 5.76091e+03  4.56900e-03
 5.76117e+03  4.62161e-03
 5.76143e+03  4.78453e-03
 5.76169e+03  4.66410e-03
 5.76195e+03  4.81336e-03
 5.76221e+03  4.74664e-03
 5.76247e+03  4.91568e-03
 5.76273e+03  4.95428e-03
 5.76299e+03  4.75140e-03
 5.76325e+03  4.91971e-03
 5.76351e+03  4.89543e-03
 5.76377e+03  4.88120e-03
 5.76403e+03  5.18313e-03
 5.76429e+03  4.92739e-03
 5.76455e+03  4.95520e-03
 5.76481e+03  4.93415e-03
 5.76507e+03  4.93978e-03
 5.76533e+03  5.24785e-03
 5.76560e+03  5.29402e-03
 5.76586e+03  5.23279e-03
 5.76612e+03  5.14804e-03
 5.76638e+03  5.00763e-03
 5.76664e+03  5.25236e-03
 5.76690e+03  5.18840e-03
 5.76716e+03  5.29089e-03
 5.76742e+03  5.14448e-03
 5.76768e+03  5.10749e-03
 5.76794e+03  5.28832e-03
 5.76820e+03  5.41838e-03
 5.76846e+03  5.56196e-03
 5.76872e+03  5.45928e-03
 5.76898e+03  5.46920e-03
 5.76924e+03  5.43458e-03
 5.76950e+03  5.72583e-03
 5.76976e+03  5.61559e-03
 5.77002e+03  5.80674e-03
 5.77028e+03  5.50185e-03
 5.77054e+03  5.47878e-03
 5.77081e+03  5.74851e-03
 5.77107e+03  5.60034e-03
 5.77133e+03  5.65641e-03
 5.77159e+03  5.55961e-03
 5.77185e+03  5.69820e-03
 5.77211e+03  6.01761e-03
 5.77237e+03  5.94182e-03
 5.77263e+03  5.84760e-03
 5.77289e+03  5.84645e-03
 5.77315e+03  5.79979e-03
 5.77341e+03  6.02409e-03
 5.77367e+03  5.96816e-03
 5.77393e+03  5.95282e-03
 5.77419e+03  5.93268e-03
 5.77445e+03  5.91778e-03
 5.77471e+03  5.95596e-03
 5.77497e+03  6.30184e-03
 5.77523e+03  6.14272e-03
 5.77549e+03  6.13708e-03
 5.77575e+03  6.12684e-03
 5.77602e+03  6.27082e-03
 5.77628e+03  6.40896e-03
 5.77654e+03  6.16768e-03
 5.77680e+03  6.40157e-03
 5.77706e+03  6.37837e-03
 5.77732e+03  6.54327e-03
 5.77758e+03  6.48036e-03
 5.77784e+03  6.45179e-03
 5.77810e+03  6.53010e-03
 5.77836e+03  6.41514e-03
 5.77862e+03  6.38749e-03
 5.77888e+03  6.48677e-03
 5.77914e+03  6.67288e-03
 5.77940e+03  6.75596e-03
 5.77966e+03  6.82871e-03
 5.77992e+03  6.95066e-03
 5.78018e+03  7.06197e-03
 5.78044e+03  6.77833e-03
 5.78070e+03  6.70606e-03
 5.78096e+03  6.96965e-03
 5.78123e+03  6.90832e-03
 5.78149e+03  6.86436e-03
 5.78175e+03  6.97389e-03
 5.78201e+03  7.20186e-03
 5.78227e+03  7.29965e-03
 5.78253e+03  7.15490e-03
 5.78279e+03  7.31727e-03
 5.78305e+03  6.88321e-03
 5.78331e+03  7.57346e-03
 5.78357e+03  7.53797e-03
 5.78383e+03  7.26340e-03
 5.78409e+03  7.40685e-03
 5.78435e+03  7.37329e-03
 5.78461e+03  7.25050e-03
 5.78487e+03  7.56907e-03
 5.78513e+03  7.55049e-03
 5.78539e+03  7.44363e-03
 5.78565e+03  7.63405e-03
 5.78591e+03  7.62978e-03
 5.78617e+03  7.57692e-03
 5.78644e+03  7.67881e-03
 5.78670e+03  7.76230e-03
 5.78696e+03  7.92902e-03
 5.78722e+03  7.60469e-03
 5.78748e+03  7.80008e-03
 5.78774e+03  7.98655e-03
 5.78800e+03  7.76127e-03
 5.78826e+03  8.14085e-03
 5.78852e+03  7.82313e-03
 5.78878e+03  7.97105e-03
 5.78904e+03  8.16660e-03
 5.78930e+03  8.05051e-03
 5.78956e+03  8.38830e-03
 5.78982e+03  8.27170e-03
 5.79008e+03  8.25603e-03
 5.79034e+03  8.32882e-03
 5.79060e+03  8.55227e-03
 5.79086e+03  8.49660e-03
 5.79112e+03  8.61461e-03
 5.79138e+03  8.73845e-03
 5.79165e+03  8.58901e-03
 5.79191e+03  8.62240e-03
 5.79217e+03  8.85921e-03
 5.79243e+03  8.77962e-03
 5.79269e+03  8.93072e-03
 5.79295e+03  8.86615e-03
 5.79321e+03  8.79487e-03
 5.79347e+03  9.00473e-03
 5.79373e+03  9.16883e-03
 5.79399e+03  8.96584e-03
 5.79425e+03  9.08596e-03
 5.79451e+03  9.13697e-03
 5.79477e+03  9.21855e-03
 5.79503e+03  9.45490e-03
 5.79529e+03  9.42542e-03
 5.79555e+03  9.39065e-03
 5.79581e+03  9.61667e-03
 5.79607e+03  9.68463e-03
 5.79633e+03  9.43502e-03
 5.79660e+03  9.64316e-03
 5.79686e+03  9.92426e-03
 5.79712e+03  9.59597e-03
 5.79738e+03  9.60892e-03
 5.79764e+03  9.69307e-03
 5.79790e+03  9.96029e-03
 5.79816e+03  1.01283e-02
 5.79842e+03  1.00639e-02
 5.79868e+03  1.00222e-02
 5.79894e+03  1.02191e-02
 5.79920e+03  1.01375e-02
 5.79946e+03  1.00593e-02
 5.79972e+03  1.01334e-02
 5.79998e+03  1.03389e-02
 5.80024e+03  1.05456e-02
 5.80050e+03  1.05317e-02
 5.80076e+03  1.04098e-02
 5.80102e+03  1.06103e-02
 5.80128e+03  1.04988e-02
 5.80154e+03  1.09598e-02
 5.80181e+03  1.08146e-02
 5.80207e+03  1.09595e-02
 5.80233e+03  1.10043e-02
 5.80259e+03  1.09835e-02
 5.80285e+03  1.07613e-02
 5.80311e+03  1.08904e-02
 5.80337e+03  1.13558e-02
 5.80363e+03  1.12105e-02
 5.80389e+03  1.15848e-02
 5.80415e+03  1.12283e-02
 5.80441e+03  1.12204e-02
 5.80467e+03  1.15687e-02
 5.80493e+03  1.17211e-02
 5.80519e+03  1.17882e-02
 5.80545e+03  1.17834e-02
 5.80571e+03  1.19141e-02
 5.80597e+03  1.18803e-02
 5.80623e+03  1.17269e-02
 5.80649e+03  1.20819e-02
 5.80675e+03  1.24395e-02
 5.80702e+03  1.23092e-02
 5.80728e+03  1.23199e-02
 5.80754e+03  1.23090e-02
 5.80780e+03  1.24502e-02
 5.80806e+03  1.22812e-02
 5.80832e+03  1.29188e-02
 5.80858e+03  1.27206e-02
 5.80884e+03  1.29213e-02
 5.80910e+03  1.27882e-02
 5.80936e+03  1.28974e-02
 5.80962e+03  1.30472e-02
 5.80988e+03  1.31440e-02
 5.81014e+03  1.33185e-02
 5.81040e+03  1.32247e-02
 5.81066e+03  1.34658e-02
 5.81092e+03  1.36913e-02
 5.81118e+03  1.37711e-02
 5.81144e+03  1.35738e-02
 5.81170e+03  1.37108e-02
 5.81196e+03  1.37223e-02
 5.81223e+03  1.41544e-02
 5.81249e+03  1.38027e-02
 5.81275e+03  1.40893e-02
 5.81301e+03  1.38854e-02
 5.81327e+03  1.42590e-02
 5.81353e+03  1.46605e-02
 5.81379e+03  1.46797e-02
 5.81405e+03  1.45479e-02
 5.81431e+03  1.47271e-02
 5.81457e+03  1.43832e-02
 5.81483e+03  1.48670e-02
 5.81509e+03  1.49000e-02
 5.81535e+03  1.46981e-02
 5.81561e+03  1.52103e-02
 5.81587e+03  1.49755e-02
 5.81613e+03  1.53360e-02
 5.81639e+03  1.51781e-02
 5.81665e+03  1.54230e-02
 5.81691e+03  1.55011e-02
 5.81717e+03  1.57913e-02
 5.81744e+03  1.56374e-02
 5.81770e+03  1.55604e-02
 5.81796e+03  1.59421e-02
 5.81822e+03  1.62033e-02
 5.81848e+03  1.60397e-02
 5.81874e+03  1.62000e-02
 5.81900e+03  1.64403e-02
 5.81926e+03  1.67002e-02
 5.81952e+03  1.66426e-02
 5.81978e+03  1.63111e-02
 5.82004e+03  1.66332e-02
 5.82030e+03  1.68799e-02
 5.82056e+03  1.69424e-02
 5.82082e+03  1.73214e-02
 5.82108e+03  1.75892e-02
 5.82134e+03  1.74453e-02
 5.82160e+03  1.74941e-02
 5.82186e+03  1.78709e-02
 5.82212e+03  1.78770e-02
 5.82238e+03  1.78029e-02
 5.82265e+03  1.80952e-02
 5.82291e+03  1.83253e-02
 5.82317e+03  1.83610e-02
 5.82343e+03  1.85752e-02
 5.82369e+03  1.87648e-02
 5.82395e+03  1.88008e-02
 5.82421e+03  1.87895e-02
 5.82447e+03  1.89534e-02
 5.82473e+03  1.89175e-02
 5.82499e+03  1.93899e-02
 5.82525e+03  1.92860e-02
 5.82551e+03  1.94302e-02
 5.82577e+03  1.93908e-02
 5.82603e+03  1.97136e-02
 5.82629e+03  1.96285e-02
 5.82655e+03  1.97916e-02
 5.82681e+03  2.04051e-02
 5.82707e+03  2.02791e-02
 5.82733e+03  2.06294e-02
 5.82759e+03  2.04543e-02
 5.82785e+03  2.05626e-02
 5.82812e+03  2.08910e-02
 5.82838e+03  2.11930e-02
 5.82864e+03  2.14880e-02
 5.82890e+03  2.11243e-02
 5.82916e+03  2.14185e-02
 5.82942e+03  2.17861e-02
 5.82968e+03  2.20104e-02
 5.82994e+03  2.21152e-02
 5.83020e+03  2.20412e-02
 5.83046e+03  2.21130e-02
 5.83072e+03  2.24885e-02
 5.83098e+03  2.27142e-02
 5.83124e+03  2.26915e-02
 5.83150e+03  2.27488e-02
 5.83176e+03  2.32895e-02
 5.83202e+03  2.32734e-02
 5.83228e+03  2.37002e-02
 5.83254e+03  2.38352e-02
 5.83280e+03  2.39026e-02
 5.83306e+03  2.37222e-02
 5.83333e+03  2.41491e-02
 5.83359e+03  2.42830e-02
 5.83385e+03  2.48045e-02
 5.83411e+03  2.42486e-02
 5.83437e+03  2.49610e-02
 5.83463e+03  2.45854e-02
 5.83489e+03  2.51671e-02
 5.83515e+03  2.56018e-02
 5.83541e+03  2.54925e-02
 5.83567e+03  2.58372e-02
 5.83593e+03  2.57325e-02
 5.83619e+03  2.61952e-02
 5.83645e+03  2.61665e-02
 5.83671e+03  2.63139e-02
 5.83697e+03  2.66485e-02
 5.83723e+03  2.69844e-02
 5.83749e+03  2.72666e-02
 5.83775e+03  2.78176e-02
 5.83801e+03  2.73723e-02
 5.83827e+03  2.81848e-02
 5.83854e+03  2.77672e-02
 5.83880e+03  2.79357e-02
 5.83906e+03  2.84187e-02
 5.83932e+03  2.90672e-02
 5.83958e+03  2.87474e-02
 5.83984e+03  2.92271e-02
 5.84010e+03  2.92064e-02
 5.84036e+03  2.95840e-02
 5.84062e+03  2.98880e-02
 5.84088e+03  2.97736e-02
 5.84114e+03  3.01791e-02
 5.84140e+03  3.01580e-02
 5.84166e+03  3.05606e-02
 5.84192e+03  3.06824e-02
 5.84218e+03  3.11207e-02
 5.84244e+03  3.14404e-02
 5.84270e+03  3.16744e-02
 5.84296e+03  3.18855e-02
 5.84322e+03  3.20164e-02
 5.84348e+03  3.24010e-02
 5.84375e+03  3.28096e-02
 5.84401e+03  3.33230e-02
 5.84427e+03  3.27329e-02
 5.84453e+03  3.29249e-02
 5.84479e+03  3.32403e-02
 5.84505e+03  3.37359e-02
 5.84531e+03  3.37828e-02
 5.84557e+03  3.44466e-02
 5.84583e+03  3.46445e-02
 5.84609e+03  3.47009e-02
 5.84635e+03  3.52844e-02
 5.84661e+03  3.51325e-02
 5.84687e+03  3.54098e-02
 5.84713e+03  3.58441e-02
 5.84739e+03  3.59607e-02
 5.84765e+03  3.62769e-02
 5.84791e+03  3.70543e-02
 5.84817e+03  3.75797e-02
 5.84843e+03  3.73071e-02
 5.84869e+03  3.81576e-02
 5.84896e+03  3.79755e-02
 5.84922e+03  3.86034e-02
 5.84948e+03  3.83667e-02
 5.84974e+03  3.92032e-02
 5.85000e+03  3.95811e-02
 5.85026e+03  3.95664e-02
 5.85052e+03  4.02016e-02
 5.85078e+03  4.02732e-02
 5.85104e+03  4.07012e-02
 5.85130e+03  4.06191e-02
 5.85156e+03  4.15318e-02
 5.85182e+03  4.17316e-02
 5.85208e+03  4.17177e-02
 5.85234e+03  4.19358e-02
 5.85260e+03  4.22475e-02
 5.85286e+03  4.27494e-02
 5.85312e+03  4.34705e-02
 5.85338e+03  4.32563e-02
 5.85364e+03  4.41509e-02
 5.85390e+03  4.46013e-02
 5.85417e+03  4.45987e-02
 5.85443e+03  4.50521e-02
 5.85469e+03  4.55985e-02
 5.85495e+03  4.60451e-02
 5.85521e+03  4.62882e-02
 5.85547e+03  4.69086e-02
 5.85573e+03  4.70256e-02
 5.85599e+03  4.72582e-02
 5.85625e+03  4.80510e-02
 5.85651e+03  4.82096e-02
 5.85677e+03  4.85097e-02
 5.85703e+03  4.93183e-02
 5.85729e+03  4.90336e-02
 5.85755e+03  4.96252e-02
 5.85781e+03  4.99604e-02
 5.85807e+03  5.11111e-02
 5.85833e+03  5.06291e-02
 5.85859e+03  5.19404e-02
 5.85885e+03  5.24107e-02
 5.85912e+03  5.25387e-02
 5.85938e+03  5.30710e-02
 5.85964e+03  5.33924e-02
 5.85990e+03  5.35810e-02
 5.86016e+03  5.38708e-02
 5.86042e+03  5.45834e-02
 5.86068e+03  5.51172e-02
 5.86094e+03  5.60292e-02
 5.86120e+03  5.65604e-02
 5.86146e+03  5.64385e-02
 5.86172e+03  5.70058e-02
 5.86198e+03  5.68935e-02
 5.86224e+03  5.80890e-02
 5.86250e+03  5.81648e-02
 5.86276e+03  5.83055e-02
 5.86302e+03  5.93693e-02
 5.86328e+03  6.00869e-02
 5.86354e+03  6.03128e-02
 5.86380e+03  6.06029e-02
 5.86406e+03  6.14816e-02
 5.86433e+03  6.22047e-02
 5.86459e+03  6.26153e-02
 5.86485e+03  6.31520e-02
 5.86511e+03  6.33902e-02
 5.86537e+03  6.44295e-02
 5.86563e+03  6.47666e-02
 5.86589e+03  6.52624e-02
 5.86615e+03  6.56041e-02
 5.86641e+03  6.66477e-02
 5.86667e+03  6.74365e-02
 5.86693e+03  6.77194e-02
 5.86719e+03  6.82285e-02
 5.86745e+03  6.88277e-02
 5.86771e+03  6.98258e-02
 5.86797e+03  6.99891e-02
 5.86823e+03  7.08720e-02
 5.86849e+03  7.12308e-02
 5.86875e+03  7.17747e-02
 5.86901e+03  7.32644e-02
 5.86927e+03  7.21880e-02
 5.86954e+03  7.36940e-02
 5.86980e+03  7.48284e-02
 5.87006e+03  7.49716e-02
 5.87032e+03  7.55941e-02
 5.87058e+03  7.65580e-02
 5.87084e+03  7.72250e-02
 5.87110e+03  7.78053e-02
 5.87136e+03  7.88397e-02
 5.87162e+03  7.90950e-02
 5.87188e+03  7.97334e-02
 5.87214e+03  8.01975e-02
 5.87240e+03  8.20594e-02
 5.87266e+03  8.21735e-02
 5.87292e+03  8.31345e-02
 5.87318e+03  8.34156e-02
 5.87344e+03  8.36524e-02
 5.87370e+03  8.52733e-02
 5.87396e+03  8.57649e-02
 5.87422e+03  8.65967e-02
 5.87448e+03  8.73414e-02
 5.87475e+03  8.76003e-02
 5.87501e+03  8.84283e-02
 5.87527e+03  9.00462e-02
 5.87553e+03  9.08362e-02
 5.87579e+03  9.14639e-02
 5.87605e+03  9.24665e-02
 5.87631e+03  9.32727e-02
 5.87657e+03  9.40877e-02
 5.87683e+03  9.43586e-02
 5.87709e+03  9.62169e-02
 5.87735e+03  9.68475e-02
 5.87761e+03  9.83495e-02
 5.87787e+03  9.92128e-02
 5.87813e+03  9.98046e-02
 5.87839e+03  9.98274e-02
 5.87865e+03  1.01758e-01
 5.87891e+03  1.02219e-01
 5.87917e+03  1.03449e-01
 5.87943e+03  1.03541e-01
 5.87969e+03  1.05150e-01
 5.87996e+03  1.05856e-01
 5.88022e+03  1.06886e-01
 5.88048e+03  1.07836e-01
 5.88074e+03  1.08247e-01
 5.88100e+03  1.09919e-01
 5.88126e+03  1.10533e-01
 5.88152e+03  1.12103e-01
 5.88178e+03  1.12549e-01
 5.88204e+03  1.13944e-01
 5.88230e+03  1.15254e-01
 5.88256e+03  1.15770e-01
 5.88282e+03  1.17375e-01
 5.88308e+03  1.18070e-01
 5.88334e+03  1.19501e-01
 5.88360e+03  1.19759e-01
 5.88386e+03  1.21907e-01
 5.88412e+03  1.23108e-01
 5.88438e+03  1.25022e-01
 5.88464e+03  1.24659e-01
 5.88490e+03  1.26131e-01
 5.88517e+03  1.27038e-01
 5.88543e+03  1.28712e-01
 5.88569e+03  1.29973e-01
 5.88595e+03  1.30447e-01
 5.88621e+03  1.31913e-01
 5.88647e+03  1.33546e-01
 5.88673e+03  1.34860e-01
 5.88699e+03  1.36232e-01
 5.88725e+03  1.37323e-01
 5.88751e+03  1.37874e-01
 5.88777e+03  1.39354e-01
 5.88803e+03  1.41647e-01
 5.88829e+03  1.42780e-01
 5.88855e+03  1.43407e-01
 5.88881e+03  1.45810e-01
 5.88907e+03  1.45598e-01
 5.88933e+03  1.48276e-01
 5.88959e+03  1.50205e-01
 5.88985e+03  1.50353e-01
 5.89011e+03  1.52280e-01
 5.89038e+03  1.53428e-01
 5.89064e+03  1.54118e-01
 5.89090e+03  1.56806e-01
 5.89116e+03  1.58078e-01
 5.89142e+03  1.59822e-01
 5.89168e+03  1.61059e-01
 5.89194e+03  1.63737e-01
 5.89220e+03  1.64517e-01
 5.89246e+03  1.65552e-01
 5.89272e+03  1.66700e-01
 5.89298e+03  1.68454e-01
 5.89324e+03  1.70510e-01
 5.89350e+03  1.71127e-01
 5.89376e+03  1.73933e-01
 5.89402e+03  1.75040e-01
 5.89428e+03  1.76472e-01
 5.89454e+03  1.79301e-01
 5.89480e+03  1.79849e-01
 5.89506e+03  1.81123e-01
 5.89532e+03  1.83938e-01
 5.89558e+03  1.85785e-01
 5.89585e+03  1.87305e-01
 5.89611e+03  1.89196e-01
 5.89637e+03  1.89882e-01
 5.89663e+03  1.92124e-01
 5.89689e+03  1.94741e-01
 5.89715e+03  1.96730e-01
 5.89741e+03  1.97021e-01
 5.89767e+03  2.00075e-01
 5.89793e+03  2.01061e-01
 5.89819e+03  2.03449e-01
 5.89845e+03  2.04648e-01
 5.89871e+03  2.06433e-01
 5.89897e+03  2.08719e-01
 5.89923e+03  2.11441e-01
 5.89949e+03  2.12292e-01
 5.89975e+03  2.14772e-01
 5.90001e+03  2.16326e-01
 5.90027e+03  2.19288e-01
 5.90053e+03  2.20885e-01
 5.90079e+03  2.24118e-01
 5.90106e+03  2.23581e-01
 5.90132e+03  2.26437e-01
 5.90158e+03  2.29262e-01
 5.90184e+03  2.30763e-01
 5.90210e+03  2.33916e-01
 5.90236e+03  2.34807e-01
 5.90262e+03  2.36765e-01
 5.90288e+03  2.38940e-01
 5.90314e+03  2.41241e-01
 5.90340e+03  2.44282e-01
 5.90366e+03  2.46511e-01
 5.90392e+03  2.49124e-01
 5.90418e+03  2.51316e-01
 5.90444e+03  2.53369e-01
 5.90470e+03  2.55282e-01
 5.90496e+03  2.57525e-01
 5.90522e+03  2.61608e-01
 5.90548e+03  2.62241e-01
 5.90574e+03  2.65453e-01
 5.90600e+03  2.66685e-01
 5.90627e+03  2.71289e-01
 5.90653e+03  2.72703e-01
 5.90679e+03  2.76212e-01
 5.90705e+03  2.78259e-01
 5.90731e+03  2.77608e-01
 5.90757e+03  2.82761e-01
 5.90783e+03  2.83784e-01
 5.90809e+03  2.87640e-01
 5.90835e+03  2.89836e-01
 5.90861e+03  2.91382e-01
 5.90887e+03  2.96391e-01
 5.90913e+03  2.97116e-01
 5.90939e+03  3.00308e-01
 5.90965e+03  3.01831e-01
 5.90991e+03  3.05031e-01
 5.91017e+03  3.08925e-01
 5.91043e+03  3.11243e-01
 5.91069e+03  3.13346e-01
 5.91095e+03  3.17575e-01
 5.91121e+03  3.18990e-01
 5.91148e+03  3.21394e-01
 5.91174e+03  3.24208e-01
 5.91200e+03  3.27137e-01
 5.91226e+03  3.28784e-01
 5.91252e+03  3.32252e-01
 5.91278e+03  3.36398e-01
 5.91304e+03  3.37867e-01
 5.91330e+03  3.41245e-01
 5.91356e+03  3.45513e-01
 5.91382e+03  3.47972e-01
 5.91408e+03  3.49718e-01
 5.91434e+03  3.52615e-01
 5.91460e+03  3.54942e-01
 5.91486e+03  3.58871e-01
 5.91512e+03  3.61836e-01
 5.91538e+03  3.64855e-01
 5.91564e+03  3.66359e-01
 5.91590e+03  3.71302e-01
 5.91616e+03  3.73662e-01
 5.91642e+03  3.76031e-01
 5.91669e+03  3.80143e-01
 5.91695e+03  3.82682e-01
 5.91721e+03  3.86289e-01
 5.91747e+03  3.88960e-01
 5.91773e+03  3.93253e-01
 5.91799e+03  3.97267e-01
 5.91825e+03  3.99500e-01
 5.91851e+03  4.01196e-01
 5.91877e+03  4.06922e-01
 5.91903e+03  4.06228e-01
 5.91929e+03  4.11015e-01
 5.91955e+03  4.13625e-01
 5.91981e+03  4.18399e-01
 5.92007e+03  4.22443e-01
 5.92033e+03  4.23431e-01
 5.92059e+03  4.23724e-01
 5.92085e+03  4.29154e-01
 5.92111e+03  4.31374e-01
 5.92137e+03  4.34934e-01
 5.92163e+03  4.37523e-01
 5.92190e+03  4.42911e-01
 5.92216e+03  4.44134e-01
 5.92242e+03  4.49610e-01
 5.92268e+03  4.52764e-01
 5.92294e+03  4.55196e-01
 5.92320e+03  4.58192e-01
 5.92346e+03  4.61131e-01
 5.92372e+03  4.61767e-01
 5.92398e+03  4.66713e-01
 5.92424e+03  4.69917e-01
 5.92450e+03  4.74493e-01
 5.92476e+03  4.77540e-01
 5.92502e+03  4.80886e-01
 5.92528e+03  4.84639e-01
 5.92554e+03  4.86560e-01
 5.92580e+03  4.89072e-01
 5.92606e+03  4.93241e-01
 5.92632e+03  4.95624e-01
 5.92658e+03  5.00506e-01
 5.92685e+03  5.05880e-01
 5.92711e+03  5.07179e-01
 5.92737e+03  5.11801e-01
 5.92763e+03  5.12418e-01
 5.92789e+03  5.18800e-01
 5.92815e+03  5.20373e-01
 5.92841e+03  5.23926e-01
 5.92867e+03  5.26562e-01
 5.92893e+03  5.30037e-01
 5.92919e+03  5.34403e-01
 5.92945e+03  5.36013e-01
 5.92971e+03  5.38067e-01
 5.92997e+03  5.40702e-01
 5.93023e+03  5.46582e-01
 5.93049e+03  5.47952e-01
 5.93075e+03  5.52355e-01
 5.93101e+03  5.55638e-01
 5.93127e+03  5.59065e-01
 5.93153e+03  5.59773e-01
 5.93179e+03  5.65833e-01
 5.93206e+03  5.66978e-01
 5.93232e+03  5.71467e-01
 5.93258e+03  5.73251e-01
 5.93284e+03  5.75247e-01
 5.93310e+03  5.79963e-01
 5.93336e+03  5.85342e-01
 5.93362e+03  5.85103e-01
 5.93388e+03  5.88557e-01
 5.93414e+03  5.91923e-01
 5.93440e+03  5.95859e-01
 5.93466e+03  5.98777e-01
 5.93492e+03  6.00840e-01
 5.93518e+03  6.03992e-01
 5.93544e+03  6.07239e-01
 5.93570e+03  6.10798e-01
 5.93596e+03  6.12375e-01
 5.93622e+03  6.12914e-01
 5.93648e+03  6.19609e-01
 5.93674e+03  6.20580e-01
 5.93700e+03  6.24799e-01
 5.93727e+03  6.25598e-01
 5.93753e+03  6.29866e-01
 5.93779e+03  6.36431e-01
 5.93805e+03  6.36831e-01
 5.93831e+03  6.37881e-01
 5.93857e+03  6.42357e-01
 5.93883e+03  6.42744e-01
 5.93909e+03  6.47877e-01
 5.93935e+03  6.51634e-01
 5.93961e+03  6.51690e-01
 5.93987e+03  6.54437e-01
 5.94013e+03  6.59365e-01
 5.94039e+03  6.59184e-01
 5.94065e+03  6.62241e-01
 5.94091e+03  6.63761e-01
 5.94117e+03  6.65600e-01
 5.94143e+03  6.68135e-01
 5.94169e+03  6.73413e-01
 5.94195e+03  6.72983e-01
 5.94221e+03  6.75064e-01
 5.94248e+03  6.77224e-01
 5.94274e+03  6.81067e-01
 5.94300e+03  6.83119e-01
 5.94326e+03  6.86179e-01
 5.94352e+03  6.86774e-01
 5.94378e+03  6.89153e-01
 5.94404e+03  6.92618e-01
 5.94430e+03  6.93110e-01
 5.94456e+03  6.96011e-01
 5.94482e+03  6.98382e-01
 5.94508e+03  7.02267e-01
 5.94534e+03  7.05249e-01
 5.94560e+03  7.08155e-01
 5.94586e+03  7.08542e-01
 5.94612e+03  7.08064e-01
 5.94638e+03  7.13456e-01
 5.94664e+03  7.14649e-01
 5.94690e+03  7.17467e-01
 5.94716e+03  7.18484e-01
 5.94742e+03  7.19650e-01
 5.94769e+03  7.22371e-01
 5.94795e+03  7.24703e-01
 5.94821e+03  7.29079e-01
 5.94847e+03  7.23719e-01
 5.94873e+03  7.26705e-01
 5.94899e+03  7.28393e-01
 5.94925e+03  7.32216e-01
 5.94951e+03  7.34595e-01
 5.94977e+03  7.39244e-01
 5.95003e+03  7.37180e-01
 5.95029e+03  7.39274e-01
 5.95055e+03  7.40732e-01
 5.95081e+03  7.43806e-01
 5.95107e+03  7.44927e-01
 5.95133e+03  7.47433e-01
 5.95159e+03  7.45210e-01
 5.95185e+03  7.49179e-01
 5.95211e+03  7.52435e-01
 5.95237e+03  7.52537e-01
 5.95263e+03  7.52173e-01
 5.95290e+03  7.53501e-01
 5.95316e+03  7.58150e-01
 5.95342e+03  7.55431e-01
 5.95368e+03  7.61126e-01
 5.95394e+03  7.61269e-01
 5.95420e+03  7.60949e-01
 5.95446e+03  7.63306e-01
 5.95472e+03  7.64872e-01
 5.95498e+03  7.66868e-01
 5.95524e+03  7.67604e-01
 5.95550e+03  7.68678e-01
 5.95576e+03  7.68748e-01
 5.95602e+03  7.71017e-01
 5.95628e+03  7.69687e-01
 5.95654e+03  7.71896e-01
 5.95680e+03  7.68903e-01
 5.95706e+03  7.75043e-01
 5.95732e+03  7.75534e-01
 5.95758e+03  7.76263e-01
 5.95784e+03  7.78374e-01
 5.95810e+03  7.77675e-01
 5.95837e+03  7.78856e-01
 5.95863e+03  7.80675e-01
 5.95889e+03  7.82728e-01
 5.95915e+03  7.80719e-01
 5.95941e+03  7.83736e-01
 5.95967e+03  7.86141e-01
 5.95993e+03  7.83264e-01
 5.96019e+03  7.87050e-01
 5.96045e+03  7.84791e-01
 5.96071e+03  7.86328e-01
 5.96097e+03  7.88226e-01
 5.96123e+03  7.85128e-01
 5.96149e+03  7.90360e-01
 5.96175e+03  7.89814e-01
 5.96201e+03  7.91637e-01
 5.96227e+03  7.91103e-01
 5.96253e+03  7.92458e-01
 5.96279e+03  7.90979e-01
 5.96305e+03  7.91002e-01
 5.96331e+03  7.95370e-01
 5.96358e+03  7.94920e-01
 5.96384e+03  7.97840e-01
 5.96410e+03  7.96541e-01
 5.96436e+03  7.97998e-01
 5.96462e+03  7.94999e-01
 5.96488e+03  7.98321e-01
 5.96514e+03  7.97134e-01
 5.96540e+03  7.97248e-01
 5.96566e+03  7.98649e-01
 5.96592e+03  7.99204e-01
 5.96618e+03  7.96379e-01
 5.96644e+03  8.00317e-01
 5.96670e+03  8.01042e-01
 5.96696e+03  8.01395e-01
 5.96722e+03  8.05404e-01
 5.96748e+03  8.00020e-01
 5.96774e+03  8.03382e-01
 5.96800e+03  8.02700e-01
 5.96826e+03  8.04589e-01
 5.96852e+03  8.01654e-01
 5.96879e+03  8.02841e-01
 5.96905e+03  8.05741e-01
 5.96931e+03  8.00684e-01
 5.96957e+03  8.04718e-01
 5.96983e+03  8.02079e-01
 5.97009e+03  8.01338e-01
 5.97035e+03  8.05152e-01
 5.97061e+03  8.02643e-01
 5.97087e+03  8.07346e-01
 5.97113e+03  8.06894e-01
 5.97139e+03  8.04713e-01
 5.97165e+03  8.07813e-01
 5.97191e+03  8.05677e-01
 5.97217e+03  8.05727e-01
 5.97243e+03  8.10107e-01
 5.97269e+03  8.06809e-01
 5.97295e+03  8.10127e-01
 5.97321e+03  8.04363e-01
 5.97347e+03  8.04373e-01
 5.97373e+03  8.05131e-01
 5.97400e+03  8.07538e-01
 5.97426e+03  8.08101e-01
 5.97452e+03  8.07701e-01
 5.97478e+03  8.05100e-01
 5.97504e+03  8.05864e-01
 5.97530e+03  8.06263e-01
 5.97556e+03  8.05524e-01
 5.97582e+03  8.09495e-01
 5.97608e+03  8.08263e-01
 5.97634e+03  8.03291e-01
 5.97660e+03  8.06408e-01
 5.97686e+03  8.07442e-01
 5.97712e+03  8.09672e-01
 5.97738e+03  8.06664e-01
 5.97764e+03  8.05089e-01
 5.97790e+03  8.07585e-01
 5.97816e+03  8.09707e-01
 5.97842e+03  8.09200e-01
 5.97868e+03  8.09016e-01
 5.97894e+03  8.03540e-01
 5.97921e+03  8.07845e-01
 5.97947e+03  8.06597e-01
 5.97973e+03  8.07036e-01
 5.97999e+03  8.06325e-01
 5.98025e+03  8.07288e-01
 5.98051e+03  8.06021e-01
 5.98077e+03  8.06695e-01
 5.98103e+03  8.08843e-01
 5.98129e+03  8.08385e-01
 5.98155e+03  8.05809e-01
 5.98181e+03  8.08494e-01
 5.98207e+03  8.08936e-01
 5.98233e+03  8.07764e-01
 5.98259e+03  8.10621e-01
 5.98285e+03  8.05243e-01
 5.98311e+03  8.07141e-01
 5.98337e+03  8.07355e-01
 5.98363e+03  8.05601e-01
 5.98389e+03  8.06568e-01
 5.98415e+03  8.04424e-01
 5.98442e+03  8.08385e-01
 5.98468e+03  8.05703e-01
 5.98494e+03  8.08115e-01
 5.98520e+03  8.06393e-01
 5.98546e+03  8.07180e-01
 5.98572e+03  8.03937e-01
 5.98598e+03  8.04256e-01
 5.98624e+03  8.07221e-01
 5.98650e+03  8.05646e-01
 5.98676e+03  8.07934e-01
 5.98702e+03  8.05382e-01
 5.98728e+03  8.04627e-01
 5.98754e+03  8.07936e-01
 5.98780e+03  8.03869e-01
 5.98806e+03  8.02776e-01
 5.98832e+03  8.04137e-01
 5.98858e+03  8.03766e-01
 5.98884e+03  8.05009e-01
 5.98910e+03  8.04673e-01
 5.98937e+03  8.04194e-01
 5.98963e+03  8.01965e-01
 5.98989e+03  8.02082e-01
 5.99015e+03  8.04255e-01
 5.99041e+03  8.01204e-01
 5.99067e+03  8.06301e-01
 5.99093e+03  8.00047e-01
 5.99119e+03  8.03528e-01
 5.99145e+03  8.02905e-01
 5.99171e+03  8.02204e-01
 5.99197e+03  8.01651e-01
 5.99223e+03  8.02382e-01
 5.99249e+03  8.02020e-01
 5.99275e+03  8.01933e-01
 5.99301e+03  8.01501e-01
 5.99327e+03  8.03428e-01
 5.99353e+03  8.03712e-01
 5.99379e+03  8.03089e-01
 5.99405e+03  8.01290e-01
 5.99431e+03  8.02274e-01
 5.99458e+03  8.02495e-01
 5.99484e+03  8.01312e-01
 5.99510e+03  8.00032e-01
 5.99536e+03  8.01612e-01
 5.99562e+03  8.01144e-01
 5.99588e+03  8.01435e-01
 5.99614e+03  7.99463e-01
 5.99640e+03  8.04926e-01
 5.99666e+03  8.01239e-01
 5.99692e+03  8.00735e-01
 5.99718e+03  7.98836e-01
 5.99744e+03  8.00570e-01
 5.99770e+03  8.01178e-01
 5.99796e+03  7.99396e-01
 5.99822e+03  8.00042e-01
 5.99848e+03  8.00950e-01
 5.99874e+03  7.99803e-01
 5.99900e+03  7.98821e-01
 5.99926e+03  7.96286e-01
 5.99952e+03  7.97391e-01
 5.99979e+03  7.98749e-01
 6.00005e+03  7.97768e-01
 6.00031e+03  7.98995e-01
 6.00057e+03  7.99496e-01
 6.00083e+03  7.94802e-01
 6.00109e+03  7.96064e-01
 6.00135e+03  7.96673e-01
 6.00161e+03  7.95903e-01
 6.00187e+03  7.98082e-01
 6.00213e+03  7.99543e-01
 6.00239e+03  7.96109e-01
 6.00265e+03  7.97192e-01
 6.00291e+03  7.98590e-01
 6.00317e+03  7.95829e-01
 6.00343e+03  7.95301e-01
 6.00369e+03  7.97393e-01
 6.00395e+03  7.96590e-01
 6.00421e+03  7.97217e-01
 6.00447e+03  7.97369e-01
 6.00473e+03  7.94681e-01
 6.00500e+03  7.99203e-01
 6.00526e+03  7.98025e-01
 6.00552e+03  7.97711e-01
 6.00578e+03  7.95813e-01
 6.00604e+03  7.94992e-01
 6.00630e+03  7.95832e-01
 6.00656e+03  7.94144e-01
 6.00682e+03  7.96816e-01
 6.00708e+03  7.96800e-01
 6.00734e+03  7.96277e-01
 6.00760e+03  7.93207e-01
 6.00786e+03  7.96785e-01
 6.00812e+03  7.94930e-01
 6.00838e+03  7.94094e-01
 6.00864e+03  7.96885e-01
 6.00890e+03  7.98938e-01
 6.00916e+03  7.94722e-01
 6.00942e+03  7.92740e-01
 6.00968e+03  7.94391e-01
 6.00994e+03  7.92058e-01
 6.01021e+03  7.91766e-01
 6.01047e+03  7.93520e-01
 6.01073e+03  7.94765e-01
 6.01099e+03  7.92891e-01
 6.01125e+03  7.96742e-01
 6.01151e+03  7.93244e-01
 6.01177e+03  7.92794e-01
 6.01203e+03  7.89798e-01
 6.01229e+03  7.92253e-01
 6.01255e+03  7.92250e-01
 6.01281e+03  7.92144e-01
 6.01307e+03  7.93006e-01
 6.01333e+03  7.93214e-01
 6.01359e+03  7.94950e-01
 6.01385e+03  7.93162e-01
 6.01411e+03  7.91534e-01
 6.01437e+03  7.92449e-01
 6.01463e+03  7.93618e-01
 6.01489e+03  7.92258e-01
 6.01515e+03  7.90592e-01
 6.01542e+03  7.92384e-01
 6.01568e+03  7.93061e-01
 6.01594e+03  7.92601e-01
 6.01620e+03  7.89895e-01
 6.01646e+03  7.91114e-01
 6.01672e+03  7.92706e-01
 6.01698e+03  7.89733e-01
 6.01724e+03  7.91139e-01
 6.01750e+03  7.89663e-01
 6.01776e+03  7.89890e-01
 6.01802e+03  7.90998e-01
 6.01828e+03  7.90459e-01
 6.01854e+03  7.87988e-01
 6.01880e+03  7.90751e-01
 6.01906e+03  7.88818e-01
 6.01932e+03  7.89162e-01
 6.01958e+03  7.90594e-01
 6.01984e+03  7.88687e-01
 6.02010e+03  7.87935e-01
 6.02036e+03  7.90800e-01
 6.02062e+03  7.87771e-01
 6.02089e+03  7.90599e-01
 6.02115e+03  7.89988e-01
 6.02141e+03  7.91129e-01
 6.02167e+03  7.89319e-01
 6.02193e+03  7.88469e-01
 6.02219e+03  7.88597e-01
 6.02245e+03  7.89800e-01
 6.02271e+03  7.89669e-01
 6.02297e+03  7.89931e-01
 6.02323e+03  7.88147e-01
 6.02349e+03  7.86206e-01
 6.02375e+03  7.87969e-01
 6.02401e+03  7.87966e-01
 6.02427e+03  7.88583e-01
 6.02453e+03  7.89278e-01
 6.02479e+03  7.88682e-01
 6.02505e+03  7.88411e-01
 6.02531e+03  7.89587e-01
 6.02557e+03  7.90648e-01
 6.02583e+03  7.88837e-01
 6.02610e+03  7.88938e-01
 6.02636e+03  7.86290e-01
 6.02662e+03  7.85820e-01
 6.02688e+03  7.85825e-01
 6.02714e+03  7.86958e-01
 6.02740e+03  7.85770e-01
 6.02766e+03  7.86105e-01
 6.02792e+03  7.86286e-01
 6.02818e+03  7.86207e-01
 6.02844e+03  7.88021e-01
 6.02870e+03  7.88075e-01
 6.02896e+03  7.85435e-01
 6.02922e+03  7.88449e-01
 6.02948e+03  7.86071e-01
 6.02974e+03  7.88561e-01
 6.03000e+03  7.86416e-01
 6.03026e+03  7.85788e-01
 6.03052e+03  7.86564e-01
 6.03078e+03  7.85215e-01
 6.03104e+03  7.84231e-01
 6.03131e+03  7.83993e-01
 6.03157e+03  7.84035e-01
 6.03183e+03  7.84495e-01
 6.03209e+03  7.85513e-01
 6.03235e+03  7.84473e-01
 6.03261e+03  7.85001e-01
 6.03287e+03  7.84234e-01
 6.03313e+03  7.82539e-01
 6.03339e+03  7.83828e-01
 6.03365e+03  7.84758e-01
 6.03391e+03  7.83067e-01
 6.03417e+03  7.84870e-01
 6.03443e+03  7.84674e-01
 6.03469e+03  7.86176e-01
 6.03495e+03  7.85188e-01
 6.03521e+03  7.84725e-01
 6.03547e+03  7.83905e-01
 6.03573e+03  7.83938e-01
 6.03599e+03  7.83308e-01
 6.03625e+03  7.83524e-01
 6.03652e+03  7.84015e-01
 6.03678e+03  7.83134e-01
 6.03704e+03  7.80722e-01
 6.03730e+03  7.82237e-01
 6.03756e+03  7.81818e-01
 6.03782e+03  7.81615e-01
 6.03808e+03  7.84128e-01
 6.03834e+03  7.82176e-01
 6.03860e+03  7.83146e-01
 6.03886e+03  7.80993e-01
 6.03912e+03  7.82695e-01
 6.03938e+03  7.80968e-01
 6.03964e+03  7.83154e-01
 6.03990e+03  7.81632e-01
 6.04016e+03  7.79033e-01
 6.04042e+03  7.81842e-01
 6.04068e+03  7.80557e-01
 6.04094e+03  7.80896e-01
 6.04120e+03  7.80127e-01
 6.04146e+03  7.82120e-01
 6.04173e+03  7.79564e-01
 6.04199e+03  7.81455e-01
 6.04225e+03  7.80347e-01
 6.04251e+03  7.79845e-01
 6.04277e+03  7.82126e-01
 6.04303e+03  7.80515e-01
 6.04329e+03  7.78122e-01
 6.04355e+03  7.77731e-01
 6.04381e+03  7.79770e-01
 6.04407e+03  7.80881e-01
 6.04433e+03  7.77584e-01
 6.04459e+03  7.78524e-01
 6.04485e+03  7.79116e-01
 6.04511e+03  7.78880e-01
 6.04537e+03  7.77536e-01
 6.04563e+03  7.77496e-01
 6.04589e+03  7.78423e-01
 6.04615e+03  7.77836e-01
 6.04641e+03  7.76946e-01
 6.04667e+03  7.78958e-01
 6.04694e+03  7.76000e-01
 6.04720e+03  7.77804e-01
 6.04746e+03  7.76725e-01
 6.04772e+03  7.74033e-01
 6.04798e+03  7.76174e-01
 6.04824e+03  7.74171e-01
 6.04850e+03  7.75251e-01
 6.04876e+03  7.73578e-01
 6.04902e+03  7.76331e-01
 6.04928e+03  7.73989e-01
 6.04954e+03  7.77273e-01
 6.04980e+03  7.75486e-01
 6.05006e+03  7.71954e-01
 6.05032e+03  7.73580e-01
 6.05058e+03  7.73073e-01
 6.05084e+03  7.73149e-01
 6.05110e+03  7.74222e-01
 6.05136e+03  7.72309e-01
 6.05162e+03  7.73439e-01
 6.05188e+03  7.70360e-01
 6.05215e+03  7.71866e-01
 6.05241e+03  7.71870e-01
 6.05267e+03  7.72758e-01
 6.05293e+03  7.73332e-01
 6.05319e+03  7.71642e-01
 6.05345e+03  7.73192e-01
 6.05371e+03  7.71295e-01
 6.05397e+03  7.71414e-01
 6.05423e+03  7.70390e-01
 6.05449e+03  7.68554e-01
 6.05475e+03  7.66811e-01
 6.05501e+03  7.70499e-01
 6.05527e+03  7.68118e-01
 6.05553e+03  7.68544e-01
 6.05579e+03  7.67955e-01
 6.05605e+03  7.71111e-01
 6.05631e+03  7.65700e-01
 6.05657e+03  7.69432e-01
 6.05683e+03  7.65608e-01
 6.05710e+03  7.65573e-01
 6.05736e+03  7.65356e-01
 6.05762e+03  7.65041e-01
 6.05788e+03  7.65734e-01
 6.05814e+03  7.64695e-01
 6.05840e+03  7.64480e-01
 6.05866e+03  7.65346e-01
 6.05892e+03  7.61120e-01
 6.05918e+03  7.61157e-01
 6.05944e+03  7.60577e-01
 6.05970e+03  7.63298e-01
 6.05996e+03  7.61325e-01
 6.06022e+03  7.64938e-01
 6.06048e+03  7.62972e-01
 6.06074e+03  7.62431e-01
 6.06100e+03  7.58808e-01
 6.06126e+03  7.61236e-01
 6.06152e+03  7.62221e-01
 6.06178e+03  7.62305e-01
 6.06204e+03  7.60247e-01
 6.06231e+03  7.58179e-01
 6.06257e+03  7.56727e-01
 6.06283e+03  7.59331e-01
 6.06309e+03  7.58381e-01
 6.06335e+03  7.57525e-01
 6.06361e+03  7.57541e-01
 6.06387e+03  7.56605e-01
 6.06413e+03  7.56713e-01
 6.06439e+03  7.55317e-01
 6.06465e+03  7.53611e-01
 6.06491e+03  7.57868e-01
 6.06517e+03  7.56748e-01
 6.06543e+03  7.53533e-01
 6.06569e+03  7.54464e-01
 6.06595e+03  7.53401e-01
 6.06621e+03  7.52733e-01
 6.06647e+03  7.51548e-01
 6.06673e+03  7.52309e-01
 6.06699e+03  7.50434e-01
 6.06725e+03  7.51756e-01
 6.06752e+03  7.52619e-01
 6.06778e+03  7.49697e-01
 6.06804e+03  7.50332e-01
 6.06830e+03  7.48790e-01
 6.06856e+03  7.50261e-01
 6.06882e+03  7.49047e-01
 6.06908e+03  7.46986e-01
 6.06934e+03  7.46336e-01
 6.06960e+03  7.44469e-01
 6.06986e+03  7.44589e-01
 6.07012e+03  7.42785e-01
 6.07038e+03  7.45584e-01
 6.07064e+03  7.45845e-01
 6.07090e+03  7.44890e-01
 6.07116e+03  7.42203e-01
 6.07142e+03  7.41832e-01
 6.07168e+03  7.42189e-01
 6.07194e+03  7.42442e-01
 6.07220e+03  7.41052e-01
 6.07246e+03  7.42448e-01
 6.07273e+03  7.38942e-01
 6.07299e+03  7.38060e-01
 6.07325e+03  7.39254e-01
 6.07351e+03  7.37292e-01
 6.07377e+03  7.38193e-01
 6.07403e+03  7.35745e-01
 6.07429e+03  7.36349e-01
 6.07455e+03  7.35096e-01
 6.07481e+03  7.34389e-01
 6.07507e+03  7.32129e-01
 6.07533e+03  7.33095e-01
 6.07559e+03  7.33853e-01
 6.07585e+03  7.32327e-01
 6.07611e+03  7.30537e-01
 6.07637e+03  7.29781e-01
 6.07663e+03  7.29857e-01
 6.07689e+03  7.28854e-01
 6.07715e+03  7.30230e-01
 6.07741e+03  7.28488e-01
 6.07767e+03  7.26861e-01
 6.07794e+03  7.25971e-01
 6.07820e+03  7.27851e-01
 6.07846e+03  7.26081e-01
 6.07872e+03  7.24344e-01
 6.07898e+03  7.23223e-01
 6.07924e+03  7.25050e-01
 6.07950e+03  7.23087e-01
 6.07976e+03  7.21313e-01
 6.08002e+03  7.20076e-01
 6.08028e+03  7.20747e-01
 6.08054e+03  7.18726e-01
 6.08080e+03  7.18611e-01
 6.08106e+03  7.20458e-01
 6.08132e+03  7.18853e-01
 6.08158e+03  7.17309e-01
 6.08184e+03  7.15239e-01
 6.08210e+03  7.12906e-01
 6.08236e+03  7.11846e-01
 6.08262e+03  7.11818e-01
 6.08288e+03  7.13279e-01
 6.08315e+03  7.12949e-01
 6.08341e+03  7.09251e-01
 6.08367e+03  7.07992e-01
 6.08393e+03  7.08553e-01
 6.08419e+03  7.07528e-01
 6.08445e+03  7.07855e-01
 6.08471e+03  7.06483e-01
 6.08497e+03  7.03054e-01
 6.08523e+03  7.04633e-01
 6.08549e+03  7.01554e-01
 6.08575e+03  6.98986e-01
 6.08601e+03  6.99785e-01
 6.08627e+03  7.01859e-01
 6.08653e+03  6.99688e-01
 6.08679e+03  6.97585e-01
 6.08705e+03  6.97610e-01
 6.08731e+03  6.96292e-01
 6.08757e+03  6.95310e-01
 6.08783e+03  6.95045e-01
 6.08809e+03  6.92836e-01
 6.08835e+03  6.93406e-01
 6.08862e+03  6.91445e-01
 6.08888e+03  6.88622e-01
 6.08914e+03  6.88543e-01
 6.08940e+03  6.88770e-01
 6.08966e+03  6.88226e-01
 6.08992e+03  6.84313e-01
 6.09018e+03  6.82811e-01
 6.09044e+03  6.83880e-01
 6.09070e+03  6.81806e-01
 6.09096e+03  6.80415e-01
 6.09122e+03  6.80661e-01
 6.09148e+03  6.77547e-01
 6.09174e+03  6.78771e-01
 6.09200e+03  6.76750e-01
 6.09226e+03  6.73773e-01
 6.09252e+03  6.75137e-01
 6.09278e+03  6.72607e-01
 6.09304e+03  6.69809e-01
 6.09330e+03  6.71442e-01
 6.09356e+03  6.70737e-01
 6.09383e+03  6.66153e-01
 6.09409e+03  6.67264e-01
 6.09435e+03  6.66255e-01
 6.09461e+03  6.65761e-01
 6.09487e+03  6.63479e-01
 6.09513e+03  6.61274e-01
 6.09539e+03  6.63725e-01
 6.09565e+03  6.61642e-01
 6.09591e+03  6.55954e-01
 6.09617e+03  6.58559e-01
 6.09643e+03  6.56052e-01
 6.09669e+03  6.54713e-01
 6.09695e+03  6.54533e-01
 6.09721e+03  6.52072e-01
 6.09747e+03  6.49056e-01
 6.09773e+03  6.50129e-01
 6.09799e+03  6.47799e-01
 6.09825e+03  6.48330e-01
 6.09851e+03  6.44432e-01
 6.09877e+03  6.42968e-01
 6.09904e+03  6.40761e-01
 6.09930e+03  6.40021e-01
 6.09956e+03  6.38213e-01
 6.09982e+03  6.37270e-01
 6.10008e+03  6.36299e-01
 6.10034e+03  6.35256e-01
 6.10060e+03  6.32147e-01
 6.10086e+03  6.28980e-01
 6.10112e+03  6.31002e-01
 6.10138e+03  6.28199e-01
 6.10164e+03  6.26117e-01
 6.10190e+03  6.24352e-01
 6.10216e+03  6.22138e-01
 6.10242e+03  6.21370e-01
 6.10268e+03  6.20520e-01
 6.10294e+03  6.18057e-01
 6.10320e+03  6.16074e-01
 6.10346e+03  6.15157e-01
 6.10372e+03  6.13988e-01
 6.10398e+03  6.10799e-01
 6.10425e+03  6.11484e-01
 6.10451e+03  6.09369e-01
 6.10477e+03  6.07939e-01
 6.10503e+03  6.04994e-01
 6.10529e+03  6.03016e-01
 6.10555e+03  6.01252e-01
 6.10581e+03  6.00689e-01
 6.10607e+03  5.95466e-01
 6.10633e+03  5.94723e-01
 6.10659e+03  5.94848e-01
 6.10685e+03  5.94281e-01
 6.10711e+03  5.91500e-01
 6.10737e+03  5.88889e-01
 6.10763e+03  5.86859e-01
 6.10789e+03  5.86399e-01
 6.10815e+03  5.83647e-01
 6.10841e+03  5.82570e-01
 6.10867e+03  5.80606e-01
 6.10893e+03  5.78354e-01
 6.10919e+03  5.75586e-01
 6.10946e+03  5.75409e-01
 6.10972e+03  5.72386e-01
 6.10998e+03  5.71283e-01
 6.11024e+03  5.68658e-01
 6.11050e+03  5.66806e-01
 6.11076e+03  5.63896e-01
 6.11102e+03  5.61722e-01
 6.11128e+03  5.61761e-01
 6.11154e+03  5.57801e-01
 6.11180e+03  5.57660e-01
 6.11206e+03  5.53570e-01
 6.11232e+03  5.53772e-01
 6.11258e+03  5.47450e-01
 6.11284e+03  5.46413e-01
 6.11310e+03  5.48326e-01
 6.11336e+03  5.43946e-01
 6.11362e+03  5.42557e-01
 6.11388e+03  5.39187e-01
 6.11414e+03  5.39796e-01
 6.11440e+03  5.36681e-01
 6.11467e+03  5.36015e-01
 6.11493e+03  5.34874e-01
 6.11519e+03  5.30272e-01
 6.11545e+03  5.29265e-01
 6.11571e+03  5.26919e-01
 6.11597e+03  5.25307e-01
 6.11623e+03  5.24783e-01
 6.11649e+03  5.19805e-01
 6.11675e+03  5.18758e-01
 6.11701e+03  5.17071e-01
 6.11727e+03  5.14662e-01
 6.11753e+03  5.11167e-01
 6.11779e+03  5.10435e-01
 6.11805e+03  5.08805e-01
 6.11831e+03  5.05329e-01
 6.11857e+03  5.04349e-01
 6.11883e+03  4.98924e-01
 6.11909e+03  4.98406e-01
 6.11935e+03  4.97903e-01
 6.11962e+03  4.94579e-01
 6.11988e+03  4.93300e-01
 6.12014e+03  4.90354e-01
 6.12040e+03  4.89716e-01
 6.12066e+03  4.85168e-01
 6.12092e+03  4.85037e-01
 6.12118e+03  4.81102e-01
 6.12144e+03  4.79710e-01
 6.12170e+03  4.77347e-01
 6.12196e+03  4.76560e-01
 6.12222e+03  4.74151e-01
 6.12248e+03  4.69685e-01
 6.12274e+03  4.65396e-01
 6.12300e+03  4.65304e-01
 6.12326e+03  4.63649e-01
 6.12352e+03  4.62252e-01
 6.12378e+03  4.61197e-01
 6.12404e+03  4.57499e-01
 6.12430e+03  4.53609e-01
 6.12456e+03  4.51553e-01
 6.12483e+03  4.50000e-01
 6.12509e+03  4.47520e-01
 6.12535e+03  4.45198e-01
 6.12561e+03  4.44034e-01
 6.12587e+03  4.42152e-01
 6.12613e+03  4.40010e-01
 6.12639e+03  4.37082e-01
 6.12665e+03  4.33896e-01
 6.12691e+03  4.33402e-01
 6.12717e+03  4.32991e-01
 6.12743e+03  4.28731e-01
 6.12769e+03  4.25401e-01
 6.12795e+03  4.24059e-01
 6.12821e+03  4.22533e-01
 6.12847e+03  4.19700e-01
 6.12873e+03  4.16320e-01
 6.12899e+03  4.12537e-01
 6.12925e+03  4.11367e-01
 6.12951e+03  4.10051e-01
 6.12977e+03  4.06733e-01
 6.13004e+03  4.05448e-01
 6.13030e+03  4.03189e-01
 6.13056e+03  4.01627e-01
 6.13082e+03  3.97311e-01
 6.13108e+03  3.95957e-01
 6.13134e+03  3.92660e-01
 6.13160e+03  3.90910e-01
 6.13186e+03  3.89159e-01
 6.13212e+03  3.87515e-01
 6.13238e+03  3.86353e-01
 6.13264e+03  3.81844e-01
 6.13290e+03  3.80183e-01
 6.13316e+03  3.79543e-01
 6.13342e+03  3.77195e-01
 6.13368e+03  3.73917e-01
 6.13394e+03  3.71902e-01
 6.13420e+03  3.70935e-01
 6.13446e+03  3.67445e-01
 6.13472e+03  3.65392e-01
 6.13498e+03  3.63305e-01
 6.13525e+03  3.61382e-01
 6.13551e+03  3.58291e-01
 6.13577e+03  3.55084e-01
 6.13603e+03  3.54889e-01
 6.13629e+03  3.52536e-01
 6.13655e+03  3.50560e-01
 6.13681e+03  3.47172e-01
 6.13707e+03  3.46083e-01
 6.13733e+03  3.43964e-01
 6.13759e+03  3.41215e-01
 6.13785e+03  3.38314e-01
 6.13811e+03  3.37767e-01
 6.13837e+03  3.34483e-01
 6.13863e+03  3.33036e-01
 6.13889e+03  3.31650e-01
 6.13915e+03  3.28548e-01
 6.13941e+03  3.26246e-01
 6.13967e+03  3.24007e-01
 6.13993e+03  3.21012e-01
 6.14019e+03  3.20540e-01
 6.14046e+03  3.15824e-01
 6.14072e+03  3.15784e-01
 6.14098e+03  3.14387e-01
 6.14124e+03  3.12820e-01
 6.14150e+03  3.10627e-01
 6.14176e+03  3.07077e-01
 6.14202e+03  3.05489e-01
 6.14228e+03  3.03350e-01
 6.14254e+03  2.99932e-01
 6.14280e+03  2.98833e-01
 6.14306e+03  2.99410e-01
 6.14332e+03  2.95152e-01
 6.14358e+03  2.93402e-01
 6.14384e+03  2.91912e-01
 6.14410e+03  2.90292e-01
 6.14436e+03  2.88146e-01
 6.14462e+03  2.86687e-01
 6.14488e+03  2.83678e-01
 6.14514e+03  2.80952e-01
 6.14540e+03  2.80267e-01
 6.14567e+03  2.77874e-01
 6.14593e+03  2.75265e-01
 6.14619e+03  2.73171e-01
 6.14645e+03  2.72773e-01
 6.14671e+03  2.70172e-01
 6.14697e+03  2.68674e-01
 6.14723e+03  2.66663e-01
 6.14749e+03  2.65839e-01
 6.14775e+03  2.62621e-01
 6.14801e+03  2.60605e-01
 6.14827e+03  2.59203e-01
 6.14853e+03  2.56901e-01
 6.14879e+03  2.55141e-01
 6.14905e+03  2.53779e-01
 6.14931e+03  2.52037e-01
 6.14957e+03  2.50006e-01
 6.14983e+03  2.48291e-01
 6.15009e+03  2.46302e-01
 6.15035e+03  2.45442e-01
 6.15061e+03  2.42850e-01
 6.15088e+03  2.41053e-01
 6.15114e+03  2.40680e-01
 6.15140e+03  2.37738e-01
 6.15166e+03  2.36628e-01
 6.15192e+03  2.34585e-01
 6.15218e+03  2.33260e-01
 6.15244e+03  2.30420e-01
 6.15270e+03  2.29696e-01
 6.15296e+03  2.28172e-01
 6.15322e+03  2.26139e-01
 6.15348e+03  2.24470e-01
 6.15374e+03  2.21933e-01
 6.15400e+03  2.20886e-01
 6.15426e+03  2.19729e-01
 6.15452e+03  2.18122e-01
 6.15478e+03  2.16702e-01
 6.15504e+03  2.14285e-01
 6.15530e+03  2.13445e-01
 6.15556e+03  2.11472e-01
 6.15582e+03  2.10770e-01
 6.15608e+03  2.07675e-01
 6.15635e+03  2.06874e-01
 6.15661e+03  2.05235e-01
 6.15687e+03  2.03637e-01
 6.15713e+03  2.02271e-01
 6.15739e+03  2.00508e-01
 6.15765e+03  2.00474e-01
 6.15791e+03  1.98170e-01
 6.15817e+03  1.96478e-01
 6.15843e+03  1.95619e-01
 6.15869e+03  1.93059e-01
 6.15895e+03  1.92008e-01
 6.15921e+03  1.91025e-01
 6.15947e+03  1.89094e-01
 6.15973e+03  1.87911e-01
 6.15999e+03  1.86597e-01
 6.16025e+03  1.85335e-01
 6.16051e+03  1.83690e-01
 6.16077e+03  1.82080e-01
 6.16103e+03  1.80471e-01
 6.16129e+03  1.77429e-01
 6.16156e+03  1.78507e-01
 6.16182e+03  1.76793e-01
 6.16208e+03  1.74510e-01
 6.16234e+03  1.74631e-01
 6.16260e+03  1.72443e-01
 6.16286e+03  1.71066e-01
 6.16312e+03  1.69796e-01
 6.16338e+03  1.68758e-01
 6.16364e+03  1.68303e-01
 6.16390e+03  1.66156e-01
 6.16416e+03  1.65550e-01
 6.16442e+03  1.63379e-01
 6.16468e+03  1.63003e-01
 6.16494e+03  1.61315e-01
 6.16520e+03  1.59928e-01
 6.16546e+03  1.57984e-01
 6.16572e+03  1.56959e-01
 6.16598e+03  1.55879e-01
 6.16624e+03  1.55243e-01
 6.16650e+03  1.52486e-01
 6.16677e+03  1.52442e-01
 6.16703e+03  1.51213e-01
 6.16729e+03  1.49963e-01
 6.16755e+03  1.49583e-01
 6.16781e+03  1.47812e-01
 6.16807e+03  1.46883e-01
 6.16833e+03  1.46067e-01
 6.16859e+03  1.44493e-01
 6.16885e+03  1.42167e-01
 6.16911e+03  1.42333e-01
 6.16937e+03  1.41557e-01
 6.16963e+03  1.40508e-01
 6.16989e+03  1.38619e-01
 6.17015e+03  1.38319e-01
 6.17041e+03  1.37559e-01
 6.17067e+03  1.36063e-01
 6.17093e+03  1.36264e-01
 6.17119e+03  1.33510e-01
 6.17145e+03  1.32585e-01
 6.17171e+03  1.31667e-01
 6.17198e+03  1.30767e-01
 6.17224e+03  1.29219e-01
 6.17250e+03  1.28316e-01
 6.17276e+03  1.27656e-01
 6.17302e+03  1.26028e-01
 6.17328e+03  1.25798e-01
 6.17354e+03  1.24527e-01
 6.17380e+03  1.24368e-01
 6.17406e+03  1.23044e-01
 6.17432e+03  1.21657e-01
 6.17458e+03  1.21097e-01
 6.17484e+03  1.20372e-01
 6.17510e+03  1.19260e-01
 6.17536e+03  1.18631e-01
 6.17562e+03  1.16913e-01
 6.17588e+03  1.16521e-01
 6.17614e+03  1.16059e-01
 6.17640e+03  1.14707e-01
 6.17666e+03  1.13124e-01
 6.17692e+03  1.12250e-01
 6.17719e+03  1.11783e-01
 6.17745e+03  1.11537e-01
 6.17771e+03  1.10455e-01
 6.17797e+03  1.09036e-01
 6.17823e+03  1.08245e-01
 6.17849e+03  1.07974e-01
 6.17875e+03  1.06942e-01
 6.17901e+03  1.06054e-01
 6.17927e+03  1.05180e-01
 6.17953e+03  1.04824e-01
 6.17979e+03  1.03326e-01
 6.18005e+03  1.03496e-01
 6.18031e+03  1.02367e-01
 6.18057e+03  1.01879e-01
 6.18083e+03  1.00551e-01
 6.18109e+03  9.94203e-02
 6.18135e+03  9.90001e-02
 6.18161e+03  9.80243e-02
 6.18187e+03  9.76531e-02
 6.18213e+03  9.66400e-02
 6.18240e+03  9.59511e-02
 6.18266e+03  9.50881e-02
 6.18292e+03  9.43129e-02
 6.18318e+03  9.39579e-02
 6.18344e+03  9.33997e-02
 6.18370e+03  9.20634e-02
 6.18396e+03  9.14643e-02
 6.18422e+03  9.09845e-02
 6.18448e+03  9.09916e-02
 6.18474e+03  8.97620e-02
 6.18500e+03  8.86990e-02
 6.18526e+03  8.84440e-02
 6.18552e+03  8.80117e-02
 6.18578e+03  8.73254e-02
 6.18604e+03  8.63185e-02
 6.18630e+03  8.59425e-02
 6.18656e+03  8.48881e-02
 6.18682e+03  8.48401e-02
 6.18708e+03  8.37920e-02
 6.18735e+03  8.26872e-02
 6.18761e+03  8.27965e-02
 6.18787e+03  8.17039e-02
 6.18813e+03  8.13417e-02
 6.18839e+03  8.00191e-02
 6.18865e+03  7.98851e-02
 6.18891e+03  7.92166e-02
 6.18917e+03  7.81722e-02
 6.18943e+03  7.77896e-02
 6.18969e+03  7.71136e-02
 6.18995e+03  7.71665e-02
 6.19021e+03  7.65554e-02
 6.19047e+03  7.55305e-02
 6.19073e+03  7.45644e-02
 6.19099e+03  7.42912e-02
 6.19125e+03  7.42545e-02
 6.19151e+03  7.34093e-02
 6.19177e+03  7.27670e-02
 6.19203e+03  7.19954e-02
 6.19229e+03  7.13031e-02
 6.19256e+03  7.14782e-02
 6.19282e+03  7.07513e-02
 6.19308e+03  6.98680e-02
 6.19334e+03  6.90081e-02
 6.19360e+03  6.94455e-02
 6.19386e+03  6.83335e-02
 6.19412e+03  6.81705e-02
 6.19438e+03  6.85178e-02
 6.19464e+03  6.74513e-02
 6.19490e+03  6.70981e-02
 6.19516e+03  6.62513e-02
 6.19542e+03  6.56959e-02
 6.19568e+03  6.53814e-02
 6.19594e+03  6.49271e-02
 6.19620e+03  6.41512e-02
 6.19646e+03  6.43142e-02
 6.19672e+03  6.32826e-02
 6.19698e+03  6.23076e-02
 6.19724e+03  6.28775e-02
 6.19750e+03  6.23567e-02
 6.19777e+03  6.14878e-02
 6.19803e+03  6.09168e-02
 6.19829e+03  6.05014e-02
 6.19855e+03  5.98970e-02
 6.19881e+03  5.97063e-02
 6.19907e+03  5.96309e-02
 6.19933e+03  5.90792e-02
 6.19959e+03  5.85930e-02
 6.19985e+03  5.80382e-02
 6.20011e+03  5.77181e-02
 6.20037e+03  5.73629e-02
 6.20063e+03  5.64517e-02
 6.20089e+03  5.62839e-02
 6.20115e+03  5.62753e-02
 6.20141e+03  5.55153e-02
 6.20167e+03  5.50510e-02
 6.20193e+03  5.49645e-02
 6.20219e+03  5.47386e-02
 6.20245e+03  5.40059e-02
 6.20271e+03  5.30355e-02
 6.20298e+03  5.29000e-02
 6.20324e+03  5.30009e-02
 6.20350e+03  5.18308e-02
 6.20376e+03  5.16026e-02
 6.20402e+03  5.14843e-02
 6.20428e+03  5.08590e-02
 6.20454e+03  5.10104e-02
 6.20480e+03  5.03490e-02
 6.20506e+03  5.00773e-02
 6.20532e+03  5.00160e-02
 6.20558e+03  4.93769e-02
 6.20584e+03  4.91341e-02
 6.20610e+03  4.88930e-02
 6.20636e+03  4.81550e-02
 6.20662e+03  4.78519e-02
 6.20688e+03  4.79353e-02
 6.20714e+03  4.71228e-02
 6.20740e+03  4.70888e-02
 6.20766e+03  4.68051e-02
 6.20792e+03  4.68748e-02
 6.20819e+03  4.62472e-02
 6.20845e+03  4.59384e-02
 6.20871e+03  4.55635e-02
 6.20897e+03  4.47913e-02
 6.20923e+03  4.45492e-02
 6.20949e+03  4.43491e-02
 6.20975e+03  4.35561e-02
 6.21001e+03  4.36450e-02
 6.21027e+03  4.38637e-02
 6.21053e+03  4.29921e-02
 6.21079e+03  4.29160e-02
 6.21105e+03  4.29206e-02
 6.21131e+03  4.28749e-02
 6.21157e+03  4.18658e-02
 6.21183e+03  4.20837e-02
 6.21209e+03  4.09267e-02
 6.21235e+03  4.10578e-02
 6.21261e+03  4.10669e-02
 6.21287e+03  4.08255e-02
 6.21313e+03  4.03814e-02
 6.21340e+03  4.02468e-02
 6.21366e+03  3.99784e-02
 6.21392e+03  3.93050e-02
 6.21418e+03  3.93986e-02
 6.21444e+03  3.92488e-02
 6.21470e+03  3.89218e-02
 6.21496e+03  3.87452e-02
 6.21522e+03  3.83182e-02
 6.21548e+03  3.80519e-02
 6.21574e+03  3.76782e-02
 6.21600e+03  3.75207e-02
 6.21626e+03  3.68424e-02
 6.21652e+03  3.69302e-02
 6.21678e+03  3.66622e-02
 6.21704e+03  3.59007e-02
 6.21730e+03  3.61736e-02
 6.21756e+03  3.54363e-02
 6.21782e+03  3.54931e-02
 6.21808e+03  3.52734e-02
 6.21834e+03  3.50285e-02
 6.21860e+03  3.48841e-02
 6.21887e+03  3.44689e-02
 6.21913e+03  3.45432e-02
 6.21939e+03  3.40698e-02
 6.21965e+03  3.40111e-02
 6.21991e+03  3.37458e-02
 6.22017e+03  3.35665e-02
 6.22043e+03  3.34007e-02
 6.22069e+03  3.28208e-02
 6.22095e+03  3.29365e-02
 6.22121e+03  3.22950e-02
 6.22147e+03  3.22652e-02
 6.22173e+03  3.18113e-02
 6.22199e+03  3.19121e-02
 6.22225e+03  3.17643e-02
 6.22251e+03  3.17155e-02
 6.22277e+03  3.15813e-02
 6.22303e+03  3.09442e-02
 6.22329e+03  3.10712e-02
 6.22355e+03  3.07904e-02
 6.22381e+03  3.09218e-02
 6.22408e+03  3.05960e-02
 6.22434e+03  2.98982e-02
 6.22460e+03  3.00025e-02
 6.22486e+03  2.97994e-02
 6.22512e+03  2.91915e-02
 6.22538e+03  2.93887e-02
 6.22564e+03  2.91312e-02
 6.22590e+03  2.92789e-02
 6.22616e+03  2.89604e-02
 6.22642e+03  2.89017e-02
 6.22668e+03  2.87071e-02
 6.22694e+03  2.82322e-02
 6.22720e+03  2.83488e-02
 6.22746e+03  2.84325e-02
 6.22772e+03  2.78665e-02
 6.22798e+03  2.75310e-02
 6.22824e+03  2.71933e-02
 6.22850e+03  2.73202e-02
 6.22876e+03  2.70042e-02
 6.22902e+03  2.67288e-02
 6.22929e+03  2.65937e-02
 6.22955e+03  2.66416e-02
 6.22981e+03  2.64293e-02
 6.23007e+03  2.62371e-02
 6.23033e+03  2.62843e-02
 6.23059e+03  2.57771e-02
 6.23085e+03  2.57616e-02
 6.23111e+03  2.56311e-02
 6.23137e+03  2.52953e-02
 6.23163e+03  2.49172e-02
 6.23189e+03  2.50711e-02
 6.23215e+03  2.48246e-02
 6.23241e+03  2.47178e-02
 6.23267e+03  2.45467e-02
 6.23293e+03  2.46378e-02
 6.23319e+03  2.43308e-02
 6.23345e+03  2.39434e-02
 6.23371e+03  2.39706e-02
 6.23397e+03  2.35607e-02
 6.23423e+03  2.33657e-02
 6.23450e+03  2.37070e-02
 6.23476e+03  2.35130e-02
 6.23502e+03  2.30708e-02
 6.23528e+03  2.30287e-02
 6.23554e+03  2.29471e-02
 6.23580e+03  2.27006e-02
 6.23606e+03  2.25763e-02
 6.23632e+03  2.25106e-02
 6.23658e+03  2.25752e-02
 6.23684e+03  2.21765e-02
 6.23710e+03  2.20427e-02
 6.23736e+03  2.18718e-02
 6.23762e+03  2.18910e-02
 6.23788e+03  2.19500e-02
 6.23814e+03  2.15257e-02
 6.23840e+03  2.12606e-02
 6.23866e+03  2.14078e-02
 6.23892e+03  2.09276e-02
 6.23918e+03  2.08802e-02
 6.23944e+03  2.09433e-02
 6.23971e+03  2.06015e-02
 6.23997e+03  2.05904e-02
 6.24023e+03  2.03893e-02
 6.24049e+03  2.03639e-02
 6.24075e+03  2.04064e-02
 6.24101e+03  2.03292e-02
 6.24127e+03  2.02489e-02
 6.24153e+03  1.99583e-02
 6.24179e+03  1.98157e-02
 6.24205e+03  1.99025e-02
 6.24231e+03  1.97322e-02
 6.24257e+03  1.92946e-02
 6.24283e+03  1.93039e-02
 6.24309e+03  1.91116e-02
 6.24335e+03  1.90423e-02
 6.24361e+03  1.87986e-02
 6.24387e+03  1.91222e-02
 6.24413e+03  1.85041e-02
 6.24439e+03  1.85030e-02
 6.24465e+03  1.86112e-02
 6.24492e+03  1.82975e-02
 6.24518e+03  1.84218e-02
 6.24544e+03  1.80668e-02
 6.24570e+03  1.81082e-02
 6.24596e+03  1.79539e-02
 6.24622e+03  1.77748e-02
 6.24648e+03  1.75356e-02
 6.24674e+03  1.75016e-02
 6.24700e+03  1.73948e-02
 6.24726e+03  1.77468e-02
 6.24752e+03  1.76809e-02
 6.24778e+03  1.74069e-02
 6.24804e+03  1.71871e-02
 6.24830e+03  1.72435e-02
 6.24856e+03  1.70821e-02
 6.24882e+03  1.66882e-02
 6.24908e+03  1.68010e-02
 6.24934e+03  1.65326e-02
 6.24960e+03  1.66378e-02
 6.24987e+03  1.67181e-02
 6.25013e+03  1.62903e-02
 6.25039e+03  1.65195e-02
 6.25065e+03  1.62990e-02
 6.25091e+03  1.60908e-02
 6.25117e+03  1.60571e-02
 6.25143e+03  1.58797e-02
 6.25169e+03  1.59163e-02
 6.25195e+03  1.58073e-02
 6.25221e+03  1.56498e-02
 6.25247e+03  1.56755e-02
 6.25273e+03  1.57522e-02
 6.25299e+03  1.55107e-02
 6.25325e+03  1.55070e-02
 6.25351e+03  1.50922e-02
 6.25377e+03  1.52274e-02
 6.25403e+03  1.50358e-02
 6.25429e+03  1.51368e-02
 6.25455e+03  1.47302e-02
 6.25481e+03  1.46721e-02
 6.25508e+03  1.48866e-02
 6.25534e+03  1.45404e-02
 6.25560e+03  1.46801e-02
 6.25586e+03  1.43513e-02
 6.25612e+03  1.43310e-02
 6.25638e+03  1.45338e-02
 6.25664e+03  1.43802e-02
 6.25690e+03  1.39988e-02
 6.25716e+03  1.42599e-02
 6.25742e+03  1.39068e-02
 6.25768e+03  1.38754e-02
 6.25794e+03  1.38695e-02
 6.25820e+03  1.37684e-02
 6.25846e+03  1.36083e-02
 6.25872e+03  1.35941e-02
 6.25898e+03  1.35732e-02
 6.25924e+03  1.34376e-02
 6.25950e+03  1.33503e-02
 6.25976e+03  1.34882e-02
 6.26002e+03  1.33201e-02
 6.26029e+03  1.31921e-02
 6.26055e+03  1.33390e-02
 6.26081e+03  1.29434e-02
 6.26107e+03  1.32956e-02
 6.26133e+03  1.28238e-02
 6.26159e+03  1.27295e-02
 6.26185e+03  1.28209e-02
 6.26211e+03  1.27345e-02
 6.26237e+03  1.25629e-02
 6.26263e+03  1.25505e-02
 6.26289e+03  1.26173e-02
 6.26315e+03  1.24563e-02
 6.26341e+03  1.22784e-02
 6.26367e+03  1.23528e-02
 6.26393e+03  1.20536e-02
 6.26419e+03  1.22827e-02
 6.26445e+03  1.21089e-02
 6.26471e+03  1.21369e-02
 6.26497e+03  1.18803e-02
 6.26523e+03  1.17373e-02
 6.26550e+03  1.17426e-02
 6.26576e+03  1.18927e-02
 6.26602e+03  1.15629e-02
 6.26628e+03  1.17345e-02
 6.26654e+03  1.18080e-02
 6.26680e+03  1.14408e-02
 6.26706e+03  1.13480e-02
 6.26732e+03  1.15529e-02
 6.26758e+03  1.14546e-02
 6.26784e+03  1.10962e-02
 6.26810e+03  1.13419e-02
 6.26836e+03  1.12588e-02
 6.26862e+03  1.10674e-02
 6.26888e+03  1.12645e-02
 6.26914e+03  1.10756e-02
 6.26940e+03  1.09892e-02
 6.26966e+03  1.07563e-02
 6.26992e+03  1.08917e-02
 6.27018e+03  1.05214e-02
 6.27044e+03  1.07263e-02
 6.27071e+03  1.07900e-02
 6.27097e+03  1.04910e-02
 6.27123e+03  1.05704e-02
 6.27149e+03  1.05826e-02
 6.27175e+03  1.02426e-02
 6.27201e+03  1.03637e-02
 6.27227e+03  1.02263e-02
 6.27253e+03  1.03789e-02
 6.27279e+03  1.02262e-02
 6.27305e+03  1.00944e-02
 6.27331e+03  1.00924e-02
 6.27357e+03  1.01516e-02
 6.27383e+03  1.00853e-02
 6.27409e+03  9.84092e-03
 6.27435e+03  9.83547e-03
 6.27461e+03  9.94946e-03
 6.27487e+03  9.74560e-03
 6.27513e+03  9.79687e-03
 6.27539e+03  9.81529e-03
 6.27565e+03  9.64003e-03
 6.27592e+03  9.70024e-03
 6.27618e+03  9.59828e-03
 6.27644e+03  9.51070e-03
 6.27670e+03  9.35566e-03
 6.27696e+03  9.50470e-03
 6.27722e+03  9.48871e-03
 6.27748e+03  9.37724e-03
 6.27774e+03  9.09748e-03
 6.27800e+03  9.45409e-03
 6.27826e+03  9.20631e-03
 6.27852e+03  9.10201e-03
 6.27878e+03  9.24918e-03
 6.27904e+03  8.96439e-03
 6.27930e+03  9.03705e-03
 6.27956e+03  8.90636e-03
 6.27982e+03  8.97528e-03
 6.28008e+03  8.87073e-03
 6.28034e+03  8.63865e-03
 6.28060e+03  8.92161e-03
 6.28086e+03  8.79087e-03
 6.28112e+03  8.52622e-03
 6.28139e+03  8.77592e-03
 6.28165e+03  8.53023e-03
 6.28191e+03  8.54944e-03
 6.28217e+03  8.66767e-03
 6.28243e+03  8.47229e-03
 6.28269e+03  8.56397e-03
 6.28295e+03  8.29242e-03
 6.28321e+03  8.33462e-03
 6.28347e+03  8.36640e-03
 6.28373e+03  8.32092e-03
 6.28399e+03  8.49617e-03
 6.28425e+03  8.19971e-03
 6.28451e+03  8.19759e-03
 6.28477e+03  8.24622e-03
 6.28503e+03  8.05445e-03
 6.28529e+03  8.08410e-03
 6.28555e+03  8.06609e-03
 6.28581e+03  8.01459e-03
 6.28607e+03  7.81777e-03
 6.28633e+03  7.88558e-03
 6.28660e+03  7.96517e-03
 6.28686e+03  7.91530e-03
 6.28712e+03  7.91048e-03
 6.28738e+03  7.89761e-03
 6.28764e+03  7.86695e-03
 6.28790e+03  7.72672e-03
 6.28816e+03  7.68358e-03
 6.28842e+03  7.67847e-03
 6.28868e+03  7.61866e-03
 6.28894e+03  7.64844e-03
 6.28920e+03  7.63106e-03
 6.28946e+03  7.45304e-03
 6.28972e+03  7.53287e-03
 6.28998e+03  7.64707e-03
 6.29024e+03  7.25874e-03
 6.29050e+03  7.29361e-03
 6.29076e+03  7.09519e-03
 6.29102e+03  7.49016e-03
 6.29128e+03  7.25146e-03
 6.29154e+03  7.20425e-03
 6.29181e+03  7.25642e-03
 6.29207e+03  7.13580e-03
 6.29233e+03  7.06597e-03
 6.29259e+03  7.16876e-03
 6.29285e+03  7.16098e-03
 6.29311e+03  7.10918e-03
 6.29337e+03  6.84820e-03
 6.29363e+03  7.03268e-03
 6.29389e+03  6.95867e-03
 6.29415e+03  6.89826e-03
 6.29441e+03  6.90253e-03
 6.29467e+03  6.86205e-03
 6.29493e+03  6.79230e-03
 6.29519e+03  6.71733e-03
 6.29545e+03  6.68692e-03
 6.29571e+03  6.74284e-03
 6.29597e+03  6.66719e-03
 6.29623e+03  6.58345e-03
 6.29649e+03  6.66106e-03
 6.29675e+03  6.57247e-03
 6.29702e+03  6.59746e-03
 6.29728e+03  6.48489e-03
 6.29754e+03  6.71126e-03
 6.29780e+03  6.55887e-03
 6.29806e+03  6.62681e-03
 6.29832e+03  6.55990e-03
 6.29858e+03  6.32219e-03
 6.29884e+03  6.43901e-03
 6.29910e+03  6.52940e-03
 6.29936e+03  6.39092e-03
 6.29962e+03  6.21065e-03
 6.29988e+03  6.24509e-03
 6.30014e+03  6.20486e-03
 6.30040e+03  6.12812e-03
 6.30066e+03  6.15207e-03
 6.30092e+03  6.06051e-03
 6.30118e+03  6.10020e-03
 6.30144e+03  5.95169e-03
 6.30170e+03  6.17771e-03
 6.30196e+03  6.06630e-03
 6.30223e+03  5.99786e-03
 6.30249e+03  6.11988e-03
 6.30275e+03  5.95713e-03
 6.30301e+03  6.09915e-03
 6.30327e+03  5.96112e-03
 6.30353e+03  5.74992e-03
 6.30379e+03  5.63983e-03
 6.30405e+03  5.67054e-03
 6.30431e+03  5.98742e-03
 6.30457e+03  5.76990e-03
 6.30483e+03  5.84221e-03
 6.30509e+03  5.74530e-03
 6.30535e+03  5.60615e-03
 6.30561e+03  5.68595e-03
 6.30587e+03  5.64839e-03
 6.30613e+03  5.57291e-03
 6.30639e+03  5.56615e-03
 6.30665e+03  5.55239e-03
 6.30691e+03  5.47323e-03
 6.30717e+03  5.57690e-03
 6.30744e+03  5.51795e-03
 6.30770e+03  5.64395e-03
 6.30796e+03  5.51759e-03
 6.30822e+03  5.48631e-03
 6.30848e+03  5.35884e-03
 6.30874e+03  5.35983e-03
 6.30900e+03  5.47963e-03
 6.30926e+03  5.53297e-03
 6.30952e+03  5.25300e-03
 6.30978e+03  5.24439e-03
 6.31004e+03  5.34689e-03
 6.31030e+03  5.15412e-03
 6.31056e+03  5.24552e-03
 6.31082e+03  5.11453e-03
 6.31108e+03  5.08755e-03
 6.31134e+03  5.21701e-03
 6.31160e+03  5.26145e-03
 6.31186e+03  5.15732e-03
 6.31212e+03  5.00492e-03
 6.31238e+03  5.02207e-03
 6.31265e+03  5.15119e-03
 6.31291e+03  5.02178e-03
 6.31317e+03  5.22879e-03
 6.31343e+03  5.21150e-03
 6.31369e+03  5.15736e-03
 6.31395e+03  4.98110e-03
 6.31421e+03  4.79166e-03
 6.31447e+03  5.07257e-03
 6.31473e+03  4.80424e-03
 6.31499e+03  5.08292e-03
 6.31525e+03  5.06304e-03
 6.31551e+03  4.86868e-03
 6.31577e+03  4.85882e-03
 6.31603e+03  4.79432e-03
 6.31629e+03  4.83102e-03
 6.31655e+03  4.57580e-03
 6.31681e+03  4.85009e-03
 6.31707e+03  4.65601e-03
 6.31733e+03  4.54639e-03
 6.31760e+03  4.70773e-03
 6.31786e+03  4.67569e-03
 6.31812e+03  4.83980e-03
 6.31838e+03  4.52199e-03
 6.31864e+03  4.82700e-03
 6.31890e+03  4.55342e-03
 6.31916e+03  4.49802e-03
 6.31942e+03  4.62643e-03
 6.31968e+03  4.60708e-03
 6.31994e+03  4.58093e-03
 6.32020e+03  4.50089e-03
 6.32046e+03  4.39241e-03
 6.32072e+03  4.56991e-03
 6.32098e+03  4.37462e-03
 6.32124e+03  4.59709e-03
 6.32150e+03  4.41290e-03
 6.32176e+03  4.41006e-03
 6.32202e+03  4.43214e-03
 6.32228e+03  4.61237e-03
 6.32254e+03  4.30248e-03
 6.32281e+03  4.44847e-03
 6.32307e+03  4.27943e-03
 6.32333e+03  4.16211e-03
 6.32359e+03  4.37341e-03
 6.32385e+03  4.22205e-03
 6.32411e+03  4.48500e-03
 6.32437e+03  4.15363e-03
 6.32463e+03  4.30358e-03
 6.32489e+03  4.21357e-03
 6.32515e+03  4.27347e-03
 6.32541e+03  4.24931e-03
 6.32567e+03  4.13312e-03
 6.32593e+03  4.24018e-03
 6.32619e+03  4.30138e-03
 6.32645e+03  4.12720e-03
 6.32671e+03  4.13275e-03
 6.32697e+03  3.93293e-03
 6.32723e+03  4.12997e-03
 6.32749e+03  4.13673e-03
 6.32775e+03  4.20241e-03
 6.32802e+03  4.11126e-03
 6.32828e+03  4.07407e-03
 6.32854e+03  3.97458e-03
 6.32880e+03  3.81251e-03
 6.32906e+03  3.84732e-03
 6.32932e+03  3.73926e-03
 6.32958e+03  3.73890e-03
 6.32984e+03  3.94684e-03
 6.33010e+03  4.05636e-03
 6.33036e+03  3.66598e-03
 6.33062e+03  4.07067e-03
 6.33088e+03  3.89451e-03
 6.33114e+03  3.82647e-03
 6.33140e+03  3.88887e-03
 6.33166e+03  3.68707e-03
 6.33192e+03  3.88035e-03
 6.33218e+03  3.85700e-03
 6.33244e+03  3.88418e-03
 6.33270e+03  3.77671e-03
 6.33296e+03  3.64468e-03
 6.33323e+03  3.77764e-03
 6.33349e+03  3.71529e-03
 6.33375e+03  3.58871e-03
 6.33401e+03  3.56680e-03
 6.33427e+03  3.66515e-03
 6.33453e+03  3.71900e-03
 6.33479e+03  3.69411e-03
 6.33505e+03  3.68811e-03
 6.33531e+03  3.53796e-03
 6.33557e+03  3.63195e-03
 6.33583e+03  3.67611e-03
 6.33609e+03  3.47870e-03
 6.33635e+03  3.49020e-03
 6.33661e+03  3.61839e-03
 6.33687e+03  3.55390e-03
 6.33713e+03  3.74138e-03
 6.33739e+03  3.42948e-03
 6.33765e+03  3.45646e-03
 6.33791e+03  3.39784e-03
 6.33817e+03  3.41070e-03
 6.33844e+03  3.44793e-03
 6.33870e+03  3.45185e-03
 6.33896e+03  3.49185e-03
 6.33922e+03  3.52323e-03
 6.33948e+03  3.47116e-03
 6.33974e+03  3.50281e-03
 6.34000e+03  3.54841e-03
 6.34026e+03  3.42309e-03
 6.34052e+03  3.24002e-03
 6.34078e+03  3.32970e-03
 6.34104e+03  3.45045e-03
 6.34130e+03  3.41260e-03
 6.34156e+03  3.19439e-03
 6.34182e+03  3.33951e-03
 6.34208e+03  3.42091e-03
 6.34234e+03  3.28026e-03
 6.34260e+03  3.26329e-03
 6.34286e+03  3.07743e-03
 6.34312e+03  3.29088e-03
 6.34338e+03  3.15850e-03
 6.34365e+03  3.18466e-03
 6.34391e+03  3.20490e-03
 6.34417e+03  3.15825e-03
 6.34443e+03  3.36086e-03
 6.34469e+03  3.15188e-03
 6.34495e+03  3.09601e-03
 6.34521e+03  3.21073e-03
 6.34547e+03  3.11787e-03
 6.34573e+03  3.25964e-03
 6.34599e+03  3.22143e-03
 6.34625e+03  3.36336e-03
 6.34651e+03  3.03730e-03
 6.34677e+03  3.30516e-03
 6.34703e+03  3.08003e-03
 6.34729e+03  2.99832e-03
 6.34755e+03  3.14249e-03
 6.34781e+03  2.97366e-03
 6.34807e+03  3.06550e-03
 6.34833e+03  3.06430e-03
 6.34859e+03  2.98219e-03
 6.34885e+03  2.90691e-03
 6.34912e+03  3.12159e-03
 6.34938e+03  2.94782e-03
 6.34964e+03  3.09248e-03
 6.34990e+03  3.09490e-03
 6.35016e+03  3.04263e-03
