   3701.714      1.2378086E-04
   3704.958      1.2201147E-04
   3708.201      1.1994643E-04
   3711.445      1.1760936E-04
   3714.688      1.1503544E-04
   3717.932      1.1226646E-04
   3721.176      1.0934550E-04
   3724.420      1.0631250E-04
   3727.664      1.0320138E-04
   3730.908      1.0003871E-04
   3734.152      9.6843847E-05
   3737.396      9.3629984E-05
   3740.639      9.0405541E-05
   3743.884      8.7175475E-05
   3747.127      8.3942585E-05
   3750.372      8.0708385E-05
   3753.616      7.7473574E-05
   3756.860      7.4238793E-05
   3760.104      7.1003989E-05
   3763.348      6.7769193E-05
   3766.592      6.4534383E-05
   3769.836      6.1299586E-05
   3773.081      5.8064797E-05
   3776.325      5.4830005E-05
   3779.569      5.1595205E-05
   3782.814      4.8360409E-05
   3786.058      4.5125609E-05
   3789.302      4.1890806E-05
   3792.547      3.8656002E-05
   3795.791      3.5421210E-05
   3799.036      3.2186410E-05
   3802.280      2.8951607E-05
   3805.525      2.5716812E-05
   3808.770      2.2482016E-05
   3812.014      1.9247218E-05
   3815.259      1.6012424E-05
   3818.503      1.2777621E-05
   3821.748      9.5428222E-06
   3824.993      6.3080251E-06
   3828.238      3.0732267E-06
   3831.482     -1.6157040E-07
   3834.727     -3.3963695E-06
   3837.972     -6.6311673E-06
   3841.217     -9.8659648E-06
   3844.462     -1.3100764E-05
   3847.707     -1.6335560E-05
   3850.952     -1.9570361E-05
   3854.197     -2.2805159E-05
   3857.442     -2.6039956E-05
   3860.687     -2.9274755E-05
   3863.932     -3.2509550E-05
   3867.177     -3.5744353E-05
   3870.423     -3.8979149E-05
   3873.668     -4.2213949E-05
   3876.913     -4.5448749E-05
   3880.158     -4.8683545E-05
   3883.404     -5.1918341E-05
   3886.649     -5.5153141E-05
   3889.894     -5.8387941E-05
   3893.140     -6.1622733E-05
   3896.385     -6.4857537E-05
   3899.630     -6.8092333E-05
   3902.876     -7.1327129E-05
   3906.121     -7.4561911E-05
   3909.367     -7.7796729E-05
   3912.613     -8.1031518E-05
   3915.858     -8.4266328E-05
   3919.104     -8.7501110E-05
   3922.350     -9.0735921E-05
   3925.595     -9.3970717E-05
   3928.841     -9.7205513E-05
   3932.087     -1.0044031E-04
   3935.333     -1.0367511E-04
   3938.578     -1.0690990E-04
   3941.824     -1.1014471E-04
   3945.070     -1.1337951E-04
   3948.316     -1.1661429E-04
   3951.562     -1.1984910E-04
   3954.808     -1.2308393E-04
   3958.054     -1.2631872E-04
   3961.300     -1.2955347E-04
   3964.546     -1.3278829E-04
   3967.792     -1.3602307E-04
   3971.039     -1.3925790E-04
   3974.285     -1.4249272E-04
   3977.531     -1.4572746E-04
   3980.777     -1.4896225E-04
   3984.024     -1.5219708E-04
   3987.270     -1.5543187E-04
   3990.516     -1.5866671E-04
   3993.763     -1.6190147E-04
   3997.009     -1.6513628E-04
   4000.256     -1.6837109E-04
   4003.502     -1.7160589E-04
   4006.749     -1.7484069E-04
   4009.995     -1.7807547E-04
   4013.242     -1.8131029E-04
   4016.489     -1.8454509E-04
   4019.735     -1.8777983E-04
   4022.982     -1.9101468E-04
   4026.229     -1.9424949E-04
   4029.475     -1.9748425E-04
   4032.722     -2.0071905E-04
   4035.969     -2.0395387E-04
   4039.216     -2.0718868E-04
   4042.463     -2.1042344E-04
   4045.710     -2.1365825E-04
   4048.957     -2.1689310E-04
   4052.204     -2.2012785E-04
   4055.451     -2.2336263E-04
   4058.698     -2.2659745E-04
   4061.945     -2.2983222E-04
   4065.192     -2.3306707E-04
   4068.439     -2.3630184E-04
   4071.687     -2.3953663E-04
   4074.934     -2.4277146E-04
   4078.181     -2.4600624E-04
   4081.428     -2.4924098E-04
   4084.676     -2.5247582E-04
   4087.923     -2.5571065E-04
   4091.171     -2.5894539E-04
   4094.418     -2.6218020E-04
   4097.666     -2.6541503E-04
   4100.913     -2.6864980E-04
   4104.161     -2.7188464E-04
   4107.408     -2.7511944E-04
   4110.656     -2.7835424E-04
   4113.904     -2.8158899E-04
   4117.151     -2.8482379E-04
   4120.399     -2.8805860E-04
   4123.647     -2.9129340E-04
   4126.895     -2.9452820E-04
   4130.143     -2.9776301E-04
   4133.390     -3.0099778E-04
   4136.638     -3.0423264E-04
   4139.886     -3.0746742E-04
   4143.134     -3.1070216E-04
   4146.382     -3.1393697E-04
   4149.630     -3.1717183E-04
   4152.878     -3.2040660E-04
   4156.126     -3.2364138E-04
   4159.375     -3.2687618E-04
   4162.623     -3.3011101E-04
   4165.871     -3.3334570E-04
   4169.120     -3.3658062E-04
   4172.368     -3.3981533E-04
   4175.616     -3.4305023E-04
   4178.865     -3.4628497E-04
   4182.113     -3.4951975E-04
   4185.362     -3.5275458E-04
   4188.610     -3.5598938E-04
   4191.858     -3.5922418E-04
   4195.107     -3.6245893E-04
   4198.356     -3.6569373E-04
   4201.604     -3.6892857E-04
   4204.853     -3.7216337E-04
   4208.102     -3.7539814E-04
   4211.351     -3.7863301E-04
   4214.600     -3.8186775E-04
   4217.848     -3.8510258E-04
   4221.097     -3.8833733E-04
   4224.346     -3.9157210E-04
   4227.595     -3.9480694E-04
   4230.844     -3.9804177E-04
   4234.093     -4.0127654E-04
   4237.342     -4.0451132E-04
   4240.591     -4.0774618E-04
   4243.840     -4.1098092E-04
   4247.090     -4.1421576E-04
   4250.339     -4.1745050E-04
   4253.588     -4.2068539E-04
   4256.837     -4.2392017E-04
   4260.087     -4.2715494E-04
   4263.336     -4.3038969E-04
   4266.585     -4.3362449E-04
   4269.835     -4.3685932E-04
   4273.084     -4.4009413E-04
   4276.334     -4.4332890E-04
   4279.583     -4.4656376E-04
   4282.833     -4.4979856E-04
   4286.083     -4.5303325E-04
   4289.333     -4.5626817E-04
   4292.582     -4.5950292E-04
   4295.832     -4.6273781E-04
   4299.082     -4.6597247E-04
   4302.332     -4.6920733E-04
   4305.582     -4.7244213E-04
   4308.831     -4.7567693E-04
   4312.081     -4.7891171E-04
   4315.331     -4.8214642E-04
   4318.581     -4.8538129E-04
   4321.832     -4.8861606E-04
   4325.082     -4.9185083E-04
   4328.332     -4.9508573E-04
   4331.582     -4.9832056E-04
   4334.832     -5.0155527E-04
   4338.082     -5.0479005E-04
   4341.333     -5.0802482E-04
   4344.583     -5.1125971E-04
   4347.833     -5.1449455E-04
   4351.083     -5.1772926E-04
   4354.334     -5.2096421E-04
   4357.584     -5.2419887E-04
   4360.835     -5.2743370E-04
   4364.086     -5.3066853E-04
   4367.336     -5.3390325E-04
   4370.587     -5.3713814E-04
   4373.838     -5.4037280E-04
   4377.088     -5.4360752E-04
   4380.339     -5.4684258E-04
   4383.590     -5.5007730E-04
   4386.841     -5.5331201E-04
   4390.092     -5.5654685E-04
   4393.343     -5.5978168E-04
   4396.594     -5.6301651E-04
   4399.845     -5.6625123E-04
   4403.096     -5.6948606E-04
   4406.347     -5.7272089E-04
   4409.598     -5.7595555E-04
   4412.849     -5.7919038E-04
   4416.101     -5.8242533E-04
   4419.352     -5.8566011E-04
   4422.603     -5.8889482E-04
   4425.854     -5.9212960E-04
   4429.106     -5.9536443E-04
   4432.357     -5.9859926E-04
   4435.609     -6.0183409E-04
   4438.860     -6.0506875E-04
   4442.112     -6.0830358E-04
   4445.363     -6.1153847E-04
   4448.615     -6.1477313E-04
   4451.867     -6.1800802E-04
   4455.118     -6.2124286E-04
   4458.370     -6.2447763E-04
   4461.622     -6.2771235E-04
   4464.874     -6.3094730E-04
   4468.125     -6.3418213E-04
   4471.377     -6.3741679E-04
   4474.629     -6.4065156E-04
   4477.881     -6.4388651E-04
   4481.134     -6.4712111E-04
   4484.386     -6.5035606E-04
   4487.638     -6.5359072E-04
   4490.890     -6.5682561E-04
   4494.142     -6.6006044E-04
   4497.395     -6.6329510E-04
   4500.647     -6.6652999E-04
   4503.899     -6.6976488E-04
   4507.151     -6.7299954E-04
   4510.404     -6.7623437E-04
   4513.656     -6.7946926E-04
   4516.909     -6.8270398E-04
   4520.162     -6.8593881E-04
   4523.414     -6.8917358E-04
   4526.667     -6.9240836E-04
   4529.919     -6.9564319E-04
   4533.172     -6.9887796E-04
   4536.425     -7.0211274E-04
   4539.678     -7.0534763E-04
   4542.931     -7.0858235E-04
   4546.184     -7.1181706E-04
   4549.437     -7.1505195E-04
   4552.689     -7.1828684E-04
   4555.942     -7.2152156E-04
   4559.195     -7.2475628E-04
   4562.449     -7.2799122E-04
   4565.702     -7.3122594E-04
   4568.955     -7.3446077E-04
   4572.208     -7.3769566E-04
   4575.461     -7.4093044E-04
   4578.715     -7.4416510E-04
   4581.968     -7.4739999E-04
   4585.222     -7.5063482E-04
   4588.475     -7.5386954E-04
   4591.729     -7.5710437E-04
   4594.982     -7.6033920E-04
   4598.236     -7.6357392E-04
   4601.489     -7.6680857E-04
   4604.743     -7.7004347E-04
   4607.997     -7.7327836E-04
   4611.250     -7.7651307E-04
   4614.504     -7.7974796E-04
   4617.758     -7.8298268E-04
   4621.012     -7.8621751E-04
   4624.266     -7.8945240E-04
   4627.520     -7.9268718E-04
   4630.774     -7.9592183E-04
   4634.028     -7.9915667E-04
   4637.282     -8.0239150E-04
   4640.537     -8.0562616E-04
   4643.791     -8.0886111E-04
   4647.045     -8.1209594E-04
   4650.299     -8.1533066E-04
   4653.554     -8.1856543E-04
   4656.808     -8.2180026E-04
   4660.063     -8.2503515E-04
   4663.317     -8.2826993E-04
   4666.571     -8.3150464E-04
   4669.826     -8.3473953E-04
   4673.081     -8.3797431E-04
   4676.335     -8.4120920E-04
   4679.590     -8.4444392E-04
   4682.845     -8.4767863E-04
   4686.100     -8.5091341E-04
   4689.354     -8.5284136E-04
   4692.609     -8.5340207E-04
   4695.864     -8.5268175E-04
   4699.119     -8.4742508E-04
   4702.375     -8.3398289E-04
   4705.629     -8.0892781E-04
   4708.884     -7.6585205E-04
   4712.140     -6.9690659E-04
   4715.395     -5.9481204E-04
   4718.650     -4.5172611E-04
   4721.905     -2.6381121E-04
   4725.161     -2.9973069E-05
   4728.416      2.4449444E-04
   4731.672      5.4921611E-04
   4734.927      8.6771476E-04
   4738.183      1.1812676E-03
   4741.438      1.4687524E-03
   4744.694      1.7111961E-03
   4747.950      1.8935632E-03
   4751.205      2.0082688E-03
   4754.461      2.0557407E-03
   4757.717      2.0451825E-03
   4760.973      1.9954327E-03
   4764.229      1.9312535E-03
   4767.484      1.8789829E-03
   4770.741      1.8626057E-03
   4773.997      1.8996801E-03
   4777.252      1.9968580E-03
   4780.509      2.1520362E-03
   4783.765      2.3525869E-03
   4787.021      2.5817074E-03
   4790.277      2.8182412E-03
   4793.534      3.0424998E-03
   4796.790      3.2370151E-03
   4800.047      3.3832204E-03
   4803.303      3.4679202E-03
   4806.560      3.4818647E-03
   4809.816      3.4200510E-03
   4813.073      3.2872329E-03
   4816.330      3.0998115E-03
   4819.586      2.8829505E-03
   4822.843      2.6739524E-03
   4826.100      2.5127521E-03
   4829.356      2.4386891E-03
   4832.613      2.4780445E-03
   4835.871      2.6394927E-03
   4839.127      2.9095190E-03
   4842.384      3.2553079E-03
   4845.642      3.6284830E-03
   4848.899      3.9725038E-03
   4852.156      4.2372239E-03
   4855.413      4.3835058E-03
   4858.670      4.3934640E-03
   4861.928      4.2720377E-03
   4865.185      4.0453132E-03
   4868.443      3.7564803E-03
   4871.700      3.4561274E-03
   4874.958      3.1936164E-03
   4878.215      3.0080045E-03
   4881.473      2.9231310E-03
   4884.730      2.9462825E-03
   4887.988      3.0646727E-03
   4891.246      3.2553971E-03
   4894.504      3.4856603E-03
   4897.762      3.7196369E-03
   4901.020      3.9261123E-03
   4904.278      4.0812055E-03
   4907.536      4.1713607E-03
   4910.793      4.1942513E-03
   4914.052      4.1562160E-03
   4917.310      4.0730070E-03
   4920.568      3.9629950E-03
   4923.827      3.8423922E-03
   4927.085      3.7253033E-03
   4930.343      3.6190534E-03
   4933.602      3.5293237E-03
   4936.860      3.4583351E-03
   4940.119      3.4065507E-03
   4943.377      3.3769193E-03
   4946.636      3.3706336E-03
   4949.895      3.3901162E-03
   4953.153      3.4328280E-03
   4956.412      3.4939109E-03
   4959.670      3.5645529E-03
   4962.930      3.6323676E-03
   4966.188      3.6869356E-03
   4969.447      3.7194206E-03
   4972.707      3.7243753E-03
   4975.965      3.7028925E-03
   4979.225      3.6611252E-03
   4982.484      3.6058447E-03
   4985.743      3.5486303E-03
   4989.002      3.5009575E-03
   4992.262      3.4723806E-03
   4995.521      3.4734586E-03
   4998.780      3.5125848E-03
   5002.040      3.5975596E-03
   5005.299      3.7317059E-03
   5008.559      3.9148345E-03
   5011.818      4.1398653E-03
   5015.078      4.3937825E-03
   5018.338      4.6583633E-03
   5021.598      4.9149059E-03
   5024.857      5.1488695E-03
   5028.117      5.3520384E-03
   5031.377      5.5255438E-03
   5034.637      5.6772162E-03
   5037.897      5.8189183E-03
   5041.157      5.9612882E-03
   5044.417      6.1093937E-03
   5047.678      6.2640719E-03
   5050.938      6.4205262E-03
   5054.198      6.5720263E-03
   5057.458      6.7141796E-03
   5060.719      6.8451008E-03
   5063.979      6.9676749E-03
   5067.240      7.0872428E-03
   5070.500      7.2126649E-03
   5073.761      7.3514171E-03
   5077.021      7.5098975E-03
   5080.282      7.6919217E-03
   5083.543      7.8990608E-03
   5086.804      8.1282994E-03
   5090.065      8.3750952E-03
   5093.326      8.6322036E-03
   5096.587      8.8909222E-03
   5099.848      9.1430927E-03
   5103.109      9.3810456E-03
   5106.370      9.5982086E-03
   5109.631      9.7890124E-03
   5112.892      9.9494671E-03
   5116.154      1.0079408E-02
   5119.415      1.0178788E-02
   5122.676      1.0252723E-02
   5125.938      1.0308141E-02
   5129.199      1.0355725E-02
   5132.461      1.0405788E-02
   5135.723      1.0468386E-02
   5138.984      1.0553804E-02
   5142.246      1.0670043E-02
   5145.508      1.0823478E-02
   5148.770      1.1020972E-02
   5152.031      1.1266977E-02
   5155.293      1.1564572E-02
   5158.555      1.1913514E-02
   5161.817      1.2309166E-02
   5165.079      1.2744013E-02
   5168.341      1.3204341E-02
   5171.604      1.3673879E-02
   5174.866      1.4135608E-02
   5178.128      1.4575063E-02
   5181.391      1.4982441E-02
   5184.653      1.5352495E-02
   5187.916      1.5686937E-02
   5191.178      1.5993766E-02
   5194.440      1.6284388E-02
   5197.703      1.6573742E-02
   5200.966      1.6878642E-02
   5204.229      1.7215716E-02
   5207.491      1.7603476E-02
   5210.754      1.8056601E-02
   5214.017      1.8585522E-02
   5217.280      1.9194819E-02
   5220.543      1.9883540E-02
   5223.806      2.0646047E-02
   5227.069      2.1472042E-02
   5230.333      2.2349875E-02
   5233.596      2.3269705E-02
   5236.859      2.4221575E-02
   5240.122      2.5199879E-02
   5243.385      2.6202079E-02
   5246.649      2.7231935E-02
   5249.913      2.8296832E-02
   5253.176      2.9411020E-02
   5256.439      3.0592274E-02
   5259.703      3.1858284E-02
   5262.967      3.3223856E-02
   5266.231      3.4695636E-02
   5269.495      3.6272638E-02
   5272.758      3.7946291E-02
   5276.022      3.9705183E-02
   5279.287      4.1537248E-02
   5282.550      4.3439329E-02
   5285.814      4.5418337E-02
   5289.079      4.7490671E-02
   5292.343      4.9681082E-02
   5295.607      5.2021787E-02
   5298.872      5.4544043E-02
   5302.136      5.7276256E-02
   5305.400      6.0243454E-02
   5308.665      6.3464053E-02
   5311.929      6.6953331E-02
   5315.194      7.0726015E-02
   5318.458      7.4796915E-02
   5321.724      7.9184338E-02
   5324.988      8.3908811E-02
   5328.253      8.8994898E-02
   5331.518      9.4469592E-02
   5334.783      0.1003618    
   5338.048      0.1067011    
   5341.313      0.1135208    
   5344.578      0.1208608    
   5347.843      0.1287658    
   5351.108      0.1372867    
   5354.374      0.1464775    
   5357.639      0.1563930    
   5360.905      0.1670810    
   5364.170      0.1785789    
   5367.436      0.1909096    
   5370.701      0.2040793    
   5373.967      0.2180801    
   5377.232      0.2328923    
   5380.498      0.2484860    
   5383.764      0.2648245    
   5387.030      0.2818650    
   5390.296      0.2995554    
   5393.562      0.3178302    
   5396.828      0.3366052    
   5400.094      0.3557769    
   5403.360      0.3752246    
   5406.626      0.3948152    
   5409.893      0.4144037    
   5413.159      0.4338435    
   5416.425      0.4529864    
   5419.691      0.4716856    
   5422.958      0.4897951    
   5426.225      0.5071693    
   5429.491      0.5236644    
   5432.758      0.5391399    
   5436.025      0.5534635    
   5439.292      0.5665184    
   5442.559      0.5782136    
   5445.825      0.5884867    
   5449.092      0.5973182    
   5452.359      0.6047258    
   5455.626      0.6107673    
   5458.894      0.6155249    
   5462.161      0.6191038    
   5465.428      0.6216142    
   5468.695      0.6231679    
   5471.962      0.6238668    
   5475.230      0.6238025    
   5478.498      0.6230609    
   5481.765      0.6217237    
   5485.033      0.6198729    
   5488.300      0.6175945    
   5491.568      0.6149816    
   5494.836      0.6121275    
   5498.104      0.6091269    
   5501.372      0.6060715    
   5504.640      0.6030408    
   5507.908      0.6001030    
   5511.176      0.5973168    
   5514.444      0.5947189    
   5517.712      0.5923327    
   5520.980      0.5901622    
   5524.249      0.5881971    
   5527.517      0.5864125    
   5530.786      0.5847719    
   5534.054      0.5832313    
   5537.323      0.5817393    
   5540.591      0.5802386    
   5543.860      0.5786633    
   5547.128      0.5769444    
   5550.397      0.5750076    
   5553.667      0.5727782    
   5556.935      0.5701868    
   5560.204      0.5671731    
   5563.473      0.5636871    
   5566.742      0.5596923    
   5570.012      0.5551603    
   5573.281      0.5500685    
   5576.550      0.5443886    
   5579.819      0.5380830    
   5583.089      0.5311039    
   5586.358      0.5233975    
   5589.628      0.5149086    
   5592.897      0.5055937    
   5596.167      0.4954332    
   5599.437      0.4844356    
   5602.707      0.4726418    
   5605.977      0.4601234    
   5609.246      0.4469742    
   5612.516      0.4332982    
   5615.787      0.4192078    
   5619.057      0.4048019    
   5622.327      0.3901743    
   5625.597      0.3754017    
   5628.867      0.3605514    
   5632.137      0.3456829    
   5635.408      0.3308504    
   5638.678      0.3161103    
   5641.949      0.3015203    
   5645.219      0.2871444    
   5648.490      0.2730465    
   5651.761      0.2592888    
   5655.031      0.2459314    
   5658.302      0.2330224    
   5661.573      0.2206031    
   5664.844      0.2087017    
   5668.115      0.1973368    
   5671.386      0.1865165    
   5674.657      0.1762433    
   5677.929      0.1665128    
   5681.200      0.1573157    
   5684.471      0.1486376    
   5687.743      0.1404599    
   5691.014      0.1327620    
   5694.286      0.1255183    
   5697.557      0.1187024    
   5700.829      0.1122890    
   5704.101      0.1062542    
   5707.372      0.1005778    
   5710.644      9.5241182E-02
   5713.916      9.0230756E-02
   5717.188      8.5530154E-02
   5720.460      8.1124835E-02
   5723.732      7.6995023E-02
   5727.004      7.3121220E-02
   5730.276      6.9480784E-02
   5733.548      6.6055045E-02
   5736.821      6.2828243E-02
   5740.093      5.9789903E-02
   5743.366      5.6935977E-02
   5746.638      5.4262910E-02
   5749.911      5.1769689E-02
   5753.184      4.9450934E-02
   5756.456      4.7295969E-02
   5759.729      4.5290675E-02
   5763.002      4.3416686E-02
   5766.275      4.1655157E-02
   5769.548      3.9988630E-02
   5772.821      3.8404088E-02
   5776.094      3.6891636E-02
   5779.367      3.5447475E-02
   5782.641      3.4067888E-02
   5785.914      3.2752246E-02
   5789.187      3.1498171E-02
   5792.460      3.0300800E-02
   5795.734      2.9156823E-02
   5799.008      2.8059607E-02
   5802.281      2.7005205E-02
   5805.555      2.5992552E-02
   5808.829      2.5024103E-02
   5812.103      2.4101799E-02
   5815.376      2.3228999E-02
   5818.650      2.2407958E-02
   5821.924      2.1639450E-02
   5825.198      2.0921821E-02
   5828.472      2.0252233E-02
   5831.747      1.9627569E-02
   5835.021      1.9042879E-02
   5838.295      1.8494843E-02
   5841.569      1.7979888E-02
   5844.844      1.7492829E-02
   5848.119      1.7029619E-02
   5851.393      1.6585618E-02
   5854.668      1.6156981E-02
   5857.942      1.5741475E-02
   5861.217      1.5336946E-02
   5864.492      1.4943086E-02
   5867.767      1.4559475E-02
   5871.042      1.4186421E-02
   5874.317      1.3822244E-02
   5877.592      1.3464449E-02
   5880.868      1.3110595E-02
   5884.143      1.2760931E-02
   5887.418      1.2416595E-02
   5890.693      1.2081608E-02
   5893.969      1.1762097E-02
   5897.244      1.1462571E-02
   5900.520      1.1186943E-02
   5903.796      1.0935588E-02
   5907.071      1.0704814E-02
   5910.347      1.0489121E-02
   5913.623      1.0283526E-02
   5916.899      1.0081476E-02
   5920.175      9.8806825E-03
   5923.451      9.6811587E-03
   5926.727      9.4843684E-03
   5930.003      9.2936652E-03
   5933.279      9.1132233E-03
   5936.556      8.9470483E-03
   5939.832      8.7973643E-03
   5943.108      8.6660776E-03
   5946.385      8.5543077E-03
   5949.662      8.4600272E-03
   5952.938      8.3792657E-03
   5956.215      8.3046295E-03
   5959.492      8.2249073E-03
   5962.769      8.1289960E-03
   5966.045      8.0052717E-03
   5969.323      7.8456718E-03
   5972.600      7.6471949E-03
   5975.877      7.4145556E-03
   5979.154      7.1588098E-03
   5982.431      6.8951775E-03
   5985.708      6.6401409E-03
   5988.986      6.4092497E-03
   5992.263      6.2127197E-03
   5995.541      6.0566785E-03
   5998.818      5.9403107E-03
   6002.096      5.8582458E-03
   6005.374      5.7999077E-03
   6008.652      5.7558711E-03
   6011.930      5.7148617E-03
   6015.208      5.6671225E-03
   6018.485      5.6051798E-03
   6021.764      5.5228896E-03
   6025.042      5.4175248E-03
   6028.320      5.2886140E-03
   6031.598      5.1389462E-03
   6034.876      4.9738712E-03
   6038.155      4.8025367E-03
   6041.434      4.6359627E-03
   6044.712      4.4842977E-03
   6047.991      4.3564616E-03
   6051.270      4.2570308E-03
   6054.548      4.1853865E-03
   6057.827      4.1358634E-03
   6061.106      4.1006412E-03
   6064.385      4.0697032E-03
   6067.664      4.0361946E-03
   6070.943      3.9957631E-03
   6074.222      3.9466820E-03
   6077.501      3.8906878E-03
   6080.781      3.8286133E-03
   6084.060      3.7609329E-03
   6087.339      3.6876677E-03
   6090.619      3.6073846E-03
   6093.898      3.5201688E-03
   6097.178      3.4253690E-03
   6100.458      3.3261124E-03
   6103.738      3.2254837E-03
   6107.018      3.1277139E-03
   6110.298      3.0342864E-03
   6113.578      2.9463088E-03
   6116.857      2.8647860E-03
   6120.138      2.7907044E-03
   6123.418      2.7271740E-03
   6126.698      2.6787294E-03
   6129.979      2.6512309E-03
   6133.259      2.6481419E-03
   6136.540      2.6700636E-03
   6139.820      2.7126586E-03
   6143.101      2.7672120E-03
   6146.381      2.8231989E-03
   6149.663      2.8694032E-03
   6152.943      2.8980137E-03
   6156.224      2.9039946E-03
   6159.505      2.8874518E-03
   6162.786      2.8501207E-03
   6166.067      2.7969561E-03
   6169.349      2.7324285E-03
   6172.630      2.6617751E-03
   6175.911      2.5893124E-03
   6179.192      2.5186404E-03
   6182.474      2.4521174E-03
   6185.756      2.3909290E-03
   6189.037      2.3334417E-03
   6192.319      2.2765566E-03
   6195.601      2.2158027E-03
   6198.883      2.1475535E-03
   6202.165      2.0690763E-03
   6205.447      1.9808670E-03
   6208.729      1.8859018E-03
   6212.011      1.7904027E-03
   6215.293      1.7008227E-03
   6218.575      1.6223857E-03
   6221.857      1.5593232E-03
   6225.140      1.5129681E-03
   6228.422      1.4830139E-03
   6231.705      1.4689143E-03
   6234.988      1.4702247E-03
   6238.271      1.4861589E-03
   6241.553      1.5152607E-03
   6244.836      1.5553465E-03
   6248.119      1.6013538E-03
   6251.402      1.6469924E-03
   6254.685      1.6835268E-03
   6257.968      1.7044791E-03
   6261.251      1.7031948E-03
   6264.535      1.6782159E-03
   6267.818      1.6319028E-03
   6271.102      1.5701008E-03
   6274.385      1.5021189E-03
   6277.668      1.4373024E-03
   6280.952      1.3842119E-03
   6284.236      1.3489190E-03
   6287.520      1.3330015E-03
   6290.804      1.3347934E-03
   6294.087      1.3494898E-03
   6297.372      1.3704713E-03
   6300.656      1.3909121E-03
   6303.940      1.4045475E-03
   6307.224      1.4066125E-03
   6310.508      1.3945580E-03
   6313.793      1.3668496E-03
   6317.077      1.3247994E-03
   6320.362      1.2704548E-03
   6323.646      1.2071445E-03
   6326.931      1.1398133E-03
   6330.216      1.0732126E-03
   6333.500      1.0120095E-03
   6336.786      9.5952483E-04
   6340.070      9.1767771E-04
   6343.355      8.8728702E-04
   6346.641      8.6697988E-04
   6349.926      8.5540104E-04
   6353.211      8.5026788E-04
   6356.497      8.4992795E-04
   6359.782      8.5209799E-04
   6363.067      8.5633172E-04
   6366.353      8.6126843E-04
   6369.639      8.6614734E-04
   6372.924      8.7130087E-04
   6376.210      8.7689329E-04
   6379.496      8.8331406E-04
   6382.782      8.9024531E-04
   6386.068      8.9661247E-04
   6389.354      9.0111891E-04
   6392.640      9.0151653E-04
   6395.926      8.9573092E-04
   6399.212      8.8153081E-04
   6402.499      8.5919927E-04
   6405.786      8.3049224E-04
   6409.072      7.9971511E-04
   6412.358      7.7190343E-04
   6415.646      7.5378403E-04
   6418.932      7.5073406E-04
   6422.219      7.6746038E-04
   6425.506      8.0526288E-04
   6428.793      8.6246210E-04
   6432.080      9.3452312E-04
   6435.367      1.0131862E-03
   6438.654      1.0899010E-03
   6441.941      1.1551295E-03
   6445.229      1.1994672E-03
   6448.516      1.2178193E-03
   6451.804      1.2072665E-03
   6455.091      1.1702974E-03
   6458.379      1.1129056E-03
   6461.667      1.0442002E-03
   6464.955      9.7459380E-04
   6468.243      9.1406732E-04
   6471.531      8.7084621E-04
   6474.818      8.4789220E-04
   6478.107      8.4470934E-04
   6481.395      8.5789512E-04
   6484.683      8.8052789E-04
   6487.972      9.0553873E-04
   6491.260      9.2669751E-04
   6494.548      9.4030681E-04
   6497.837      9.4480492E-04
   6501.125      9.4106927E-04
   6504.415      9.3091535E-04
   6507.703      9.1701810E-04
   6510.992      9.0140913E-04
   6514.281      8.8581303E-04
   6517.570      8.7101950E-04
   6520.859      8.5795944E-04
   6524.148      8.4702217E-04
   6527.438      8.3892973E-04
   6530.727      8.3443918E-04
   6534.017      8.3459361E-04
   6537.306      8.4028085E-04
   6540.596      8.5063750E-04
   6543.885      8.6451386E-04
   6547.175      8.8027207E-04
   6550.465      8.9383184E-04
   6553.755      9.0235111E-04
   6557.044      9.0196141E-04
   6560.334      8.9076487E-04
   6563.625      8.6824514E-04
   6566.915      8.3540758E-04
   6570.206      7.9547515E-04
   6573.496      7.5294281E-04
   6576.786      7.1336410E-04
   6580.077      6.8086025E-04
   6583.367      6.5903144E-04
   6586.658      6.4937904E-04
   6589.949      6.5120647E-04
   6593.239      6.6162430E-04
   6596.530      6.7744812E-04
   6599.821      6.9604168E-04
   6603.112      7.1519532E-04
   6606.403      7.3317147E-04
   6609.695      7.5036136E-04
   6612.986      7.6686981E-04
   6616.277      7.8294921E-04
   6619.569      7.9720310E-04
   6622.860      8.0730626E-04
   6626.152      8.0990698E-04
   6629.443      8.0065825E-04
   6632.735      7.7605061E-04
   6636.027      7.3398591E-04
   6639.319      6.7454635E-04
   6642.611      5.9974653E-04
   6645.903      5.1328918E-04
   6649.195      4.1993652E-04
   6652.488      3.2567792E-04
   6655.780      2.3576284E-04
   6659.072      1.5560263E-04
   6662.365      9.0161018E-05
   6665.657      4.4685843E-05
   6668.950      2.3017708E-05
   6672.243      2.7103546E-05
   6675.536      5.6181118E-05
   6678.828      1.0719087E-04
   6682.122      1.7325145E-04
   6685.415      2.4533473E-04
   6688.708      3.1394264E-04
   6692.001      3.6999036E-04
   6695.294      4.0704233E-04
   6698.587      4.2162821E-04
   6701.881      4.1321194E-04
   6705.174      3.8493727E-04
   6708.468      3.4167175E-04
   6711.762      2.8867766E-04
   6715.055      2.3200063E-04
   6718.349      1.7741484E-04
   6721.643      1.3047077E-04
   6724.937      9.6304320E-05
   6728.231      7.9553640E-05
   6731.525      8.4007341E-05
   6734.819      1.1069301E-04
   6738.114      1.5867430E-04
   6741.408      2.2374959E-04
   6744.703      3.0020063E-04
   6747.998      3.8078765E-04
   6751.292      4.5836571E-04
   6754.587      5.2729325E-04
   6757.881      5.8409083E-04
   6761.176      6.2795676E-04
   6764.471      6.5932493E-04
   6767.766      6.7990704E-04
   6771.062      6.9078471E-04
   6774.357      6.9283549E-04
   6777.652      6.8543002E-04
   6780.947      6.6760310E-04
   6784.243      6.3998450E-04
   6787.539      6.0315657E-04
   6790.834      5.6003674E-04
   6794.129      5.1431957E-04
   6797.425      4.6971071E-04
   6800.721      4.2920033E-04
   6804.018      3.9445717E-04
   6807.313      3.6520604E-04
   6810.609      3.4010306E-04
   6813.905      3.1798249E-04
   6817.202      2.9712386E-04
   6820.498      2.7623010E-04
   6823.794      2.5435089E-04
   6827.091      2.2978448E-04
   6830.388      2.0197590E-04
   6833.685      1.7032523E-04
   6836.981      1.3526375E-04
   6840.278      9.8600423E-05
   6843.575      6.2985848E-05
   6846.872      3.1232019E-05
   6850.169      5.9324243E-06
   6853.466     -1.1444266E-05
   6856.764     -2.0791222E-05
   6860.061     -2.2755821E-05
   6863.358     -1.9328107E-05
   6866.656     -1.1679192E-05
   6869.954     -7.9071464E-07
   6873.251      1.3571746E-05
   6876.549      3.1404266E-05
   6879.847      5.3355438E-05
   6883.145      7.9046382E-05
   6886.443      1.0728537E-04
   6889.741      1.3643219E-04
   6893.039      1.6418993E-04
   6896.337      1.2248568E-04
   6899.635      1.2248568E-04
   6902.934      1.2248568E-04
   6906.232      1.2248568E-04
   6909.531      1.2248568E-04
   6912.830      1.2248568E-04
   6916.128      1.2248568E-04
   6919.427      1.2248568E-04
   6922.726      1.2248568E-04
   6926.025      1.2248568E-04
   6929.324      1.2248568E-04
   6932.623      1.2248568E-04
   6935.923      1.2248568E-04
   6939.222      1.2248568E-04
   6942.521      1.2248568E-04
   6945.821      1.2248568E-04
   6949.121      1.2248568E-04
   6952.420      1.2248568E-04
   6955.720      1.2248568E-04
   6959.020      1.2248568E-04
   6962.320      1.2248568E-04
   6965.620      1.2248568E-04
   6968.920      1.2248568E-04
   6972.220      1.2248568E-04
   6975.520      1.2248568E-04
   6978.821      1.2248568E-04
   6982.121      1.2248568E-04
   6985.421      1.2248568E-04
   6988.722      1.2248568E-04
   6992.023      1.2248568E-04
   6995.324      1.2248568E-04
   6998.625      1.2248568E-04
   7001.925      1.2248568E-04
   7005.227      1.2248568E-04
   7008.528      1.2248568E-04
   7011.829      1.2248568E-04
   7015.130      1.2248568E-04
   7018.432      1.2248568E-04
   7021.733      1.2248568E-04
   7025.035      1.2248568E-04
   7028.336      1.2248568E-04
   7031.638      1.2248568E-04
   7034.940      1.2248568E-04
   7038.242      1.2248568E-04
   7041.543      1.2248568E-04
   7044.846      1.2248568E-04
