750.0 		-4.38E-05
749.8 		-0.000174389
749.6 		-3.66E-05
749.4 		-5.11E-05
749.2 		-0.000164532
749.0 		-0.000117688
748.8 		-0.000171737
748.6 		-0.000175221
748.4 		-9.51E-05
748.2 		-8.11E-05
748.0 		-0.000223042
747.8 		-0.000192337
747.6 		-7.20E-05
747.4 		-9.64E-05
747.2 		-0.000116172
747.0 		-0.000102725
746.8 		-0.000179812
746.6 		-0.000131758
746.4 		-9.75E-05
746.2 		-2.62E-05
746.0 		-0.0001884
745.8 		-5.19E-05
745.6 		-0.000133231
745.4 		-0.000209432
745.2 		-8.10E-05
745.0 		-0.000219065
744.8 		-7.90E-05
744.6 		-5.30E-05
744.4 		-0.000284821
744.2 		2.16E-06
744.0 		-0.000176785
743.8 		-0.000166964
743.6 		-0.000191175
743.4 		-0.000176455
743.2 		-0.000139488
743.0 		5.67E-05
742.8 		-0.000168607
742.6 		-0.000252484
742.4 		-0.00011067
742.2 		-0.000154232
742.0 		-6.89E-05
741.8 		-1.55E-05
741.6 		-0.000180072
741.4 		-0.000328631
741.2 		-0.000314096
741.0 		-0.00019056
740.8 		-0.000199052
740.6 		-0.000213337
740.4 		-0.000158708
740.2 		-0.000224142
740.0 		-8.23E-05
739.8 		-0.000125591
739.6 		-0.000236216
739.4 		-0.000167775
739.2 		-0.000157041
739.0 		-0.000192723
738.8 		-0.000210103
738.6 		-0.000298843
738.4 		-0.000202368
738.2 		-0.000139378
738.0 		-0.000158379
737.8 		-0.000108879
737.6 		-9.78E-05
737.4 		-1.22E-05
737.2 		-0.00020821
737.0 		-0.000166262
736.8 		-0.000138696
736.6 		-0.000211223
736.4 		-0.000144316
736.2 		-0.000183317
736.0 		-0.000139435
735.8 		-0.000176513
735.6 		-0.00022325
735.4 		-0.000235834
735.2 		-0.000182013
735.0 		-0.000107679
734.8 		-0.000276765
734.6 		-9.94E-05
734.4 		-0.000174092
734.2 		-0.000235572
734.0 		-9.69E-05
733.8 		-0.000125266
733.6 		-0.000227593
733.4 		-0.00013345
733.2 		-0.000189372
733.0 		-9.82E-05
732.8 		-0.00011291
732.6 		-0.000125579
732.4 		-0.00018911
732.2 		-0.00012727
732.0 		-1.48E-05
731.8 		-0.00016782
731.6 		-0.00010946
731.4 		-0.000120572
731.2 		-0.000123498
731.0 		-0.000140351
730.8 		-0.000105948
730.6 		-0.000160536
730.4 		-0.000141557
730.2 		-2.22E-05
730.0 		-0.000191553
729.8 		-0.000188513
729.6 		-2.10E-05
729.4 		-0.0001395
729.2 		-9.54E-05
729.0 		-2.78E-05
728.8 		-0.000135222
728.6 		-9.92E-05
728.4 		-0.000132423
728.2 		-1.88E-05
728.0 		-4.01E-05
727.8 		-0.000222221
727.6 		-7.05E-05
727.4 		-8.82E-05
727.2 		-8.74E-05
727.0 		-7.40E-05
726.8 		-7.63E-06
726.6 		-0.000103726
726.4 		-0.000123718
726.2 		-9.31E-05
726.0 		-0.000183424
725.8 		-5.19E-05
725.6 		-3.14E-05
725.4 		-7.57E-05
725.2 		1.38E-05
725.0 		-8.86E-05
724.8 		-4.88E-05
724.6 		-2.24E-05
724.4 		-0.000124247
724.2 		-0.000126808
724.0 		-5.80E-05
723.8 		-0.000107968
723.6 		-4.87E-05
723.4 		-0.000109518
723.2 		-4.69E-05
723.0 		-9.32E-05
722.8 		-5.76E-05
722.6 		0.000164308
722.4 		-3.00E-05
722.2 		6.26E-05
722.0 		1.01E-05
721.8 		9.20E-06
721.6 		-1.04E-06
721.4 		-0.00010007
721.2 		-2.06E-05
721.0 		1.41E-05
720.8 		3.99E-05
720.6 		-7.86E-05
720.4 		0.000155903
720.2 		-9.31E-06
720.0 		2.90E-05
719.8 		6.99E-06
719.6 		6.75E-05
719.4 		7.55E-06
719.2 		2.98E-05
719.0 		7.43E-05
718.8 		0.000220152
718.6 		8.15E-05
718.4 		9.72E-05
718.2 		0.000160769
718.0 		0.000124177
717.8 		0.000135383
717.6 		0.000140194
717.4 		0.000156967
717.2 		0.000138287
717.0 		0.000237579
716.8 		0.00013547
716.6 		0.0001875
716.4 		0.000401971
716.2 		0.000380138
716.0 		0.000255292
715.8 		0.00015229
715.6 		0.000334833
715.4 		0.000363903
715.2 		0.000293915
715.0 		0.000418562
714.8 		0.00034093
714.6 		0.000388594
714.4 		0.000422732
714.2 		0.000312748
714.0 		0.000503028
713.8 		0.000460058
713.6 		0.000601259
713.4 		0.000641625
713.2 		0.000618348
713.0 		0.0006223
712.8 		0.000642622
712.6 		0.000647533
712.4 		0.00072649
712.2 		0.000677261
712.0 		0.000721991
711.8 		0.000739563
711.6 		0.000832634
711.4 		0.00080014
711.2 		0.000778249
711.0 		0.000824098
710.8 		0.000881937
710.6 		0.000805019
710.4 		0.000896199
710.2 		0.000983589
710.0 		0.000992201
709.8 		0.000910381
709.6 		0.000946
709.4 		0.000921131
709.2 		0.001018888
709.0 		0.000978312
708.8 		0.000986815
708.6 		0.001011439
708.4 		0.001329303
708.2 		0.001099168
708.0 		0.001157497
707.8 		0.001077745
707.6 		0.001178976
707.4 		0.001191256
707.2 		0.001212708
707.0 		0.001252892
706.8 		0.001190645
706.6 		0.001288139
706.4 		0.001286417
706.2 		0.001399266
706.0 		0.001336547
705.8 		0.001330613
705.6 		0.001312251
705.4 		0.001417625
705.2 		0.00136295
705.0 		0.001546759
704.8 		0.001558915
704.6 		0.0015253
704.4 		0.001647369
704.2 		0.001539138
704.0 		0.001559087
703.8 		0.00151804
703.6 		0.001571795
703.4 		0.001760129
703.2 		0.001723094
703.0 		0.001807531
702.8 		0.001739554
702.6 		0.001828759
702.4 		0.001792332
702.2 		0.001931668
702.0 		0.001987371
701.8 		0.00190962
701.6 		0.002004611
701.4 		0.001989948
701.2 		0.002093834
701.0 		0.002158369
700.8 		0.002154658
700.6 		0.002077888
700.4 		0.002312599
700.2 		0.002212551
700.0 		0.002268055
699.8 		0.002242318
699.6 		0.002280016
699.4 		0.002312117
699.2 		0.002383303
699.0 		0.00248323
698.8 		0.00254927
698.6 		0.002637453
698.4 		0.002574717
698.2 		0.002751372
698.0 		0.002707289
697.8 		0.002796057
697.6 		0.002943331
697.4 		0.003080715
697.2 		0.002977417
697.0 		0.003150955
696.8 		0.003235342
696.6 		0.00339518
696.4 		0.003501171
696.2 		0.003467041
696.0 		0.003501386
695.8 		0.003631481
695.6 		0.00372454
695.4 		0.003820082
695.2 		0.003824984
695.0 		0.004093263
694.8 		0.004116341
694.6 		0.004226369
694.4 		0.004335587
694.2 		0.00448169
694.0 		0.00455028
693.8 		0.004661917
693.6 		0.004837699
693.4 		0.004989832
693.2 		0.005148344
693.0 		0.005459998
692.8 		0.005536809
692.6 		0.005770979
692.4 		0.005712678
692.2 		0.005882695
692.0 		0.006018878
691.8 		0.006307529
691.6 		0.006582037
691.4 		0.006803975
691.2 		0.006907095
691.0 		0.007230556
690.8 		0.007476055
690.6 		0.007697976
690.4 		0.007952146
690.2 		0.008215994
690.0 		0.00861125
689.8 		0.008880591
689.6 		0.00923122
689.4 		0.009491282
689.2 		0.009937477
689.0 		0.010264142
688.8 		0.010925633
688.6 		0.011112067
688.4 		0.01154719
688.2 		0.011932176
688.0 		0.012571556
687.8 		0.012792463
687.6 		0.013449118
687.4 		0.014216954
687.2 		0.014710873
687.0 		0.015376783
686.8 		0.016022675
686.6 		0.016813064
686.4 		0.017597923
686.2 		0.018308502
686.0 		0.019328022
685.8 		0.02010878
685.6 		0.02108074
685.4 		0.022265311
685.2 		0.023125373
685.0 		0.024311941
684.8 		0.025533151
684.6 		0.026689848
684.4 		0.028114941
684.2 		0.029597158
684.0 		0.031111296
683.8 		0.032834928
683.6 		0.034300182
683.4 		0.036413081
683.2 		0.038430277
683.0 		0.040733911
682.8 		0.043000899
682.6 		0.045516986
682.4 		0.048115019
682.2 		0.051074877
682.0 		0.054147247
681.8 		0.05765615
681.6 		0.061283201
681.4 		0.064694002
681.2 		0.069005623
681.0 		0.073876403
680.8 		0.078186199
680.6 		0.083833277
680.4 		0.089375407
680.2 		0.096109912
680.0 		0.102576524
679.8 		0.109891675
679.6 		0.118055418
679.4 		0.126780108
679.2 		0.135834768
679.0 		0.146648735
678.8 		0.157925203
678.6 		0.17001158
678.4 		0.183738321
678.2 		0.198440135
678.0 		0.215087369
677.8 		0.233204544
677.6 		0.254069179
677.4 		0.276747644
677.2 		0.301047713
677.0 		0.328337908
676.8 		0.358057231
676.6 		0.39154616
676.4 		0.429474235
676.2 		0.472762704
676.0 		0.519190013
675.8 		0.572787166
675.6 		0.632990599
675.4 		0.70203495
675.2 		0.776682258
675.0 		0.866806865
674.8 		0.965048492
674.6 		1.077848792
674.4 		1.204522371
674.2 		1.354798079
674.0 		1.521045804
673.8 		1.713692546
673.6 		1.942079186
673.4 		2.199509144
673.2 		2.505502701
673.0 		2.857479095
672.8 		3.279401064
672.6 		3.754633188
672.4 		4.335542202
672.2 		5.00814724
672.0 		5.804922104
671.8 		6.741003513
671.6 		7.859023094
671.4 		9.175789833
671.2 		10.73651314
671.0 		12.62840462
670.8 		14.81482792
670.6 		17.42585373
670.4 		20.52227402
670.2 		24.24641609
670.0 		28.31513977
669.8 		33.16117096
669.6 		38.5230217
669.4 		44.31822205
669.2 		50.50035095
669.0 		56.95404434
668.8 		63.31028748
668.6 		69.3936615
668.4 		75.17922211
668.2 		80.1974411
668.0 		84.46637726
667.8 		87.94166565
667.6 		90.67297363
667.4 		92.65227509
667.2 		94.06209564
667.0 		94.98256683
666.8 		95.53920746
666.6 		95.86625671
666.4 		96.06121063
666.2 		96.11607361
666.0 		96.15499878
665.8 		96.16521454
665.6 		96.20230103
665.4 		96.23717499
665.2 		96.28621674
665.0 		96.34515381
664.8 		96.39022064
664.6 		96.45735168
664.4 		96.4729538
664.2 		96.49570465
664.0 		96.48770142
663.8 		96.44226837
663.6 		96.39601135
663.4 		96.31919098
663.2 		96.25950623
663.0 		96.24887848
662.8 		96.22889709
662.6 		96.23300171
662.4 		96.23700714
662.2 		96.20136261
662.0 		96.13028717
661.8 		95.9747467
661.6 		95.64328003
661.4 		94.98849487
661.2 		93.94744873
661.0 		92.35648346
660.8 		90.0684967
660.6 		86.92790222
660.4 		82.91082764
660.2 		78.0089035
660.0 		72.29584503
659.8 		65.77648163
659.6 		59.00917816
659.4 		51.97994232
659.2 		45.3544426
659.0 		39.28105545
658.8 		33.62217712
658.6 		28.59214211
658.4 		24.23957253
658.2 		20.45412445
658.0 		17.17456055
657.8 		14.46942806
657.6 		12.15325832
657.4 		10.24009323
657.2 		8.627976418
657.0 		7.313774586
656.8 		6.195624828
656.6 		5.278350353
656.4 		4.521563053
656.2 		3.883439779
656.0 		3.341253519
655.8 		2.888316393
655.6 		2.504728317
655.4 		2.170628071
655.2 		1.898140669
655.0 		1.657144189
654.8 		1.452111483
654.6 		1.274996877
654.4 		1.125452161
654.2 		0.992203236
654.0 		0.879939258
653.8 		0.782590985
653.6 		0.697064996
653.4 		0.623356998
653.2 		0.558035314
653.0 		0.501451671
652.8 		0.449794024
652.6 		0.405224353
652.4 		0.365052819
652.2 		0.330353677
652.0 		0.299085081
651.8 		0.271338016
651.6 		0.246159777
651.4 		0.224351049
651.2 		0.204335317
651.0 		0.187012136
650.8 		0.170778185
650.6 		0.156669661
650.4 		0.143873289
650.2 		0.132058263
650.0 		0.121423513
649.8 		0.11174348
649.6 		0.102956466
649.4 		0.095201641
649.2 		0.087981693
649.0 		0.081160575
648.8 		0.075112723
648.6 		0.069867067
648.4 		0.064532764
648.2 		0.060355216
648.0 		0.055985991
647.8 		0.05212871
647.6 		0.048575405
647.4 		0.045448337
647.2 		0.042352878
647.0 		0.039461423
646.8 		0.037214488
646.6 		0.034747772
646.4 		0.032563228
646.2 		0.030585321
646.0 		0.028836884
645.8 		0.026915146
645.6 		0.02544098
645.4 		0.023945641
645.2 		0.022446839
645.0 		0.02130883
644.8 		0.019956138
644.6 		0.019020783
644.4 		0.017827904
644.2 		0.016825505
644.0 		0.015984742
643.8 		0.015187491
643.6 		0.014431408
643.4 		0.01364547
643.2 		0.012792083
643.0 		0.012274216
642.8 		0.011685668
642.6 		0.011162856
642.4 		0.010528978
642.2 		0.009990974
642.0 		0.009669808
641.8 		0.00905116
641.6 		0.008723692
641.4 		0.008405388
641.2 		0.007980515
641.0 		0.007602116
640.8 		0.007220528
640.6 		0.007003936
640.4 		0.006682582
640.2 		0.006410229
640.0 		0.006180576
639.8 		0.005792206
639.6 		0.005609016
639.4 		0.00540097
639.2 		0.005186864
639.0 		0.004901619
638.8 		0.004760357
638.6 		0.004514957
638.4 		0.004332485
638.2 		0.004101717
638.0 		0.004028712
637.8 		0.003862215
637.6 		0.00374044
637.4 		0.003553024
637.2 		0.003384767
637.0 		0.003279162
636.8 		0.003149478
636.6 		0.003043612
636.4 		0.00297295
636.2 		0.002856057
636.0 		0.002879737
635.8 		0.002748501
635.6 		0.00261655
635.4 		0.002562973
635.2 		0.002405296
635.0 		0.002378612
634.8 		0.002361123
634.6 		0.002170405
634.4 		0.002223084
634.2 		0.002047544
634.0 		0.001974327
633.8 		0.002053607
633.6 		0.001884857
633.4 		0.001879072
633.2 		0.001787146
633.0 		0.001793684
632.8 		0.001787417
632.6 		0.0017394
632.4 		0.00154284
632.2 		0.001544994
632.0 		0.001514985
631.8 		0.00151387
631.6 		0.001567435
631.4 		0.001368903
631.2 		0.001369698
631.0 		0.001417991
630.8 		0.001369235
630.6 		0.001279262
630.4 		0.001355283
630.2 		0.001218082
630.0 		0.001199622
629.8 		0.001148219
629.6 		0.001163222
629.4 		0.001100093
629.2 		0.001160838
629.0 		0.001075503
628.8 		0.001065512
628.6 		0.001044687
628.4 		0.000979058
628.2 		0.001065846
628.0 		0.000957669
627.8 		0.000968778
627.6 		0.000851007
627.4 		0.00086127
627.2 		0.000831692
627.0 		0.00096107
626.8 		0.000840662
626.6 		0.000796099
626.4 		0.00076818
626.2 		0.000709491
626.0 		0.000737684
625.8 		0.000740032
625.6 		0.000703682
625.4 		0.000670242
625.2 		0.000613833
625.0 		0.000616202
624.8 		0.00064268
624.6 		0.000481519
624.4 		0.000578156
624.2 		0.000468975
624.0 		0.000518381
623.8 		0.000433581
623.6 		0.000418793
623.4 		0.000375845
623.2 		0.000371965
623.0 		0.000385476
622.8 		0.000236987
622.6 		0.000318365
622.4 		0.000333458
622.2 		0.000330601
622.0 		0.000234534
621.8 		0.000161938
621.6 		0.000146837
621.4 		0.000328894
621.2 		0.000141657
621.0 		0.000220308
620.8 		8.32E-05
620.6 		7.39E-05
620.4 		0.000156673
620.2 		5.76E-05
620.0 		0.00012111
619.8 		6.30E-05
619.6 		0.000162828
619.4 		3.09E-05
619.2 		5.86E-05
619.0 		7.17E-05
618.8 		2.97E-05
618.6 		3.57E-05
618.4 		-3.02E-05
618.2 		7.00E-05
618.0 		-2.79E-05
617.8 		6.93E-05
617.6 		-2.07E-05
617.4 		6.44E-06
617.2 		-2.44E-05
617.0 		-0.000132541
616.8 		-1.00E-05
616.6 		-8.87E-05
616.4 		1.51E-05
616.2 		-1.38E-05
616.0 		-5.04E-05
615.8 		1.25E-05
615.6 		-7.68E-05
615.4 		-7.52E-06
615.2 		-0.00022277
615.0 		-8.91E-05
614.8 		-1.06E-05
614.6 		8.94E-05
614.4 		-1.06E-05
614.2 		-3.40E-05
614.0 		-0.000173028
613.8 		-5.80E-05
613.6 		-0.000104108
613.4 		-9.32E-05
613.2 		-4.20E-05
613.0 		-0.000147571
612.8 		-2.90E-05
612.6 		-4.26E-05
612.4 		-0.000161807
612.2 		-2.80E-05
612.0 		-8.40E-05
611.8 		-0.0001031
611.6 		-5.07E-05
611.4 		-9.52E-05
611.2 		-3.09E-06
611.0 		-3.48E-05
610.8 		-0.000209456
610.6 		-0.000100035
610.4 		-0.000102266
610.2 		-0.000162317
610.0 		-5.60E-05
609.8 		-6.05E-05
609.6 		-0.000123558
609.4 		-0.000122703
609.2 		-0.000109094
609.0 		-0.00016691
608.8 		-0.000106171
608.6 		-3.03E-05
608.4 		-7.44E-05
608.2 		-7.47E-05
608.0 		-6.31E-05
607.8 		-8.06E-05
607.6 		-5.09E-05
607.4 		-0.00020226
607.2 		-9.01E-05
607.0 		1.44E-05
606.8 		-0.000161461
606.6 		-0.000154381
606.4 		-0.000125729
606.2 		-0.000150828
606.0 		-6.01E-05
605.8 		-0.000110106
605.6 		-3.94E-05
605.4 		-2.40E-05
605.2 		-0.000166446
605.0 		-9.81E-05
604.8 		-0.000112749
604.6 		-8.61E-05
604.4 		-0.000165595
604.2 		-0.000143608
604.0 		-0.000157887
603.8 		-0.000111033
603.6 		-0.000201792
603.4 		-7.16E-05
603.2 		-0.000157579
603.0 		-0.000109284
602.8 		-0.000190042
602.6 		-0.000191263
602.4 		-0.000178286
602.2 		-5.77E-05
602.0 		-3.65E-05
601.8 		-7.67E-05
601.6 		-0.000122104
601.4 		-0.000126131
601.2 		-0.000223403
601.0 		-8.29E-05
600.8 		-0.000141974
600.6 		-8.14E-05
600.4 		-1.24E-05
600.2 		-0.000111633
600.0 		-6.60E-05
