   3701.714      1.3427741E-03
   3704.958      1.3427741E-03
   3708.201      1.3427741E-03
   3711.445      1.3427741E-03
   3714.688      1.3427741E-03
   3717.932      1.3427741E-03
   3721.176      1.3427741E-03
   3724.420      1.3427741E-03
   3727.664      1.3427741E-03
   3730.908      1.3427741E-03
   3734.152      1.3427741E-03
   3737.396      1.3427741E-03
   3740.639      1.3427741E-03
   3743.884      1.3427741E-03
   3747.127      1.3427741E-03
   3750.372      1.3427741E-03
   3753.616      1.3427741E-03
   3756.860      1.3427741E-03
   3760.104      1.3427741E-03
   3763.348      1.3427741E-03
   3766.592      1.3427741E-03
   3769.836      1.3427741E-03
   3773.081      1.3427741E-03
   3776.325      1.3427741E-03
   3779.569      1.3427741E-03
   3782.814      1.3427741E-03
   3786.058      1.3427741E-03
   3789.302      1.3427741E-03
   3792.547      1.3427741E-03
   3795.791      1.3427741E-03
   3799.036      1.3427741E-03
   3802.280      1.3427741E-03
   3805.525      1.3427741E-03
   3808.770      1.3427741E-03
   3812.014      1.3427741E-03
   3815.259      1.3427741E-03
   3818.503      1.3427741E-03
   3821.748      1.3427741E-03
   3824.993      1.3427741E-03
   3828.238      1.3427741E-03
   3831.482      1.3427741E-03
   3834.727      1.3427741E-03
   3837.972      1.3427741E-03
   3841.217      1.3427741E-03
   3844.462      1.3427741E-03
   3847.707      1.3427741E-03
   3850.952      1.3427741E-03
   3854.197      1.3427741E-03
   3857.442      1.3427741E-03
   3860.687      1.3427741E-03
   3863.932      1.3427741E-03
   3867.177      1.3427741E-03
   3870.423      1.3427741E-03
   3873.668      1.3427741E-03
   3876.913      1.3427741E-03
   3880.158      1.3427741E-03
   3883.404      1.3427741E-03
   3886.649      1.3427741E-03
   3889.894      1.3427741E-03
   3893.140      1.3427741E-03
   3896.385      1.3427741E-03
   3899.630      1.3427741E-03
   3902.876      1.3427741E-03
   3906.121      1.3427741E-03
   3909.367      1.3427741E-03
   3912.613      1.3427741E-03
   3915.858      1.3427741E-03
   3919.104      1.3427741E-03
   3922.350      1.3430966E-03
   3925.595      1.3437987E-03
   3928.841      1.3452631E-03
   3932.087      1.3481671E-03
   3935.333      1.3536229E-03
   3938.578      1.3633224E-03
   3941.824      1.3796261E-03
   3945.070      1.4055268E-03
   3948.316      1.4444003E-03
   3951.562      1.4994977E-03
   3954.808      1.5732021E-03
   3958.054      1.6661908E-03
   3961.300      1.7767238E-03
   3964.546      1.9003289E-03
   3967.792      2.0300772E-03
   3971.039      2.1574849E-03
   3974.285      2.2738650E-03
   3977.531      2.3717952E-03
   3980.777      2.4463010E-03
   3984.024      2.4954719E-03
   3987.270      2.5203892E-03
   3990.516      2.5244909E-03
   3993.763      2.5126175E-03
   3997.009      2.4900304E-03
   4000.256      2.4616341E-03
   4003.502      2.4315026E-03
   4006.749      2.4027156E-03
   4009.995      2.3774081E-03
   4013.242      2.3569535E-03
   4016.489      2.3421706E-03
   4019.735      2.3335163E-03
   4022.982      2.3310913E-03
   4026.229      2.3352380E-03
   4029.475      2.3459571E-03
   4032.722      2.3632476E-03
   4035.969      2.3871097E-03
   4039.216      2.4175437E-03
   4042.463      2.4545498E-03
   4045.710      2.4981266E-03
   4048.957      2.5482762E-03
   4052.204      2.6049977E-03
   4055.451      2.6682899E-03
   4058.698      2.7381550E-03
   4061.945      2.8145914E-03
   4065.192      2.8975990E-03
   4068.439      2.9871790E-03
   4071.687      3.0833308E-03
   4074.934      3.1860536E-03
   4078.181      3.2953490E-03
   4081.428      3.4112162E-03
   4084.676      3.5336551E-03
   4087.923      3.6626654E-03
   4091.171      3.7982480E-03
   4094.418      3.9404011E-03
   4097.666      4.0891273E-03
   4100.913      4.2444253E-03
   4104.161      4.4062948E-03
   4107.408      4.5747356E-03
   4110.656      4.7497493E-03
   4113.904      4.9313339E-03
   4117.151      5.1194900E-03
   4120.399      5.3142179E-03
   4123.647      5.5155177E-03
   4126.895      5.7233889E-03
   4130.143      5.9378343E-03
   4133.390      6.1588474E-03
   4136.638      6.3864351E-03
   4139.886      6.6205943E-03
   4143.134      6.8613249E-03
   4146.382      7.1086269E-03
   4149.630      7.3625003E-03
   4152.878      7.6229470E-03
   4156.126      7.8899646E-03
   4159.375      8.1635546E-03
   4162.623      8.4437141E-03
   4165.871      8.7304488E-03
   4169.120      9.0237539E-03
   4172.368      9.3236277E-03
   4175.616      9.6300794E-03
   4178.865      9.9430988E-03
   4182.113      1.0262690E-02
   4185.362      1.0588855E-02
   4188.610      1.0923285E-02
   4191.858      1.1267380E-02
   4195.107      1.1621148E-02
   4198.356      1.1992813E-02
   4201.604      1.2385096E-02
   4204.853      1.2812129E-02
   4208.102      1.3284845E-02
   4211.351      1.3823363E-02
   4214.600      1.4448020E-02
   4217.848      1.5177236E-02
   4221.097      1.6021086E-02
   4224.346      1.6977075E-02
   4227.595      1.8023603E-02
   4230.844      1.9116728E-02
   4234.093      2.0195305E-02
   4237.342      2.1194842E-02
   4240.591      2.2055663E-02
   4243.840      2.2743365E-02
   4247.090      2.3257272E-02
   4250.339      2.3633670E-02
   4253.588      2.3935689E-02
   4256.837      2.4241645E-02
   4260.087      2.4617895E-02
   4263.336      2.5105197E-02
   4266.585      2.5705060E-02
   4269.835      2.6393862E-02
   4273.084      2.7128845E-02
   4276.334      2.7872885E-02
   4279.583      2.8600732E-02
   4282.833      2.9324360E-02
   4286.083      3.0073287E-02
   4289.333      3.0888395E-02
   4292.582      3.1810448E-02
   4295.832      3.2865357E-02
   4299.082      3.4050826E-02
   4302.332      3.5349969E-02
   4305.582      3.6725778E-02
   4308.831      3.8146537E-02
   4312.081      3.9579581E-02
   4315.331      4.1014444E-02
   4318.581      4.2458672E-02
   4321.832      4.3934207E-02
   4325.082      4.5475826E-02
   4328.332      4.7118481E-02
   4331.582      4.8900060E-02
   4334.832      5.0853495E-02
   4338.082      5.3002667E-02
   4341.333      5.5377383E-02
   4344.583      5.7995055E-02
   4347.833      6.0871974E-02
   4351.083      6.4017229E-02
   4354.334      6.7428976E-02
   4357.584      7.1090929E-02
   4360.835      7.4982554E-02
   4364.086      7.9082020E-02
   4367.336      8.3376437E-02
   4370.587      8.7871842E-02
   4373.838      9.2599623E-02
   4377.088      9.7618818E-02
   4380.339      0.1030151    
   4383.590      0.1088749    
   4386.841      0.1152927    
   4390.092      0.1223446    
   4393.343      0.1300808    
   4396.594      0.1385264    
   4399.845      0.1476802    
   4403.096      0.1575164    
   4406.347      0.1679845    
   4409.598      0.1790268    
   4412.849      0.1905740    
   4416.101      0.2025505    
   4419.352      0.2148822    
   4422.603      0.2275056    
   4425.854      0.2403647    
   4429.106      0.2534178    
   4432.357      0.2666228    
   4435.609      0.2799481    
   4438.860      0.2933517    
   4442.112      0.3067792    
   4445.363      0.3201666    
   4448.615      0.3334373    
   4451.867      0.3465043    
   4455.118      0.3592878    
   4458.370      0.3717175    
   4461.622      0.3837387    
   4464.874      0.3953194    
   4468.125      0.4064491    
   4471.377      0.4171326    
   4474.629      0.4273876    
   4477.881      0.4372310    
   4481.134      0.4466723    
   4484.386      0.4557098    
   4487.638      0.4643338    
   4490.890      0.4725287    
   4494.142      0.4802748    
   4497.395      0.4875556    
   4500.647      0.4943597    
   4503.899      0.5006866    
   4507.151      0.5065369    
   4510.404      0.5119173    
   4513.656      0.5168474    
   4516.909      0.5213552    
   4520.162      0.5254825    
   4523.414      0.5292721    
   4526.667      0.5327688    
   4529.919      0.5360115    
   4533.172      0.5390309    
   4536.425      0.5418409    
   4539.678      0.5444600    
   4542.931      0.5469046    
   4546.184      0.5492020    
   4549.437      0.5513844    
   4552.689      0.5534946    
   4555.942      0.5555627    
   4559.195      0.5576146    
   4562.449      0.5596529    
   4565.702      0.5616657    
   4568.955      0.5636302    
   4572.208      0.5655130    
   4575.461      0.5672886    
   4578.715      0.5689428    
   4581.968      0.5704733    
   4585.222      0.5719002    
   4588.475      0.5732604    
   4591.729      0.5746030    
   4594.982      0.5759872    
   4598.236      0.5774647    
   4601.489      0.5790771    
   4604.743      0.5808410    
   4607.997      0.5827563    
   4611.250      0.5847931    
   4614.504      0.5869052    
   4617.758      0.5890357    
   4621.012      0.5911210    
   4624.266      0.5931156    
   4627.520      0.5949868    
   4630.774      0.5967242    
   4634.028      0.5983455    
   4637.282      0.5998836    
   4640.537      0.6013827    
   4643.791      0.6028837    
   4647.045      0.6044146    
   4650.299      0.6059911    
   4653.554      0.6076119    
   4656.808      0.6092664    
   4660.063      0.6109312    
   4663.317      0.6125852    
   4666.571      0.6141993    
   4669.826      0.6157477    
   4673.081      0.6172159    
   4676.335      0.6185929    
   4679.590      0.6198754    
   4682.845      0.6210810    
   4686.100      0.6222231    
   4689.354      0.6233209    
   4692.609      0.6244004    
   4695.864      0.6254786    
   4699.119      0.6265746    
   4702.375      0.6277046    
   4705.629      0.6288873    
   4708.884      0.6301258    
   4712.140      0.6314207    
   4715.395      0.6327493    
   4718.650      0.6340797    
   4721.905      0.6353604    
   4725.161      0.6365323    
   4728.416      0.6375494    
   4731.672      0.6383848    
   4734.927      0.6390285    
   4738.183      0.6395096    
   4741.438      0.6398731    
   4744.694      0.6401749    
   4747.950      0.6404663    
   4751.205      0.6407753    
   4754.461      0.6411074    
   4757.717      0.6414422    
   4760.973      0.6417411    
   4764.229      0.6419583    
   4767.484      0.6420552    
   4770.741      0.6420059    
   4773.997      0.6418001    
   4777.252      0.6414499    
   4780.509      0.6409793    
   4783.765      0.6404173    
   4787.021      0.6397998    
   4790.277      0.6391567    
   4793.534      0.6385171    
   4796.790      0.6379008    
   4800.047      0.6373254    
   4803.303      0.6368056    
   4806.560      0.6363524    
   4809.816      0.6359857    
   4813.073      0.6357182    
   4816.330      0.6355745    
   4819.586      0.6355695    
   4822.843      0.6357225    
   4826.100      0.6360464    
   4829.356      0.6365441    
   4832.613      0.6372168    
   4835.871      0.6380634    
   4839.127      0.6390756    
   4842.384      0.6402449    
   4845.642      0.6415645    
   4848.899      0.6430232    
   4852.156      0.6446135    
   4855.413      0.6463240    
   4858.670      0.6481343    
   4861.928      0.6500171    
   4865.185      0.6519430    
   4868.443      0.6538723    
   4871.700      0.6557692    
   4874.958      0.6576054    
   4878.215      0.6593576    
   4881.473      0.6610186    
   4884.730      0.6625943    
   4887.988      0.6640999    
   4891.246      0.6655578    
   4894.504      0.6669879    
   4897.762      0.6684251    
   4901.020      0.6698899    
   4904.278      0.6714106    
   4907.536      0.6730123    
   4910.793      0.6747134    
   4914.052      0.6765252    
   4917.310      0.6784420    
   4920.568      0.6804447    
   4923.827      0.6824986    
   4927.085      0.6845557    
   4930.343      0.6865669    
   4933.602      0.6884848    
   4936.860      0.6902786    
   4940.119      0.6919345    
   4943.377      0.6934567    
   4946.636      0.6948658    
   4949.895      0.6961955    
   4953.153      0.6974781    
   4956.412      0.6987525    
   4959.670      0.7000539    
   4962.930      0.7014080    
   4966.188      0.7028312    
   4969.447      0.7043298    
   4972.707      0.7058961    
   4975.965      0.7075072    
   4979.225      0.7091260    
   4982.484      0.7107096    
   4985.743      0.7122112    
   4989.002      0.7135990    
   4992.262      0.7148600    
   4995.521      0.7160040    
   4998.780      0.7170617    
   5002.040      0.7180861    
   5005.299      0.7191250    
   5008.559      0.7202250    
   5011.818      0.7214081    
   5015.078      0.7226633    
   5018.338      0.7239528    
   5021.598      0.7252099    
   5024.857      0.7263564    
   5028.117      0.7273152    
   5031.377      0.7280327    
   5034.637      0.7284814    
   5037.897      0.7286767    
   5041.157      0.7286718    
   5044.417      0.7285421    
   5047.678      0.7283779    
   5050.938      0.7282581    
   5054.198      0.7282477    
   5057.458      0.7283711    
   5060.719      0.7286290    
   5063.979      0.7289832    
   5067.240      0.7293772    
   5070.500      0.7297487    
   5073.761      0.7300386    
   5077.021      0.7302060    
   5080.282      0.7302387    
   5083.543      0.7301408    
   5086.804      0.7299356    
   5090.065      0.7296532    
   5093.326      0.7293172    
   5096.587      0.7289466    
   5099.848      0.7285507    
   5103.109      0.7281328    
   5106.370      0.7276924    
   5109.631      0.7272260    
   5112.892      0.7267306    
   5116.154      0.7262055    
   5119.415      0.7256491    
   5122.676      0.7250613    
   5125.938      0.7244520    
   5129.199      0.7238373    
   5132.461      0.7232376    
   5135.723      0.7226757    
   5138.984      0.7221709    
   5142.246      0.7217350    
   5145.508      0.7213666    
   5148.770      0.7210457    
   5152.031      0.7207433    
   5155.293      0.7204214    
   5158.555      0.7200450    
   5161.817      0.7195868    
   5165.079      0.7190406    
   5168.341      0.7184106    
   5171.604      0.7177181    
   5174.866      0.7169952    
   5178.128      0.7162780    
   5181.391      0.7155959    
   5184.653      0.7149740    
   5187.916      0.7144270    
   5191.178      0.7139465    
   5194.440      0.7135202    
   5197.703      0.7131216    
   5200.966      0.7127197    
   5204.229      0.7122881    
   5207.491      0.7118114    
   5210.754      0.7112854    
   5214.017      0.7107269    
   5217.280      0.7101558    
   5220.543      0.7095932    
   5223.806      0.7090584    
   5227.069      0.7085490    
   5230.333      0.7080464    
   5233.596      0.7075161    
   5236.859      0.7069182    
   5240.122      0.7062099    
   5243.385      0.7053602    
   5246.649      0.7043572    
   5249.913      0.7032016    
   5253.176      0.7019113    
   5256.439      0.7005118    
   5259.703      0.6990357    
   5262.967      0.6975158    
   5266.231      0.6959834    
   5269.495      0.6944653    
   5272.758      0.6929781    
   5276.022      0.6915256    
   5279.287      0.6901048    
   5282.550      0.6887018    
   5285.814      0.6872964    
   5289.079      0.6858678    
   5292.343      0.6844064    
   5295.607      0.6828984    
   5298.872      0.6813428    
   5302.136      0.6797440    
   5305.400      0.6781123    
   5308.665      0.6764578    
   5311.929      0.6747961    
   5315.194      0.6731369    
   5318.458      0.6714939    
   5321.724      0.6698768    
   5324.988      0.6682811    
   5328.253      0.6666963    
   5331.518      0.6651010    
   5334.783      0.6634635    
   5338.048      0.6617445    
   5341.313      0.6599051    
   5344.578      0.6579089    
   5347.843      0.6557287    
   5351.108      0.6533409    
   5354.374      0.6507277    
   5357.639      0.6478800    
   5360.905      0.6447899    
   5364.170      0.6414459    
   5367.436      0.6378360    
   5370.701      0.6339383    
   5373.967      0.6297207    
   5377.232      0.6251442    
   5380.498      0.6201596    
   5383.764      0.6147220    
   5387.030      0.6087887    
   5390.296      0.6023216    
   5393.562      0.5952865    
   5396.828      0.5876550    
   5400.094      0.5793933    
   5403.360      0.5704702    
   5406.626      0.5608502    
   5409.893      0.5505002    
   5413.159      0.5393903    
   5416.425      0.5275036    
   5419.691      0.5148333    
   5422.958      0.5013918    
   5426.225      0.4872120    
   5429.491      0.4723449    
   5432.758      0.4568578    
   5436.025      0.4408298    
   5439.292      0.4243498    
   5442.559      0.4075133    
   5445.825      0.3904227    
   5449.092      0.3731844    
   5452.359      0.3559144    
   5455.626      0.3387281    
   5458.894      0.3217386    
   5462.161      0.3050543    
   5465.428      0.2887711    
   5468.695      0.2729643    
   5471.962      0.2576945    
   5475.230      0.2429996    
   5478.498      0.2289002    
   5481.765      0.2154035    
   5485.033      0.2025067    
   5488.300      0.1902048    
   5491.568      0.1784931    
   5494.836      0.1673698    
   5498.104      0.1568378    
   5501.372      0.1468999    
   5504.640      0.1375562    
   5507.908      0.1288019    
   5511.176      0.1206232    
   5514.444      0.1129962    
   5517.712      0.1058894    
   5520.980      9.9266984E-02
   5524.249      9.3093559E-02
   5527.517      8.7333947E-02
   5530.786      8.1958219E-02
   5534.054      7.6941483E-02
   5537.323      7.2262622E-02
   5540.591      6.7904785E-02
   5543.860      6.3851930E-02
   5547.128      6.0088754E-02
   5550.397      5.6598440E-02
   5553.667      5.3364098E-02
   5556.935      5.0368160E-02
   5560.204      4.7591783E-02
   5563.473      4.5018058E-02
   5566.742      4.2630926E-02
   5570.012      4.0416442E-02
   5573.281      3.8361281E-02
   5576.550      3.6453620E-02
   5579.819      3.4681682E-02
   5583.089      3.3034246E-02
   5586.358      3.1502377E-02
   5589.628      3.0076183E-02
   5592.897      2.8749006E-02
   5596.167      2.7513241E-02
   5599.437      2.6359890E-02
   5602.707      2.5280431E-02
   5605.977      2.4265941E-02
   5609.246      2.3307085E-02
   5612.516      2.2396062E-02
   5615.787      2.1526011E-02
   5619.057      2.0691711E-02
   5622.327      1.9891005E-02
   5625.597      1.9121740E-02
   5628.867      1.8385237E-02
   5632.137      1.7683335E-02
   5635.408      1.7016239E-02
   5638.678      1.6385231E-02
   5641.949      1.5788510E-02
   5645.219      1.5223657E-02
   5648.490      1.4688134E-02
   5651.761      1.4179562E-02
   5655.031      1.3697471E-02
   5658.302      1.3242273E-02
   5661.573      1.2816242E-02
   5664.844      1.2421015E-02
   5668.115      1.2056384E-02
   5671.386      1.1720084E-02
   5674.657      1.1405824E-02
   5677.929      1.1106760E-02
   5681.200      1.0815343E-02
   5684.471      1.0527217E-02
   5687.743      1.0239478E-02
   5691.014      9.9550299E-03
   5694.286      9.6781338E-03
   5697.557      9.4137955E-03
   5700.829      9.1660907E-03
   5704.101      8.9357439E-03
   5707.372      8.7212222E-03
   5710.644      8.5197352E-03
   5713.916      8.3294613E-03
   5717.188      8.1486534E-03
   5720.460      7.9771001E-03
   5723.732      7.8144008E-03
   5727.004      7.6602786E-03
   5730.276      7.5132693E-03
   5733.548      7.3722429E-03
   5736.821      7.2379303E-03
   5740.093      7.1099140E-03
   5743.366      6.9918511E-03
   5746.638      6.8854229E-03
   5749.911      6.7921993E-03
   5753.184      6.7109843E-03
   5756.456      6.6366182E-03
   5759.729      6.5623038E-03
   5763.002      6.4793536E-03
   5766.275      6.3811801E-03
   5769.548      6.2645865E-03
   5772.821      6.1312746E-03
   5776.094      5.9885271E-03
   5779.367      5.8471342E-03
   5782.641      5.7190317E-03
   5785.914      5.6143776E-03
   5789.187      5.5416021E-03
   5792.460      5.5038873E-03
   5795.734      5.5004302E-03
   5799.008      5.5272672E-03
   5802.281      5.5782786E-03
   5805.555      5.6460081E-03
   5808.829      5.7216063E-03
   5812.103      5.7963626E-03
   5815.376      5.8620973E-03
   5818.650      5.9106029E-03
   5821.924      5.9366133E-03
   5825.198      5.9356824E-03
   5828.472      5.9061646E-03
   5831.747      5.8490867E-03
   5835.021      5.7666944E-03
   5838.295      5.6636096E-03
   5841.569      5.5456785E-03
   5844.844      5.4172156E-03
   5848.119      5.2845092E-03
   5851.393      5.1504485E-03
   5854.668      5.0186189E-03
   5857.942      4.8925742E-03
   5861.217      4.7739814E-03
   5864.492      4.6649422E-03
   5867.767      4.5659901E-03
   5871.042      4.4785528E-03
   5874.317      4.4010030E-03
   5877.592      4.3326267E-03
   5880.868      4.2712870E-03
   5884.143      4.2152912E-03
   5887.418      4.1624126E-03
   5890.693      4.1098366E-03
   5893.969      4.0554744E-03
   5897.244      3.9969105E-03
   5900.520      3.9316644E-03
   5903.796      3.8588897E-03
   5907.071      3.7778856E-03
   5910.347      3.6901936E-03
   5913.623      3.5993170E-03
   5916.899      3.5089217E-03
   5920.175      3.4255420E-03
   5923.451      3.3549152E-03
   5926.727      3.3011995E-03
   5930.003      3.2680102E-03
   5933.279      3.2549133E-03
   5936.556      3.2596586E-03
   5939.832      3.2769735E-03
   5943.108      3.2999669E-03
   5946.385      3.3225042E-03
   5949.662      3.3393675E-03
   5952.938      3.3478830E-03
   5956.215      3.3457107E-03
   5959.492      3.3321148E-03
   5962.769      3.3071868E-03
   5966.045      3.2694829E-03
   5969.323      3.2180876E-03
   5972.600      3.1520335E-03
   5975.877      3.0731466E-03
   5979.154      2.9848649E-03
   5982.431      2.8922425E-03
   5985.708      2.8027468E-03
   5988.986      2.7231071E-03
   5992.263      2.6578307E-03
   5995.541      2.6087512E-03
   5998.818      2.5744392E-03
   6002.096      2.5508264E-03
   6005.374      2.5306933E-03
   6008.652      2.5083013E-03
   6011.930      2.4793646E-03
   6015.208      2.4406728E-03
   6018.485      2.3937209E-03
   6021.764      2.3415312E-03
   6025.042      2.2884719E-03
   6028.320      2.2398056E-03
   6031.598      2.1985518E-03
   6034.876      2.1664330E-03
   6038.155      2.1413728E-03
   6041.434      2.1212974E-03
   6044.712      2.1034819E-03
   6047.991      2.0858985E-03
   6051.270      2.0678604E-03
   6054.548      2.0510857E-03
   6057.827      2.0383878E-03
   6061.106      2.0322611E-03
   6064.385      2.0337857E-03
   6067.664      2.0431315E-03
   6070.943      2.0576536E-03
   6074.222      2.0744370E-03
   6077.501      2.0897074E-03
   6080.781      2.1002111E-03
   6084.060      2.1031064E-03
   6087.339      2.0963477E-03
   6090.619      2.0786165E-03
   6093.898      2.0502058E-03
   6097.178      2.0102940E-03
   6100.458      1.9613251E-03
   6103.738      1.9056066E-03
   6107.018      1.8473127E-03
   6110.298      1.7894213E-03
   6113.578      1.7349810E-03
   6116.857      1.6857596E-03
   6120.138      1.6415410E-03
   6123.418      1.6012890E-03
   6126.698      1.5634478E-03
   6129.979      1.5261952E-03
   6133.259      1.4892671E-03
   6136.540      1.4548323E-03
   6139.820      1.4274262E-03
   6143.101      1.4118336E-03
   6146.381      1.4139790E-03
   6149.663      1.4383920E-03
   6152.943      1.4873305E-03
   6156.224      1.5582355E-03
   6159.505      1.6443150E-03
   6162.786      1.7362512E-03
   6166.067      1.8231445E-03
   6169.349      1.8955834E-03
   6172.630      1.9477812E-03
   6175.911      1.9775925E-03
   6179.192      1.9867960E-03
   6182.474      1.9791727E-03
   6185.756      1.9599369E-03
   6189.037      1.9322609E-03
   6192.319      1.8979645E-03
   6195.601      1.8574488E-03
   6198.883      1.8109980E-03
   6202.165      1.7576604E-03
   6205.447      1.6980912E-03
   6208.729      1.6333046E-03
   6212.011      1.5662507E-03
   6215.293      1.4982983E-03
   6218.575      1.4322633E-03
   6221.857      1.3692674E-03
   6225.140      1.3096317E-03
   6228.422      1.2526425E-03
   6231.705      1.1992349E-03
   6234.988      1.1497277E-03
   6238.271      1.1051893E-03
   6241.553      1.0671437E-03
   6244.836      1.0372732E-03
   6248.119      1.0147042E-03
   6251.402      9.9798117E-04
   6254.685      9.8409853E-04
   6257.968      9.7034418E-04
   6261.251      9.5429900E-04
   6264.535      9.3507190E-04
   6267.818      9.1345824E-04
   6271.102      8.9156162E-04
   6274.385      8.7220245E-04
   6277.668      8.5932814E-04
   6280.952      8.5663376E-04
   6284.236      8.6708949E-04
   6287.520      8.9292275E-04
   6290.804      9.3392126E-04
   6294.087      9.8807504E-04
   6297.372      1.0508233E-03
   6300.656      1.1159776E-03
   6303.940      1.1763369E-03
   6307.224      1.2258524E-03
   6310.508      1.2597289E-03
   6313.793      1.2749187E-03
   6317.077      1.2722121E-03
   6320.362      1.2543063E-03
   6323.646      1.2262732E-03
   6326.931      1.1949643E-03
   6330.216      1.1673071E-03
   6333.500      1.1481930E-03
   6336.786      1.1404675E-03
   6340.070      1.1431436E-03
   6343.355      1.1519748E-03
   6346.641      1.1599459E-03
   6349.926      1.1604133E-03
   6353.211      1.1476340E-03
   6356.497      1.1189104E-03
   6359.782      1.0758903E-03
   6363.067      1.0236212E-03
   6366.353      9.6881459E-04
   6369.639      9.1959187E-04
   6372.924      8.8217866E-04
   6376.210      8.6140662E-04
   6379.496      8.5686753E-04
   6382.782      8.6627551E-04
   6386.068      8.8448048E-04
   6389.354      9.0537069E-04
   6392.640      9.2429144E-04
   6395.926      9.3830179E-04
   6399.212      9.4720273E-04
   6402.499      9.5355482E-04
   6405.786      9.5974049E-04
   6409.072      9.6795295E-04
   6412.358      9.7800570E-04
   6415.646      9.8806107E-04
   6418.932      9.9393725E-04
   6422.219      9.9057553E-04
   6425.506      9.7422797E-04
   6428.793      9.4223069E-04
   6432.080      8.9459447E-04
   6435.367      8.3356892E-04
   6438.654      7.6449662E-04
   6441.941      6.9288537E-04
   6445.229      6.2480778E-04
   6448.516      5.6624232E-04
   6451.804      5.2144023E-04
   6455.091      4.9398874E-04
   6458.379      4.8702842E-04
   6461.667      5.0118176E-04
   6464.955      5.3722621E-04
   6468.243      5.9364899E-04
   6471.531      6.6661532E-04
   6474.818      7.4965262E-04
   6478.107      8.3339884E-04
   6481.395      9.0864586E-04
   6484.683      9.6496945E-04
   6487.972      9.9575182E-04
   6491.260      9.9863193E-04
   6494.548      9.7685913E-04
   6497.837      9.3830132E-04
   6501.125      8.9377014E-04
   6504.415      8.5472601E-04
   6507.703      8.3063991E-04
   6510.992      8.2587218E-04
   6514.281      8.4085064E-04
   6517.570      8.7095739E-04
   6520.859      9.0865971E-04
   6524.148      9.4444689E-04
   6527.438      9.6948625E-04
   6530.727      9.7608124E-04
   6534.017      9.5960853E-04
   6537.306      9.1851997E-04
   6540.596      8.5535174E-04
   6543.885      7.7701901E-04
   6547.175      6.9338863E-04
   6550.465      6.1550649E-04
   6553.755      5.5418059E-04
   6557.044      5.1767693E-04
   6560.334      5.1051617E-04
   6563.625      5.3360633E-04
   6566.915      5.8290287E-04
   6570.206      6.5260904E-04
   6573.496      7.3491782E-04
   6576.786      8.2178443E-04
   6580.077      9.0590614E-04
   6583.367      9.8147825E-04
   6586.658      1.0446411E-03
   6589.949      1.0927784E-03
   6593.239      1.1236470E-03
   6596.530      1.1362849E-03
   6599.821      1.1292832E-03
   6603.112      1.1023007E-03
   6606.403      1.0560625E-03
   6609.695      9.9304679E-04
   6612.986      9.1845938E-04
   6616.277      8.4002345E-04
   6619.569      7.6644914E-04
   6622.860      7.0684677E-04
   6626.152      6.6835951E-04
   6629.443      6.5308315E-04
   6632.735      6.5959361E-04
   6636.027      6.8112119E-04
   6639.319      7.0856750E-04
   6642.611      7.3153834E-04
   6645.903      7.4157951E-04
   6649.195      7.3267228E-04
   6652.488      7.0369948E-04
   6655.780      6.5693061E-04
   6659.072      5.9691339E-04
   6662.365      5.3072296E-04
   6665.657      4.6624208E-04
   6668.950      4.1139967E-04
   6672.243      3.7218310E-04
   6675.536      3.5343887E-04
   6678.828      3.5806673E-04
   6682.122      3.8564563E-04
   6685.415      4.3244014E-04
   6688.708      4.9261027E-04
   6692.001      5.5761507E-04
   6695.294      6.1869092E-04
   6698.587      6.6642801E-04
   6701.881      6.9320021E-04
   6705.174      6.9420430E-04
   6708.468      6.6807639E-04
   6711.762      6.1775482E-04
   6715.055      5.4936769E-04
   6718.349      4.7119410E-04
   6721.643      3.9311784E-04
   6724.937      3.2338678E-04
   6728.231      2.6943191E-04
   6731.525      2.3575562E-04
   6734.819      2.2358849E-04
   6738.114      2.3242335E-04
   6741.408      2.5927613E-04
   6744.703      3.0053090E-04
   6747.998      3.5088611E-04
   6751.292      4.0474176E-04
   6754.587      4.5665749E-04
   6757.881      5.0221029E-04
   6761.176      5.3759018E-04
   6764.471      5.6102336E-04
   6767.766      5.7157135E-04
   6771.062      5.6963350E-04
   6774.357      5.5725867E-04
   6777.652      5.3666963E-04
   6780.947      5.1041995E-04
   6784.243      4.8204855E-04
   6787.539      4.5508074E-04
   6790.834      4.3254261E-04
   6794.129      4.1763263E-04
   6797.425      4.1277346E-04
   6800.721      4.1938890E-04
   6804.018      4.3775307E-04
   6807.313      4.6637538E-04
   6810.609      5.0227391E-04
   6813.905      5.4183806E-04
   6817.202      5.8031327E-04
   6820.498      6.1317929E-04
   6823.794      6.3669024E-04
   6827.091      6.4824143E-04
   6830.388      6.4630288E-04
   6833.685      6.3116400E-04
   6836.981      6.0396956E-04
   6840.278      5.6663842E-04
   6843.575      5.2128499E-04
   6846.872      4.7114119E-04
   6850.169      4.1955910E-04
   6853.466      3.7026155E-04
   6856.764      3.2628328E-04
   6860.061      2.9002974E-04
   6863.358      2.6282767E-04
   6866.656      2.4356123E-04
   6869.954      2.3065219E-04
   6873.251      2.2135394E-04
   6876.549      2.1277604E-04
   6879.847      2.0349234E-04
   6883.145      1.9365632E-04
   6886.443      1.8492444E-04
   6889.741      1.7961561E-04
   6893.039      1.8022156E-04
   6896.337      1.8873042E-04
   6899.635      2.0557543E-04
   6902.934      2.3034302E-04
   6906.232      2.6129981E-04
   6909.531      2.9648803E-04
   6912.830      3.3359535E-04
   6916.128      3.6957586E-04
   6919.427      4.0244119E-04
   6922.726      4.2982644E-04
   6926.025      4.4931372E-04
   6929.324      4.5919436E-04
   6932.623      4.5809770E-04
   6935.923      4.4577182E-04
   6939.222      4.2277845E-04
   6942.521      3.9073959E-04
   6945.821      3.5312318E-04
   6949.121      3.1355541E-04
   6952.420      2.7709501E-04
   6955.720      2.4765756E-04
   6959.020      2.2834440E-04
   6962.320      2.2016693E-04
   6965.620      2.2198954E-04
   6968.920      2.3077543E-04
   6972.220      2.4211071E-04
   6975.520      1.2210757E-04
   6978.821      1.2210757E-04
   6982.121      1.2210757E-04
   6985.421      1.2210757E-04
   6988.722      1.2210757E-04
   6992.023      1.2210757E-04
   6995.324      1.2210757E-04
   6998.625      1.2210757E-04
   7001.925      1.2210757E-04
   7005.227      1.2210757E-04
   7008.528      1.2210757E-04
   7011.829      1.2210757E-04
   7015.130      1.2210757E-04
   7018.432      1.2210757E-04
   7021.733      1.2210757E-04
   7025.035      1.2210757E-04
   7028.336      1.2210757E-04
   7031.638      1.2210757E-04
   7034.940      1.2210757E-04
   7038.242      1.2210757E-04
   7041.543      1.2210757E-04
   7044.846      1.2210757E-04
