 6.40022e+03  1.77433e-03
 6.40049e+03  1.78812e-03
 6.40075e+03  1.82659e-03
 6.40101e+03  1.79638e-03
 6.40127e+03  1.82862e-03
 6.40153e+03  1.77725e-03
 6.40179e+03  1.65666e-03
 6.40205e+03  1.70280e-03
 6.40231e+03  1.73729e-03
 6.40258e+03  1.78435e-03
 6.40284e+03  1.82619e-03
 6.40310e+03  1.77228e-03
 6.40336e+03  1.95150e-03
 6.40362e+03  1.79251e-03
 6.40388e+03  1.81375e-03
 6.40414e+03  1.88233e-03
 6.40440e+03  1.80336e-03
 6.40467e+03  1.77731e-03
 6.40493e+03  1.85900e-03
 6.40519e+03  1.82898e-03
 6.40545e+03  1.95905e-03
 6.40571e+03  1.86653e-03
 6.40597e+03  1.95761e-03
 6.40623e+03  2.00791e-03
 6.40650e+03  1.87656e-03
 6.40676e+03  1.95149e-03
 6.40702e+03  1.96087e-03
 6.40728e+03  2.00702e-03
 6.40754e+03  2.03573e-03
 6.40780e+03  1.95548e-03
 6.40806e+03  1.94710e-03
 6.40832e+03  1.95671e-03
 6.40859e+03  1.98895e-03
 6.40885e+03  2.03604e-03
 6.40911e+03  1.99906e-03
 6.40937e+03  2.01182e-03
 6.40963e+03  2.08642e-03
 6.40989e+03  2.05361e-03
 6.41015e+03  1.93357e-03
 6.41042e+03  1.96791e-03
 6.41068e+03  1.99889e-03
 6.41094e+03  2.01411e-03
 6.41120e+03  2.08310e-03
 6.41146e+03  2.01085e-03
 6.41172e+03  2.17033e-03
 6.41198e+03  2.10268e-03
 6.41224e+03  2.13114e-03
 6.41251e+03  1.99408e-03
 6.41277e+03  2.08015e-03
 6.41303e+03  2.19399e-03
 6.41329e+03  2.09700e-03
 6.41355e+03  2.13287e-03
 6.41381e+03  2.22698e-03
 6.41407e+03  2.08613e-03
 6.41433e+03  2.10663e-03
 6.41460e+03  2.22667e-03
 6.41486e+03  2.19235e-03
 6.41512e+03  2.14694e-03
 6.41538e+03  2.24869e-03
 6.41564e+03  2.26082e-03
 6.41590e+03  2.22702e-03
 6.41616e+03  2.21022e-03
 6.41642e+03  2.31976e-03
 6.41669e+03  2.32832e-03
 6.41695e+03  2.18674e-03
 6.41721e+03  2.27191e-03
 6.41747e+03  2.24067e-03
 6.41773e+03  2.25742e-03
 6.41799e+03  2.22462e-03
 6.41825e+03  2.24176e-03
 6.41852e+03  2.32420e-03
 6.41878e+03  2.39617e-03
 6.41904e+03  2.31651e-03
 6.41930e+03  2.31650e-03
 6.41956e+03  2.32998e-03
 6.41982e+03  2.37753e-03
 6.42008e+03  2.39296e-03
 6.42034e+03  2.38030e-03
 6.42061e+03  2.45522e-03
 6.42087e+03  2.47927e-03
 6.42113e+03  2.42602e-03
 6.42139e+03  2.40092e-03
 6.42165e+03  2.39772e-03
 6.42191e+03  2.39892e-03
 6.42217e+03  2.43072e-03
 6.42243e+03  2.42782e-03
 6.42270e+03  2.42929e-03
 6.42296e+03  2.49468e-03
 6.42322e+03  2.60385e-03
 6.42348e+03  2.55755e-03
 6.42374e+03  2.53207e-03
 6.42400e+03  2.49392e-03
 6.42426e+03  2.53886e-03
 6.42452e+03  2.61622e-03
 6.42479e+03  2.54191e-03
 6.42505e+03  2.65828e-03
 6.42531e+03  2.62037e-03
 6.42557e+03  2.61289e-03
 6.42583e+03  2.58461e-03
 6.42609e+03  2.61627e-03
 6.42635e+03  2.64337e-03
 6.42662e+03  2.59720e-03
 6.42688e+03  2.70806e-03
 6.42714e+03  2.69488e-03
 6.42740e+03  2.67449e-03
 6.42766e+03  2.69245e-03
 6.42792e+03  2.66492e-03
 6.42818e+03  2.77035e-03
 6.42844e+03  2.81445e-03
 6.42871e+03  2.83937e-03
 6.42897e+03  2.69018e-03
 6.42923e+03  2.92703e-03
 6.42949e+03  2.76649e-03
 6.42975e+03  2.85919e-03
 6.43001e+03  2.78532e-03
 6.43027e+03  2.76786e-03
 6.43053e+03  2.93763e-03
 6.43080e+03  2.91585e-03
 6.43106e+03  2.83223e-03
 6.43132e+03  2.91786e-03
 6.43158e+03  2.89299e-03
 6.43184e+03  3.02070e-03
 6.43210e+03  3.08347e-03
 6.43236e+03  2.97295e-03
 6.43263e+03  3.06873e-03
 6.43289e+03  3.07997e-03
 6.43315e+03  2.99766e-03
 6.43341e+03  3.08849e-03
 6.43367e+03  3.11371e-03
 6.43393e+03  3.04818e-03
 6.43419e+03  3.21596e-03
 6.43445e+03  3.19983e-03
 6.43472e+03  2.96137e-03
 6.43498e+03  3.21335e-03
 6.43524e+03  3.20959e-03
 6.43550e+03  3.19622e-03
 6.43576e+03  3.14773e-03
 6.43602e+03  3.28163e-03
 6.43628e+03  3.24889e-03
 6.43654e+03  3.28545e-03
 6.43681e+03  3.27363e-03
 6.43707e+03  3.27935e-03
 6.43733e+03  3.25824e-03
 6.43759e+03  3.32908e-03
 6.43785e+03  3.39801e-03
 6.43811e+03  3.52106e-03
 6.43837e+03  3.41763e-03
 6.43864e+03  3.37077e-03
 6.43890e+03  3.34123e-03
 6.43916e+03  3.37685e-03
 6.43942e+03  3.41136e-03
 6.43968e+03  3.45483e-03
 6.43994e+03  3.60759e-03
 6.44020e+03  3.42158e-03
 6.44046e+03  3.33881e-03
 6.44073e+03  3.61614e-03
 6.44099e+03  3.51611e-03
 6.44125e+03  3.73331e-03
 6.44151e+03  3.61470e-03
 6.44177e+03  3.76079e-03
 6.44203e+03  3.62636e-03
 6.44229e+03  3.62870e-03
 6.44255e+03  3.82763e-03
 6.44282e+03  3.83719e-03
 6.44308e+03  3.66036e-03
 6.44334e+03  3.67512e-03
 6.44360e+03  3.85661e-03
 6.44386e+03  3.68766e-03
 6.44412e+03  3.87093e-03
 6.44438e+03  3.85201e-03
 6.44465e+03  3.89973e-03
 6.44491e+03  3.95960e-03
 6.44517e+03  3.95563e-03
 6.44543e+03  3.89113e-03
 6.44569e+03  3.99576e-03
 6.44595e+03  3.93510e-03
 6.44621e+03  4.08402e-03
 6.44647e+03  4.06875e-03
 6.44674e+03  4.08402e-03
 6.44700e+03  4.12238e-03
 6.44726e+03  4.12381e-03
 6.44752e+03  4.09008e-03
 6.44778e+03  4.13687e-03
 6.44804e+03  4.10912e-03
 6.44830e+03  4.22579e-03
 6.44856e+03  4.23173e-03
 6.44883e+03  4.31030e-03
 6.44909e+03  4.11811e-03
 6.44935e+03  4.21541e-03
 6.44961e+03  4.30277e-03
 6.44987e+03  4.41893e-03
 6.45013e+03  4.29135e-03
 6.45039e+03  4.42863e-03
 6.45065e+03  4.44710e-03
 6.45092e+03  4.34951e-03
 6.45118e+03  4.34395e-03
 6.45144e+03  4.52854e-03
 6.45170e+03  4.53338e-03
 6.45196e+03  4.59266e-03
 6.45222e+03  4.44239e-03
 6.45248e+03  4.59158e-03
 6.45275e+03  4.67914e-03
 6.45301e+03  4.58506e-03
 6.45327e+03  4.66313e-03
 6.45353e+03  4.79560e-03
 6.45379e+03  4.67929e-03
 6.45405e+03  4.85256e-03
 6.45431e+03  4.65246e-03
 6.45457e+03  4.82974e-03
 6.45484e+03  4.85706e-03
 6.45510e+03  4.94536e-03
 6.45536e+03  4.93596e-03
 6.45562e+03  4.99825e-03
 6.45588e+03  5.03458e-03
 6.45614e+03  5.16582e-03
 6.45640e+03  5.11910e-03
 6.45667e+03  4.99535e-03
 6.45693e+03  5.05465e-03
 6.45719e+03  5.18641e-03
 6.45745e+03  5.19391e-03
 6.45771e+03  4.99622e-03
 6.45797e+03  5.44156e-03
 6.45823e+03  5.28919e-03
 6.45849e+03  5.33304e-03
 6.45876e+03  5.31971e-03
 6.45902e+03  5.54277e-03
 6.45928e+03  5.44675e-03
 6.45954e+03  5.51735e-03
 6.45980e+03  5.43309e-03
 6.46006e+03  5.46597e-03
 6.46032e+03  5.59687e-03
 6.46058e+03  5.63784e-03
 6.46085e+03  5.64930e-03
 6.46111e+03  5.62664e-03
 6.46137e+03  5.78212e-03
 6.46163e+03  5.83224e-03
 6.46189e+03  5.83976e-03
 6.46215e+03  5.94725e-03
 6.46241e+03  5.89490e-03
 6.46267e+03  5.83745e-03
 6.46294e+03  5.88175e-03
 6.46320e+03  6.19327e-03
 6.46346e+03  5.95916e-03
 6.46372e+03  6.05093e-03
 6.46398e+03  6.09887e-03
 6.46424e+03  6.16252e-03
 6.46450e+03  6.22430e-03
 6.46477e+03  6.39351e-03
 6.46503e+03  6.14066e-03
 6.46529e+03  6.38971e-03
 6.46555e+03  6.22986e-03
 6.46581e+03  6.21471e-03
 6.46607e+03  6.54270e-03
 6.46633e+03  6.67071e-03
 6.46659e+03  6.62998e-03
 6.46686e+03  6.52853e-03
 6.46712e+03  6.86409e-03
 6.46738e+03  6.71346e-03
 6.46764e+03  6.82102e-03
 6.46790e+03  6.72080e-03
 6.46816e+03  6.91145e-03
 6.46842e+03  6.96780e-03
 6.46868e+03  7.00602e-03
 6.46895e+03  6.91925e-03
 6.46921e+03  7.03184e-03
 6.46947e+03  7.11304e-03
 6.46973e+03  7.24152e-03
 6.46999e+03  7.04605e-03
 6.47025e+03  7.40744e-03
 6.47051e+03  7.33384e-03
 6.47077e+03  7.52155e-03
 6.47104e+03  7.26370e-03
 6.47130e+03  7.36723e-03
 6.47156e+03  7.53257e-03
 6.47182e+03  7.49918e-03
 6.47208e+03  7.62184e-03
 6.47234e+03  7.76071e-03
 6.47260e+03  7.86385e-03
 6.47287e+03  7.94558e-03
 6.47313e+03  8.03324e-03
 6.47339e+03  7.99916e-03
 6.47365e+03  8.11336e-03
 6.47391e+03  7.99367e-03
 6.47417e+03  8.32856e-03
 6.47443e+03  8.18087e-03
 6.47469e+03  8.20934e-03
 6.47496e+03  8.33946e-03
 6.47522e+03  8.38123e-03
 6.47548e+03  8.39355e-03
 6.47574e+03  8.54784e-03
 6.47600e+03  8.54065e-03
 6.47626e+03  8.75587e-03
 6.47652e+03  8.87632e-03
 6.47679e+03  8.71752e-03
 6.47705e+03  8.83793e-03
 6.47731e+03  8.96371e-03
 6.47757e+03  8.97420e-03
 6.47783e+03  9.05538e-03
 6.47809e+03  9.17511e-03
 6.47835e+03  9.15606e-03
 6.47861e+03  9.39303e-03
 6.47888e+03  9.30350e-03
 6.47914e+03  9.39917e-03
 6.47940e+03  9.47628e-03
 6.47966e+03  9.77425e-03
 6.47992e+03  9.69758e-03
 6.48018e+03  9.68175e-03
 6.48044e+03  9.54279e-03
 6.48070e+03  9.75772e-03
 6.48097e+03  1.02028e-02
 6.48123e+03  1.01566e-02
 6.48149e+03  1.01430e-02
 6.48175e+03  1.03765e-02
 6.48201e+03  1.03381e-02
 6.48227e+03  1.05448e-02
 6.48253e+03  1.07346e-02
 6.48279e+03  1.05768e-02
 6.48306e+03  1.07142e-02
 6.48332e+03  1.08531e-02
 6.48358e+03  1.09354e-02
 6.48384e+03  1.09455e-02
 6.48410e+03  1.09428e-02
 6.48436e+03  1.12848e-02
 6.48462e+03  1.11980e-02
 6.48489e+03  1.14322e-02
 6.48515e+03  1.14450e-02
 6.48541e+03  1.15014e-02
 6.48567e+03  1.16591e-02
 6.48593e+03  1.16963e-02
 6.48619e+03  1.21700e-02
 6.48645e+03  1.20342e-02
 6.48671e+03  1.21878e-02
 6.48698e+03  1.20561e-02
 6.48724e+03  1.22238e-02
 6.48750e+03  1.23589e-02
 6.48776e+03  1.24709e-02
 6.48802e+03  1.25170e-02
 6.48828e+03  1.29072e-02
 6.48854e+03  1.29065e-02
 6.48880e+03  1.30796e-02
 6.48907e+03  1.28902e-02
 6.48933e+03  1.32489e-02
 6.48959e+03  1.33723e-02
 6.48985e+03  1.33207e-02
 6.49011e+03  1.36694e-02
 6.49037e+03  1.34146e-02
 6.49063e+03  1.39252e-02
 6.49090e+03  1.40061e-02
 6.49116e+03  1.39897e-02
 6.49142e+03  1.40254e-02
 6.49168e+03  1.42821e-02
 6.49194e+03  1.43202e-02
 6.49220e+03  1.45204e-02
 6.49246e+03  1.46985e-02
 6.49272e+03  1.48259e-02
 6.49299e+03  1.50060e-02
 6.49325e+03  1.50141e-02
 6.49351e+03  1.51604e-02
 6.49377e+03  1.54488e-02
 6.49403e+03  1.55710e-02
 6.49429e+03  1.58317e-02
 6.49455e+03  1.57251e-02
 6.49481e+03  1.58797e-02
 6.49508e+03  1.62259e-02
 6.49534e+03  1.63654e-02
 6.49560e+03  1.63770e-02
 6.49586e+03  1.62295e-02
 6.49612e+03  1.70212e-02
 6.49638e+03  1.68262e-02
 6.49664e+03  1.70186e-02
 6.49691e+03  1.71847e-02
 6.49717e+03  1.74173e-02
 6.49743e+03  1.76587e-02
 6.49769e+03  1.77087e-02
 6.49795e+03  1.77787e-02
 6.49821e+03  1.81323e-02
 6.49847e+03  1.81637e-02
 6.49873e+03  1.83438e-02
 6.49900e+03  1.85351e-02
 6.49926e+03  1.86190e-02
 6.49952e+03  1.88392e-02
 6.49978e+03  1.89853e-02
 6.50004e+03  1.91795e-02
 6.50030e+03  1.95748e-02
 6.50056e+03  1.95119e-02
 6.50082e+03  1.95933e-02
 6.50109e+03  2.00641e-02
 6.50135e+03  2.00964e-02
 6.50161e+03  2.05841e-02
 6.50187e+03  2.06299e-02
 6.50213e+03  2.07974e-02
 6.50239e+03  2.11103e-02
 6.50265e+03  2.10842e-02
 6.50292e+03  2.16652e-02
 6.50318e+03  2.16470e-02
 6.50344e+03  2.17505e-02
 6.50370e+03  2.19956e-02
 6.50396e+03  2.24233e-02
 6.50422e+03  2.26743e-02
 6.50448e+03  2.26299e-02
 6.50474e+03  2.28731e-02
 6.50501e+03  2.31938e-02
 6.50527e+03  2.37164e-02
 6.50553e+03  2.35342e-02
 6.50579e+03  2.37720e-02
 6.50605e+03  2.42927e-02
 6.50631e+03  2.45969e-02
 6.50657e+03  2.50177e-02
 6.50683e+03  2.49372e-02
 6.50710e+03  2.55267e-02
 6.50736e+03  2.53244e-02
 6.50762e+03  2.58507e-02
 6.50788e+03  2.59349e-02
 6.50814e+03  2.62643e-02
 6.50840e+03  2.68538e-02
 6.50866e+03  2.71320e-02
 6.50892e+03  2.73686e-02
 6.50919e+03  2.75343e-02
 6.50945e+03  2.76400e-02
 6.50971e+03  2.81589e-02
 6.50997e+03  2.83872e-02
 6.51023e+03  2.87372e-02
 6.51049e+03  2.89202e-02
 6.51075e+03  2.93497e-02
 6.51102e+03  2.96844e-02
 6.51128e+03  3.00127e-02
 6.51154e+03  2.98961e-02
 6.51180e+03  3.05939e-02
 6.51206e+03  3.08451e-02
 6.51232e+03  3.14218e-02
 6.51258e+03  3.15128e-02
 6.51284e+03  3.18578e-02
 6.51311e+03  3.22957e-02
 6.51337e+03  3.22826e-02
 6.51363e+03  3.30277e-02
 6.51389e+03  3.31921e-02
 6.51415e+03  3.34550e-02
 6.51441e+03  3.37078e-02
 6.51467e+03  3.43353e-02
 6.51493e+03  3.45740e-02
 6.51520e+03  3.54059e-02
 6.51546e+03  3.55590e-02
 6.51572e+03  3.61840e-02
 6.51598e+03  3.64190e-02
 6.51624e+03  3.68466e-02
 6.51650e+03  3.74179e-02
 6.51676e+03  3.78662e-02
 6.51703e+03  3.80230e-02
 6.51729e+03  3.82211e-02
 6.51755e+03  3.89778e-02
 6.51781e+03  3.95529e-02
 6.51807e+03  3.99440e-02
 6.51833e+03  4.04475e-02
 6.51859e+03  4.08502e-02
 6.51885e+03  4.11753e-02
 6.51912e+03  4.17308e-02
 6.51938e+03  4.18647e-02
 6.51964e+03  4.27703e-02
 6.51990e+03  4.27965e-02
 6.52016e+03  4.37004e-02
 6.52042e+03  4.37143e-02
 6.52068e+03  4.47102e-02
 6.52094e+03  4.52769e-02
 6.52121e+03  4.54981e-02
 6.52147e+03  4.58741e-02
 6.52173e+03  4.67154e-02
 6.52199e+03  4.71677e-02
 6.52225e+03  4.78304e-02
 6.52251e+03  4.84039e-02
 6.52277e+03  4.94295e-02
 6.52304e+03  4.93336e-02
 6.52330e+03  5.01646e-02
 6.52356e+03  5.05316e-02
 6.52382e+03  5.11691e-02
 6.52408e+03  5.18263e-02
 6.52434e+03  5.26203e-02
 6.52460e+03  5.32898e-02
 6.52486e+03  5.38434e-02
 6.52513e+03  5.47294e-02
 6.52539e+03  5.48473e-02
 6.52565e+03  5.55083e-02
 6.52591e+03  5.65511e-02
 6.52617e+03  5.72968e-02
 6.52643e+03  5.79712e-02
 6.52669e+03  5.86951e-02
 6.52695e+03  5.96432e-02
 6.52722e+03  5.99322e-02
 6.52748e+03  6.08978e-02
 6.52774e+03  6.18044e-02
 6.52800e+03  6.21785e-02
 6.52826e+03  6.31127e-02
 6.52852e+03  6.37216e-02
 6.52878e+03  6.51427e-02
 6.52904e+03  6.48695e-02
 6.52931e+03  6.62591e-02
 6.52957e+03  6.66621e-02
 6.52983e+03  6.75159e-02
 6.53009e+03  6.84807e-02
 6.53035e+03  6.96182e-02
 6.53061e+03  7.04652e-02
 6.53087e+03  7.13246e-02
 6.53114e+03  7.21000e-02
 6.53140e+03  7.29677e-02
 6.53166e+03  7.42303e-02
 6.53192e+03  7.50249e-02
 6.53218e+03  7.57328e-02
 6.53244e+03  7.69657e-02
 6.53270e+03  7.72054e-02
 6.53296e+03  7.86722e-02
 6.53323e+03  7.96036e-02
 6.53349e+03  8.12447e-02
 6.53375e+03  8.21347e-02
 6.53401e+03  8.25237e-02
 6.53427e+03  8.39928e-02
 6.53453e+03  8.37284e-02
 6.53479e+03  8.58178e-02
 6.53505e+03  8.71975e-02
 6.53532e+03  8.77371e-02
 6.53558e+03  8.91149e-02
 6.53584e+03  9.01011e-02
 6.53610e+03  9.12243e-02
 6.53636e+03  9.20895e-02
 6.53662e+03  9.43271e-02
 6.53688e+03  9.52361e-02
 6.53715e+03  9.58345e-02
 6.53741e+03  9.71284e-02
 6.53767e+03  9.87454e-02
 6.53793e+03  1.00307e-01
 6.53819e+03  1.01880e-01
 6.53845e+03  1.02202e-01
 6.53871e+03  1.03494e-01
 6.53897e+03  1.05225e-01
 6.53924e+03  1.06407e-01
 6.53950e+03  1.07159e-01
 6.53976e+03  1.09218e-01
 6.54002e+03  1.10790e-01
 6.54028e+03  1.12854e-01
 6.54054e+03  1.13231e-01
 6.54080e+03  1.14882e-01
 6.54106e+03  1.16982e-01
 6.54133e+03  1.17685e-01
 6.54159e+03  1.19545e-01
 6.54185e+03  1.20578e-01
 6.54211e+03  1.22454e-01
 6.54237e+03  1.24782e-01
 6.54263e+03  1.26031e-01
 6.54289e+03  1.27924e-01
 6.54316e+03  1.28703e-01
 6.54342e+03  1.30802e-01
 6.54368e+03  1.33132e-01
 6.54394e+03  1.34358e-01
 6.54420e+03  1.36034e-01
 6.54446e+03  1.37619e-01
 6.54472e+03  1.39421e-01
 6.54498e+03  1.41960e-01
 6.54525e+03  1.43508e-01
 6.54551e+03  1.45994e-01
 6.54577e+03  1.47139e-01
 6.54603e+03  1.48711e-01
 6.54629e+03  1.51110e-01
 6.54655e+03  1.52721e-01
 6.54681e+03  1.54692e-01
 6.54707e+03  1.58061e-01
 6.54734e+03  1.58598e-01
 6.54760e+03  1.61586e-01
 6.54786e+03  1.63266e-01
 6.54812e+03  1.65192e-01
 6.54838e+03  1.66836e-01
 6.54864e+03  1.69041e-01
 6.54890e+03  1.71834e-01
 6.54917e+03  1.74270e-01
 6.54943e+03  1.75711e-01
 6.54969e+03  1.79154e-01
 6.54995e+03  1.81074e-01
 6.55021e+03  1.83139e-01
 6.55047e+03  1.86267e-01
 6.55073e+03  1.88454e-01
 6.55099e+03  1.90790e-01
 6.55126e+03  1.93207e-01
 6.55152e+03  1.95347e-01
 6.55178e+03  1.99247e-01
 6.55204e+03  1.99798e-01
 6.55230e+03  2.03405e-01
 6.55256e+03  2.05958e-01
 6.55282e+03  2.08407e-01
 6.55308e+03  2.10637e-01
 6.55335e+03  2.13669e-01
 6.55361e+03  2.17757e-01
 6.55387e+03  2.19690e-01
 6.55413e+03  2.23418e-01
 6.55439e+03  2.24694e-01
 6.55465e+03  2.27297e-01
 6.55491e+03  2.30573e-01
 6.55517e+03  2.33693e-01
 6.55544e+03  2.36825e-01
 6.55570e+03  2.39026e-01
 6.55596e+03  2.42993e-01
 6.55622e+03  2.44618e-01
 6.55648e+03  2.48460e-01
 6.55674e+03  2.52213e-01
 6.55700e+03  2.54836e-01
 6.55727e+03  2.58689e-01
 6.55753e+03  2.59616e-01
 6.55779e+03  2.64182e-01
 6.55805e+03  2.67062e-01
 6.55831e+03  2.71188e-01
 6.55857e+03  2.74379e-01
 6.55883e+03  2.75854e-01
 6.55909e+03  2.80658e-01
 6.55936e+03  2.83014e-01
 6.55962e+03  2.88206e-01
 6.55988e+03  2.91226e-01
 6.56014e+03  2.94398e-01
 6.56040e+03  2.97308e-01
 6.56066e+03  3.01081e-01
 6.56092e+03  3.05041e-01
 6.56119e+03  3.08046e-01
 6.56145e+03  3.12798e-01
 6.56171e+03  3.13956e-01
 6.56197e+03  3.20343e-01
 6.56223e+03  3.21899e-01
 6.56249e+03  3.27004e-01
 6.56275e+03  3.30354e-01
 6.56301e+03  3.33706e-01
 6.56328e+03  3.38777e-01
 6.56354e+03  3.41525e-01
 6.56380e+03  3.46577e-01
 6.56406e+03  3.49702e-01
 6.56432e+03  3.52991e-01
 6.56458e+03  3.58237e-01
 6.56484e+03  3.59896e-01
 6.56510e+03  3.65285e-01
 6.56537e+03  3.69774e-01
 6.56563e+03  3.73122e-01
 6.56589e+03  3.76088e-01
 6.56615e+03  3.81765e-01
 6.56641e+03  3.86026e-01
 6.56667e+03  3.89576e-01
 6.56693e+03  3.94559e-01
 6.56719e+03  3.98618e-01
 6.56746e+03  4.01911e-01
 6.56772e+03  4.04657e-01
 6.56798e+03  4.10740e-01
 6.56824e+03  4.14641e-01
 6.56850e+03  4.18606e-01
 6.56876e+03  4.23732e-01
 6.56902e+03  4.26293e-01
 6.56929e+03  4.31683e-01
 6.56955e+03  4.35438e-01
 6.56981e+03  4.41419e-01
 6.57007e+03  4.43775e-01
 6.57033e+03  4.48922e-01
 6.57059e+03  4.50977e-01
 6.57085e+03  4.56861e-01
 6.57111e+03  4.60649e-01
 6.57138e+03  4.65029e-01
 6.57164e+03  4.68406e-01
 6.57190e+03  4.72236e-01
 6.57216e+03  4.77188e-01
 6.57242e+03  4.82752e-01
 6.57268e+03  4.86054e-01
 6.57294e+03  4.90598e-01
 6.57320e+03  4.92904e-01
 6.57347e+03  4.98879e-01
 6.57373e+03  5.01486e-01
 6.57399e+03  5.07317e-01
 6.57425e+03  5.11616e-01
 6.57451e+03  5.13945e-01
 6.57477e+03  5.19401e-01
 6.57503e+03  5.21524e-01
 6.57529e+03  5.27048e-01
 6.57556e+03  5.30614e-01
 6.57582e+03  5.35210e-01
 6.57608e+03  5.39508e-01
 6.57634e+03  5.41717e-01
 6.57660e+03  5.46192e-01
 6.57686e+03  5.50647e-01
 6.57712e+03  5.54661e-01
 6.57739e+03  5.57586e-01
 6.57765e+03  5.61676e-01
 6.57791e+03  5.64427e-01
 6.57817e+03  5.69209e-01
 6.57843e+03  5.71979e-01
 6.57869e+03  5.76948e-01
 6.57895e+03  5.80185e-01
 6.57921e+03  5.83376e-01
 6.57948e+03  5.87370e-01
 6.57974e+03  5.91291e-01
 6.58000e+03  5.94601e-01
 6.58026e+03  6.00330e-01
 6.58052e+03  6.00809e-01
 6.58078e+03  6.03518e-01
 6.58104e+03  6.09551e-01
 6.58131e+03  6.12060e-01
 6.58157e+03  6.16035e-01
 6.58183e+03  6.20585e-01
 6.58209e+03  6.20739e-01
 6.58235e+03  6.25923e-01
 6.58261e+03  6.30249e-01
 6.58287e+03  6.33462e-01
 6.58313e+03  6.35603e-01
 6.58340e+03  6.38592e-01
 6.58366e+03  6.43884e-01
 6.58392e+03  6.45370e-01
 6.58418e+03  6.48067e-01
 6.58444e+03  6.51942e-01
 6.58470e+03  6.53889e-01
 6.58496e+03  6.56446e-01
 6.58522e+03  6.61063e-01
 6.58549e+03  6.63978e-01
 6.58575e+03  6.65789e-01
 6.58601e+03  6.70863e-01
 6.58627e+03  6.72039e-01
 6.58653e+03  6.75054e-01
 6.58679e+03  6.78014e-01
 6.58705e+03  6.80352e-01
 6.58731e+03  6.83825e-01
 6.58758e+03  6.85056e-01
 6.58784e+03  6.89264e-01
 6.58810e+03  6.91371e-01
 6.58836e+03  6.93672e-01
 6.58862e+03  6.95216e-01
 6.58888e+03  7.00328e-01
 6.58914e+03  7.01284e-01
 6.58941e+03  7.03567e-01
 6.58967e+03  7.07357e-01
 6.58993e+03  7.05137e-01
 6.59019e+03  7.09607e-01
 6.59045e+03  7.13690e-01
 6.59071e+03  7.14904e-01
 6.59097e+03  7.16556e-01
 6.59123e+03  7.17169e-01
 6.59150e+03  7.21998e-01
 6.59176e+03  7.22237e-01
 6.59202e+03  7.24102e-01
 6.59228e+03  7.27766e-01
 6.59254e+03  7.28471e-01
 6.59280e+03  7.30725e-01
 6.59306e+03  7.30034e-01
 6.59332e+03  7.34075e-01
 6.59359e+03  7.35864e-01
 6.59385e+03  7.36266e-01
 6.59411e+03  7.36063e-01
 6.59437e+03  7.39236e-01
 6.59463e+03  7.42328e-01
 6.59489e+03  7.42915e-01
 6.59515e+03  7.42576e-01
 6.59542e+03  7.43875e-01
 6.59568e+03  7.47125e-01
 6.59594e+03  7.47499e-01
 6.59620e+03  7.49754e-01
 6.59646e+03  7.50660e-01
 6.59672e+03  7.51909e-01
 6.59698e+03  7.52999e-01
 6.59724e+03  7.53864e-01
 6.59751e+03  7.54698e-01
 6.59777e+03  7.56433e-01
 6.59803e+03  7.58511e-01
 6.59829e+03  7.56771e-01
 6.59855e+03  7.59860e-01
 6.59881e+03  7.59583e-01
 6.59907e+03  7.61800e-01
 6.59933e+03  7.62625e-01
 6.59960e+03  7.65098e-01
 6.59986e+03  7.64242e-01
 6.60012e+03  7.65186e-01
 6.60038e+03  7.64437e-01
 6.60064e+03  7.66216e-01
 6.60090e+03  7.68697e-01
 6.60116e+03  7.68501e-01
 6.60143e+03  7.69887e-01
 6.60169e+03  7.69317e-01
 6.60195e+03  7.73108e-01
 6.60221e+03  7.70327e-01
 6.60247e+03  7.71081e-01
 6.60273e+03  7.72697e-01
 6.60299e+03  7.73803e-01
 6.60325e+03  7.74164e-01
 6.60352e+03  7.74290e-01
 6.60378e+03  7.76427e-01
 6.60404e+03  7.79339e-01
 6.60430e+03  7.77675e-01
 6.60456e+03  7.78418e-01
 6.60482e+03  7.79337e-01
 6.60508e+03  7.79727e-01
 6.60534e+03  7.80599e-01
 6.60561e+03  7.82157e-01
 6.60587e+03  7.81506e-01
 6.60613e+03  7.82051e-01
 6.60639e+03  7.85689e-01
 6.60665e+03  7.86202e-01
 6.60691e+03  7.84921e-01
 6.60717e+03  7.85608e-01
 6.60744e+03  7.84136e-01
 6.60770e+03  7.86275e-01
 6.60796e+03  7.88611e-01
 6.60822e+03  7.88060e-01
 6.60848e+03  7.88847e-01
 6.60874e+03  7.89984e-01
 6.60900e+03  7.89543e-01
 6.60926e+03  7.87466e-01
 6.60953e+03  7.90142e-01
 6.60979e+03  7.91727e-01
 6.61005e+03  7.92388e-01
 6.61031e+03  7.93432e-01
 6.61057e+03  7.93254e-01
 6.61083e+03  7.93991e-01
 6.61109e+03  7.94234e-01
 6.61135e+03  7.96049e-01
 6.61162e+03  7.95764e-01
 6.61188e+03  7.95509e-01
 6.61214e+03  7.95522e-01
 6.61240e+03  7.96320e-01
 6.61266e+03  7.96336e-01
 6.61292e+03  7.96491e-01
 6.61318e+03  7.99330e-01
 6.61344e+03  7.97982e-01
 6.61371e+03  8.00276e-01
 6.61397e+03  7.99269e-01
 6.61423e+03  7.98136e-01
 6.61449e+03  7.98298e-01
 6.61475e+03  7.99748e-01
 6.61501e+03  8.00423e-01
 6.61527e+03  8.01380e-01
 6.61554e+03  8.02841e-01
 6.61580e+03  8.01260e-01
 6.61606e+03  8.00575e-01
 6.61632e+03  8.01267e-01
 6.61658e+03  8.01508e-01
 6.61684e+03  8.00940e-01
 6.61710e+03  8.03588e-01
 6.61736e+03  8.02057e-01
 6.61763e+03  8.03725e-01
 6.61789e+03  8.03548e-01
 6.61815e+03  8.04104e-01
 6.61841e+03  8.04851e-01
 6.61867e+03  8.03863e-01
 6.61893e+03  8.03949e-01
 6.61919e+03  8.05848e-01
 6.61945e+03  8.05134e-01
 6.61972e+03  8.02960e-01
 6.61998e+03  8.05060e-01
 6.62024e+03  8.04828e-01
 6.62050e+03  8.05328e-01
 6.62076e+03  8.06881e-01
 6.62102e+03  8.05606e-01
 6.62128e+03  8.06026e-01
 6.62155e+03  8.08506e-01
 6.62181e+03  8.06587e-01
 6.62207e+03  8.06166e-01
 6.62233e+03  8.07429e-01
 6.62259e+03  8.07913e-01
 6.62285e+03  8.06800e-01
 6.62311e+03  8.09039e-01
 6.62337e+03  8.08753e-01
 6.62364e+03  8.08773e-01
 6.62390e+03  8.09872e-01
 6.62416e+03  8.11570e-01
 6.62442e+03  8.09467e-01
 6.62468e+03  8.09597e-01
 6.62494e+03  8.11012e-01
 6.62520e+03  8.13813e-01
 6.62546e+03  8.12831e-01
 6.62573e+03  8.14078e-01
 6.62599e+03  8.11585e-01
 6.62625e+03  8.11546e-01
 6.62651e+03  8.14822e-01
 6.62677e+03  8.15470e-01
 6.62703e+03  8.15314e-01
 6.62729e+03  8.15351e-01
 6.62756e+03  8.14587e-01
 6.62782e+03  8.15664e-01
 6.62808e+03  8.15708e-01
 6.62834e+03  8.13873e-01
 6.62860e+03  8.16587e-01
 6.62886e+03  8.17231e-01
 6.62912e+03  8.15556e-01
 6.62938e+03  8.18713e-01
 6.62965e+03  8.19826e-01
 6.62991e+03  8.18936e-01
 6.63017e+03  8.20063e-01
 6.63043e+03  8.18788e-01
 6.63069e+03  8.19876e-01
 6.63095e+03  8.20741e-01
 6.63121e+03  8.22281e-01
 6.63147e+03  8.22661e-01
 6.63174e+03  8.20755e-01
 6.63200e+03  8.19324e-01
 6.63226e+03  8.21145e-01
 6.63252e+03  8.21546e-01
 6.63278e+03  8.24907e-01
 6.63304e+03  8.24144e-01
 6.63330e+03  8.23138e-01
 6.63356e+03  8.24271e-01
 6.63383e+03  8.23202e-01
 6.63409e+03  8.22991e-01
 6.63435e+03  8.25262e-01
 6.63461e+03  8.24135e-01
 6.63487e+03  8.25562e-01
 6.63513e+03  8.24368e-01
 6.63539e+03  8.25028e-01
 6.63566e+03  8.27470e-01
 6.63592e+03  8.25892e-01
 6.63618e+03  8.28378e-01
 6.63644e+03  8.25255e-01
 6.63670e+03  8.24934e-01
 6.63696e+03  8.28954e-01
 6.63722e+03  8.25758e-01
 6.63748e+03  8.26020e-01
 6.63775e+03  8.26399e-01
 6.63801e+03  8.28475e-01
 6.63827e+03  8.28424e-01
 6.63853e+03  8.28470e-01
 6.63879e+03  8.30193e-01
 6.63905e+03  8.28327e-01
 6.63931e+03  8.28849e-01
 6.63957e+03  8.28907e-01
 6.63984e+03  8.29204e-01
 6.64010e+03  8.29904e-01
 6.64036e+03  8.29544e-01
 6.64062e+03  8.28938e-01
 6.64088e+03  8.28805e-01
 6.64114e+03  8.29166e-01
 6.64140e+03  8.27593e-01
 6.64167e+03  8.30556e-01
 6.64193e+03  8.32103e-01
 6.64219e+03  8.30170e-01
 6.64245e+03  8.28892e-01
 6.64271e+03  8.28845e-01
 6.64297e+03  8.29056e-01
 6.64323e+03  8.31378e-01
 6.64349e+03  8.32115e-01
 6.64376e+03  8.31001e-01
 6.64402e+03  8.31275e-01
 6.64428e+03  8.30229e-01
 6.64454e+03  8.30783e-01
 6.64480e+03  8.33059e-01
 6.64506e+03  8.30802e-01
 6.64532e+03  8.29143e-01
 6.64558e+03  8.32889e-01
 6.64585e+03  8.31240e-01
 6.64611e+03  8.31749e-01
 6.64637e+03  8.33476e-01
 6.64663e+03  8.32841e-01
 6.64689e+03  8.32276e-01
 6.64715e+03  8.33048e-01
 6.64741e+03  8.33597e-01
 6.64768e+03  8.32664e-01
 6.64794e+03  8.33605e-01
 6.64820e+03  8.31358e-01
 6.64846e+03  8.30084e-01
 6.64872e+03  8.33658e-01
 6.64898e+03  8.33284e-01
 6.64924e+03  8.36925e-01
 6.64950e+03  8.34925e-01
 6.64977e+03  8.35213e-01
 6.65003e+03  8.34342e-01
 6.65029e+03  8.34768e-01
 6.65055e+03  8.34232e-01
 6.65081e+03  8.34756e-01
 6.65107e+03  8.33286e-01
 6.65133e+03  8.37004e-01
 6.65159e+03  8.35227e-01
 6.65186e+03  8.34942e-01
 6.65212e+03  8.36009e-01
 6.65238e+03  8.34437e-01
 6.65264e+03  8.35586e-01
 6.65290e+03  8.37472e-01
 6.65316e+03  8.36444e-01
 6.65342e+03  8.35293e-01
 6.65369e+03  8.36998e-01
 6.65395e+03  8.35363e-01
 6.65421e+03  8.36557e-01
 6.65447e+03  8.37695e-01
 6.65473e+03  8.37813e-01
 6.65499e+03  8.38886e-01
 6.65525e+03  8.35192e-01
 6.65551e+03  8.35034e-01
 6.65578e+03  8.36873e-01
 6.65604e+03  8.36974e-01
 6.65630e+03  8.39198e-01
 6.65656e+03  8.36380e-01
 6.65682e+03  8.36318e-01
 6.65708e+03  8.36341e-01
 6.65734e+03  8.35340e-01
 6.65760e+03  8.34238e-01
 6.65787e+03  8.35845e-01
 6.65813e+03  8.37264e-01
 6.65839e+03  8.36312e-01
 6.65865e+03  8.33902e-01
 6.65891e+03  8.36898e-01
 6.65917e+03  8.36506e-01
 6.65943e+03  8.35341e-01
 6.65969e+03  8.35548e-01
 6.65996e+03  8.34060e-01
 6.66022e+03  8.36011e-01
 6.66048e+03  8.34527e-01
 6.66074e+03  8.36022e-01
 6.66100e+03  8.34456e-01
 6.66126e+03  8.35468e-01
 6.66152e+03  8.33849e-01
 6.66179e+03  8.37705e-01
 6.66205e+03  8.36336e-01
 6.66231e+03  8.34740e-01
 6.66257e+03  8.36234e-01
 6.66283e+03  8.34362e-01
 6.66309e+03  8.35688e-01
 6.66335e+03  8.35558e-01
 6.66361e+03  8.34922e-01
 6.66388e+03  8.33880e-01
 6.66414e+03  8.34800e-01
 6.66440e+03  8.34457e-01
 6.66466e+03  8.35123e-01
 6.66492e+03  8.32993e-01
 6.66518e+03  8.35195e-01
 6.66544e+03  8.32975e-01
 6.66571e+03  8.33836e-01
 6.66597e+03  8.33517e-01
 6.66623e+03  8.34589e-01
 6.66649e+03  8.33454e-01
 6.66675e+03  8.34994e-01
 6.66701e+03  8.33522e-01
 6.66727e+03  8.34635e-01
 6.66753e+03  8.33702e-01
 6.66780e+03  8.33316e-01
 6.66806e+03  8.34764e-01
 6.66832e+03  8.35254e-01
 6.66858e+03  8.34433e-01
 6.66884e+03  8.33646e-01
 6.66910e+03  8.32006e-01
 6.66936e+03  8.32221e-01
 6.66962e+03  8.33947e-01
 6.66989e+03  8.34646e-01
 6.67015e+03  8.32152e-01
 6.67041e+03  8.33388e-01
 6.67067e+03  8.32899e-01
 6.67093e+03  8.32300e-01
 6.67119e+03  8.34128e-01
 6.67145e+03  8.32835e-01
 6.67171e+03  8.33527e-01
 6.67198e+03  8.32615e-01
 6.67224e+03  8.33532e-01
 6.67250e+03  8.33436e-01
 6.67276e+03  8.34340e-01
 6.67302e+03  8.31727e-01
 6.67328e+03  8.35456e-01
 6.67354e+03  8.32748e-01
 6.67381e+03  8.34574e-01
 6.67407e+03  8.34217e-01
 6.67433e+03  8.36839e-01
 6.67459e+03  8.33294e-01
 6.67485e+03  8.31973e-01
 6.67511e+03  8.31941e-01
 6.67537e+03  8.35052e-01
 6.67563e+03  8.34477e-01
 6.67590e+03  8.31758e-01
 6.67616e+03  8.34833e-01
 6.67642e+03  8.34220e-01
 6.67668e+03  8.32600e-01
 6.67694e+03  8.35200e-01
 6.67720e+03  8.35168e-01
 6.67746e+03  8.34315e-01
 6.67772e+03  8.34849e-01
 6.67799e+03  8.34327e-01
 6.67825e+03  8.34012e-01
 6.67851e+03  8.35502e-01
 6.67877e+03  8.36277e-01
 6.67903e+03  8.34562e-01
 6.67929e+03  8.32846e-01
 6.67955e+03  8.32346e-01
 6.67981e+03  8.33931e-01
 6.68008e+03  8.35976e-01
 6.68034e+03  8.34684e-01
 6.68060e+03  8.34989e-01
 6.68086e+03  8.34918e-01
 6.68112e+03  8.37430e-01
 6.68138e+03  8.35467e-01
 6.68164e+03  8.34580e-01
 6.68191e+03  8.36172e-01
 6.68217e+03  8.36009e-01
 6.68243e+03  8.36934e-01
 6.68269e+03  8.37002e-01
 6.68295e+03  8.39191e-01
 6.68321e+03  8.37377e-01
 6.68347e+03  8.35084e-01
 6.68373e+03  8.33465e-01
 6.68400e+03  8.34317e-01
 6.68426e+03  8.37041e-01
 6.68452e+03  8.36941e-01
 6.68478e+03  8.37098e-01
 6.68504e+03  8.36615e-01
 6.68530e+03  8.37427e-01
 6.68556e+03  8.37523e-01
 6.68583e+03  8.39893e-01
 6.68609e+03  8.38936e-01
 6.68635e+03  8.37471e-01
 6.68661e+03  8.39179e-01
 6.68687e+03  8.38729e-01
 6.68713e+03  8.39716e-01
 6.68739e+03  8.39574e-01
 6.68765e+03  8.39998e-01
 6.68792e+03  8.39340e-01
 6.68818e+03  8.38626e-01
 6.68844e+03  8.39907e-01
 6.68870e+03  8.38586e-01
 6.68896e+03  8.41598e-01
 6.68922e+03  8.39716e-01
 6.68948e+03  8.40707e-01
 6.68974e+03  8.40101e-01
 6.69001e+03  8.39500e-01
 6.69027e+03  8.40934e-01
 6.69053e+03  8.40395e-01
 6.69079e+03  8.41115e-01
 6.69105e+03  8.40574e-01
 6.69131e+03  8.40869e-01
 6.69157e+03  8.42159e-01
 6.69183e+03  8.42176e-01
 6.69210e+03  8.42973e-01
 6.69236e+03  8.43843e-01
 6.69262e+03  8.43673e-01
 6.69288e+03  8.44762e-01
 6.69314e+03  8.45424e-01
 6.69340e+03  8.44419e-01
 6.69366e+03  8.43329e-01
 6.69393e+03  8.44385e-01
 6.69419e+03  8.42820e-01
 6.69445e+03  8.45944e-01
 6.69471e+03  8.43894e-01
 6.69497e+03  8.45328e-01
 6.69523e+03  8.45622e-01
 6.69549e+03  8.44912e-01
 6.69575e+03  8.47402e-01
 6.69602e+03  8.46303e-01
 6.69628e+03  8.47024e-01
 6.69654e+03  8.47138e-01
 6.69680e+03  8.47834e-01
 6.69706e+03  8.46464e-01
 6.69732e+03  8.47858e-01
 6.69758e+03  8.46714e-01
 6.69784e+03  8.48536e-01
 6.69811e+03  8.46957e-01
 6.69837e+03  8.47254e-01
 6.69863e+03  8.46795e-01
 6.69889e+03  8.45384e-01
 6.69915e+03  8.46403e-01
 6.69941e+03  8.47418e-01
 6.69967e+03  8.44755e-01
 6.69994e+03  8.47451e-01
 6.70020e+03  8.45178e-01
 6.70046e+03  8.46662e-01
 6.70072e+03  8.47768e-01
 6.70098e+03  8.46713e-01
 6.70124e+03  8.48634e-01
 6.70150e+03  8.46121e-01
 6.70176e+03  8.46179e-01
 6.70203e+03  8.46445e-01
 6.70229e+03  8.44981e-01
 6.70255e+03  8.47204e-01
 6.70281e+03  8.44799e-01
 6.70307e+03  8.43452e-01
 6.70333e+03  8.45089e-01
 6.70359e+03  8.46012e-01
 6.70385e+03  8.44923e-01
 6.70412e+03  8.45271e-01
 6.70438e+03  8.43786e-01
 6.70464e+03  8.42193e-01
 6.70490e+03  8.42042e-01
 6.70516e+03  8.43373e-01
 6.70542e+03  8.42651e-01
 6.70568e+03  8.39966e-01
 6.70595e+03  8.40668e-01
 6.70621e+03  8.41481e-01
 6.70647e+03  8.39423e-01
 6.70673e+03  8.39623e-01
 6.70699e+03  8.39807e-01
 6.70725e+03  8.38142e-01
 6.70751e+03  8.37705e-01
 6.70777e+03  8.35919e-01
 6.70804e+03  8.37131e-01
 6.70830e+03  8.34494e-01
 6.70856e+03  8.33614e-01
 6.70882e+03  8.34453e-01
 6.70908e+03  8.32750e-01
 6.70934e+03  8.30597e-01
 6.70960e+03  8.31842e-01
 6.70986e+03  8.28636e-01
 6.71013e+03  8.29232e-01
 6.71039e+03  8.24914e-01
 6.71065e+03  8.25988e-01
 6.71091e+03  8.27054e-01
 6.71117e+03  8.23813e-01
 6.71143e+03  8.19562e-01
 6.71169e+03  8.19353e-01
 6.71196e+03  8.19619e-01
 6.71222e+03  8.18270e-01
 6.71248e+03  8.16663e-01
 6.71274e+03  8.14380e-01
 6.71300e+03  8.13327e-01
 6.71326e+03  8.09914e-01
 6.71352e+03  8.12039e-01
 6.71378e+03  8.07144e-01
 6.71405e+03  8.05625e-01
 6.71431e+03  8.04506e-01
 6.71457e+03  8.00708e-01
 6.71483e+03  8.01476e-01
 6.71509e+03  7.98735e-01
 6.71535e+03  7.96161e-01
 6.71561e+03  7.95355e-01
 6.71587e+03  7.91262e-01
 6.71614e+03  7.90950e-01
 6.71640e+03  7.85108e-01
 6.71666e+03  7.84505e-01
 6.71692e+03  7.80815e-01
 6.71718e+03  7.78840e-01
 6.71744e+03  7.75961e-01
 6.71770e+03  7.75334e-01
 6.71796e+03  7.72229e-01
 6.71823e+03  7.69228e-01
 6.71849e+03  7.67225e-01
 6.71875e+03  7.62033e-01
 6.71901e+03  7.59844e-01
 6.71927e+03  7.55290e-01
 6.71953e+03  7.55035e-01
 6.71979e+03  7.53040e-01
 6.72006e+03  7.48758e-01
 6.72032e+03  7.44674e-01
 6.72058e+03  7.41622e-01
 6.72084e+03  7.37378e-01
 6.72110e+03  7.33948e-01
 6.72136e+03  7.34021e-01
 6.72162e+03  7.27639e-01
 6.72188e+03  7.24272e-01
 6.72215e+03  7.20246e-01
 6.72241e+03  7.16508e-01
 6.72267e+03  7.11661e-01
 6.72293e+03  7.09042e-01
 6.72319e+03  7.05109e-01
 6.72345e+03  7.00104e-01
 6.72371e+03  6.96623e-01
 6.72397e+03  6.92756e-01
 6.72424e+03  6.87978e-01
 6.72450e+03  6.84157e-01
 6.72476e+03  6.80101e-01
 6.72502e+03  6.75217e-01
 6.72528e+03  6.70162e-01
 6.72554e+03  6.66703e-01
 6.72580e+03  6.65263e-01
 6.72607e+03  6.61404e-01
 6.72633e+03  6.52821e-01
 6.72659e+03  6.48669e-01
 6.72685e+03  6.44459e-01
 6.72711e+03  6.43732e-01
 6.72737e+03  6.37428e-01
 6.72763e+03  6.31827e-01
 6.72789e+03  6.25165e-01
 6.72816e+03  6.22276e-01
 6.72842e+03  6.16512e-01
 6.72868e+03  6.13678e-01
 6.72894e+03  6.09216e-01
 6.72920e+03  6.03443e-01
 6.72946e+03  5.99274e-01
 6.72972e+03  5.94293e-01
 6.72998e+03  5.89480e-01
 6.73025e+03  5.85039e-01
 6.73051e+03  5.80426e-01
 6.73077e+03  5.74647e-01
 6.73103e+03  5.69078e-01
 6.73129e+03  5.64377e-01
 6.73155e+03  5.60984e-01
 6.73181e+03  5.55783e-01
 6.73208e+03  5.51667e-01
 6.73234e+03  5.45886e-01
 6.73260e+03  5.41155e-01
 6.73286e+03  5.34078e-01
 6.73312e+03  5.31728e-01
 6.73338e+03  5.24581e-01
 6.73364e+03  5.19916e-01
 6.73390e+03  5.15401e-01
 6.73417e+03  5.09412e-01
 6.73443e+03  5.05249e-01
 6.73469e+03  5.01478e-01
 6.73495e+03  4.96331e-01
 6.73521e+03  4.90634e-01
 6.73547e+03  4.85870e-01
 6.73573e+03  4.81323e-01
 6.73599e+03  4.77943e-01
 6.73626e+03  4.71723e-01
 6.73652e+03  4.67825e-01
 6.73678e+03  4.61658e-01
 6.73704e+03  4.55970e-01
 6.73730e+03  4.50612e-01
 6.73756e+03  4.48805e-01
 6.73782e+03  4.42942e-01
 6.73808e+03  4.39213e-01
 6.73835e+03  4.33827e-01
 6.73861e+03  4.27747e-01
 6.73887e+03  4.23050e-01
 6.73913e+03  4.18710e-01
 6.73939e+03  4.15106e-01
 6.73965e+03  4.10588e-01
 6.73991e+03  4.06700e-01
 6.74018e+03  3.99900e-01
 6.74044e+03  3.96494e-01
 6.74070e+03  3.90070e-01
 6.74096e+03  3.87015e-01
 6.74122e+03  3.81978e-01
 6.74148e+03  3.78707e-01
 6.74174e+03  3.72796e-01
 6.74200e+03  3.68691e-01
 6.74227e+03  3.64951e-01
 6.74253e+03  3.61426e-01
 6.74279e+03  3.56535e-01
 6.74305e+03  3.50815e-01
 6.74331e+03  3.47177e-01
 6.74357e+03  3.43087e-01
 6.74383e+03  3.40221e-01
 6.74409e+03  3.36270e-01
 6.74436e+03  3.30736e-01
 6.74462e+03  3.27066e-01
 6.74488e+03  3.22680e-01
 6.74514e+03  3.18938e-01
 6.74540e+03  3.15672e-01
 6.74566e+03  3.12443e-01
 6.74592e+03  3.07117e-01
 6.74619e+03  3.03174e-01
 6.74645e+03  2.98092e-01
 6.74671e+03  2.96797e-01
 6.74697e+03  2.92995e-01
 6.74723e+03  2.88727e-01
 6.74749e+03  2.86163e-01
 6.74775e+03  2.81419e-01
 6.74801e+03  2.76211e-01
 6.74828e+03  2.74732e-01
 6.74854e+03  2.72017e-01
 6.74880e+03  2.67077e-01
 6.74906e+03  2.64201e-01
 6.74932e+03  2.59247e-01
 6.74958e+03  2.57159e-01
 6.74984e+03  2.55156e-01
 6.75010e+03  2.51736e-01
 6.75037e+03  2.48660e-01
 6.75063e+03  2.43612e-01
 6.75089e+03  2.40017e-01
 6.75115e+03  2.38690e-01
 6.75141e+03  2.35026e-01
 6.75167e+03  2.33073e-01
 6.75193e+03  2.29999e-01
 6.75220e+03  2.26230e-01
 6.75246e+03  2.22901e-01
 6.75272e+03  2.20597e-01
 6.75298e+03  2.18131e-01
 6.75324e+03  2.15447e-01
 6.75350e+03  2.12373e-01
 6.75376e+03  2.09166e-01
 6.75402e+03  2.07373e-01
 6.75429e+03  2.03776e-01
 6.75455e+03  2.02307e-01
 6.75481e+03  1.99261e-01
 6.75507e+03  1.95661e-01
 6.75533e+03  1.93860e-01
 6.75559e+03  1.91257e-01
 6.75585e+03  1.87817e-01
 6.75611e+03  1.87260e-01
 6.75638e+03  1.84229e-01
 6.75664e+03  1.81494e-01
 6.75690e+03  1.79399e-01
 6.75716e+03  1.76209e-01
 6.75742e+03  1.75265e-01
 6.75768e+03  1.73127e-01
 6.75794e+03  1.70551e-01
 6.75821e+03  1.67267e-01
 6.75847e+03  1.66386e-01
 6.75873e+03  1.63059e-01
 6.75899e+03  1.62152e-01
 6.75925e+03  1.59449e-01
 6.75951e+03  1.57592e-01
 6.75977e+03  1.55440e-01
 6.76003e+03  1.52679e-01
 6.76030e+03  1.51523e-01
 6.76056e+03  1.49583e-01
 6.76082e+03  1.48122e-01
 6.76108e+03  1.45190e-01
 6.76134e+03  1.43706e-01
 6.76160e+03  1.40937e-01
 6.76186e+03  1.40574e-01
 6.76212e+03  1.38175e-01
 6.76239e+03  1.36974e-01
 6.76265e+03  1.34346e-01
 6.76291e+03  1.32617e-01
 6.76317e+03  1.30487e-01
 6.76343e+03  1.30179e-01
 6.76369e+03  1.27246e-01
 6.76395e+03  1.26906e-01
 6.76421e+03  1.25340e-01
 6.76448e+03  1.22886e-01
 6.76474e+03  1.21784e-01
 6.76500e+03  1.19778e-01
 6.76526e+03  1.18886e-01
 6.76552e+03  1.17604e-01
 6.76578e+03  1.15554e-01
 6.76604e+03  1.13576e-01
 6.76631e+03  1.12456e-01
 6.76657e+03  1.10931e-01
 6.76683e+03  1.10142e-01
 6.76709e+03  1.08731e-01
 6.76735e+03  1.07731e-01
 6.76761e+03  1.05755e-01
 6.76787e+03  1.04830e-01
 6.76813e+03  1.02917e-01
 6.76840e+03  1.01755e-01
 6.76866e+03  1.00385e-01
 6.76892e+03  9.89600e-02
 6.76918e+03  9.77537e-02
 6.76944e+03  9.62243e-02
 6.76970e+03  9.54637e-02
 6.76996e+03  9.47513e-02
 6.77023e+03  9.29192e-02
 6.77049e+03  9.21237e-02
 6.77075e+03  9.15775e-02
 6.77101e+03  8.96125e-02
 6.77127e+03  8.87305e-02
 6.77153e+03  8.78816e-02
 6.77179e+03  8.59578e-02
 6.77205e+03  8.56677e-02
 6.77232e+03  8.42364e-02
 6.77258e+03  8.34834e-02
 6.77284e+03  8.31848e-02
 6.77310e+03  8.17647e-02
 6.77336e+03  8.07281e-02
 6.77362e+03  7.95163e-02
 6.77388e+03  7.82370e-02
 6.77414e+03  7.74889e-02
 6.77441e+03  7.68895e-02
 6.77467e+03  7.60082e-02
 6.77493e+03  7.52518e-02
 6.77519e+03  7.39118e-02
 6.77545e+03  7.30264e-02
 6.77571e+03  7.21506e-02
 6.77597e+03  7.15006e-02
 6.77623e+03  7.05951e-02
 6.77650e+03  7.02737e-02
 6.77676e+03  6.81802e-02
 6.77702e+03  6.80428e-02
 6.77728e+03  6.72251e-02
 6.77754e+03  6.66814e-02
 6.77780e+03  6.59541e-02
 6.77806e+03  6.54873e-02
 6.77833e+03  6.39606e-02
 6.77859e+03  6.33618e-02
 6.77885e+03  6.26406e-02
 6.77911e+03  6.21819e-02
 6.77937e+03  6.15888e-02
 6.77963e+03  6.04249e-02
 6.77989e+03  5.95852e-02
 6.78015e+03  5.91968e-02
 6.78042e+03  5.82304e-02
 6.78068e+03  5.85353e-02
 6.78094e+03  5.76931e-02
 6.78120e+03  5.61371e-02
 6.78146e+03  5.62791e-02
 6.78172e+03  5.48294e-02
 6.78198e+03  5.46848e-02
 6.78224e+03  5.44908e-02
 6.78251e+03  5.34144e-02
 6.78277e+03  5.25314e-02
 6.78303e+03  5.17945e-02
 6.78329e+03  5.16375e-02
 6.78355e+03  5.10283e-02
 6.78381e+03  5.06240e-02
 6.78407e+03  5.01423e-02
 6.78433e+03  4.93491e-02
 6.78460e+03  4.86814e-02
 6.78486e+03  4.81069e-02
 6.78512e+03  4.83616e-02
 6.78538e+03  4.73036e-02
 6.78564e+03  4.68747e-02
 6.78590e+03  4.67039e-02
 6.78616e+03  4.52058e-02
 6.78643e+03  4.52728e-02
 6.78669e+03  4.46073e-02
 6.78695e+03  4.38691e-02
 6.78721e+03  4.41088e-02
 6.78747e+03  4.33601e-02
 6.78773e+03  4.27526e-02
 6.78799e+03  4.22743e-02
 6.78825e+03  4.19159e-02
 6.78852e+03  4.14416e-02
 6.78878e+03  4.13547e-02
 6.78904e+03  4.06043e-02
 6.78930e+03  4.02381e-02
 6.78956e+03  3.97126e-02
 6.78982e+03  3.90232e-02
 6.79008e+03  3.89844e-02
 6.79035e+03  3.85734e-02
 6.79061e+03  3.79996e-02
 6.79087e+03  3.76026e-02
 6.79113e+03  3.75312e-02
 6.79139e+03  3.69652e-02
 6.79165e+03  3.68066e-02
 6.79191e+03  3.59100e-02
 6.79217e+03  3.53757e-02
 6.79244e+03  3.52935e-02
 6.79270e+03  3.48390e-02
 6.79296e+03  3.46399e-02
 6.79322e+03  3.42495e-02
 6.79348e+03  3.38285e-02
 6.79374e+03  3.34431e-02
 6.79400e+03  3.31983e-02
 6.79426e+03  3.27001e-02
 6.79453e+03  3.23881e-02
 6.79479e+03  3.22402e-02
 6.79505e+03  3.17029e-02
 6.79531e+03  3.15990e-02
 6.79557e+03  3.09648e-02
 6.79583e+03  3.07679e-02
 6.79609e+03  3.04598e-02
 6.79635e+03  3.04391e-02
 6.79662e+03  2.95175e-02
 6.79688e+03  2.97285e-02
 6.79714e+03  2.90988e-02
 6.79740e+03  2.88618e-02
 6.79766e+03  2.88228e-02
 6.79792e+03  2.83893e-02
 6.79818e+03  2.81013e-02
 6.79845e+03  2.77895e-02
 6.79871e+03  2.76907e-02
 6.79897e+03  2.71506e-02
 6.79923e+03  2.71502e-02
 6.79949e+03  2.70359e-02
 6.79975e+03  2.66783e-02
 6.80001e+03  2.61311e-02
 6.80027e+03  2.59023e-02
 6.80054e+03  2.54917e-02
 6.80080e+03  2.55207e-02
 6.80106e+03  2.54193e-02
 6.80132e+03  2.50643e-02
 6.80158e+03  2.47284e-02
 6.80184e+03  2.46018e-02
 6.80210e+03  2.42162e-02
 6.80236e+03  2.40288e-02
 6.80263e+03  2.38486e-02
 6.80289e+03  2.37954e-02
 6.80315e+03  2.36523e-02
 6.80341e+03  2.30872e-02
 6.80367e+03  2.28362e-02
 6.80393e+03  2.28165e-02
 6.80419e+03  2.25620e-02
 6.80446e+03  2.23787e-02
 6.80472e+03  2.21129e-02
 6.80498e+03  2.21139e-02
 6.80524e+03  2.19265e-02
 6.80550e+03  2.15894e-02
 6.80576e+03  2.13157e-02
 6.80602e+03  2.09944e-02
 6.80628e+03  2.07478e-02
 6.80655e+03  2.03453e-02
 6.80681e+03  2.04816e-02
 6.80707e+03  2.04159e-02
 6.80733e+03  2.03622e-02
 6.80759e+03  1.99226e-02
 6.80785e+03  1.96719e-02
 6.80811e+03  1.95900e-02
 6.80837e+03  1.93733e-02
 6.80864e+03  1.91564e-02
 6.80890e+03  1.89709e-02
 6.80916e+03  1.87641e-02
 6.80942e+03  1.84653e-02
 6.80968e+03  1.83814e-02
 6.80994e+03  1.84150e-02
 6.81020e+03  1.79539e-02
 6.81047e+03  1.80321e-02
 6.81073e+03  1.79745e-02
 6.81099e+03  1.76555e-02
 6.81125e+03  1.74416e-02
 6.81151e+03  1.73994e-02
 6.81177e+03  1.72290e-02
 6.81203e+03  1.72162e-02
 6.81229e+03  1.68322e-02
 6.81256e+03  1.66708e-02
 6.81282e+03  1.68718e-02
 6.81308e+03  1.65495e-02
 6.81334e+03  1.62578e-02
 6.81360e+03  1.61559e-02
 6.81386e+03  1.60646e-02
 6.81412e+03  1.60158e-02
 6.81438e+03  1.55730e-02
 6.81465e+03  1.55370e-02
 6.81491e+03  1.54058e-02
 6.81517e+03  1.54437e-02
 6.81543e+03  1.54239e-02
 6.81569e+03  1.49724e-02
 6.81595e+03  1.46452e-02
 6.81621e+03  1.50459e-02
 6.81648e+03  1.47524e-02
 6.81674e+03  1.46980e-02
 6.81700e+03  1.47147e-02
 6.81726e+03  1.43787e-02
 6.81752e+03  1.42303e-02
 6.81778e+03  1.40971e-02
 6.81804e+03  1.40539e-02
 6.81830e+03  1.37688e-02
 6.81857e+03  1.36699e-02
 6.81883e+03  1.34852e-02
 6.81909e+03  1.36386e-02
 6.81935e+03  1.33166e-02
 6.81961e+03  1.33288e-02
 6.81987e+03  1.31349e-02
 6.82013e+03  1.31044e-02
 6.82039e+03  1.29709e-02
 6.82066e+03  1.28093e-02
 6.82092e+03  1.28331e-02
 6.82118e+03  1.27032e-02
 6.82144e+03  1.25810e-02
 6.82170e+03  1.25636e-02
 6.82196e+03  1.24912e-02
 6.82222e+03  1.22820e-02
 6.82248e+03  1.22200e-02
 6.82275e+03  1.19999e-02
 6.82301e+03  1.20983e-02
 6.82327e+03  1.18953e-02
 6.82353e+03  1.15589e-02
 6.82379e+03  1.18164e-02
 6.82405e+03  1.16552e-02
 6.82431e+03  1.14529e-02
 6.82458e+03  1.15129e-02
 6.82484e+03  1.13326e-02
 6.82510e+03  1.11172e-02
 6.82536e+03  1.10319e-02
 6.82562e+03  1.08334e-02
 6.82588e+03  1.09485e-02
 6.82614e+03  1.07936e-02
 6.82640e+03  1.08491e-02
 6.82667e+03  1.09530e-02
 6.82693e+03  1.05102e-02
 6.82719e+03  1.05033e-02
 6.82745e+03  1.04539e-02
 6.82771e+03  1.03379e-02
 6.82797e+03  1.03680e-02
 6.82823e+03  1.01447e-02
 6.82849e+03  1.00177e-02
 6.82876e+03  1.03112e-02
 6.82902e+03  9.81857e-03
 6.82928e+03  9.85698e-03
 6.82954e+03  9.88077e-03
 6.82980e+03  9.83547e-03
 6.83006e+03  9.80729e-03
 6.83032e+03  9.69579e-03
 6.83058e+03  9.53631e-03
 6.83085e+03  9.54128e-03
 6.83111e+03  9.45312e-03
 6.83137e+03  9.35494e-03
 6.83163e+03  9.19634e-03
 6.83189e+03  9.27140e-03
 6.83215e+03  9.24713e-03
 6.83241e+03  9.06664e-03
 6.83268e+03  8.97181e-03
 6.83294e+03  8.82812e-03
 6.83320e+03  8.92287e-03
 6.83346e+03  8.84745e-03
 6.83372e+03  8.84579e-03
 6.83398e+03  8.71198e-03
 6.83424e+03  8.62565e-03
 6.83450e+03  8.60716e-03
 6.83477e+03  8.34508e-03
 6.83503e+03  8.38965e-03
 6.83529e+03  8.52127e-03
 6.83555e+03  8.32684e-03
 6.83581e+03  8.28212e-03
 6.83607e+03  8.40427e-03
 6.83633e+03  8.02918e-03
 6.83660e+03  8.05626e-03
 6.83686e+03  8.02001e-03
 6.83712e+03  7.80995e-03
 6.83738e+03  7.81318e-03
 6.83764e+03  7.80827e-03
 6.83790e+03  7.91140e-03
 6.83816e+03  7.67910e-03
 6.83842e+03  7.69016e-03
 6.83869e+03  7.72248e-03
 6.83895e+03  7.59818e-03
 6.83921e+03  7.48110e-03
 6.83947e+03  7.44282e-03
 6.83973e+03  7.44014e-03
 6.83999e+03  7.25036e-03
 6.84025e+03  7.34992e-03
 6.84051e+03  7.20318e-03
 6.84078e+03  7.16338e-03
 6.84104e+03  7.18435e-03
 6.84130e+03  7.03169e-03
 6.84156e+03  7.10036e-03
 6.84182e+03  7.09502e-03
 6.84208e+03  6.94356e-03
 6.84234e+03  6.97411e-03
 6.84260e+03  6.86781e-03
 6.84287e+03  6.75350e-03
 6.84313e+03  6.83978e-03
 6.84339e+03  6.80195e-03
 6.84365e+03  6.81267e-03
 6.84391e+03  6.56235e-03
 6.84417e+03  6.55205e-03
 6.84443e+03  6.51532e-03
 6.84470e+03  6.50454e-03
 6.84496e+03  6.54373e-03
 6.84522e+03  6.42412e-03
 6.84548e+03  6.27451e-03
 6.84574e+03  6.16664e-03
 6.84600e+03  6.27739e-03
 6.84626e+03  6.23516e-03
 6.84652e+03  6.12354e-03
 6.84679e+03  6.18995e-03
 6.84705e+03  6.02335e-03
 6.84731e+03  6.17368e-03
 6.84757e+03  5.97094e-03
 6.84783e+03  5.86076e-03
 6.84809e+03  6.09342e-03
 6.84835e+03  5.91225e-03
 6.84861e+03  5.85704e-03
 6.84888e+03  5.86886e-03
 6.84914e+03  5.97334e-03
 6.84940e+03  5.87446e-03
 6.84966e+03  5.81456e-03
 6.84992e+03  5.55584e-03
 6.85018e+03  5.59907e-03
 6.85044e+03  5.55331e-03
 6.85071e+03  5.65536e-03
 6.85097e+03  5.53337e-03
 6.85123e+03  5.55809e-03
 6.85149e+03  5.51964e-03
 6.85175e+03  5.38336e-03
 6.85201e+03  5.37120e-03
 6.85227e+03  5.30106e-03
 6.85253e+03  5.34862e-03
 6.85280e+03  5.32102e-03
 6.85306e+03  5.25868e-03
 6.85332e+03  5.24268e-03
 6.85358e+03  5.24890e-03
 6.85384e+03  5.23296e-03
 6.85410e+03  5.01807e-03
 6.85436e+03  5.20382e-03
 6.85462e+03  5.08313e-03
 6.85489e+03  5.16614e-03
 6.85515e+03  5.03561e-03
 6.85541e+03  5.03616e-03
 6.85567e+03  4.87433e-03
 6.85593e+03  5.03049e-03
 6.85619e+03  4.93837e-03
 6.85645e+03  4.92604e-03
 6.85672e+03  4.78065e-03
 6.85698e+03  4.76655e-03
 6.85724e+03  4.70683e-03
 6.85750e+03  4.75376e-03
 6.85776e+03  4.71786e-03
 6.85802e+03  4.68015e-03
 6.85828e+03  4.68410e-03
 6.85854e+03  4.71117e-03
 6.85881e+03  4.52230e-03
 6.85907e+03  4.54819e-03
 6.85933e+03  4.43453e-03
 6.85959e+03  4.59660e-03
 6.85985e+03  4.51626e-03
 6.86011e+03  4.45645e-03
 6.86037e+03  4.48420e-03
 6.86063e+03  4.55044e-03
 6.86090e+03  4.42703e-03
 6.86116e+03  4.43266e-03
 6.86142e+03  4.26953e-03
 6.86168e+03  4.31380e-03
 6.86194e+03  4.27489e-03
 6.86220e+03  4.17076e-03
 6.86246e+03  4.22721e-03
 6.86273e+03  4.20366e-03
 6.86299e+03  4.26544e-03
 6.86325e+03  4.21179e-03
 6.86351e+03  4.16607e-03
 6.86377e+03  4.18276e-03
 6.86403e+03  4.10277e-03
 6.86429e+03  4.01454e-03
 6.86455e+03  4.12111e-03
 6.86482e+03  4.14438e-03
 6.86508e+03  4.09096e-03
 6.86534e+03  4.01689e-03
 6.86560e+03  4.04479e-03
 6.86586e+03  3.93889e-03
 6.86612e+03  3.95239e-03
 6.86638e+03  3.85423e-03
 6.86664e+03  3.83773e-03
 6.86691e+03  3.89696e-03
 6.86717e+03  3.82886e-03
 6.86743e+03  3.91694e-03
 6.86769e+03  3.84623e-03
 6.86795e+03  3.76252e-03
 6.86821e+03  3.77334e-03
 6.86847e+03  3.78050e-03
 6.86873e+03  3.76958e-03
 6.86900e+03  3.79931e-03
 6.86926e+03  3.68993e-03
 6.86952e+03  3.68221e-03
 6.86978e+03  3.65282e-03
 6.87004e+03  3.49859e-03
 6.87030e+03  3.65187e-03
 6.87056e+03  3.61543e-03
 6.87083e+03  3.54206e-03
 6.87109e+03  3.60367e-03
 6.87135e+03  3.61833e-03
 6.87161e+03  3.63970e-03
 6.87187e+03  3.54183e-03
 6.87213e+03  3.55802e-03
 6.87239e+03  3.52236e-03
 6.87265e+03  3.52436e-03
 6.87292e+03  3.48038e-03
 6.87318e+03  3.44764e-03
 6.87344e+03  3.46324e-03
 6.87370e+03  3.28259e-03
 6.87396e+03  3.41308e-03
 6.87422e+03  3.30990e-03
 6.87448e+03  3.33403e-03
 6.87475e+03  3.30663e-03
 6.87501e+03  3.26466e-03
 6.87527e+03  3.29275e-03
 6.87553e+03  3.13310e-03
 6.87579e+03  3.23017e-03
 6.87605e+03  3.17156e-03
 6.87631e+03  3.17966e-03
 6.87657e+03  3.17309e-03
 6.87684e+03  3.16641e-03
 6.87710e+03  3.14235e-03
 6.87736e+03  3.23954e-03
 6.87762e+03  3.17365e-03
 6.87788e+03  3.11015e-03
 6.87814e+03  3.07598e-03
 6.87840e+03  3.07093e-03
 6.87866e+03  3.07758e-03
 6.87893e+03  3.06337e-03
 6.87919e+03  2.99810e-03
 6.87945e+03  3.04968e-03
 6.87971e+03  2.94333e-03
 6.87997e+03  3.09224e-03
 6.88023e+03  2.88882e-03
 6.88049e+03  2.94928e-03
 6.88075e+03  2.95603e-03
 6.88102e+03  2.90724e-03
 6.88128e+03  2.97944e-03
 6.88154e+03  2.85407e-03
 6.88180e+03  2.92058e-03
 6.88206e+03  2.84302e-03
 6.88232e+03  2.80801e-03
 6.88258e+03  2.82806e-03
 6.88285e+03  2.82068e-03
 6.88311e+03  2.85620e-03
 6.88337e+03  2.81943e-03
 6.88363e+03  2.79858e-03
 6.88389e+03  2.76113e-03
 6.88415e+03  2.82249e-03
 6.88441e+03  2.82561e-03
 6.88467e+03  2.68527e-03
 6.88494e+03  2.69402e-03
 6.88520e+03  2.73425e-03
 6.88546e+03  2.67625e-03
 6.88572e+03  2.65657e-03
 6.88598e+03  2.70473e-03
 6.88624e+03  2.64544e-03
 6.88650e+03  2.61385e-03
 6.88676e+03  2.55102e-03
 6.88703e+03  2.59408e-03
 6.88729e+03  2.59271e-03
 6.88755e+03  2.65987e-03
 6.88781e+03  2.47495e-03
 6.88807e+03  2.52755e-03
 6.88833e+03  2.54494e-03
 6.88859e+03  2.54549e-03
 6.88885e+03  2.58263e-03
 6.88912e+03  2.55734e-03
 6.88938e+03  2.56877e-03
 6.88964e+03  2.48782e-03
 6.88990e+03  2.47131e-03
 6.89016e+03  2.49463e-03
 6.89042e+03  2.45504e-03
 6.89068e+03  2.60339e-03
 6.89095e+03  2.40214e-03
 6.89121e+03  2.40916e-03
 6.89147e+03  2.42966e-03
 6.89173e+03  2.47411e-03
 6.89199e+03  2.37969e-03
 6.89225e+03  2.40307e-03
 6.89251e+03  2.37341e-03
 6.89277e+03  2.33476e-03
 6.89304e+03  2.39839e-03
 6.89330e+03  2.31913e-03
 6.89356e+03  2.27244e-03
 6.89382e+03  2.28501e-03
 6.89408e+03  2.32128e-03
 6.89434e+03  2.33715e-03
 6.89460e+03  2.31167e-03
 6.89487e+03  2.32271e-03
 6.89513e+03  2.25234e-03
 6.89539e+03  2.23132e-03
 6.89565e+03  2.20598e-03
 6.89591e+03  2.22756e-03
 6.89617e+03  2.11114e-03
 6.89643e+03  2.21177e-03
 6.89669e+03  2.25041e-03
 6.89696e+03  2.19757e-03
 6.89722e+03  2.22105e-03
 6.89748e+03  2.16153e-03
 6.89774e+03  2.20044e-03
 6.89800e+03  2.18289e-03
 6.89826e+03  2.21876e-03
 6.89852e+03  2.06824e-03
 6.89878e+03  2.16104e-03
 6.89905e+03  2.09864e-03
 6.89931e+03  2.15456e-03
 6.89957e+03  2.13704e-03
 6.89983e+03  2.08335e-03
 6.90009e+03  2.11896e-03
