 4.20006e+03  4.18122e-03
 4.20032e+03 -2.58782e-03
 4.20058e+03  1.26293e-03
 4.20084e+03 -1.84681e-04
 4.20110e+03  3.84842e-04
 4.20136e+03 -2.12590e-03
 4.20162e+03 -2.42325e-03
 4.20188e+03  7.22219e-04
 4.20213e+03 -4.07846e-04
 4.20240e+03  1.60720e-04
 4.20265e+03  1.47606e-03
 4.20291e+03 -4.40074e-04
 4.20317e+03 -3.47614e-04
 4.20343e+03  1.18560e-03
 4.20369e+03  1.46737e-03
 4.20395e+03  2.07134e-03
 4.20421e+03 -4.63142e-04
 4.20447e+03  3.29082e-04
 4.20473e+03  7.82977e-04
 4.20499e+03 -2.92034e-03
 4.20525e+03  1.65344e-03
 4.20551e+03 -9.50145e-05
 4.20577e+03  1.32627e-03
 4.20603e+03 -4.47568e-04
 4.20629e+03  2.02399e-03
 4.20655e+03  4.05167e-03
 4.20681e+03 -1.51982e-03
 4.20707e+03 -1.42367e-03
 4.20733e+03  8.39831e-04
 4.20759e+03 -3.44381e-03
 4.20785e+03  3.40359e-04
 4.20811e+03  8.60893e-04
 4.20837e+03  7.55179e-04
 4.20863e+03  3.35426e-03
 4.20889e+03  2.00809e-03
 4.20915e+03  4.83985e-04
 4.20941e+03 -3.93319e-03
 4.20967e+03  2.06509e-03
 4.20993e+03  2.00177e-03
 4.21019e+03  1.91582e-03
 4.21045e+03 -3.38797e-03
 4.21071e+03 -1.04317e-03
 4.21097e+03  1.96567e-03
 4.21123e+03  1.55739e-03
 4.21149e+03 -5.47903e-04
 4.21175e+03 -1.32347e-03
 4.21201e+03 -1.50610e-03
 4.21227e+03 -2.57484e-03
 4.21253e+03  6.99562e-04
 4.21279e+03  4.59558e-04
 4.21305e+03  1.18592e-03
 4.21331e+03 -8.58861e-04
 4.21357e+03  2.21267e-04
 4.21383e+03 -6.21009e-05
 4.21409e+03 -2.11367e-04
 4.21435e+03 -3.51507e-04
 4.21461e+03  2.29362e-03
 4.21487e+03  3.92849e-03
 4.21513e+03  3.50833e-03
 4.21539e+03 -5.22003e-04
 4.21565e+03  8.99797e-04
 4.21591e+03  4.17801e-04
 4.21617e+03  9.34995e-04
 4.21643e+03 -1.64276e-03
 4.21669e+03  1.32309e-03
 4.21695e+03  9.98436e-04
 4.21721e+03 -2.63583e-03
 4.21747e+03  4.95089e-04
 4.21773e+03 -2.41336e-03
 4.21799e+03 -2.73408e-04
 4.21825e+03  2.47207e-04
 4.21851e+03 -1.92021e-03
 4.21877e+03  1.29844e-03
 4.21903e+03  1.01757e-03
 4.21929e+03  2.06883e-03
 4.21955e+03 -1.88458e-04
 4.21981e+03  4.03880e-03
 4.22007e+03 -4.51342e-04
 4.22033e+03  1.85960e-03
 4.22059e+03  1.14392e-03
 4.22085e+03 -1.73559e-03
 4.22111e+03  2.44050e-03
 4.22137e+03  1.70935e-03
 4.22163e+03  1.94359e-03
 4.22189e+03  1.92514e-04
 4.22215e+03 -4.20226e-04
 4.22241e+03 -8.43629e-05
 4.22267e+03  4.57150e-04
 4.22293e+03 -5.38649e-04
 4.22319e+03  8.53513e-05
 4.22345e+03 -9.53875e-04
 4.22371e+03 -2.51484e-03
 4.22397e+03  2.06043e-03
 4.22423e+03 -6.43479e-04
 4.22449e+03  1.42379e-03
 4.22475e+03 -1.34681e-03
 4.22501e+03  3.65975e-04
 4.22527e+03  8.64589e-04
 4.22553e+03  1.77835e-03
 4.22579e+03  4.05152e-03
 4.22605e+03 -8.41666e-05
 4.22631e+03 -2.89983e-03
 4.22657e+03 -2.31693e-04
 4.22683e+03 -3.28985e-04
 4.22709e+03  8.97841e-04
 4.22735e+03  1.63782e-03
 4.22760e+03  2.70039e-03
 4.22787e+03  1.13838e-03
 4.22812e+03 -1.27321e-04
 4.22838e+03 -1.40725e-03
 4.22865e+03 -1.79261e-03
 4.22890e+03  8.11784e-04
 4.22916e+03  2.58803e-05
 4.22942e+03  9.76838e-04
 4.22968e+03  5.27588e-04
 4.22994e+03  2.64462e-03
 4.23020e+03  2.66445e-03
 4.23046e+03  1.99650e-03
 4.23072e+03 -1.29165e-03
 4.23098e+03  3.35465e-03
 4.23124e+03  2.23671e-03
 4.23150e+03  1.73706e-03
 4.23176e+03 -6.59254e-04
 4.23202e+03  1.40056e-03
 4.23228e+03 -1.43466e-03
 4.23254e+03  4.27339e-03
 4.23280e+03  2.06735e-03
 4.23306e+03  2.81536e-03
 4.23332e+03  1.61513e-03
 4.23358e+03  3.89588e-03
 4.23384e+03  1.12760e-03
 4.23410e+03 -2.12127e-03
 4.23436e+03  1.05577e-03
 4.23462e+03  1.25804e-03
 4.23488e+03 -3.21404e-04
 4.23514e+03 -1.35772e-03
 4.23540e+03 -1.07727e-04
 4.23566e+03  2.18614e-03
 4.23592e+03  3.41501e-03
 4.23618e+03  2.04460e-03
 4.23644e+03 -2.41661e-04
 4.23670e+03  6.34734e-04
 4.23696e+03  4.44863e-03
 4.23722e+03  9.67384e-04
 4.23748e+03  8.86263e-05
 4.23774e+03  2.59966e-03
 4.23800e+03 -1.76971e-03
 4.23826e+03  1.12606e-03
 4.23852e+03 -5.32489e-04
 4.23878e+03  2.10587e-03
 4.23904e+03  1.36282e-03
 4.23930e+03 -1.94492e-03
 4.23956e+03  4.76641e-04
 4.23982e+03  5.28554e-05
 4.24008e+03  1.64242e-03
 4.24034e+03  3.87687e-03
 4.24060e+03  1.31852e-04
 4.24086e+03  1.12691e-03
 4.24112e+03  9.64127e-04
 4.24138e+03  2.32570e-03
 4.24164e+03 -2.18116e-03
 4.24190e+03 -4.04011e-04
 4.24216e+03 -2.34360e-03
 4.24242e+03  2.01574e-03
 4.24268e+03 -1.65993e-03
 4.24294e+03  4.96916e-03
 4.24320e+03 -7.49697e-05
 4.24346e+03  4.69249e-04
 4.24372e+03  3.53707e-04
 4.24398e+03  4.67317e-04
 4.24424e+03  1.07498e-03
 4.24450e+03  2.64899e-03
 4.24476e+03 -8.87348e-04
 4.24502e+03  1.52163e-03
 4.24528e+03 -5.99047e-04
 4.24554e+03  1.51499e-04
 4.24580e+03  1.71743e-03
 4.24606e+03  1.01582e-03
 4.24632e+03  9.91794e-04
 4.24658e+03  1.00488e-03
 4.24684e+03  2.58244e-03
 4.24710e+03  4.96072e-04
 4.24736e+03 -1.03891e-03
 4.24762e+03  1.43058e-03
 4.24788e+03  6.55257e-05
 4.24814e+03  3.11787e-03
 4.24840e+03  3.28429e-03
 4.24866e+03  3.85744e-03
 4.24892e+03  1.43659e-03
 4.24918e+03  2.40043e-03
 4.24944e+03  8.36140e-04
 4.24970e+03  1.84006e-03
 4.24996e+03  3.00211e-03
 4.25022e+03 -5.34841e-04
 4.25048e+03  1.68070e-03
 4.25074e+03  2.46789e-03
 4.25100e+03  1.64277e-03
 4.25126e+03  1.41956e-04
 4.25152e+03  1.86512e-03
 4.25178e+03  8.65626e-04
 4.25204e+03  1.41408e-03
 4.25230e+03  2.54214e-03
 4.25256e+03  2.84803e-03
 4.25282e+03  4.48744e-04
 4.25308e+03  1.92523e-03
 4.25334e+03 -9.41125e-05
 4.25360e+03 -1.12446e-03
 4.25385e+03  3.79209e-03
 4.25412e+03 -4.67511e-04
 4.25438e+03  3.00555e-03
 4.25463e+03  1.77642e-03
 4.25489e+03  1.09094e-03
 4.25515e+03  1.29543e-03
 4.25541e+03  1.78209e-03
 4.25567e+03  3.12986e-03
 4.25593e+03  2.58302e-03
 4.25619e+03 -1.85640e-03
 4.25645e+03  1.26281e-04
 4.25671e+03  2.91985e-03
 4.25697e+03  2.82827e-03
 4.25723e+03 -1.02280e-03
 4.25749e+03  1.54585e-03
 4.25775e+03  1.63718e-03
 4.25801e+03  2.17062e-03
 4.25827e+03  1.55252e-03
 4.25853e+03  1.30695e-03
 4.25879e+03  4.01923e-03
 4.25905e+03  3.79535e-03
 4.25931e+03  2.70868e-03
 4.25957e+03 -6.60410e-04
 4.25983e+03  2.51893e-03
 4.26009e+03  2.75960e-03
 4.26035e+03  5.53175e-03
 4.26061e+03  4.07728e-03
 4.26087e+03  4.66612e-03
 4.26113e+03  2.66743e-03
 4.26139e+03  2.70045e-03
 4.26165e+03  3.50639e-03
 4.26191e+03  3.43958e-03
 4.26217e+03  4.93990e-03
 4.26243e+03  3.41874e-03
 4.26269e+03  2.02435e-03
 4.26295e+03  4.79761e-03
 4.26321e+03  1.50568e-03
 4.26347e+03  2.23626e-04
 4.26373e+03  3.40447e-03
 4.26399e+03  1.61429e-03
 4.26425e+03  2.56433e-04
 4.26451e+03 -1.44093e-04
 4.26477e+03  3.61529e-04
 4.26503e+03  1.47061e-03
 4.26529e+03  2.76189e-03
 4.26555e+03  2.57115e-03
 4.26581e+03  2.48883e-03
 4.26607e+03  1.47990e-03
 4.26633e+03  9.95079e-04
 4.26659e+03  2.18925e-03
 4.26685e+03  5.20488e-03
 4.26711e+03  4.40425e-04
 4.26737e+03  2.83371e-03
 4.26763e+03  3.43207e-03
 4.26789e+03  3.97021e-03
 4.26815e+03  5.80455e-03
 4.26841e+03  3.81472e-03
 4.26867e+03  8.83615e-04
 4.26893e+03  4.22690e-03
 4.26919e+03  2.21719e-03
 4.26945e+03  5.20575e-03
 4.26971e+03  3.02633e-03
 4.26997e+03  3.83978e-03
 4.27023e+03  3.11725e-03
 4.27049e+03  3.02763e-03
 4.27075e+03  5.42828e-03
 4.27101e+03  2.85100e-03
 4.27127e+03  5.39867e-03
 4.27153e+03  1.79683e-03
 4.27179e+03  4.38939e-03
 4.27205e+03  1.68381e-03
 4.27231e+03  1.25756e-03
 4.27257e+03  4.85877e-03
 4.27283e+03  6.54012e-03
 4.27309e+03  6.18137e-03
 4.27335e+03  5.74776e-03
 4.27361e+03  3.62398e-03
 4.27387e+03  4.39044e-03
 4.27413e+03  5.11670e-03
 4.27439e+03  4.40869e-03
 4.27465e+03  4.08264e-03
 4.27491e+03  2.78675e-03
 4.27517e+03  4.27521e-03
 4.27543e+03  4.78479e-03
 4.27569e+03  1.81980e-03
 4.27595e+03  3.64686e-03
 4.27621e+03  1.35967e-03
 4.27647e+03  1.72417e-03
 4.27673e+03  2.49892e-03
 4.27699e+03  3.68785e-03
 4.27725e+03  3.84155e-03
 4.27751e+03  3.09578e-03
 4.27777e+03  3.27155e-03
 4.27803e+03  4.67304e-03
 4.27829e+03  3.07744e-03
 4.27855e+03  5.48561e-03
 4.27881e+03  5.75659e-03
 4.27907e+03  6.00201e-03
 4.27933e+03  3.36984e-03
 4.27958e+03  5.14091e-03
 4.27985e+03  4.99651e-03
 4.28010e+03  3.64267e-03
 4.28036e+03  4.18726e-03
 4.28062e+03  4.33303e-03
 4.28088e+03  4.42388e-03
 4.28114e+03  5.62228e-03
 4.28140e+03  4.35433e-03
 4.28166e+03  4.78291e-03
 4.28192e+03  8.26533e-03
 4.28218e+03  6.08918e-03
 4.28244e+03  5.34608e-03
 4.28270e+03  6.12922e-03
 4.28296e+03  9.12230e-04
 4.28322e+03  5.88668e-03
 4.28348e+03  3.42567e-03
 4.28374e+03  5.76301e-03
 4.28400e+03  5.92298e-03
 4.28426e+03  4.04863e-03
 4.28452e+03  4.82389e-03
 4.28478e+03  5.38481e-03
 4.28504e+03  7.28448e-03
 4.28530e+03  8.46926e-03
 4.28556e+03  7.13530e-03
 4.28582e+03  6.07530e-03
 4.28608e+03  7.56443e-03
 4.28634e+03  1.03798e-02
 4.28660e+03  6.67519e-03
 4.28686e+03  8.59310e-03
 4.28712e+03  4.58284e-03
 4.28738e+03  8.41577e-03
 4.28764e+03  6.88778e-03
 4.28790e+03  7.30201e-03
 4.28816e+03  6.05393e-03
 4.28842e+03  7.06359e-03
 4.28868e+03  8.12499e-03
 4.28894e+03  6.71459e-03
 4.28920e+03  9.52774e-03
 4.28946e+03  7.01128e-03
 4.28972e+03  8.26934e-03
 4.28998e+03  8.45995e-03
 4.29024e+03  7.84415e-03
 4.29050e+03  6.74545e-03
 4.29076e+03  1.05835e-02
 4.29102e+03  7.39017e-03
 4.29128e+03  7.79030e-03
 4.29154e+03  6.74131e-03
 4.29180e+03  8.55597e-03
 4.29206e+03  7.69886e-03
 4.29232e+03  9.39629e-03
 4.29258e+03  8.99009e-03
 4.29284e+03  9.81782e-03
 4.29310e+03  9.16369e-03
 4.29336e+03  9.45448e-03
 4.29362e+03  8.83617e-03
 4.29388e+03  9.55730e-03
 4.29414e+03  8.79434e-03
 4.29440e+03  1.02447e-02
 4.29466e+03  9.86091e-03
 4.29492e+03  1.21180e-02
 4.29518e+03  1.01699e-02
 4.29544e+03  1.14444e-02
 4.29570e+03  1.31126e-02
 4.29596e+03  1.11538e-02
 4.29622e+03  1.06215e-02
 4.29648e+03  1.10421e-02
 4.29674e+03  1.17258e-02
 4.29700e+03  1.06432e-02
 4.29726e+03  1.36425e-02
 4.29752e+03  9.61668e-03
 4.29778e+03  1.18313e-02
 4.29804e+03  1.05713e-02
 4.29830e+03  1.22959e-02
 4.29856e+03  1.16739e-02
 4.29882e+03  1.16001e-02
 4.29908e+03  1.25064e-02
 4.29934e+03  1.23965e-02
 4.29960e+03  1.46434e-02
 4.29986e+03  1.37542e-02
 4.30012e+03  1.58561e-02
 4.30038e+03  1.21937e-02
 4.30064e+03  1.45301e-02
 4.30090e+03  1.65828e-02
 4.30116e+03  1.23128e-02
 4.30142e+03  1.31196e-02
 4.30168e+03  1.44799e-02
 4.30194e+03  1.47804e-02
 4.30220e+03  1.35918e-02
 4.30246e+03  1.54416e-02
 4.30272e+03  1.20142e-02
 4.30298e+03  1.54678e-02
 4.30324e+03  1.68106e-02
 4.30350e+03  1.77517e-02
 4.30376e+03  1.56232e-02
 4.30402e+03  1.63805e-02
 4.30428e+03  1.62848e-02
 4.30454e+03  1.64956e-02
 4.30480e+03  1.74653e-02
 4.30506e+03  1.89299e-02
 4.30532e+03  1.78705e-02
 4.30558e+03  1.92325e-02
 4.30583e+03  1.87876e-02
 4.30610e+03  1.93142e-02
 4.30635e+03  2.04129e-02
 4.30661e+03  1.79191e-02
 4.30687e+03  1.77235e-02
 4.30713e+03  1.94359e-02
 4.30739e+03  2.12136e-02
 4.30765e+03  2.20639e-02
 4.30791e+03  2.20546e-02
 4.30817e+03  2.30138e-02
 4.30843e+03  2.47396e-02
 4.30869e+03  2.21691e-02
 4.30895e+03  2.24254e-02
 4.30921e+03  2.45292e-02
 4.30947e+03  2.35138e-02
 4.30973e+03  2.42952e-02
 4.30999e+03  2.43694e-02
 4.31025e+03  2.29977e-02
 4.31051e+03  2.45949e-02
 4.31077e+03  2.71242e-02
 4.31103e+03  2.56879e-02
 4.31129e+03  2.57332e-02
 4.31155e+03  2.65868e-02
 4.31181e+03  2.67901e-02
 4.31207e+03  3.00840e-02
 4.31233e+03  2.54922e-02
 4.31259e+03  2.66212e-02
 4.31285e+03  2.88051e-02
 4.31311e+03  2.62552e-02
 4.31337e+03  2.98502e-02
 4.31363e+03  2.92552e-02
 4.31389e+03  3.22516e-02
 4.31415e+03  2.72697e-02
 4.31441e+03  3.29577e-02
 4.31467e+03  3.47223e-02
 4.31493e+03  3.14096e-02
 4.31519e+03  3.39647e-02
 4.31545e+03  3.26110e-02
 4.31571e+03  3.26128e-02
 4.31597e+03  3.47627e-02
 4.31623e+03  3.62060e-02
 4.31649e+03  3.66540e-02
 4.31675e+03  3.89279e-02
 4.31701e+03  4.11111e-02
 4.31727e+03  3.76540e-02
 4.31753e+03  3.77113e-02
 4.31779e+03  4.11124e-02
 4.31805e+03  4.00964e-02
 4.31831e+03  3.99243e-02
 4.31857e+03  4.10544e-02
 4.31883e+03  4.05576e-02
 4.31909e+03  4.11994e-02
 4.31935e+03  4.22404e-02
 4.31961e+03  4.95242e-02
 4.31987e+03  4.56531e-02
 4.32013e+03  4.63559e-02
 4.32039e+03  4.88468e-02
 4.32065e+03  4.71752e-02
 4.32091e+03  4.99232e-02
 4.32117e+03  4.90523e-02
 4.32143e+03  5.40507e-02
 4.32169e+03  4.89670e-02
 4.32195e+03  5.13281e-02
 4.32221e+03  4.91644e-02
 4.32247e+03  5.32049e-02
 4.32273e+03  5.30762e-02
 4.32299e+03  5.68338e-02
 4.32325e+03  5.98393e-02
 4.32351e+03  5.85582e-02
 4.32377e+03  5.87413e-02
 4.32403e+03  6.09878e-02
 4.32429e+03  6.74849e-02
 4.32455e+03  6.30370e-02
 4.32481e+03  6.46730e-02
 4.32507e+03  6.78875e-02
 4.32533e+03  6.76049e-02
 4.32559e+03  7.17158e-02
 4.32585e+03  7.12405e-02
 4.32611e+03  7.45970e-02
 4.32637e+03  7.13270e-02
 4.32663e+03  7.34712e-02
 4.32689e+03  7.74023e-02
 4.32715e+03  7.80127e-02
 4.32741e+03  7.82218e-02
 4.32767e+03  8.35907e-02
 4.32793e+03  8.05272e-02
 4.32819e+03  8.93844e-02
 4.32845e+03  8.58516e-02
 4.32871e+03  9.28950e-02
 4.32897e+03  8.91799e-02
 4.32923e+03  9.47812e-02
 4.32949e+03  9.24856e-02
 4.32975e+03  9.61650e-02
 4.33001e+03  9.58378e-02
 4.33027e+03  1.02169e-01
 4.33053e+03  9.94485e-02
 4.33079e+03  1.04809e-01
 4.33105e+03  1.05260e-01
 4.33131e+03  1.03520e-01
 4.33157e+03  1.11266e-01
 4.33183e+03  1.15425e-01
 4.33208e+03  1.14313e-01
 4.33234e+03  1.15637e-01
 4.33260e+03  1.19876e-01
 4.33286e+03  1.25305e-01
 4.33312e+03  1.29320e-01
 4.33338e+03  1.26157e-01
 4.33364e+03  1.30319e-01
 4.33390e+03  1.35773e-01
 4.33416e+03  1.37604e-01
 4.33442e+03  1.43222e-01
 4.33468e+03  1.40931e-01
 4.33494e+03  1.36775e-01
 4.33520e+03  1.49677e-01
 4.33546e+03  1.48983e-01
 4.33572e+03  1.53639e-01
 4.33598e+03  1.57882e-01
 4.33624e+03  1.58348e-01
 4.33650e+03  1.63507e-01
 4.33676e+03  1.68187e-01
 4.33702e+03  1.73240e-01
 4.33728e+03  1.71449e-01
 4.33754e+03  1.76193e-01
 4.33780e+03  1.80609e-01
 4.33806e+03  1.82405e-01
 4.33832e+03  1.85656e-01
 4.33858e+03  1.87947e-01
 4.33884e+03  1.86441e-01
 4.33910e+03  1.91753e-01
 4.33936e+03  1.98472e-01
 4.33962e+03  2.06182e-01
 4.33988e+03  2.13764e-01
 4.34014e+03  2.13658e-01
 4.34040e+03  2.19564e-01
 4.34066e+03  2.21782e-01
 4.34092e+03  2.15857e-01
 4.34118e+03  2.23677e-01
 4.34144e+03  2.36149e-01
 4.34170e+03  2.34110e-01
 4.34196e+03  2.41733e-01
 4.34222e+03  2.44446e-01
 4.34248e+03  2.44732e-01
 4.34274e+03  2.51386e-01
 4.34300e+03  2.55920e-01
 4.34326e+03  2.61128e-01
 4.34352e+03  2.64490e-01
 4.34378e+03  2.68779e-01
 4.34404e+03  2.74772e-01
 4.34430e+03  2.74841e-01
 4.34456e+03  2.83695e-01
 4.34482e+03  2.90435e-01
 4.34508e+03  2.91514e-01
 4.34534e+03  2.94232e-01
 4.34560e+03  3.07349e-01
 4.34586e+03  3.06051e-01
 4.34612e+03  3.07510e-01
 4.34638e+03  3.10373e-01
 4.34664e+03  3.17706e-01
 4.34690e+03  3.09798e-01
 4.34716e+03  3.27372e-01
 4.34742e+03  3.31138e-01
 4.34768e+03  3.33189e-01
 4.34794e+03  3.41052e-01
 4.34820e+03  3.48331e-01
 4.34846e+03  3.41112e-01
 4.34872e+03  3.57466e-01
 4.34898e+03  3.57019e-01
 4.34924e+03  3.73896e-01
 4.34950e+03  3.57126e-01
 4.34976e+03  3.67939e-01
 4.35002e+03  3.81899e-01
 4.35028e+03  3.76531e-01
 4.35054e+03  3.76382e-01
 4.35080e+03  3.87386e-01
 4.35106e+03  3.95487e-01
 4.35132e+03  3.88400e-01
 4.35158e+03  3.95477e-01
 4.35184e+03  3.92507e-01
 4.35210e+03  3.92692e-01
 4.35236e+03  4.07078e-01
 4.35262e+03  4.11309e-01
 4.35288e+03  4.17499e-01
 4.35314e+03  4.16236e-01
 4.35340e+03  4.12789e-01
 4.35366e+03  4.18527e-01
 4.35392e+03  4.19483e-01
 4.35418e+03  4.13778e-01
 4.35444e+03  4.32214e-01
 4.35470e+03  4.27121e-01
 4.35496e+03  4.27811e-01
 4.35522e+03  4.38641e-01
 4.35548e+03  4.51238e-01
 4.35574e+03  4.38275e-01
 4.35600e+03  4.42885e-01
 4.35626e+03  4.39398e-01
 4.35652e+03  4.43455e-01
 4.35678e+03  4.52975e-01
 4.35704e+03  4.48494e-01
 4.35730e+03  4.52205e-01
 4.35756e+03  4.56507e-01
 4.35781e+03  4.50195e-01
 4.35808e+03  4.61959e-01
 4.35833e+03  4.65194e-01
 4.35859e+03  4.70595e-01
 4.35885e+03  4.60640e-01
 4.35911e+03  4.65268e-01
 4.35937e+03  4.68020e-01
 4.35963e+03  4.67732e-01
 4.35989e+03  4.70411e-01
 4.36015e+03  4.73375e-01
 4.36041e+03  4.79405e-01
 4.36067e+03  4.76238e-01
 4.36093e+03  4.69819e-01
 4.36119e+03  4.74457e-01
 4.36145e+03  4.79780e-01
 4.36171e+03  4.83894e-01
 4.36197e+03  4.83069e-01
 4.36223e+03  4.86432e-01
 4.36249e+03  4.75019e-01
 4.36275e+03  4.87023e-01
 4.36301e+03  4.84095e-01
 4.36327e+03  4.89950e-01
 4.36353e+03  4.88302e-01
 4.36379e+03  4.93547e-01
 4.36405e+03  4.87916e-01
 4.36431e+03  4.88633e-01
 4.36457e+03  4.87871e-01
 4.36483e+03  4.83476e-01
 4.36509e+03  4.90934e-01
 4.36535e+03  4.92066e-01
 4.36561e+03  5.04803e-01
 4.36587e+03  4.83531e-01
 4.36613e+03  5.01016e-01
 4.36639e+03  4.96585e-01
 4.36665e+03  4.80672e-01
 4.36691e+03  4.90961e-01
 4.36717e+03  4.98377e-01
 4.36743e+03  5.07201e-01
 4.36769e+03  4.91974e-01
 4.36795e+03  5.03060e-01
 4.36821e+03  5.01948e-01
 4.36847e+03  4.95438e-01
 4.36873e+03  4.93629e-01
 4.36899e+03  4.90497e-01
 4.36925e+03  4.80726e-01
 4.36951e+03  5.07350e-01
 4.36977e+03  5.04238e-01
 4.37003e+03  4.97585e-01
 4.37029e+03  4.91818e-01
 4.37055e+03  4.99240e-01
 4.37081e+03  4.92462e-01
 4.37107e+03  4.98572e-01
 4.37133e+03  4.97935e-01
 4.37159e+03  4.93997e-01
 4.37185e+03  4.99006e-01
 4.37211e+03  5.10406e-01
 4.37237e+03  4.90001e-01
 4.37263e+03  5.04845e-01
 4.37289e+03  5.02802e-01
 4.37315e+03  5.00489e-01
 4.37341e+03  5.01758e-01
 4.37367e+03  5.03343e-01
 4.37393e+03  4.98772e-01
 4.37419e+03  5.03871e-01
 4.37445e+03  4.97623e-01
 4.37471e+03  4.89162e-01
 4.37497e+03  5.01269e-01
 4.37523e+03  4.98651e-01
 4.37549e+03  4.90435e-01
 4.37575e+03  5.07657e-01
 4.37601e+03  5.00479e-01
 4.37627e+03  5.00825e-01
 4.37653e+03  5.04203e-01
 4.37679e+03  5.02129e-01
 4.37705e+03  5.01837e-01
 4.37731e+03  5.02010e-01
 4.37757e+03  5.09425e-01
 4.37783e+03  5.12282e-01
 4.37809e+03  5.08532e-01
 4.37835e+03  5.02115e-01
 4.37861e+03  5.07510e-01
 4.37887e+03  4.95979e-01
 4.37913e+03  5.07889e-01
 4.37939e+03  5.01246e-01
 4.37965e+03  5.09129e-01
 4.37991e+03  4.99098e-01
 4.38017e+03  5.03580e-01
 4.38043e+03  5.12030e-01
 4.38069e+03  5.04301e-01
 4.38095e+03  5.01798e-01
 4.38121e+03  5.02829e-01
 4.38147e+03  5.05889e-01
 4.38173e+03  4.95012e-01
 4.38199e+03  4.97586e-01
 4.38225e+03  5.09597e-01
 4.38251e+03  5.04441e-01
 4.38277e+03  5.08279e-01
 4.38303e+03  5.01336e-01
 4.38329e+03  5.13805e-01
 4.38355e+03  5.02488e-01
 4.38381e+03  4.99809e-01
 4.38406e+03  5.23980e-01
 4.38432e+03  5.07508e-01
 4.38458e+03  5.04852e-01
 4.38484e+03  5.15149e-01
 4.38510e+03  5.09945e-01
 4.38536e+03  5.09255e-01
 4.38562e+03  4.95913e-01
 4.38588e+03  5.02194e-01
 4.38614e+03  5.08309e-01
 4.38640e+03  5.11706e-01
 4.38666e+03  5.16853e-01
 4.38692e+03  5.09741e-01
 4.38718e+03  5.09420e-01
 4.38744e+03  5.14054e-01
 4.38770e+03  5.07110e-01
 4.38796e+03  5.08309e-01
 4.38822e+03  5.12367e-01
 4.38848e+03  5.10247e-01
 4.38874e+03  5.09796e-01
 4.38900e+03  5.11024e-01
 4.38926e+03  5.12635e-01
 4.38952e+03  5.14143e-01
 4.38978e+03  5.12867e-01
 4.39004e+03  5.10114e-01
 4.39030e+03  5.16746e-01
 4.39056e+03  5.03069e-01
 4.39082e+03  5.04493e-01
 4.39108e+03  5.10643e-01
 4.39134e+03  5.17029e-01
 4.39160e+03  5.12970e-01
 4.39186e+03  5.14557e-01
 4.39212e+03  5.10063e-01
 4.39238e+03  5.12604e-01
 4.39264e+03  5.11056e-01
 4.39290e+03  5.07089e-01
 4.39316e+03  5.11966e-01
 4.39342e+03  5.04957e-01
 4.39368e+03  5.12854e-01
 4.39394e+03  5.07466e-01
 4.39420e+03  5.07482e-01
 4.39446e+03  5.09835e-01
 4.39472e+03  5.10103e-01
 4.39498e+03  5.07097e-01
 4.39524e+03  5.06789e-01
 4.39550e+03  5.15952e-01
 4.39576e+03  5.14288e-01
 4.39602e+03  5.12295e-01
 4.39628e+03  5.16710e-01
 4.39654e+03  5.15527e-01
 4.39680e+03  5.10574e-01
 4.39706e+03  5.06904e-01
 4.39732e+03  5.17260e-01
 4.39758e+03  5.17038e-01
 4.39784e+03  5.05757e-01
 4.39810e+03  5.17109e-01
 4.39836e+03  5.08552e-01
 4.39862e+03  5.13713e-01
 4.39888e+03  5.06740e-01
 4.39914e+03  5.10282e-01
 4.39940e+03  5.14749e-01
 4.39966e+03  5.08017e-01
 4.39992e+03  5.13474e-01
 4.40018e+03  5.09392e-01
 4.40044e+03  5.01688e-01
 4.40070e+03  5.21796e-01
 4.40096e+03  5.14513e-01
 4.40122e+03  5.17658e-01
 4.40148e+03  5.10548e-01
 4.40174e+03  5.07697e-01
 4.40200e+03  5.06199e-01
 4.40226e+03  5.11436e-01
 4.40252e+03  5.07665e-01
 4.40278e+03  5.09595e-01
 4.40304e+03  5.09786e-01
 4.40330e+03  5.00211e-01
 4.40356e+03  5.03689e-01
 4.40382e+03  5.15356e-01
 4.40408e+03  5.16632e-01
 4.40434e+03  5.16971e-01
 4.40460e+03  5.08398e-01
 4.40486e+03  5.13657e-01
 4.40512e+03  5.11149e-01
 4.40538e+03  5.05057e-01
 4.40564e+03  5.08056e-01
 4.40590e+03  5.04048e-01
 4.40616e+03  5.05252e-01
 4.40642e+03  4.98164e-01
 4.40668e+03  5.05604e-01
 4.40694e+03  5.10020e-01
 4.40720e+03  5.00892e-01
 4.40746e+03  5.12644e-01
 4.40772e+03  5.14628e-01
 4.40798e+03  4.97790e-01
 4.40824e+03  5.01024e-01
 4.40850e+03  5.05666e-01
 4.40876e+03  5.04292e-01
 4.40902e+03  5.11326e-01
 4.40928e+03  5.02115e-01
 4.40954e+03  5.03134e-01
 4.40979e+03  5.04360e-01
 4.41006e+03  5.14959e-01
 4.41031e+03  4.98050e-01
 4.41057e+03  4.96279e-01
 4.41083e+03  5.03043e-01
 4.41109e+03  5.03099e-01
 4.41135e+03  5.01795e-01
 4.41161e+03  4.99695e-01
 4.41187e+03  4.94629e-01
 4.41213e+03  5.03455e-01
 4.41239e+03  5.05645e-01
 4.41265e+03  5.00568e-01
 4.41291e+03  5.04076e-01
 4.41317e+03  5.02048e-01
 4.41343e+03  4.94567e-01
 4.41369e+03  4.92709e-01
 4.41395e+03  4.97192e-01
 4.41421e+03  5.03440e-01
 4.41447e+03  4.96795e-01
 4.41473e+03  4.94275e-01
 4.41499e+03  4.94726e-01
 4.41525e+03  4.92182e-01
 4.41551e+03  4.94271e-01
 4.41577e+03  4.92090e-01
 4.41603e+03  4.89956e-01
 4.41629e+03  4.85642e-01
 4.41655e+03  4.98299e-01
 4.41681e+03  4.94799e-01
 4.41707e+03  4.97621e-01
 4.41733e+03  4.88700e-01
 4.41759e+03  4.95640e-01
 4.41785e+03  4.97046e-01
 4.41811e+03  4.87575e-01
 4.41837e+03  4.96194e-01
 4.41863e+03  4.94137e-01
 4.41889e+03  4.85948e-01
 4.41915e+03  4.84839e-01
 4.41941e+03  4.94135e-01
 4.41967e+03  4.87423e-01
 4.41993e+03  4.79619e-01
 4.42019e+03  4.90600e-01
 4.42045e+03  4.82637e-01
 4.42071e+03  4.83615e-01
 4.42097e+03  4.83960e-01
 4.42123e+03  4.90543e-01
 4.42149e+03  4.84776e-01
 4.42175e+03  4.87901e-01
 4.42201e+03  4.79852e-01
 4.42227e+03  4.78744e-01
 4.42253e+03  4.82929e-01
 4.42279e+03  4.75924e-01
 4.42305e+03  4.82868e-01
 4.42331e+03  4.72505e-01
 4.42357e+03  4.70509e-01
 4.42383e+03  4.79442e-01
 4.42409e+03  4.79216e-01
 4.42435e+03  4.86840e-01
 4.42461e+03  4.78090e-01
 4.42487e+03  4.74951e-01
 4.42513e+03  4.72668e-01
 4.42539e+03  4.70000e-01
 4.42565e+03  4.70549e-01
 4.42591e+03  4.69749e-01
 4.42617e+03  4.72265e-01
 4.42643e+03  4.71232e-01
 4.42669e+03  4.66839e-01
 4.42695e+03  4.70052e-01
 4.42721e+03  4.60770e-01
 4.42747e+03  4.60516e-01
 4.42773e+03  4.65830e-01
 4.42799e+03  4.61137e-01
 4.42825e+03  4.67703e-01
 4.42851e+03  4.59077e-01
 4.42877e+03  4.68815e-01
 4.42903e+03  4.54248e-01
 4.42929e+03  4.54131e-01
 4.42955e+03  4.61872e-01
 4.42981e+03  4.48659e-01
 4.43007e+03  4.54601e-01
 4.43033e+03  4.48396e-01
 4.43059e+03  4.50887e-01
 4.43085e+03  4.43785e-01
 4.43111e+03  4.43907e-01
 4.43137e+03  4.45485e-01
 4.43163e+03  4.43504e-01
 4.43189e+03  4.34166e-01
 4.43215e+03  4.38896e-01
 4.43241e+03  4.42301e-01
 4.43267e+03  4.29430e-01
 4.43293e+03  4.39921e-01
 4.43319e+03  4.33115e-01
 4.43345e+03  4.19569e-01
 4.43371e+03  4.32827e-01
 4.43397e+03  4.27298e-01
 4.43423e+03  4.22619e-01
 4.43449e+03  4.13260e-01
 4.43475e+03  4.16309e-01
 4.43501e+03  4.10544e-01
 4.43527e+03  4.12936e-01
 4.43553e+03  4.05928e-01
 4.43579e+03  4.11943e-01
 4.43604e+03  4.08849e-01
 4.43630e+03  3.98129e-01
 4.43656e+03  3.92137e-01
 4.43682e+03  3.92758e-01
 4.43708e+03  3.94021e-01
 4.43734e+03  3.91743e-01
 4.43760e+03  3.91035e-01
 4.43786e+03  3.86308e-01
 4.43812e+03  3.83100e-01
 4.43838e+03  3.72683e-01
 4.43864e+03  3.71398e-01
 4.43890e+03  3.64842e-01
 4.43916e+03  3.73202e-01
 4.43942e+03  3.58804e-01
 4.43968e+03  3.58260e-01
 4.43994e+03  3.56632e-01
 4.44020e+03  3.57814e-01
 4.44046e+03  3.45418e-01
 4.44072e+03  3.45335e-01
 4.44098e+03  3.41237e-01
 4.44124e+03  3.39950e-01
 4.44150e+03  3.32937e-01
 4.44176e+03  3.28280e-01
 4.44202e+03  3.26480e-01
 4.44228e+03  3.24845e-01
 4.44254e+03  3.21498e-01
 4.44280e+03  3.16223e-01
 4.44306e+03  3.14763e-01
 4.44332e+03  3.03441e-01
 4.44358e+03  3.02411e-01
 4.44384e+03  3.06319e-01
 4.44410e+03  2.99043e-01
 4.44436e+03  2.95389e-01
 4.44462e+03  2.93373e-01
 4.44488e+03  2.86777e-01
 4.44514e+03  2.82129e-01
 4.44540e+03  2.77111e-01
 4.44566e+03  2.74804e-01
 4.44592e+03  2.71976e-01
 4.44618e+03  2.65340e-01
 4.44644e+03  2.63072e-01
 4.44670e+03  2.68583e-01
 4.44696e+03  2.59829e-01
 4.44722e+03  2.55198e-01
 4.44748e+03  2.50375e-01
 4.44774e+03  2.48542e-01
 4.44800e+03  2.41059e-01
 4.44826e+03  2.39425e-01
 4.44852e+03  2.35067e-01
 4.44878e+03  2.31419e-01
 4.44904e+03  2.26746e-01
 4.44930e+03  2.27380e-01
 4.44956e+03  2.16902e-01
 4.44982e+03  2.14072e-01
 4.45008e+03  2.13771e-01
 4.45034e+03  2.10138e-01
 4.45060e+03  2.07012e-01
 4.45086e+03  2.05596e-01
 4.45112e+03  1.97647e-01
 4.45138e+03  1.97884e-01
 4.45164e+03  1.95919e-01
 4.45190e+03  1.90787e-01
 4.45216e+03  1.86905e-01
 4.45242e+03  1.83941e-01
 4.45268e+03  1.81834e-01
 4.45294e+03  1.77964e-01
 4.45320e+03  1.72026e-01
 4.45346e+03  1.71261e-01
 4.45372e+03  1.70082e-01
 4.45398e+03  1.67629e-01
 4.45424e+03  1.61715e-01
 4.45450e+03  1.64436e-01
 4.45476e+03  1.53289e-01
 4.45502e+03  1.55614e-01
 4.45528e+03  1.58480e-01
 4.45554e+03  1.48106e-01
 4.45580e+03  1.45130e-01
 4.45606e+03  1.40203e-01
 4.45632e+03  1.43040e-01
 4.45658e+03  1.39818e-01
 4.45684e+03  1.38613e-01
 4.45710e+03  1.36127e-01
 4.45736e+03  1.34682e-01
 4.45762e+03  1.29099e-01
 4.45788e+03  1.24331e-01
 4.45814e+03  1.23024e-01
 4.45840e+03  1.22456e-01
 4.45866e+03  1.22419e-01
 4.45892e+03  1.19802e-01
 4.45918e+03  1.15732e-01
 4.45944e+03  1.13633e-01
 4.45970e+03  1.14548e-01
 4.45996e+03  1.09753e-01
 4.46022e+03  1.09988e-01
 4.46048e+03  1.04480e-01
 4.46074e+03  1.03075e-01
 4.46100e+03  1.04230e-01
 4.46126e+03  1.01782e-01
 4.46152e+03  9.92338e-02
 4.46177e+03  9.51917e-02
 4.46204e+03  9.25183e-02
 4.46229e+03  9.11010e-02
 4.46255e+03  8.99698e-02
 4.46281e+03  8.64445e-02
 4.46307e+03  8.79142e-02
 4.46333e+03  8.74364e-02
 4.46359e+03  8.60262e-02
 4.46385e+03  8.61118e-02
 4.46411e+03  8.28686e-02
 4.46437e+03  7.80927e-02
 4.46463e+03  7.96143e-02
 4.46489e+03  7.75318e-02
 4.46515e+03  7.25930e-02
 4.46541e+03  7.59768e-02
 4.46567e+03  7.31114e-02
 4.46593e+03  7.10846e-02
 4.46619e+03  7.01201e-02
 4.46645e+03  6.91231e-02
 4.46671e+03  6.87934e-02
 4.46697e+03  6.84944e-02
 4.46723e+03  6.53242e-02
 4.46749e+03  6.56317e-02
 4.46775e+03  6.32313e-02
 4.46801e+03  6.23626e-02
 4.46827e+03  6.12013e-02
 4.46853e+03  5.83276e-02
 4.46879e+03  5.85825e-02
 4.46905e+03  5.89434e-02
 4.46931e+03  5.79521e-02
 4.46957e+03  5.55705e-02
 4.46983e+03  5.30248e-02
 4.47009e+03  5.56690e-02
 4.47035e+03  5.35600e-02
 4.47061e+03  5.51779e-02
 4.47087e+03  4.95622e-02
 4.47113e+03  5.07999e-02
 4.47139e+03  4.91386e-02
 4.47165e+03  4.93018e-02
 4.47191e+03  4.78602e-02
 4.47217e+03  4.64911e-02
 4.47243e+03  4.73895e-02
 4.47269e+03  4.62468e-02
 4.47295e+03  4.57106e-02
 4.47321e+03  4.33765e-02
 4.47347e+03  4.29274e-02
 4.47373e+03  4.19451e-02
 4.47399e+03  4.14543e-02
 4.47425e+03  4.14851e-02
 4.47451e+03  4.09176e-02
 4.47477e+03  3.72146e-02
 4.47503e+03  3.95497e-02
 4.47529e+03  3.70817e-02
 4.47555e+03  3.64917e-02
 4.47581e+03  3.88684e-02
 4.47607e+03  3.63288e-02
 4.47633e+03  3.74289e-02
 4.47659e+03  3.66490e-02
 4.47685e+03  3.30886e-02
 4.47711e+03  3.46025e-02
 4.47737e+03  3.33995e-02
 4.47763e+03  3.37638e-02
 4.47789e+03  3.23143e-02
 4.47815e+03  3.24888e-02
 4.47841e+03  3.16603e-02
 4.47867e+03  3.24310e-02
 4.47893e+03  3.00027e-02
 4.47919e+03  3.00402e-02
 4.47945e+03  2.75757e-02
 4.47971e+03  2.25125e-02
 4.47997e+03  2.57435e-02
 4.48023e+03  2.98406e-02
 4.48049e+03  2.83435e-02
 4.48075e+03  2.79334e-02
 4.48101e+03  2.61890e-02
 4.48127e+03  2.65069e-02
 4.48153e+03  2.65399e-02
 4.48179e+03  2.69856e-02
 4.48205e+03  2.44382e-02
 4.48231e+03  2.46448e-02
 4.48257e+03  2.55721e-02
 4.48283e+03  2.15150e-02
 4.48309e+03  2.37425e-02
 4.48335e+03  2.52933e-02
 4.48361e+03  2.36432e-02
 4.48387e+03  2.17449e-02
 4.48413e+03  2.19855e-02
 4.48439e+03  2.17737e-02
 4.48465e+03  2.10537e-02
 4.48491e+03  2.08313e-02
 4.48517e+03  2.03906e-02
 4.48543e+03  2.18235e-02
 4.48569e+03  2.11471e-02
 4.48595e+03  2.02476e-02
 4.48621e+03  1.86606e-02
 4.48647e+03  1.85421e-02
 4.48673e+03  1.92045e-02
 4.48699e+03  1.73435e-02
 4.48725e+03  1.87346e-02
 4.48751e+03  1.85762e-02
 4.48777e+03  1.83209e-02
 4.48802e+03  1.84270e-02
 4.48828e+03  1.63072e-02
 4.48854e+03  1.71838e-02
 4.48880e+03  1.66207e-02
 4.48906e+03  1.65948e-02
 4.48932e+03  1.60498e-02
 4.48958e+03  1.65357e-02
 4.48984e+03  1.60781e-02
 4.49010e+03  1.65307e-02
 4.49036e+03  1.67525e-02
 4.49062e+03  1.46995e-02
 4.49088e+03  1.55639e-02
 4.49114e+03  1.49013e-02
 4.49140e+03  1.53085e-02
 4.49166e+03  1.51420e-02
 4.49192e+03  1.57775e-02
 4.49218e+03  1.38737e-02
 4.49244e+03  1.40772e-02
 4.49270e+03  1.54301e-02
 4.49296e+03  1.27621e-02
 4.49322e+03  1.25674e-02
 4.49348e+03  1.36440e-02
 4.49374e+03  1.22126e-02
 4.49400e+03  1.23760e-02
 4.49426e+03  1.24062e-02
 4.49452e+03  1.29307e-02
 4.49478e+03  1.25068e-02
 4.49504e+03  1.28850e-02
 4.49530e+03  1.29963e-02
 4.49556e+03  1.16981e-02
 4.49582e+03  1.07094e-02
 4.49608e+03  1.20489e-02
 4.49634e+03  1.11292e-02
 4.49660e+03  1.17490e-02
 4.49686e+03  1.32663e-02
 4.49712e+03  9.97869e-03
 4.49738e+03  1.16616e-02
 4.49764e+03  1.13670e-02
 4.49790e+03  1.07995e-02
 4.49816e+03  1.14632e-02
 4.49842e+03  1.00504e-02
 4.49868e+03  1.08469e-02
 4.49894e+03  1.16682e-02
 4.49920e+03  9.87428e-03
 4.49946e+03  1.03175e-02
 4.49972e+03  1.07416e-02
 4.49998e+03  8.39307e-03
 4.50024e+03  9.62640e-03
 4.50050e+03  9.76028e-03
 4.50076e+03  1.03724e-02
 4.50102e+03  8.72997e-03
 4.50128e+03  9.41003e-03
 4.50154e+03  8.28267e-03
 4.50180e+03  9.92997e-03
 4.50206e+03  8.23626e-03
 4.50232e+03  8.04972e-03
 4.50258e+03  8.07718e-03
 4.50284e+03  8.89334e-03
 4.50310e+03  8.97606e-03
 4.50336e+03  8.59462e-03
 4.50362e+03  8.19873e-03
 4.50388e+03  7.76387e-03
 4.50414e+03  7.49855e-03
 4.50440e+03  7.10333e-03
 4.50466e+03  7.61871e-03
 4.50492e+03  8.39936e-03
 4.50518e+03  8.66159e-03
 4.50544e+03  6.62538e-03
 4.50570e+03  9.08434e-03
 4.50596e+03  7.70742e-03
 4.50622e+03  6.64605e-03
 4.50648e+03  7.34471e-03
 4.50674e+03  7.74545e-03
 4.50700e+03  7.73385e-03
 4.50726e+03  6.82055e-03
 4.50752e+03  7.31922e-03
 4.50778e+03  6.59896e-03
 4.50804e+03  5.57357e-03
 4.50830e+03  6.73407e-03
 4.50856e+03  7.52733e-03
 4.50882e+03  5.88560e-03
 4.50908e+03  5.62678e-03
 4.50934e+03  5.78477e-03
 4.50960e+03  6.20892e-03
 4.50986e+03  5.55658e-03
 4.51012e+03  5.87306e-03
 4.51038e+03  5.51357e-03
 4.51064e+03  4.82919e-03
 4.51090e+03  6.82535e-03
 4.51116e+03  6.28528e-03
 4.51142e+03  4.96615e-03
 4.51168e+03  7.19070e-03
 4.51194e+03  5.20523e-03
 4.51220e+03  5.09934e-03
 4.51246e+03  6.10586e-03
 4.51272e+03  5.55889e-03
 4.51298e+03  5.51911e-03
 4.51324e+03  3.23348e-03
 4.51350e+03  5.28554e-03
 4.51375e+03  5.06187e-03
 4.51402e+03  4.86224e-03
 4.51427e+03  5.34324e-03
 4.51453e+03  4.82297e-03
 4.51479e+03  5.37021e-03
 4.51505e+03  4.33475e-03
 4.51531e+03  5.46122e-03
 4.51557e+03  4.93116e-03
 4.51583e+03  4.85553e-03
 4.51609e+03  4.23909e-03
 4.51635e+03  3.48307e-03
 4.51661e+03  3.81045e-03
 4.51687e+03  4.14623e-03
 4.51713e+03  4.38840e-03
 4.51739e+03  3.17954e-03
 4.51765e+03  4.33538e-03
 4.51791e+03  4.23484e-03
 4.51817e+03  4.43000e-03
 4.51843e+03  3.50265e-03
 4.51869e+03  4.68319e-03
 4.51895e+03  4.64590e-03
 4.51921e+03  4.34926e-03
 4.51947e+03  3.73510e-03
 4.51973e+03  3.07794e-03
 4.51999e+03  3.72358e-03
 4.52025e+03  4.87809e-03
 4.52051e+03  4.47124e-03
 4.52077e+03  5.24899e-03
 4.52103e+03  4.05199e-03
 4.52129e+03  4.06425e-03
 4.52155e+03  2.50051e-03
 4.52181e+03  3.17641e-03
 4.52207e+03  3.89709e-03
 4.52233e+03  3.42556e-03
 4.52259e+03  3.34287e-03
 4.52285e+03  3.18702e-03
 4.52311e+03  3.97233e-03
 4.52337e+03  4.20041e-03
 4.52363e+03  3.33563e-03
 4.52389e+03  4.12048e-03
 4.52415e+03  4.24246e-03
 4.52441e+03  3.26258e-03
 4.52467e+03  3.82194e-03
 4.52493e+03  3.65847e-03
 4.52519e+03  2.68457e-03
 4.52545e+03  2.49767e-03
 4.52571e+03  3.83666e-03
 4.52597e+03  3.63745e-03
 4.52623e+03  2.83107e-03
 4.52649e+03  3.73179e-03
 4.52675e+03  3.36587e-03
 4.52701e+03  3.11517e-03
 4.52727e+03  4.00667e-03
 4.52753e+03  2.57479e-03
 4.52779e+03  2.81393e-03
 4.52805e+03  3.13981e-03
 4.52831e+03  2.02725e-03
 4.52857e+03  2.45555e-03
 4.52883e+03  3.36403e-03
 4.52909e+03  2.69265e-03
 4.52935e+03  3.01044e-03
 4.52961e+03  3.67034e-03
 4.52987e+03  2.25430e-03
 4.53013e+03  3.30246e-03
 4.53039e+03  2.91159e-03
 4.53065e+03  2.47102e-03
 4.53091e+03  3.37143e-03
 4.53117e+03  3.30310e-03
 4.53143e+03  2.63005e-03
 4.53169e+03  1.61833e-03
 4.53195e+03  2.44080e-03
 4.53221e+03  2.77060e-03
 4.53247e+03  2.97665e-03
 4.53273e+03  3.04678e-03
 4.53299e+03  3.36598e-03
 4.53325e+03  2.32776e-03
 4.53351e+03  3.57354e-03
 4.53377e+03  3.19790e-03
 4.53403e+03  1.94104e-03
 4.53429e+03  2.92470e-03
 4.53455e+03  2.58273e-03
 4.53481e+03  1.97444e-03
 4.53507e+03  2.57913e-03
 4.53533e+03  2.79472e-03
 4.53559e+03  2.57577e-03
 4.53585e+03  2.06066e-03
 4.53611e+03  2.69409e-03
 4.53637e+03  2.26758e-03
 4.53663e+03  1.80602e-03
 4.53689e+03  1.63870e-03
 4.53715e+03 -2.15880e-03
 4.53741e+03 -1.60078e-02
 4.53767e+03  7.66304e-04
 4.53793e+03  1.89589e-03
 4.53819e+03  2.65348e-03
 4.53845e+03  2.40445e-03
 4.53871e+03  2.44650e-03
 4.53897e+03  1.73321e-03
 4.53923e+03  1.41498e-03
 4.53949e+03  1.83323e-03
 4.53975e+03  2.05269e-03
 4.54000e+03  1.79357e-03
 4.54027e+03  2.58096e-03
 4.54052e+03  1.77535e-03
 4.54078e+03  2.63186e-03
 4.54104e+03  2.11058e-03
 4.54130e+03  1.49410e-03
 4.54156e+03  2.04520e-03
 4.54182e+03  1.53844e-03
 4.54208e+03  1.27553e-03
 4.54234e+03  2.88835e-03
 4.54260e+03  1.91586e-03
 4.54286e+03  1.33435e-03
 4.54312e+03  1.70181e-03
 4.54338e+03  1.81852e-03
 4.54364e+03  1.27020e-03
 4.54390e+03  1.66723e-04
 4.54416e+03  8.91846e-04
 4.54442e+03  2.11784e-03
 4.54468e+03  2.39226e-03
 4.54494e+03  2.17489e-03
 4.54520e+03  1.43269e-03
 4.54546e+03  2.04146e-03
 4.54572e+03  7.93630e-04
 4.54598e+03  9.48980e-04
 4.54624e+03  1.88312e-03
 4.54650e+03  1.74492e-03
 4.54676e+03  2.10973e-03
 4.54702e+03  2.09963e-03
 4.54728e+03  1.51434e-03
 4.54754e+03  1.04277e-03
 4.54780e+03  1.90492e-03
 4.54806e+03  1.48058e-03
 4.54832e+03  1.51137e-03
 4.54858e+03  8.17672e-04
 4.54884e+03  2.41072e-03
 4.54910e+03  1.08883e-03
 4.54936e+03  1.21786e-03
 4.54962e+03  1.78714e-03
 4.54988e+03  1.11485e-03
 4.55014e+03  1.47806e-03
 4.55040e+03  1.09168e-03
 4.55066e+03  7.63264e-04
 4.55092e+03  1.35595e-03
 4.55118e+03  3.36208e-04
 4.55144e+03  1.80613e-03
 4.55170e+03  1.55157e-03
 4.55196e+03  1.14754e-03
 4.55222e+03  1.00034e-03
 4.55248e+03  1.50687e-03
 4.55274e+03  1.92467e-04
 4.55300e+03  2.32531e-03
 4.55326e+03  1.32689e-03
 4.55352e+03  1.38505e-03
 4.55378e+03  8.33541e-04
 4.55404e+03  1.01507e-03
 4.55430e+03  9.16431e-04
 4.55456e+03  2.10583e-03
 4.55482e+03  1.88777e-03
 4.55508e+03  8.71021e-04
 4.55534e+03  1.48610e-03
 4.55560e+03  1.54994e-03
 4.55586e+03  1.04829e-03
 4.55612e+03  1.38522e-03
 4.55638e+03  1.96335e-03
 4.55664e+03  1.21700e-03
 4.55690e+03  9.39006e-04
 4.55716e+03  6.23806e-04
 4.55742e+03  8.05788e-04
 4.55768e+03  1.75631e-03
 4.55794e+03  1.55351e-03
 4.55820e+03  2.10067e-03
 4.55846e+03  1.12986e-03
 4.55872e+03  1.48493e-03
 4.55898e+03  1.85731e-03
 4.55924e+03  8.31404e-04
 4.55950e+03  4.18705e-04
 4.55976e+03  1.75310e-03
 4.56002e+03  9.03947e-04
 4.56028e+03  1.27944e-03
 4.56054e+03  9.41487e-04
 4.56080e+03  8.01023e-04
 4.56106e+03  4.09671e-05
 4.56132e+03  3.72700e-05
 4.56158e+03  1.31323e-03
 4.56184e+03  1.04315e-03
 4.56210e+03 -1.69160e-02
 4.56236e+03 -1.19604e-01
 4.56262e+03  2.01084e-03
 4.56288e+03  7.48387e-04
 4.56314e+03  1.16730e-03
 4.56340e+03  7.33010e-04
 4.56366e+03  4.34257e-04
 4.56392e+03 -8.87465e-05
 4.56418e+03  2.03450e-04
 4.56444e+03  1.15358e-03
 4.56470e+03  1.49052e-03
 4.56496e+03  1.68531e-03
 4.56522e+03  8.77268e-04
 4.56548e+03  1.08420e-03
 4.56573e+03  8.71671e-04
 4.56600e+03  1.24957e-03
 4.56625e+03  1.41841e-03
 4.56651e+03  1.25750e-03
 4.56677e+03  5.40259e-04
 4.56703e+03  2.27080e-04
 4.56729e+03  1.41768e-03
 4.56755e+03  8.14952e-04
 4.56781e+03  1.42110e-03
 4.56807e+03  1.06223e-04
 4.56833e+03  1.10805e-03
 4.56859e+03  3.89692e-04
 4.56885e+03 -2.47114e-04
 4.56911e+03  1.31955e-03
 4.56937e+03  1.08603e-03
 4.56963e+03  7.25834e-04
 4.56989e+03  1.21346e-03
 4.57015e+03  7.15404e-04
 4.57041e+03  1.35227e-03
 4.57067e+03  7.94644e-04
 4.57093e+03  1.13531e-04
 4.57119e+03  1.39900e-04
 4.57145e+03  1.13771e-03
 4.57171e+03  9.16705e-04
 4.57197e+03  1.05298e-03
 4.57223e+03  9.40588e-04
 4.57249e+03  2.12087e-04
 4.57275e+03  1.24153e-03
 4.57301e+03  1.04319e-03
 4.57327e+03  7.99179e-04
 4.57353e+03  1.09737e-03
 4.57379e+03  9.58394e-04
 4.57405e+03  6.10016e-04
 4.57431e+03 -1.69947e-04
 4.57457e+03 -2.77714e-04
 4.57483e+03  4.02166e-04
 4.57509e+03  7.96525e-04
 4.57535e+03  2.42070e-04
 4.57561e+03  1.40099e-04
 4.57587e+03  7.53994e-04
 4.57613e+03  1.33042e-03
 4.57639e+03  1.42435e-03
 4.57665e+03  9.87590e-04
 4.57691e+03  1.41155e-03
 4.57717e+03 -9.40601e-05
 4.57743e+03  8.49177e-04
 4.57769e+03  5.49951e-04
 4.57795e+03  2.36433e-04
 4.57821e+03  8.72304e-04
 4.57847e+03  6.80659e-04
 4.57873e+03  3.50735e-04
 4.57899e+03  1.30874e-03
 4.57925e+03  1.20789e-03
 4.57951e+03  1.06651e-03
 4.57977e+03  4.78160e-04
 4.58003e+03  7.09331e-04
 4.58029e+03  7.36623e-04
 4.58055e+03  8.18204e-04
 4.58081e+03  4.63497e-04
 4.58107e+03  2.53958e-04
 4.58133e+03 -2.55877e-04
 4.58159e+03  6.04263e-04
 4.58185e+03  7.98827e-05
 4.58211e+03  5.02412e-04
 4.58237e+03  6.92340e-04
 4.58263e+03  6.32902e-04
 4.58289e+03  5.37999e-04
 4.58315e+03  6.65479e-04
 4.58341e+03  7.19788e-04
 4.58367e+03  8.10356e-04
 4.58393e+03  1.62857e-03
 4.58419e+03  2.23738e-04
 4.58445e+03  1.05019e-03
 4.58471e+03  1.22157e-03
 4.58497e+03  7.91073e-04
 4.58523e+03 -6.88905e-05
 4.58549e+03  5.97327e-04
 4.58575e+03  3.90139e-04
 4.58601e+03  4.38735e-04
 4.58627e+03  1.16874e-03
 4.58653e+03  9.81199e-04
 4.58679e+03  1.57195e-04
 4.58705e+03  9.65594e-04
 4.58731e+03  1.09110e-03
 4.58757e+03 -6.56179e-04
 4.58783e+03  2.20129e-04
 4.58809e+03  1.05984e-03
 4.58835e+03  7.95788e-04
 4.58861e+03 -9.07043e-05
 4.58887e+03 -1.36933e-04
 4.58913e+03  6.87024e-04
 4.58939e+03 -4.82379e-04
 4.58965e+03  7.77822e-04
 4.58991e+03  6.79714e-04
 4.59017e+03  7.12337e-04
 4.59043e+03  1.29500e-03
 4.59069e+03  4.81956e-04
 4.59095e+03  6.73434e-04
 4.59121e+03  8.96524e-04
 4.59147e+03 -7.12026e-05
 4.59173e+03 -7.78491e-04
 4.59198e+03  3.77649e-04
 4.59225e+03  2.87813e-04
 4.59250e+03  6.93900e-04
 4.59276e+03  3.94541e-04
 4.59302e+03  4.03910e-04
 4.59328e+03  4.84626e-04
 4.59354e+03  9.24818e-04
 4.59380e+03 -7.80944e-06
 4.59406e+03  1.09573e-03
 4.59432e+03 -4.06575e-04
 4.59458e+03  9.72967e-04
 4.59484e+03  8.60128e-05
 4.59510e+03  3.89197e-04
 4.59536e+03  1.25734e-03
 4.59562e+03 -4.00475e-04
 4.59588e+03  4.12397e-04
 4.59614e+03  5.23118e-04
 4.59640e+03  1.37875e-04
 4.59666e+03 -3.58454e-05
 4.59692e+03 -2.36362e-04
 4.59718e+03  1.13163e-03
 4.59744e+03  1.20001e-03
 4.59770e+03  7.46052e-05
 4.59796e+03  2.42670e-04
 4.59822e+03  1.20788e-03
 4.59848e+03 -1.16685e-04
 4.59874e+03  8.48643e-04
 4.59900e+03  7.93614e-04
 4.59926e+03  4.70764e-04
 4.59952e+03  9.18645e-04
 4.59978e+03  1.10483e-03
 4.60004e+03  4.51614e-04
