 5.50019e+03  9.48223e-04
 5.50045e+03  1.06900e-03
 5.50071e+03  1.14294e-03
 5.50097e+03  1.03481e-03
 5.50123e+03  1.17025e-03
 5.50150e+03  1.05094e-03
 5.50176e+03  1.36417e-03
 5.50202e+03  8.94154e-04
 5.50228e+03  1.36585e-03
 5.50254e+03  1.17914e-03
 5.50280e+03  1.14702e-03
 5.50306e+03  1.03810e-03
 5.50332e+03  1.19626e-03
 5.50358e+03  1.32662e-03
 5.50384e+03  1.20669e-03
 5.50410e+03  1.11021e-03
 5.50436e+03  1.32005e-03
 5.50462e+03  1.15037e-03
 5.50488e+03  1.27350e-03
 5.50515e+03  1.23055e-03
 5.50541e+03  1.37974e-03
 5.50567e+03  1.37677e-03
 5.50593e+03  1.12406e-03
 5.50619e+03  1.30821e-03
 5.50645e+03  1.20008e-03
 5.50671e+03  1.14472e-03
 5.50697e+03  1.39219e-03
 5.50723e+03  1.15929e-03
 5.50749e+03  1.22233e-03
 5.50775e+03  1.18866e-03
 5.50801e+03  1.28043e-03
 5.50827e+03  1.50533e-03
 5.50853e+03  1.37039e-03
 5.50879e+03  1.35890e-03
 5.50906e+03  1.28685e-03
 5.50932e+03  1.40199e-03
 5.50958e+03  1.27178e-03
 5.50984e+03  1.28190e-03
 5.51010e+03  1.30684e-03
 5.51036e+03  1.40470e-03
 5.51062e+03  1.36831e-03
 5.51088e+03  1.18557e-03
 5.51114e+03  1.27517e-03
 5.51140e+03  1.44795e-03
 5.51166e+03  1.46478e-03
 5.51192e+03  1.15528e-03
 5.51218e+03  1.25029e-03
 5.51244e+03  1.41299e-03
 5.51271e+03  1.30495e-03
 5.51297e+03  1.47161e-03
 5.51323e+03  1.47559e-03
 5.51349e+03  1.19500e-03
 5.51375e+03  1.25984e-03
 5.51401e+03  1.35983e-03
 5.51427e+03  1.24655e-03
 5.51453e+03  1.31794e-03
 5.51479e+03  1.39178e-03
 5.51505e+03  1.29213e-03
 5.51531e+03  1.44152e-03
 5.51557e+03  1.58856e-03
 5.51583e+03  1.25952e-03
 5.51609e+03  1.37167e-03
 5.51635e+03  1.41837e-03
 5.51662e+03  1.45180e-03
 5.51688e+03  1.48572e-03
 5.51714e+03  1.39551e-03
 5.51740e+03  1.28601e-03
 5.51766e+03  1.42027e-03
 5.51792e+03  1.54737e-03
 5.51818e+03  1.35991e-03
 5.51844e+03  1.53181e-03
 5.51870e+03  1.42159e-03
 5.51896e+03  1.29470e-03
 5.51922e+03  1.55692e-03
 5.51948e+03  1.26848e-03
 5.51974e+03  1.55441e-03
 5.52000e+03  1.47561e-03
 5.52027e+03  1.45037e-03
 5.52053e+03  1.61788e-03
 5.52079e+03  1.35658e-03
 5.52105e+03  1.49697e-03
 5.52131e+03  1.36230e-03
 5.52157e+03  1.54809e-03
 5.52183e+03  1.45378e-03
 5.52209e+03  1.44152e-03
 5.52235e+03  1.57319e-03
 5.52261e+03  1.38921e-03
 5.52287e+03  1.54909e-03
 5.52313e+03  1.50971e-03
 5.52339e+03  1.56962e-03
 5.52365e+03  1.53645e-03
 5.52392e+03  1.48378e-03
 5.52418e+03  1.49153e-03
 5.52444e+03  1.58521e-03
 5.52470e+03  1.43749e-03
 5.52496e+03  1.35599e-03
 5.52522e+03  1.55333e-03
 5.52548e+03  1.39159e-03
 5.52574e+03  1.50626e-03
 5.52600e+03  1.46968e-03
 5.52626e+03  1.56910e-03
 5.52652e+03  1.45901e-03
 5.52678e+03  1.70826e-03
 5.52704e+03  1.43590e-03
 5.52730e+03  1.59673e-03
 5.52757e+03  1.50376e-03
 5.52783e+03  1.40417e-03
 5.52809e+03  1.46457e-03
 5.52835e+03  1.47329e-03
 5.52861e+03  1.52065e-03
 5.52887e+03  1.74857e-03
 5.52913e+03  1.69028e-03
 5.52939e+03  1.41835e-03
 5.52965e+03  1.55719e-03
 5.52991e+03  1.50834e-03
 5.53017e+03  1.63101e-03
 5.53043e+03  1.61812e-03
 5.53069e+03  1.56884e-03
 5.53095e+03  1.55679e-03
 5.53122e+03  1.69720e-03
 5.53148e+03  1.61288e-03
 5.53174e+03  1.64123e-03
 5.53200e+03  1.36130e-03
 5.53226e+03  1.49593e-03
 5.53252e+03  1.50346e-03
 5.53278e+03  1.53746e-03
 5.53304e+03  1.76785e-03
 5.53330e+03  1.59800e-03
 5.53356e+03  1.44690e-03
 5.53382e+03  1.56800e-03
 5.53408e+03  1.47528e-03
 5.53434e+03  1.85255e-03
 5.53460e+03  1.66262e-03
 5.53486e+03  1.48865e-03
 5.53513e+03  1.51960e-03
 5.53539e+03  1.63182e-03
 5.53565e+03  1.55122e-03
 5.53591e+03  1.54092e-03
 5.53617e+03  1.59261e-03
 5.53643e+03  1.64113e-03
 5.53669e+03  1.60206e-03
 5.53695e+03  1.57429e-03
 5.53721e+03  1.69227e-03
 5.53747e+03  1.67891e-03
 5.53773e+03  1.77535e-03
 5.53799e+03  1.67278e-03
 5.53825e+03  1.60447e-03
 5.53851e+03  1.63913e-03
 5.53878e+03  1.66255e-03
 5.53904e+03  1.54584e-03
 5.53930e+03  1.60971e-03
 5.53956e+03  1.53779e-03
 5.53982e+03  1.58053e-03
 5.54008e+03  1.64897e-03
 5.54034e+03  1.55773e-03
 5.54060e+03  1.65512e-03
 5.54086e+03  1.55957e-03
 5.54112e+03  1.51122e-03
 5.54138e+03  1.74560e-03
 5.54164e+03  1.76466e-03
 5.54190e+03  1.61737e-03
 5.54216e+03  1.81742e-03
 5.54243e+03  1.59341e-03
 5.54269e+03  1.59419e-03
 5.54295e+03  1.86630e-03
 5.54321e+03  1.79059e-03
 5.54347e+03  1.75017e-03
 5.54373e+03  1.58939e-03
 5.54399e+03  1.68740e-03
 5.54425e+03  1.65486e-03
 5.54451e+03  1.64019e-03
 5.54477e+03  1.78338e-03
 5.54503e+03  1.66073e-03
 5.54529e+03  1.60977e-03
 5.54555e+03  1.69489e-03
 5.54581e+03  1.72862e-03
 5.54608e+03  1.81776e-03
 5.54634e+03  1.76170e-03
 5.54660e+03  1.67916e-03
 5.54686e+03  1.76237e-03
 5.54712e+03  1.91804e-03
 5.54738e+03  1.79597e-03
 5.54764e+03  1.77912e-03
 5.54790e+03  1.63519e-03
 5.54816e+03  1.75749e-03
 5.54842e+03  1.79312e-03
 5.54868e+03  1.82481e-03
 5.54894e+03  1.72471e-03
 5.54920e+03  1.64185e-03
 5.54946e+03  1.94025e-03
 5.54972e+03  1.83832e-03
 5.54999e+03  1.67310e-03
 5.55025e+03  1.88267e-03
 5.55051e+03  2.06891e-03
 5.55077e+03  1.79281e-03
 5.55103e+03  1.75959e-03
 5.55129e+03  1.79307e-03
 5.55155e+03  1.90921e-03
 5.55181e+03  1.78386e-03
 5.55207e+03  1.60461e-03
 5.55233e+03  1.88026e-03
 5.55259e+03  1.91936e-03
 5.55285e+03  1.64115e-03
 5.55311e+03  1.90970e-03
 5.55337e+03  1.90015e-03
 5.55364e+03  1.89265e-03
 5.55390e+03  1.86818e-03
 5.55416e+03  2.02083e-03
 5.55442e+03  1.95771e-03
 5.55468e+03  1.87357e-03
 5.55494e+03  1.97035e-03
 5.55520e+03  2.06720e-03
 5.55546e+03  1.78238e-03
 5.55572e+03  1.94067e-03
 5.55598e+03  1.95067e-03
 5.55624e+03  2.08414e-03
 5.55650e+03  2.02190e-03
 5.55676e+03  1.85340e-03
 5.55702e+03  1.95351e-03
 5.55729e+03  1.95811e-03
 5.55755e+03  1.93966e-03
 5.55781e+03  1.96131e-03
 5.55807e+03  2.04945e-03
 5.55833e+03  1.99374e-03
 5.55859e+03  2.11529e-03
 5.55885e+03  2.12965e-03
 5.55911e+03  2.14441e-03
 5.55937e+03  2.07711e-03
 5.55963e+03  2.03702e-03
 5.55989e+03  2.13194e-03
 5.56015e+03  2.05662e-03
 5.56041e+03  2.12418e-03
 5.56067e+03  2.15377e-03
 5.56094e+03  2.17292e-03
 5.56120e+03  2.07730e-03
 5.56146e+03  1.98562e-03
 5.56172e+03  2.34742e-03
 5.56198e+03  2.11684e-03
 5.56224e+03  2.33752e-03
 5.56250e+03  2.10503e-03
 5.56276e+03  2.30830e-03
 5.56302e+03  2.09748e-03
 5.56328e+03  2.17433e-03
 5.56354e+03  2.08017e-03
 5.56380e+03  2.47131e-03
 5.56406e+03  2.32918e-03
 5.56432e+03  2.16377e-03
 5.56458e+03  2.01213e-03
 5.56485e+03  2.28297e-03
 5.56511e+03  2.24140e-03
 5.56537e+03  2.20435e-03
 5.56563e+03  2.35489e-03
 5.56589e+03  2.46756e-03
 5.56615e+03  2.23432e-03
 5.56641e+03  2.24402e-03
 5.56667e+03  2.31364e-03
 5.56693e+03  2.37001e-03
 5.56719e+03  2.27210e-03
 5.56745e+03  2.37526e-03
 5.56771e+03  2.38231e-03
 5.56797e+03  2.38475e-03
 5.56823e+03  2.63705e-03
 5.56850e+03  2.46532e-03
 5.56876e+03  2.36945e-03
 5.56902e+03  2.52357e-03
 5.56928e+03  2.46395e-03
 5.56954e+03  2.33921e-03
 5.56980e+03  2.61737e-03
 5.57006e+03  2.43422e-03
 5.57032e+03  2.66006e-03
 5.57058e+03  2.65617e-03
 5.57084e+03  2.63845e-03
 5.57110e+03  2.73113e-03
 5.57136e+03  2.70718e-03
 5.57162e+03  2.78094e-03
 5.57188e+03  2.71864e-03
 5.57215e+03  2.74847e-03
 5.57241e+03  2.54941e-03
 5.57267e+03  2.92451e-03
 5.57293e+03  2.95929e-03
 5.57319e+03  2.74819e-03
 5.57345e+03  2.73667e-03
 5.57371e+03  2.91521e-03
 5.57397e+03  2.60491e-03
 5.57423e+03  2.66393e-03
 5.57449e+03  2.89319e-03
 5.57475e+03  2.88394e-03
 5.57501e+03  2.86653e-03
 5.57527e+03  2.88796e-03
 5.57553e+03  2.77036e-03
 5.57579e+03  2.94777e-03
 5.57606e+03  2.82952e-03
 5.57632e+03  2.94398e-03
 5.57658e+03  2.96282e-03
 5.57684e+03  2.97155e-03
 5.57710e+03  3.01012e-03
 5.57736e+03  2.92360e-03
 5.57762e+03  3.04514e-03
 5.57788e+03  2.95948e-03
 5.57814e+03  2.70164e-03
 5.57840e+03  3.18628e-03
 5.57866e+03  2.97902e-03
 5.57892e+03  3.02929e-03
 5.57918e+03  2.80792e-03
 5.57944e+03  2.98817e-03
 5.57971e+03  3.32378e-03
 5.57997e+03  3.07472e-03
 5.58023e+03  2.97925e-03
 5.58049e+03  3.11504e-03
 5.58075e+03  3.21694e-03
 5.58101e+03  3.21873e-03
 5.58127e+03  3.10962e-03
 5.58153e+03  3.11057e-03
 5.58179e+03  3.24193e-03
 5.58205e+03  3.00689e-03
 5.58231e+03  3.47591e-03
 5.58257e+03  3.32408e-03
 5.58283e+03  3.08506e-03
 5.58309e+03  3.16352e-03
 5.58335e+03  3.37591e-03
 5.58362e+03  3.24747e-03
 5.58388e+03  3.49351e-03
 5.58414e+03  3.41242e-03
 5.58440e+03  3.08354e-03
 5.58466e+03  3.21707e-03
 5.58492e+03  3.26667e-03
 5.58518e+03  3.18565e-03
 5.58544e+03  3.31801e-03
 5.58570e+03  3.47027e-03
 5.58596e+03  3.20582e-03
 5.58622e+03  3.37891e-03
 5.58648e+03  3.56879e-03
 5.58674e+03  3.40047e-03
 5.58700e+03  3.58125e-03
 5.58727e+03  3.39899e-03
 5.58753e+03  3.26949e-03
 5.58779e+03  3.51063e-03
 5.58805e+03  3.48056e-03
 5.58831e+03  3.44101e-03
 5.58857e+03  3.54661e-03
 5.58883e+03  3.62154e-03
 5.58909e+03  3.42232e-03
 5.58935e+03  3.56639e-03
 5.58961e+03  3.55270e-03
 5.58987e+03  3.39942e-03
 5.59013e+03  3.52742e-03
 5.59039e+03  3.48146e-03
 5.59065e+03  3.65307e-03
 5.59092e+03  3.54399e-03
 5.59118e+03  3.92667e-03
 5.59144e+03  3.75113e-03
 5.59170e+03  6.60777e-03
 5.59196e+03  5.08513e-03
 5.59222e+03  3.75385e-03
 5.59248e+03  4.03584e-03
 5.59274e+03  3.83146e-03
 5.59300e+03  3.66876e-03
 5.59326e+03  3.52419e-03
 5.59352e+03  3.66251e-03
 5.59378e+03  3.54602e-03
 5.59404e+03  3.95328e-03
 5.59430e+03  3.80051e-03
 5.59457e+03  3.72037e-03
 5.59483e+03  3.74003e-03
 5.59509e+03  3.72382e-03
 5.59535e+03  3.73130e-03
 5.59561e+03  3.86907e-03
 5.59587e+03  4.05132e-03
 5.59613e+03  3.67800e-03
 5.59639e+03  3.75060e-03
 5.59665e+03  3.98529e-03
 5.59691e+03  4.04151e-03
 5.59717e+03  3.89685e-03
 5.59743e+03  3.89433e-03
 5.59769e+03  4.03609e-03
 5.59795e+03  3.99791e-03
 5.59821e+03  4.13552e-03
 5.59848e+03  3.80782e-03
 5.59874e+03  4.14172e-03
 5.59900e+03  3.87453e-03
 5.59926e+03  4.20035e-03
 5.59952e+03  4.14861e-03
 5.59978e+03  4.03336e-03
 5.60004e+03  3.89851e-03
 5.60030e+03  4.19664e-03
 5.60056e+03  4.07075e-03
 5.60082e+03  3.95517e-03
 5.60108e+03  4.22308e-03
 5.60134e+03  4.20000e-03
 5.60160e+03  4.07953e-03
 5.60186e+03  4.24487e-03
 5.60213e+03  4.30404e-03
 5.60239e+03  4.15648e-03
 5.60265e+03  4.16501e-03
 5.60291e+03  4.18205e-03
 5.60317e+03  4.07943e-03
 5.60343e+03  4.12556e-03
 5.60369e+03  4.28314e-03
 5.60395e+03  4.29571e-03
 5.60421e+03  4.24012e-03
 5.60447e+03  4.20489e-03
 5.60473e+03  4.13918e-03
 5.60499e+03  4.21706e-03
 5.60525e+03  4.50583e-03
 5.60551e+03  4.31663e-03
 5.60578e+03  4.42342e-03
 5.60604e+03  4.43021e-03
 5.60630e+03  4.53832e-03
 5.60656e+03  4.39746e-03
 5.60682e+03  4.53629e-03
 5.60708e+03  4.40524e-03
 5.60734e+03  4.66229e-03
 5.60760e+03  4.49647e-03
 5.60786e+03  4.50336e-03
 5.60812e+03  4.57445e-03
 5.60838e+03  4.48294e-03
 5.60864e+03  4.58904e-03
 5.60890e+03  4.52884e-03
 5.60916e+03  4.61042e-03
 5.60943e+03  4.78619e-03
 5.60969e+03  4.74157e-03
 5.60995e+03  5.18398e-03
 5.61021e+03  4.95360e-03
 5.61047e+03  4.80083e-03
 5.61073e+03  4.66833e-03
 5.61099e+03  4.60855e-03
 5.61125e+03  4.91966e-03
 5.61151e+03  4.92650e-03
 5.61177e+03  4.86850e-03
 5.61203e+03  5.00104e-03
 5.61229e+03  4.90426e-03
 5.61255e+03  5.19874e-03
 5.61281e+03  4.96902e-03
 5.61307e+03  4.81422e-03
 5.61334e+03  4.99701e-03
 5.61360e+03  5.11884e-03
 5.61386e+03  5.20266e-03
 5.61412e+03  5.11733e-03
 5.61438e+03  5.12118e-03
 5.61464e+03  5.28494e-03
 5.61490e+03  4.94006e-03
 5.61516e+03  5.27999e-03
 5.61542e+03  5.23950e-03
 5.61568e+03  5.39901e-03
 5.61594e+03  5.39212e-03
 5.61620e+03  5.18027e-03
 5.61646e+03  5.39197e-03
 5.61672e+03  5.47140e-03
 5.61699e+03  5.43037e-03
 5.61725e+03  5.61952e-03
 5.61751e+03  5.36503e-03
 5.61777e+03  5.63866e-03
 5.61803e+03  5.53138e-03
 5.61829e+03  5.71615e-03
 5.61855e+03  5.88319e-03
 5.61881e+03  5.75725e-03
 5.61907e+03  5.82708e-03
 5.61933e+03  5.46239e-03
 5.61959e+03  5.76796e-03
 5.61985e+03  5.64584e-03
 5.62011e+03  5.96870e-03
 5.62037e+03  5.82836e-03
 5.62064e+03  5.92430e-03
 5.62090e+03  6.04973e-03
 5.62116e+03  6.09653e-03
 5.62142e+03  6.16662e-03
 5.62168e+03  6.26397e-03
 5.62194e+03  6.32477e-03
 5.62220e+03  6.16536e-03
 5.62246e+03  6.03269e-03
 5.62272e+03  6.32686e-03
 5.62298e+03  6.30020e-03
 5.62324e+03  6.39596e-03
 5.62350e+03  6.59682e-03
 5.62376e+03  6.54032e-03
 5.62402e+03  6.42355e-03
 5.62429e+03  6.38123e-03
 5.62455e+03  6.38996e-03
 5.62481e+03  6.59915e-03
 5.62507e+03  6.56175e-03
 5.62533e+03  6.67688e-03
 5.62559e+03  6.67567e-03
 5.62585e+03  7.01787e-03
 5.62611e+03  6.88825e-03
 5.62637e+03  7.13839e-03
 5.62663e+03  7.15806e-03
 5.62689e+03  7.22000e-03
 5.62715e+03  7.28971e-03
 5.62741e+03  7.01411e-03
 5.62767e+03  7.26730e-03
 5.62793e+03  7.13651e-03
 5.62820e+03  7.45882e-03
 5.62846e+03  7.19107e-03
 5.62872e+03  7.55873e-03
 5.62898e+03  7.59685e-03
 5.62924e+03  7.73666e-03
 5.62950e+03  7.71786e-03
 5.62976e+03  7.69960e-03
 5.63002e+03  7.97990e-03
 5.63028e+03  7.69020e-03
 5.63054e+03  7.95788e-03
 5.63080e+03  7.92710e-03
 5.63106e+03  8.13319e-03
 5.63132e+03  8.12124e-03
 5.63158e+03  8.06520e-03
 5.63185e+03  8.02035e-03
 5.63211e+03  8.05948e-03
 5.63237e+03  8.34552e-03
 5.63263e+03  8.36858e-03
 5.63289e+03  8.31554e-03
 5.63315e+03  8.58133e-03
 5.63341e+03  8.58314e-03
 5.63367e+03  8.74700e-03
 5.63393e+03  8.67645e-03
 5.63419e+03  8.68601e-03
 5.63445e+03  8.67203e-03
 5.63471e+03  9.00565e-03
 5.63497e+03  9.04761e-03
 5.63523e+03  8.91058e-03
 5.63550e+03  8.89671e-03
 5.63576e+03  9.02539e-03
 5.63602e+03  9.22937e-03
 5.63628e+03  9.28471e-03
 5.63654e+03  9.34250e-03
 5.63680e+03  9.56748e-03
 5.63706e+03  9.15206e-03
 5.63732e+03  9.71374e-03
 5.63758e+03  9.66059e-03
 5.63784e+03  9.55603e-03
 5.63810e+03  9.57329e-03
 5.63836e+03  9.97279e-03
 5.63862e+03  9.91077e-03
 5.63888e+03  9.80804e-03
 5.63915e+03  9.95184e-03
 5.63941e+03  1.01389e-02
 5.63967e+03  1.02047e-02
 5.63993e+03  9.79377e-03
 5.64019e+03  1.01853e-02
 5.64045e+03  1.02627e-02
 5.64071e+03  1.02641e-02
 5.64097e+03  1.04544e-02
 5.64123e+03  1.05617e-02
 5.64149e+03  1.06026e-02
 5.64175e+03  1.08864e-02
 5.64201e+03  1.04073e-02
 5.64227e+03  1.07098e-02
 5.64253e+03  1.08416e-02
 5.64279e+03  1.11042e-02
 5.64306e+03  1.08857e-02
 5.64332e+03  1.09336e-02
 5.64358e+03  1.07948e-02
 5.64384e+03  1.13915e-02
 5.64410e+03  1.11694e-02
 5.64436e+03  1.14114e-02
 5.64462e+03  1.15239e-02
 5.64488e+03  1.13238e-02
 5.64514e+03  1.13813e-02
 5.64540e+03  1.13186e-02
 5.64566e+03  1.15503e-02
 5.64592e+03  1.17649e-02
 5.64618e+03  1.16086e-02
 5.64644e+03  1.19728e-02
 5.64671e+03  1.17057e-02
 5.64697e+03  1.17453e-02
 5.64723e+03  1.17128e-02
 5.64749e+03  1.19786e-02
 5.64775e+03  1.21714e-02
 5.64801e+03  1.20913e-02
 5.64827e+03  1.24088e-02
 5.64853e+03  1.23244e-02
 5.64879e+03  1.22763e-02
 5.64905e+03  1.23320e-02
 5.64931e+03  1.24038e-02
 5.64957e+03  1.25438e-02
 5.64983e+03  1.28776e-02
 5.65009e+03  1.25574e-02
 5.65035e+03  1.26188e-02
 5.65062e+03  1.25896e-02
 5.65088e+03  1.27856e-02
 5.65114e+03  1.28906e-02
 5.65140e+03  1.31905e-02
 5.65166e+03  1.29836e-02
 5.65192e+03  1.29998e-02
 5.65218e+03  1.32198e-02
 5.65244e+03  1.31178e-02
 5.65270e+03  1.34923e-02
 5.65296e+03  1.32589e-02
 5.65322e+03  1.37108e-02
 5.65348e+03  1.34597e-02
 5.65374e+03  1.37129e-02
 5.65400e+03  1.36367e-02
 5.65427e+03  1.36449e-02
 5.65453e+03  1.35216e-02
 5.65479e+03  1.37649e-02
 5.65505e+03  1.38212e-02
 5.65531e+03  1.44783e-02
 5.65557e+03  1.40575e-02
 5.65583e+03  1.40910e-02
 5.65609e+03  1.42513e-02
 5.65635e+03  1.42896e-02
 5.65661e+03  1.45508e-02
 5.65687e+03  1.46262e-02
 5.65713e+03  1.46822e-02
 5.65739e+03  1.49206e-02
 5.65765e+03  1.46771e-02
 5.65792e+03  1.47603e-02
 5.65818e+03  1.52673e-02
 5.65844e+03  1.52985e-02
 5.65870e+03  1.50346e-02
 5.65896e+03  1.46933e-02
 5.65922e+03  1.53425e-02
 5.65948e+03  1.54089e-02
 5.65974e+03  1.53231e-02
 5.66000e+03  1.56090e-02
 5.66026e+03  1.57917e-02
 5.66052e+03  1.59189e-02
 5.66078e+03  1.57484e-02
 5.66104e+03  1.57732e-02
 5.66130e+03  1.59681e-02
 5.66156e+03  1.61144e-02
 5.66183e+03  1.61530e-02
 5.66209e+03  1.64321e-02
 5.66235e+03  1.62608e-02
 5.66261e+03  1.65595e-02
 5.66287e+03  1.61616e-02
 5.66313e+03  1.64605e-02
 5.66339e+03  1.63900e-02
 5.66365e+03  1.66840e-02
 5.66391e+03  1.71330e-02
 5.66417e+03  1.68932e-02
 5.66443e+03  1.71565e-02
 5.66469e+03  1.74260e-02
 5.66495e+03  1.72250e-02
 5.66521e+03  1.72873e-02
 5.66548e+03  1.74876e-02
 5.66574e+03  1.76162e-02
 5.66600e+03  1.79995e-02
 5.66626e+03  1.77780e-02
 5.66652e+03  1.82506e-02
 5.66678e+03  1.83974e-02
 5.66704e+03  1.82812e-02
 5.66730e+03  1.85918e-02
 5.66756e+03  1.83580e-02
 5.66782e+03  1.86433e-02
 5.66808e+03  1.91186e-02
 5.66834e+03  1.89367e-02
 5.66860e+03  1.88318e-02
 5.66886e+03  1.90955e-02
 5.66913e+03  1.94292e-02
 5.66939e+03  1.93435e-02
 5.66965e+03  1.94106e-02
 5.66991e+03  1.95934e-02
 5.67017e+03  1.98705e-02
 5.67043e+03  1.98459e-02
 5.67069e+03  1.99949e-02
 5.67095e+03  2.03800e-02
 5.67121e+03  2.06366e-02
 5.67147e+03  2.04681e-02
 5.67173e+03  2.07628e-02
 5.67199e+03  2.12665e-02
 5.67225e+03  2.13212e-02
 5.67251e+03  2.15953e-02
 5.67278e+03  2.14105e-02
 5.67304e+03  2.17001e-02
 5.67330e+03  2.17520e-02
 5.67356e+03  2.18484e-02
 5.67382e+03  2.20672e-02
 5.67408e+03  2.22995e-02
 5.67434e+03  2.25741e-02
 5.67460e+03  2.24900e-02
 5.67486e+03  2.26969e-02
 5.67512e+03  2.32322e-02
 5.67538e+03  2.34546e-02
 5.67564e+03  2.32688e-02
 5.67590e+03  2.33883e-02
 5.67616e+03  2.41000e-02
 5.67642e+03  2.40388e-02
 5.67669e+03  2.40822e-02
 5.67695e+03  2.43098e-02
 5.67721e+03  2.43732e-02
 5.67747e+03  2.46832e-02
 5.67773e+03  2.47465e-02
 5.67799e+03  2.55529e-02
 5.67825e+03  2.52707e-02
 5.67851e+03  2.56436e-02
 5.67877e+03  2.56255e-02
 5.67903e+03  2.55258e-02
 5.67929e+03  2.65005e-02
 5.67955e+03  2.65107e-02
 5.67981e+03  2.69053e-02
 5.68007e+03  2.69484e-02
 5.68034e+03  2.75664e-02
 5.68060e+03  2.76879e-02
 5.68086e+03  2.81420e-02
 5.68112e+03  2.78924e-02
 5.68138e+03  2.84884e-02
 5.68164e+03  2.85380e-02
 5.68190e+03  2.89080e-02
 5.68216e+03  2.94263e-02
 5.68242e+03  2.92977e-02
 5.68268e+03  2.95113e-02
 5.68294e+03  2.94887e-02
 5.68320e+03  3.06045e-02
 5.68346e+03  3.09148e-02
 5.68372e+03  3.09688e-02
 5.68399e+03  3.11370e-02
 5.68425e+03  3.10010e-02
 5.68451e+03  3.16859e-02
 5.68477e+03  3.13160e-02
 5.68503e+03  3.18049e-02
 5.68529e+03  3.32010e-02
 5.68555e+03  3.29104e-02
 5.68581e+03  3.30071e-02
 5.68607e+03  3.31468e-02
 5.68633e+03  3.39145e-02
 5.68659e+03  3.40883e-02
 5.68685e+03  3.45323e-02
 5.68711e+03  3.47938e-02
 5.68737e+03  3.54916e-02
 5.68764e+03  3.54999e-02
 5.68790e+03  3.56543e-02
 5.68816e+03  3.57781e-02
 5.68842e+03  3.69140e-02
 5.68868e+03  3.65940e-02
 5.68894e+03  3.67060e-02
 5.68920e+03  3.70742e-02
 5.68946e+03  3.78550e-02
 5.68972e+03  3.72091e-02
 5.68998e+03  3.80345e-02
 5.69024e+03  3.86346e-02
 5.69050e+03  3.91017e-02
 5.69076e+03  3.96718e-02
 5.69102e+03  3.97891e-02
 5.69128e+03  4.04601e-02
 5.69155e+03  4.06738e-02
 5.69181e+03  4.11881e-02
 5.69207e+03  4.13556e-02
 5.69233e+03  4.13450e-02
 5.69259e+03  4.23788e-02
 5.69285e+03  4.24260e-02
 5.69311e+03  4.23724e-02
 5.69337e+03  4.34697e-02
 5.69363e+03  4.33613e-02
 5.69389e+03  4.40719e-02
 5.69415e+03  4.38956e-02
 5.69441e+03  4.45882e-02
 5.69467e+03  4.45135e-02
 5.69493e+03  4.60412e-02
 5.69520e+03  4.64366e-02
 5.69546e+03  4.63569e-02
 5.69572e+03  4.64990e-02
 5.69598e+03  4.68680e-02
 5.69624e+03  4.75404e-02
 5.69650e+03  4.79617e-02
 5.69676e+03  4.82380e-02
 5.69702e+03  4.85002e-02
 5.69728e+03  4.87504e-02
 5.69754e+03  4.93474e-02
 5.69780e+03  5.01988e-02
 5.69806e+03  5.00690e-02
 5.69832e+03  5.12971e-02
 5.69858e+03  5.13756e-02
 5.69885e+03  5.16103e-02
 5.69911e+03  5.20900e-02
 5.69937e+03  5.25544e-02
 5.69963e+03  5.30867e-02
 5.69989e+03  5.30987e-02
 5.70015e+03  5.41216e-02
 5.70041e+03  5.45433e-02
 5.70067e+03  5.48022e-02
 5.70093e+03  5.45097e-02
 5.70119e+03  5.54012e-02
 5.70145e+03  5.56123e-02
 5.70171e+03  5.59998e-02
 5.70197e+03  5.60874e-02
 5.70223e+03  5.71043e-02
 5.70250e+03  5.76002e-02
 5.70276e+03  5.77462e-02
 5.70302e+03  5.84536e-02
 5.70328e+03  5.90210e-02
 5.70354e+03  5.93759e-02
 5.70380e+03  5.97966e-02
 5.70406e+03  6.03405e-02
 5.70432e+03  6.12289e-02
 5.70458e+03  6.12443e-02
 5.70484e+03  6.15618e-02
 5.70510e+03  6.23741e-02
 5.70536e+03  6.19990e-02
 5.70562e+03  6.36996e-02
 5.70588e+03  6.33683e-02
 5.70615e+03  6.45002e-02
 5.70641e+03  6.42103e-02
 5.70667e+03  6.47227e-02
 5.70693e+03  6.54920e-02
 5.70719e+03  6.58465e-02
 5.70745e+03  6.64441e-02
 5.70771e+03  6.79173e-02
 5.70797e+03  6.74178e-02
 5.70823e+03  6.83605e-02
 5.70849e+03  6.84183e-02
 5.70875e+03  6.92132e-02
 5.70901e+03  6.96864e-02
 5.70927e+03  7.04451e-02
 5.70953e+03  7.09616e-02
 5.70979e+03  7.10004e-02
 5.71006e+03  7.19721e-02
 5.71032e+03  7.24869e-02
 5.71058e+03  7.35181e-02
 5.71084e+03  7.41815e-02
 5.71110e+03  7.38541e-02
 5.71136e+03  7.49636e-02
 5.71162e+03  7.53592e-02
 5.71188e+03  7.59389e-02
 5.71214e+03  7.67399e-02
 5.71240e+03  7.73443e-02
 5.71266e+03  7.78623e-02
 5.71292e+03  7.83164e-02
 5.71318e+03  7.90957e-02
 5.71344e+03  7.97152e-02
 5.71371e+03  8.04292e-02
 5.71397e+03  8.13119e-02
 5.71423e+03  8.13235e-02
 5.71449e+03  8.26476e-02
 5.71475e+03  8.31816e-02
 5.71501e+03  8.30267e-02
 5.71527e+03  8.41562e-02
 5.71553e+03  8.57553e-02
 5.71579e+03  8.59840e-02
 5.71605e+03  8.63101e-02
 5.71631e+03  8.80941e-02
 5.71657e+03  8.82614e-02
 5.71683e+03  8.89276e-02
 5.71709e+03  9.00305e-02
 5.71735e+03  9.01871e-02
 5.71762e+03  9.07271e-02
 5.71788e+03  9.21208e-02
 5.71814e+03  9.24621e-02
 5.71840e+03  9.40246e-02
 5.71866e+03  9.40078e-02
 5.71892e+03  9.57823e-02
 5.71918e+03  9.55431e-02
 5.71944e+03  9.55342e-02
 5.71970e+03  9.70442e-02
 5.71996e+03  9.78484e-02
 5.72022e+03  9.90276e-02
 5.72048e+03  1.00505e-01
 5.72074e+03  1.01565e-01
 5.72100e+03  1.02299e-01
 5.72127e+03  1.03113e-01
 5.72153e+03  1.03300e-01
 5.72179e+03  1.05109e-01
 5.72205e+03  1.05767e-01
 5.72231e+03  1.06231e-01
 5.72257e+03  1.07930e-01
 5.72283e+03  1.08446e-01
 5.72309e+03  1.09617e-01
 5.72335e+03  1.09988e-01
 5.72361e+03  1.12375e-01
 5.72387e+03  1.11738e-01
 5.72413e+03  1.13534e-01
 5.72439e+03  1.14960e-01
 5.72465e+03  1.15194e-01
 5.72492e+03  1.16683e-01
 5.72518e+03  1.18497e-01
 5.72544e+03  1.19392e-01
 5.72570e+03  1.20300e-01
 5.72596e+03  1.22171e-01
 5.72622e+03  1.22333e-01
 5.72648e+03  1.23244e-01
 5.72674e+03  1.26041e-01
 5.72700e+03  1.24876e-01
 5.72726e+03  1.27171e-01
 5.72752e+03  1.27774e-01
 5.72778e+03  1.29750e-01
 5.72804e+03  1.30353e-01
 5.72830e+03  1.32557e-01
 5.72856e+03  1.32871e-01
 5.72883e+03  1.34275e-01
 5.72909e+03  1.36415e-01
 5.72935e+03  1.37742e-01
 5.72961e+03  1.39293e-01
 5.72987e+03  1.41170e-01
 5.73013e+03  1.41438e-01
 5.73039e+03  1.42785e-01
 5.73065e+03  1.43530e-01
 5.73091e+03  1.46461e-01
 5.73117e+03  1.47011e-01
 5.73143e+03  1.49256e-01
 5.73169e+03  1.50850e-01
 5.73195e+03  1.51360e-01
 5.73221e+03  1.52992e-01
 5.73248e+03  1.55362e-01
 5.73274e+03  1.55351e-01
 5.73300e+03  1.59478e-01
 5.73326e+03  1.60110e-01
 5.73352e+03  1.61944e-01
 5.73378e+03  1.63145e-01
 5.73404e+03  1.64642e-01
 5.73430e+03  1.67443e-01
 5.73456e+03  1.68282e-01
 5.73482e+03  1.70592e-01
 5.73508e+03  1.72231e-01
 5.73534e+03  1.73187e-01
 5.73560e+03  1.74249e-01
 5.73586e+03  1.76974e-01
 5.73613e+03  1.80229e-01
 5.73639e+03  1.81413e-01
 5.73665e+03  1.83476e-01
 5.73691e+03  1.83815e-01
 5.73717e+03  1.87008e-01
 5.73743e+03  1.89372e-01
 5.73769e+03  1.91423e-01
 5.73795e+03  1.92401e-01
 5.73821e+03  1.94168e-01
 5.73847e+03  1.96284e-01
 5.73873e+03  1.98630e-01
 5.73899e+03  2.00967e-01
 5.73925e+03  2.01725e-01
 5.73951e+03  2.03831e-01
 5.73977e+03  2.06582e-01
 5.74004e+03  2.08209e-01
 5.74030e+03  2.10284e-01
 5.74056e+03  2.12979e-01
 5.74082e+03  2.12470e-01
 5.74108e+03  2.15895e-01
 5.74134e+03  2.18986e-01
 5.74160e+03  2.20340e-01
 5.74186e+03  2.21970e-01
 5.74212e+03  2.24558e-01
 5.74238e+03  2.25778e-01
 5.74264e+03  2.28798e-01
 5.74290e+03  2.31365e-01
 5.74316e+03  2.31617e-01
 5.74342e+03  2.35294e-01
 5.74369e+03  2.38504e-01
 5.74395e+03  2.39036e-01
 5.74421e+03  2.41701e-01
 5.74447e+03  2.44792e-01
 5.74473e+03  2.47518e-01
 5.74499e+03  2.47725e-01
 5.74525e+03  2.49686e-01
 5.74551e+03  2.52785e-01
 5.74577e+03  2.55488e-01
 5.74603e+03  2.56790e-01
 5.74629e+03  2.60210e-01
 5.74655e+03  2.61429e-01
 5.74681e+03  2.61852e-01
 5.74707e+03  2.66802e-01
 5.74734e+03  2.67938e-01
 5.74760e+03  2.69520e-01
 5.74786e+03  2.71975e-01
 5.74812e+03  2.74878e-01
 5.74838e+03  2.76118e-01
 5.74864e+03  2.77425e-01
 5.74890e+03  2.80494e-01
 5.74916e+03  2.84249e-01
 5.74942e+03  2.85884e-01
 5.74968e+03  2.87971e-01
 5.74994e+03  2.88830e-01
 5.75020e+03  2.91012e-01
 5.75046e+03  2.95188e-01
 5.75072e+03  2.97182e-01
 5.75099e+03  2.98490e-01
 5.75125e+03  2.99919e-01
 5.75151e+03  3.04239e-01
 5.75177e+03  3.04852e-01
 5.75203e+03  3.06070e-01
 5.75229e+03  3.08620e-01
 5.75255e+03  3.11645e-01
 5.75281e+03  3.14105e-01
 5.75307e+03  3.16037e-01
 5.75333e+03  3.17773e-01
 5.75359e+03  3.19717e-01
 5.75385e+03  3.22021e-01
 5.75411e+03  3.23613e-01
 5.75437e+03  3.24612e-01
 5.75463e+03  3.29439e-01
 5.75490e+03  3.31694e-01
 5.75516e+03  3.33092e-01
 5.75542e+03  3.34711e-01
 5.75568e+03  3.38285e-01
 5.75594e+03  3.39710e-01
 5.75620e+03  3.42904e-01
 5.75646e+03  3.43262e-01
 5.75672e+03  3.47714e-01
 5.75698e+03  3.48715e-01
 5.75724e+03  3.52412e-01
 5.75750e+03  3.52368e-01
 5.75776e+03  3.55841e-01
 5.75802e+03  3.57321e-01
 5.75828e+03  3.60191e-01
 5.75855e+03  3.62268e-01
 5.75881e+03  3.65824e-01
 5.75907e+03  3.66347e-01
 5.75933e+03  3.68362e-01
 5.75959e+03  3.70189e-01
 5.75985e+03  3.73477e-01
 5.76011e+03  3.75214e-01
 5.76037e+03  3.77583e-01
 5.76063e+03  3.82413e-01
 5.76089e+03  3.80884e-01
 5.76115e+03  3.86405e-01
 5.76141e+03  3.86552e-01
 5.76167e+03  3.87572e-01
 5.76193e+03  3.89543e-01
 5.76220e+03  3.93441e-01
 5.76246e+03  3.93103e-01
 5.76272e+03  3.96781e-01
 5.76298e+03  4.00861e-01
 5.76324e+03  4.02174e-01
 5.76350e+03  4.04459e-01
 5.76376e+03  4.07453e-01
 5.76402e+03  4.07132e-01
 5.76428e+03  4.10051e-01
 5.76454e+03  4.14615e-01
 5.76480e+03  4.16950e-01
 5.76506e+03  4.18341e-01
 5.76532e+03  4.18163e-01
 5.76558e+03  4.21702e-01
 5.76585e+03  4.22803e-01
 5.76611e+03  4.26218e-01
 5.76637e+03  4.29568e-01
 5.76663e+03  4.30575e-01
 5.76689e+03  4.32728e-01
 5.76715e+03  4.34503e-01
 5.76741e+03  4.37303e-01
 5.76767e+03  4.40113e-01
 5.76793e+03  4.41258e-01
 5.76819e+03  4.42903e-01
 5.76845e+03  4.47111e-01
 5.76871e+03  4.47325e-01
 5.76897e+03  4.49082e-01
 5.76923e+03  4.52477e-01
 5.76950e+03  4.53860e-01
 5.76976e+03  4.58830e-01
 5.77002e+03  4.58169e-01
 5.77028e+03  4.60941e-01
 5.77054e+03  4.63053e-01
 5.77080e+03  4.66462e-01
 5.77106e+03  4.67304e-01
 5.77132e+03  4.71430e-01
 5.77158e+03  4.72779e-01
 5.77184e+03  4.75475e-01
 5.77210e+03  4.76665e-01
 5.77236e+03  4.78629e-01
 5.77262e+03  4.82202e-01
 5.77288e+03  4.83980e-01
 5.77314e+03  4.86968e-01
 5.77341e+03  4.89081e-01
 5.77367e+03  4.90648e-01
 5.77393e+03  4.92862e-01
 5.77419e+03  4.97153e-01
 5.77445e+03  4.98503e-01
 5.77471e+03  4.99137e-01
 5.77497e+03  5.04171e-01
 5.77523e+03  5.05831e-01
 5.77549e+03  5.06750e-01
 5.77575e+03  5.09057e-01
 5.77601e+03  5.12295e-01
 5.77627e+03  5.11860e-01
 5.77653e+03  5.15676e-01
 5.77679e+03  5.17127e-01
 5.77706e+03  5.19203e-01
 5.77732e+03  5.22759e-01
 5.77758e+03  5.24730e-01
 5.77784e+03  5.27428e-01
 5.77810e+03  5.27894e-01
 5.77836e+03  5.31125e-01
 5.77862e+03  5.33133e-01
 5.77888e+03  5.32072e-01
 5.77914e+03  5.37029e-01
 5.77940e+03  5.40154e-01
 5.77966e+03  5.42681e-01
 5.77992e+03  5.43621e-01
 5.78018e+03  5.44575e-01
 5.78044e+03  5.50034e-01
 5.78071e+03  5.47427e-01
 5.78097e+03  5.51536e-01
 5.78123e+03  5.56823e-01
 5.78149e+03  5.56323e-01
 5.78175e+03  5.57596e-01
 5.78201e+03  5.58723e-01
 5.78227e+03  5.62129e-01
 5.78253e+03  5.65399e-01
 5.78279e+03  5.67739e-01
 5.78305e+03  5.65422e-01
 5.78331e+03  5.68472e-01
 5.78357e+03  5.74029e-01
 5.78383e+03  5.76832e-01
 5.78409e+03  5.76637e-01
 5.78435e+03  5.75071e-01
 5.78462e+03  5.80348e-01
 5.78488e+03  5.81229e-01
 5.78514e+03  5.83133e-01
 5.78540e+03  5.84691e-01
 5.78566e+03  5.84717e-01
 5.78592e+03  5.85171e-01
 5.78618e+03  5.87046e-01
 5.78644e+03  5.91597e-01
 5.78670e+03  5.90864e-01
 5.78696e+03  5.91503e-01
 5.78722e+03  5.93219e-01
 5.78748e+03  5.99753e-01
 5.78774e+03  5.94947e-01
 5.78800e+03  5.98159e-01
 5.78827e+03  5.99713e-01
 5.78853e+03  6.01337e-01
 5.78879e+03  6.03370e-01
 5.78905e+03  6.03732e-01
 5.78931e+03  6.07643e-01
 5.78957e+03  6.06591e-01
 5.78983e+03  6.08564e-01
 5.79009e+03  6.06545e-01
 5.79035e+03  6.08660e-01
 5.79061e+03  6.10795e-01
 5.79087e+03  6.10181e-01
 5.79113e+03  6.11328e-01
 5.79139e+03  6.14285e-01
 5.79165e+03  6.16527e-01
 5.79192e+03  6.15650e-01
 5.79218e+03  6.14474e-01
 5.79244e+03  6.16371e-01
 5.79270e+03  6.17644e-01
 5.79296e+03  6.15473e-01
 5.79322e+03  6.19170e-01
 5.79348e+03  6.19763e-01
 5.79374e+03  6.21202e-01
 5.79400e+03  6.19103e-01
 5.79426e+03  6.21563e-01
 5.79452e+03  6.23428e-01
 5.79478e+03  6.23627e-01
 5.79504e+03  6.24124e-01
 5.79530e+03  6.22638e-01
 5.79556e+03  6.24560e-01
 5.79583e+03  6.23418e-01
 5.79609e+03  6.26855e-01
 5.79635e+03  6.24228e-01
 5.79661e+03  6.25887e-01
 5.79687e+03  6.25289e-01
 5.79713e+03  6.27320e-01
 5.79739e+03  6.28102e-01
 5.79765e+03  6.27632e-01
 5.79791e+03  6.28027e-01
 5.79817e+03  6.26462e-01
 5.79843e+03  6.25892e-01
 5.79869e+03  6.26771e-01
 5.79895e+03  6.28904e-01
 5.79921e+03  6.28724e-01
 5.79948e+03  6.28464e-01
 5.79974e+03  6.27534e-01
 5.80000e+03  6.30617e-01
 5.80026e+03  6.29744e-01
 5.80052e+03  6.30180e-01
 5.80078e+03  6.30262e-01
 5.80104e+03  6.30191e-01
 5.80130e+03  6.28162e-01
 5.80156e+03  6.29595e-01
 5.80182e+03  6.32840e-01
 5.80208e+03  6.29691e-01
 5.80234e+03  6.29995e-01
 5.80260e+03  6.26950e-01
 5.80286e+03  6.27151e-01
 5.80312e+03  6.29660e-01
 5.80339e+03  6.28272e-01
 5.80365e+03  6.28016e-01
 5.80391e+03  6.29818e-01
 5.80417e+03  6.26633e-01
 5.80443e+03  6.28274e-01
 5.80469e+03  6.26675e-01
 5.80495e+03  6.28795e-01
 5.80521e+03  6.24224e-01
 5.80547e+03  6.29276e-01
 5.80573e+03  6.28509e-01
 5.80599e+03  6.26460e-01
 5.80625e+03  6.30316e-01
 5.80651e+03  6.27019e-01
 5.80677e+03  6.28023e-01
 5.80704e+03  6.28643e-01
 5.80730e+03  6.26310e-01
 5.80756e+03  6.26794e-01
 5.80782e+03  6.26181e-01
 5.80808e+03  6.26240e-01
 5.80834e+03  6.26326e-01
 5.80860e+03  6.24682e-01
 5.80886e+03  6.27001e-01
 5.80912e+03  6.25497e-01
 5.80938e+03  6.24879e-01
 5.80964e+03  6.23384e-01
 5.80990e+03  6.25198e-01
 5.81016e+03  6.25934e-01
 5.81042e+03  6.22806e-01
 5.81069e+03  6.22678e-01
 5.81095e+03  6.22817e-01
 5.81121e+03  6.23425e-01
 5.81147e+03  6.22758e-01
 5.81173e+03  6.21229e-01
 5.81199e+03  6.21120e-01
 5.81225e+03  6.24661e-01
 5.81251e+03  6.21411e-01
 5.81277e+03  6.22402e-01
 5.81303e+03  6.20695e-01
 5.81329e+03  6.19635e-01
 5.81355e+03  6.20115e-01
 5.81381e+03  6.18928e-01
 5.81407e+03  6.20037e-01
 5.81434e+03  6.20945e-01
 5.81460e+03  6.18484e-01
 5.81486e+03  6.18855e-01
 5.81512e+03  6.18954e-01
 5.81538e+03  6.18819e-01
 5.81564e+03  6.19170e-01
 5.81590e+03  6.18551e-01
 5.81616e+03  6.19895e-01
 5.81642e+03  6.20186e-01
 5.81668e+03  6.17591e-01
 5.81694e+03  6.17704e-01
 5.81720e+03  6.15703e-01
 5.81746e+03  6.16051e-01
 5.81772e+03  6.17286e-01
 5.81798e+03  6.16620e-01
 5.81825e+03  6.15413e-01
 5.81851e+03  6.17258e-01
 5.81877e+03  6.15142e-01
 5.81903e+03  6.13753e-01
 5.81929e+03  6.16650e-01
 5.81955e+03  6.17458e-01
 5.81981e+03  6.15631e-01
 5.82007e+03  6.15164e-01
 5.82033e+03  6.15063e-01
 5.82059e+03  6.14829e-01
 5.82085e+03  6.11688e-01
 5.82111e+03  6.13165e-01
 5.82137e+03  6.11194e-01
 5.82163e+03  6.10313e-01
 5.82190e+03  6.12325e-01
 5.82216e+03  6.10703e-01
 5.82242e+03  6.09565e-01
 5.82268e+03  6.10372e-01
 5.82294e+03  6.08845e-01
 5.82320e+03  6.10300e-01
 5.82346e+03  6.08793e-01
 5.82372e+03  6.10679e-01
 5.82398e+03  6.08230e-01
 5.82424e+03  6.10010e-01
 5.82450e+03  6.08922e-01
 5.82476e+03  6.07898e-01
 5.82502e+03  6.04583e-01
 5.82528e+03  6.05711e-01
 5.82555e+03  6.06591e-01
 5.82581e+03  6.07020e-01
 5.82607e+03  6.06462e-01
 5.82633e+03  6.03835e-01
 5.82659e+03  6.08856e-01
 5.82685e+03  6.05100e-01
 5.82711e+03  6.04932e-01
 5.82737e+03  6.04576e-01
 5.82763e+03  6.03900e-01
 5.82789e+03  6.04344e-01
 5.82815e+03  6.00963e-01
 5.82841e+03  6.02502e-01
 5.82867e+03  6.01829e-01
 5.82893e+03  6.05520e-01
 5.82920e+03  6.03104e-01
 5.82946e+03  6.01771e-01
 5.82972e+03  6.02447e-01
 5.82998e+03  6.00803e-01
 5.83024e+03  6.04847e-01
 5.83050e+03  5.99927e-01
 5.83076e+03  5.99002e-01
 5.83102e+03  6.01247e-01
 5.83128e+03  6.00443e-01
 5.83154e+03  5.98111e-01
 5.83180e+03  5.97078e-01
 5.83206e+03  5.95284e-01
 5.83232e+03  5.96501e-01
 5.83258e+03  5.98940e-01
 5.83285e+03  5.96390e-01
 5.83311e+03  5.97512e-01
 5.83337e+03  5.97375e-01
 5.83363e+03  5.96009e-01
 5.83389e+03  5.94092e-01
 5.83415e+03  5.94219e-01
 5.83441e+03  5.94554e-01
 5.83467e+03  5.92812e-01
 5.83493e+03  5.95533e-01
 5.83519e+03  5.94074e-01
 5.83545e+03  5.91847e-01
 5.83571e+03  5.91371e-01
 5.83597e+03  5.89933e-01
 5.83623e+03  5.89992e-01
 5.83649e+03  5.91080e-01
 5.83676e+03  5.91214e-01
 5.83702e+03  5.89849e-01
 5.83728e+03  5.90707e-01
 5.83754e+03  5.89612e-01
 5.83780e+03  5.88431e-01
 5.83806e+03  5.86397e-01
 5.83832e+03  5.87960e-01
 5.83858e+03  5.84654e-01
 5.83884e+03  5.87992e-01
 5.83910e+03  5.89386e-01
 5.83936e+03  5.83937e-01
 5.83962e+03  5.85386e-01
 5.83988e+03  5.86670e-01
 5.84014e+03  5.85039e-01
 5.84041e+03  5.86192e-01
 5.84067e+03  5.83734e-01
 5.84093e+03  5.81137e-01
 5.84119e+03  5.87136e-01
 5.84145e+03  5.85050e-01
 5.84171e+03  5.83200e-01
 5.84197e+03  5.83423e-01
 5.84223e+03  5.84405e-01
 5.84249e+03  5.80086e-01
 5.84275e+03  5.82194e-01
 5.84301e+03  5.79276e-01
 5.84327e+03  5.76510e-01
 5.84353e+03  5.80069e-01
 5.84379e+03  5.79712e-01
 5.84406e+03  5.81224e-01
 5.84432e+03  5.79355e-01
 5.84458e+03  5.78379e-01
 5.84484e+03  5.77220e-01
 5.84510e+03  5.76446e-01
 5.84536e+03  5.77519e-01
 5.84562e+03  5.76949e-01
 5.84588e+03  5.73678e-01
 5.84614e+03  5.76606e-01
 5.84640e+03  5.74938e-01
 5.84666e+03  5.75026e-01
 5.84692e+03  5.76005e-01
 5.84718e+03  5.73855e-01
 5.84744e+03  5.73498e-01
 5.84771e+03  5.74596e-01
 5.84797e+03  5.74726e-01
 5.84823e+03  5.74526e-01
 5.84849e+03  5.75095e-01
 5.84875e+03  5.72904e-01
 5.84901e+03  5.71154e-01
 5.84927e+03  5.73045e-01
 5.84953e+03  5.71063e-01
 5.84979e+03  5.73878e-01
 5.85005e+03  5.71138e-01
 5.85031e+03  5.71148e-01
 5.85057e+03  5.69205e-01
 5.85083e+03  5.67715e-01
 5.85109e+03  5.69586e-01
 5.85135e+03  5.69512e-01
 5.85162e+03  5.69576e-01
 5.85188e+03  5.69398e-01
 5.85214e+03  5.67189e-01
 5.85240e+03  5.69552e-01
 5.85266e+03  5.67079e-01
 5.85292e+03  5.66604e-01
 5.85318e+03  5.67384e-01
 5.85344e+03  5.69173e-01
 5.85370e+03  5.68504e-01
 5.85396e+03  5.64949e-01
 5.85422e+03  5.65580e-01
 5.85448e+03  5.65793e-01
 5.85474e+03  5.65405e-01
 5.85500e+03  5.65355e-01
 5.85527e+03  5.63695e-01
 5.85553e+03  5.65387e-01
 5.85579e+03  5.63915e-01
 5.85605e+03  5.64282e-01
 5.85631e+03  5.63842e-01
 5.85657e+03  5.63033e-01
 5.85683e+03  5.61946e-01
 5.85709e+03  5.62642e-01
 5.85735e+03  5.61412e-01
 5.85761e+03  5.62123e-01
 5.85787e+03  5.61392e-01
 5.85813e+03  5.62090e-01
 5.85839e+03  5.61515e-01
 5.85865e+03  5.60499e-01
 5.85892e+03  5.60143e-01
 5.85918e+03  5.60595e-01
 5.85944e+03  5.58118e-01
 5.85970e+03  5.60447e-01
 5.85996e+03  5.60026e-01
 5.86022e+03  5.58924e-01
 5.86048e+03  5.60511e-01
 5.86074e+03  5.61824e-01
 5.86100e+03  5.60472e-01
 5.86126e+03  5.58560e-01
 5.86152e+03  5.61201e-01
 5.86178e+03  5.59285e-01
 5.86204e+03  5.58260e-01
 5.86230e+03  5.59396e-01
 5.86256e+03  5.57966e-01
 5.86283e+03  5.56534e-01
 5.86309e+03  5.57647e-01
 5.86335e+03  5.54897e-01
 5.86361e+03  5.58038e-01
 5.86387e+03  5.56926e-01
 5.86413e+03  5.55965e-01
 5.86439e+03  5.56095e-01
 5.86465e+03  5.55447e-01
 5.86491e+03  5.54157e-01
 5.86517e+03  5.55441e-01
 5.86543e+03  5.54157e-01
 5.86569e+03  5.54800e-01
 5.86595e+03  5.54371e-01
 5.86621e+03  5.54851e-01
 5.86648e+03  5.53335e-01
 5.86674e+03  5.53868e-01
 5.86700e+03  5.53661e-01
 5.86726e+03  5.53547e-01
 5.86752e+03  5.53023e-01
 5.86778e+03  5.54217e-01
 5.86804e+03  5.52258e-01
 5.86830e+03  5.51792e-01
 5.86856e+03  5.50500e-01
 5.86882e+03  5.53532e-01
 5.86908e+03  5.50158e-01
 5.86934e+03  5.52258e-01
 5.86960e+03  5.51216e-01
 5.86986e+03  5.53237e-01
 5.87012e+03  5.50605e-01
 5.87039e+03  5.51154e-01
 5.87065e+03  5.52371e-01
 5.87091e+03  5.50535e-01
 5.87117e+03  5.50995e-01
 5.87143e+03  5.49550e-01
 5.87169e+03  5.50370e-01
 5.87195e+03  5.50836e-01
 5.87221e+03  5.47945e-01
 5.87247e+03  5.49306e-01
 5.87273e+03  5.50563e-01
 5.87299e+03  5.50442e-01
 5.87325e+03  5.49011e-01
 5.87351e+03  5.49479e-01
 5.87377e+03  5.47244e-01
 5.87404e+03  5.46479e-01
 5.87430e+03  5.47198e-01
 5.87456e+03  5.47704e-01
 5.87482e+03  5.49303e-01
 5.87508e+03  5.46788e-01
 5.87534e+03  5.49780e-01
 5.87560e+03  5.44815e-01
 5.87586e+03  5.46275e-01
 5.87612e+03  5.47557e-01
 5.87638e+03  5.45157e-01
 5.87664e+03  5.44209e-01
 5.87690e+03  5.45828e-01
 5.87716e+03  5.46342e-01
 5.87742e+03  5.46028e-01
 5.87769e+03  5.43456e-01
 5.87795e+03  5.43052e-01
 5.87821e+03  5.46683e-01
 5.87847e+03  5.42779e-01
 5.87873e+03  5.42404e-01
 5.87899e+03  5.43412e-01
 5.87925e+03  5.44388e-01
 5.87951e+03  5.44056e-01
 5.87977e+03  5.45721e-01
 5.88003e+03  5.41645e-01
 5.88029e+03  5.42606e-01
 5.88055e+03  5.42420e-01
 5.88081e+03  5.42590e-01
 5.88107e+03  5.40909e-01
 5.88133e+03  5.42011e-01
 5.88160e+03  5.42788e-01
 5.88186e+03  5.41249e-01
 5.88212e+03  5.42795e-01
 5.88238e+03  5.41583e-01
 5.88264e+03  5.39299e-01
 5.88290e+03  5.41428e-01
 5.88316e+03  5.42013e-01
 5.88342e+03  5.37370e-01
 5.88368e+03  5.40286e-01
 5.88394e+03  5.37666e-01
 5.88420e+03  5.39136e-01
 5.88446e+03  5.37351e-01
 5.88472e+03  5.39243e-01
 5.88498e+03  5.36382e-01
 5.88525e+03  5.36447e-01
 5.88551e+03  5.35530e-01
 5.88577e+03  5.36512e-01
 5.88603e+03  5.36326e-01
 5.88629e+03  5.35690e-01
 5.88655e+03  5.37298e-01
 5.88681e+03  5.33813e-01
 5.88707e+03  5.33761e-01
 5.88733e+03  5.35091e-01
 5.88759e+03  5.34147e-01
 5.88785e+03  5.33722e-01
 5.88811e+03  5.35131e-01
 5.88837e+03  5.34787e-01
 5.88863e+03  5.32370e-01
 5.88890e+03  5.32250e-01
 5.88916e+03  5.31357e-01
 5.88942e+03  5.31030e-01
 5.88968e+03  5.31455e-01
 5.88994e+03  5.33565e-01
 5.89020e+03  5.30467e-01
 5.89046e+03  5.33308e-01
 5.89072e+03  5.31457e-01
 5.89098e+03  5.29501e-01
 5.89124e+03  5.31060e-01
 5.89150e+03  5.29416e-01
 5.89176e+03  5.28294e-01
 5.89202e+03  5.28768e-01
 5.89228e+03  5.28308e-01
 5.89255e+03  5.27586e-01
 5.89281e+03  5.26298e-01
 5.89307e+03  5.28699e-01
 5.89333e+03  5.27805e-01
 5.89359e+03  5.27615e-01
 5.89385e+03  5.28198e-01
 5.89411e+03  5.25165e-01
 5.89437e+03  5.26721e-01
 5.89463e+03  5.27296e-01
 5.89489e+03  5.24144e-01
 5.89515e+03  5.27726e-01
 5.89541e+03  5.24072e-01
 5.89567e+03  5.23700e-01
 5.89593e+03  5.22237e-01
 5.89620e+03  5.22689e-01
 5.89646e+03  5.24026e-01
 5.89672e+03  5.22631e-01
 5.89698e+03  5.21195e-01
 5.89724e+03  5.20184e-01
 5.89750e+03  5.21950e-01
 5.89776e+03  5.19568e-01
 5.89802e+03  5.22128e-01
 5.89828e+03  5.20920e-01
 5.89854e+03  5.20305e-01
 5.89880e+03  5.20202e-01
 5.89906e+03  5.16032e-01
 5.89932e+03  5.19179e-01
 5.89958e+03  5.18383e-01
 5.89984e+03  5.20760e-01
 5.90011e+03  5.18751e-01
 5.90037e+03  5.17277e-01
 5.90063e+03  5.18894e-01
 5.90089e+03  5.18339e-01
 5.90115e+03  5.16291e-01
 5.90141e+03  5.12789e-01
 5.90167e+03  5.13992e-01
 5.90193e+03  5.15637e-01
 5.90219e+03  5.15332e-01
 5.90245e+03  5.13601e-01
 5.90271e+03  5.12511e-01
 5.90297e+03  5.14282e-01
 5.90323e+03  5.13406e-01
 5.90349e+03  5.12180e-01
 5.90376e+03  5.11572e-01
 5.90402e+03  5.11235e-01
 5.90428e+03  5.12162e-01
 5.90454e+03  5.11235e-01
 5.90480e+03  5.09294e-01
 5.90506e+03  5.10186e-01
 5.90532e+03  5.08912e-01
 5.90558e+03  5.09224e-01
 5.90584e+03  5.08979e-01
 5.90610e+03  5.08216e-01
 5.90636e+03  5.07595e-01
 5.90662e+03  5.07922e-01
 5.90688e+03  5.08565e-01
 5.90714e+03  5.05434e-01
 5.90741e+03  5.06570e-01
 5.90767e+03  5.06406e-01
 5.90793e+03  5.07766e-01
 5.90819e+03  5.06937e-01
 5.90845e+03  5.04551e-01
 5.90871e+03  5.04286e-01
 5.90897e+03  5.04422e-01
 5.90923e+03  5.04808e-01
 5.90949e+03  5.02524e-01
 5.90975e+03  5.02662e-01
 5.91001e+03  5.03195e-01
 5.91027e+03  5.03058e-01
 5.91053e+03  4.99544e-01
 5.91079e+03  5.01000e-01
 5.91106e+03  5.00269e-01
 5.91132e+03  5.02220e-01
 5.91158e+03  4.98330e-01
 5.91184e+03  4.99795e-01
 5.91210e+03  4.98022e-01
 5.91236e+03  4.96760e-01
 5.91262e+03  4.97573e-01
 5.91288e+03  4.97994e-01
 5.91314e+03  4.96184e-01
 5.91340e+03  4.96427e-01
 5.91366e+03  4.96716e-01
 5.91392e+03  4.94756e-01
 5.91418e+03  4.92659e-01
 5.91444e+03  4.93974e-01
 5.91470e+03  4.95033e-01
 5.91497e+03  4.93560e-01
 5.91523e+03  4.94565e-01
 5.91549e+03  4.91972e-01
 5.91575e+03  4.92306e-01
 5.91601e+03  4.93212e-01
 5.91627e+03  4.91875e-01
 5.91653e+03  4.89010e-01
 5.91679e+03  4.90395e-01
 5.91705e+03  4.90449e-01
 5.91731e+03  4.88740e-01
 5.91757e+03  4.90007e-01
 5.91783e+03  4.87757e-01
 5.91809e+03  4.88129e-01
 5.91835e+03  4.84586e-01
 5.91862e+03  4.86799e-01
 5.91888e+03  4.87355e-01
 5.91914e+03  4.86216e-01
 5.91940e+03  4.87393e-01
 5.91966e+03  4.83318e-01
 5.91992e+03  4.84160e-01
 5.92018e+03  4.84069e-01
 5.92044e+03  4.85143e-01
 5.92070e+03  4.84601e-01
 5.92096e+03  4.83337e-01
 5.92122e+03  4.83225e-01
 5.92148e+03  4.82619e-01
 5.92174e+03  4.81546e-01
 5.92200e+03  4.80753e-01
 5.92227e+03  4.80214e-01
 5.92253e+03  4.79434e-01
 5.92279e+03  4.79507e-01
 5.92305e+03  4.77779e-01
 5.92331e+03  4.79439e-01
 5.92357e+03  4.76852e-01
 5.92383e+03  4.79153e-01
 5.92409e+03  4.76780e-01
 5.92435e+03  4.77558e-01
 5.92461e+03  4.75889e-01
 5.92487e+03  4.75484e-01
 5.92513e+03  4.74746e-01
 5.92539e+03  4.75758e-01
 5.92565e+03  4.74046e-01
 5.92592e+03  4.73718e-01
 5.92618e+03  4.73163e-01
 5.92644e+03  4.71867e-01
 5.92670e+03  4.72450e-01
 5.92696e+03  4.72384e-01
 5.92722e+03  4.70745e-01
 5.92748e+03  4.69116e-01
 5.92774e+03  4.70525e-01
 5.92800e+03  4.69621e-01
 5.92826e+03  4.68187e-01
 5.92852e+03  4.67933e-01
 5.92878e+03  4.68250e-01
 5.92904e+03  4.67675e-01
 5.92930e+03  4.68706e-01
 5.92956e+03  4.67594e-01
 5.92983e+03  4.65738e-01
 5.93009e+03  4.64940e-01
 5.93035e+03  4.64152e-01
 5.93061e+03  4.65312e-01
 5.93087e+03  4.64231e-01
 5.93113e+03  4.63768e-01
 5.93139e+03  4.62571e-01
 5.93165e+03  4.63658e-01
 5.93191e+03  4.60753e-01
 5.93217e+03  4.59730e-01
 5.93243e+03  4.60375e-01
 5.93269e+03  4.60623e-01
 5.93295e+03  4.59028e-01
 5.93321e+03  4.58314e-01
 5.93348e+03  4.57109e-01
 5.93374e+03  4.56391e-01
 5.93400e+03  4.57397e-01
 5.93426e+03  4.56215e-01
 5.93452e+03  4.56899e-01
 5.93478e+03  4.55489e-01
 5.93504e+03  4.54459e-01
 5.93530e+03  4.53710e-01
 5.93556e+03  4.54321e-01
 5.93582e+03  4.52517e-01
 5.93608e+03  4.50135e-01
 5.93634e+03  4.50937e-01
 5.93660e+03  4.48885e-01
 5.93686e+03  4.49128e-01
 5.93712e+03  4.49389e-01
 5.93739e+03  4.47596e-01
 5.93765e+03  4.48086e-01
 5.93791e+03  4.46326e-01
 5.93817e+03  4.46140e-01
 5.93843e+03  4.43720e-01
 5.93869e+03  4.42972e-01
 5.93895e+03  4.43188e-01
 5.93921e+03  4.42639e-01
 5.93947e+03  4.39955e-01
 5.93973e+03  4.40111e-01
 5.93999e+03  4.37840e-01
 5.94025e+03  4.38204e-01
 5.94051e+03  4.36320e-01
 5.94077e+03  4.36340e-01
 5.94104e+03  4.35554e-01
 5.94130e+03  4.34804e-01
 5.94156e+03  4.34589e-01
 5.94182e+03  4.33879e-01
 5.94208e+03  4.31567e-01
 5.94234e+03  4.30973e-01
 5.94260e+03  4.30614e-01
 5.94286e+03  4.30675e-01
 5.94312e+03  4.27812e-01
 5.94338e+03  4.27614e-01
 5.94364e+03  4.24907e-01
 5.94390e+03  4.23966e-01
 5.94416e+03  4.23223e-01
 5.94442e+03  4.22712e-01
 5.94469e+03  4.20425e-01
 5.94495e+03  4.21368e-01
 5.94521e+03  4.18153e-01
 5.94547e+03  4.18115e-01
 5.94573e+03  4.15681e-01
 5.94599e+03  4.15640e-01
 5.94625e+03  4.13050e-01
 5.94651e+03  4.10580e-01
 5.94677e+03  4.11121e-01
 5.94703e+03  4.11316e-01
 5.94729e+03  4.08549e-01
 5.94755e+03  4.06396e-01
 5.94781e+03  4.05385e-01
 5.94807e+03  4.01361e-01
 5.94833e+03  4.02680e-01
 5.94860e+03  4.00467e-01
 5.94886e+03  4.00601e-01
 5.94912e+03  3.97409e-01
 5.94938e+03  3.96903e-01
 5.94964e+03  3.95414e-01
 5.94990e+03  3.94644e-01
 5.95016e+03  3.92854e-01
 5.95042e+03  3.91390e-01
 5.95068e+03  3.89785e-01
 5.95094e+03  3.87488e-01
 5.95120e+03  3.85838e-01
 5.95146e+03  3.84386e-01
 5.95172e+03  3.83455e-01
 5.95198e+03  3.81783e-01
 5.95225e+03  3.82469e-01
 5.95251e+03  3.80530e-01
 5.95277e+03  3.79037e-01
 5.95303e+03  3.76224e-01
 5.95329e+03  3.73388e-01
 5.95355e+03  3.70974e-01
 5.95381e+03  3.68282e-01
 5.95407e+03  3.68506e-01
 5.95433e+03  3.68068e-01
 5.95459e+03  3.67383e-01
 5.95485e+03  3.63395e-01
 5.95511e+03  3.61600e-01
 5.95537e+03  3.60313e-01
 5.95563e+03  3.59366e-01
 5.95590e+03  3.58061e-01
 5.95616e+03  3.56388e-01
 5.95642e+03  3.54111e-01
 5.95668e+03  3.53036e-01
 5.95694e+03  3.50654e-01
 5.95720e+03  3.49586e-01
 5.95746e+03  3.46955e-01
 5.95772e+03  3.44825e-01
 5.95798e+03  3.44388e-01
 5.95824e+03  3.42586e-01
 5.95850e+03  3.41398e-01
 5.95876e+03  3.39257e-01
 5.95902e+03  3.37046e-01
 5.95928e+03  3.34885e-01
 5.95955e+03  3.31794e-01
 5.95981e+03  3.29725e-01
 5.96007e+03  3.28634e-01
 5.96033e+03  3.27418e-01
 5.96059e+03  3.26265e-01
 5.96085e+03  3.25452e-01
 5.96111e+03  3.22586e-01
 5.96137e+03  3.21855e-01
 5.96163e+03  3.18891e-01
 5.96189e+03  3.17288e-01
 5.96215e+03  3.13011e-01
 5.96241e+03  3.13355e-01
 5.96267e+03  3.12213e-01
 5.96293e+03  3.10485e-01
 5.96319e+03  3.07354e-01
 5.96346e+03  3.05451e-01
 5.96372e+03  3.03712e-01
 5.96398e+03  3.02886e-01
 5.96424e+03  3.00132e-01
 5.96450e+03  2.98952e-01
 5.96476e+03  2.96348e-01
 5.96502e+03  2.95348e-01
 5.96528e+03  2.93695e-01
 5.96554e+03  2.91759e-01
 5.96580e+03  2.89726e-01
 5.96606e+03  2.86548e-01
 5.96632e+03  2.87630e-01
 5.96658e+03  2.84856e-01
 5.96684e+03  2.82374e-01
 5.96711e+03  2.81398e-01
 5.96737e+03  2.79532e-01
 5.96763e+03  2.76754e-01
 5.96789e+03  2.76029e-01
 5.96815e+03  2.73975e-01
 5.96841e+03  2.72159e-01
 5.96867e+03  2.71006e-01
 5.96893e+03  2.68528e-01
 5.96919e+03  2.68188e-01
 5.96945e+03  2.65878e-01
 5.96971e+03  2.63828e-01
 5.96997e+03  2.61944e-01
 5.97023e+03  2.59403e-01
 5.97049e+03  2.58643e-01
 5.97076e+03  2.56292e-01
 5.97102e+03  2.55003e-01
 5.97128e+03  2.54574e-01
 5.97154e+03  2.51957e-01
 5.97180e+03  2.50360e-01
 5.97206e+03  2.47750e-01
 5.97232e+03  2.45306e-01
 5.97258e+03  2.45313e-01
 5.97284e+03  2.44042e-01
 5.97310e+03  2.42183e-01
 5.97336e+03  2.40199e-01
 5.97362e+03  2.40017e-01
 5.97388e+03  2.35786e-01
 5.97414e+03  2.33793e-01
 5.97441e+03  2.34002e-01
 5.97467e+03  2.32298e-01
 5.97493e+03  2.29924e-01
 5.97519e+03  2.28526e-01
 5.97545e+03  2.27778e-01
 5.97571e+03  2.25870e-01
 5.97597e+03  2.26720e-01
 5.97623e+03  2.22778e-01
 5.97649e+03  2.21106e-01
 5.97675e+03  2.20571e-01
 5.97701e+03  2.18785e-01
 5.97727e+03  2.17355e-01
 5.97753e+03  2.15342e-01
 5.97779e+03  2.16244e-01
 5.97805e+03  2.12826e-01
 5.97832e+03  2.11515e-01
 5.97858e+03  2.11999e-01
 5.97884e+03  2.09213e-01
 5.97910e+03  2.09241e-01
 5.97936e+03  2.05990e-01
 5.97962e+03  2.04247e-01
 5.97988e+03  2.04574e-01
 5.98014e+03  2.02363e-01
 5.98040e+03  1.99932e-01
 5.98066e+03  1.99105e-01
 5.98092e+03  1.99921e-01
 5.98118e+03  1.96982e-01
 5.98144e+03  1.95440e-01
 5.98170e+03  1.94162e-01
 5.98197e+03  1.93991e-01
 5.98223e+03  1.91111e-01
 5.98249e+03  1.91729e-01
 5.98275e+03  1.90119e-01
 5.98301e+03  1.88860e-01
 5.98327e+03  1.88032e-01
 5.98353e+03  1.86516e-01
 5.98379e+03  1.86947e-01
 5.98405e+03  1.83360e-01
 5.98431e+03  1.82515e-01
 5.98457e+03  1.81573e-01
 5.98483e+03  1.81074e-01
 5.98509e+03  1.79109e-01
 5.98535e+03  1.78434e-01
 5.98562e+03  1.77124e-01
 5.98588e+03  1.75809e-01
 5.98614e+03  1.75893e-01
 5.98640e+03  1.73884e-01
 5.98666e+03  1.74433e-01
 5.98692e+03  1.71846e-01
 5.98718e+03  1.70547e-01
 5.98744e+03  1.70330e-01
 5.98770e+03  1.68681e-01
 5.98796e+03  1.68649e-01
 5.98822e+03  1.65659e-01
 5.98848e+03  1.65440e-01
 5.98874e+03  1.64151e-01
 5.98900e+03  1.64668e-01
 5.98927e+03  1.61546e-01
 5.98953e+03  1.61467e-01
 5.98979e+03  1.60515e-01
 5.99005e+03  1.60329e-01
 5.99031e+03  1.57451e-01
 5.99057e+03  1.58504e-01
 5.99083e+03  1.56659e-01
 5.99109e+03  1.56228e-01
 5.99135e+03  1.54223e-01
 5.99161e+03  1.54063e-01
 5.99187e+03  1.52900e-01
 5.99213e+03  1.51621e-01
 5.99239e+03  1.51014e-01
 5.99265e+03  1.49925e-01
 5.99292e+03  1.48957e-01
 5.99318e+03  1.48213e-01
 5.99344e+03  1.47137e-01
 5.99370e+03  1.46907e-01
 5.99396e+03  1.46094e-01
 5.99422e+03  1.44439e-01
 5.99448e+03  1.43676e-01
 5.99474e+03  1.43154e-01
 5.99500e+03  1.41172e-01
 5.99526e+03  1.40879e-01
 5.99552e+03  1.40125e-01
 5.99578e+03  1.38943e-01
 5.99604e+03  1.38514e-01
 5.99630e+03  1.38026e-01
 5.99656e+03  1.37482e-01
 5.99683e+03  1.35550e-01
 5.99709e+03  1.34939e-01
 5.99735e+03  1.33311e-01
 5.99761e+03  1.32958e-01
 5.99787e+03  1.32108e-01
 5.99813e+03  1.31873e-01
 5.99839e+03  1.31679e-01
 5.99865e+03  1.31054e-01
 5.99891e+03  1.29485e-01
 5.99917e+03  1.29845e-01
 5.99943e+03  1.28095e-01
 5.99969e+03  1.27234e-01
 5.99995e+03  1.27201e-01
 6.00021e+03  1.26425e-01
 6.00048e+03  1.24777e-01
 6.00074e+03  1.23973e-01
 6.00100e+03  1.23563e-01
 6.00126e+03  1.23232e-01
 6.00152e+03  1.23285e-01
 6.00178e+03  1.21391e-01
 6.00204e+03  1.21512e-01
 6.00230e+03  1.20170e-01
 6.00256e+03  1.19926e-01
 6.00282e+03  1.18861e-01
 6.00308e+03  1.17774e-01
 6.00334e+03  1.17461e-01
 6.00360e+03  1.17493e-01
 6.00386e+03  1.16044e-01
 6.00412e+03  1.15555e-01
 6.00439e+03  1.14716e-01
 6.00465e+03  1.14098e-01
 6.00491e+03  1.13239e-01
 6.00517e+03  1.13309e-01
 6.00543e+03  1.12904e-01
 6.00569e+03  1.11290e-01
 6.00595e+03  1.09783e-01
 6.00621e+03  1.10610e-01
 6.00647e+03  1.08542e-01
 6.00673e+03  1.07617e-01
 6.00699e+03  1.08042e-01
 6.00725e+03  1.06302e-01
 6.00751e+03  1.06209e-01
 6.00777e+03  1.05220e-01
 6.00804e+03  1.04451e-01
 6.00830e+03  1.03232e-01
 6.00856e+03  1.03453e-01
 6.00882e+03  1.02199e-01
 6.00908e+03  1.01651e-01
 6.00934e+03  1.01068e-01
 6.00960e+03  9.99007e-02
 6.00986e+03  9.92690e-02
 6.01012e+03  9.95585e-02
 6.01038e+03  9.76833e-02
 6.01064e+03  9.67849e-02
 6.01090e+03  9.61158e-02
 6.01116e+03  9.63528e-02
 6.01142e+03  9.60710e-02
 6.01169e+03  9.46523e-02
 6.01195e+03  9.33477e-02
 6.01221e+03  9.34612e-02
 6.01247e+03  9.24152e-02
 6.01273e+03  9.15995e-02
 6.01299e+03  9.08828e-02
 6.01325e+03  9.04020e-02
 6.01351e+03  8.96654e-02
 6.01377e+03  8.91936e-02
 6.01403e+03  8.79566e-02
 6.01429e+03  8.76586e-02
 6.01455e+03  8.65695e-02
 6.01481e+03  8.59119e-02
 6.01507e+03  8.55886e-02
 6.01533e+03  8.52987e-02
 6.01560e+03  8.44574e-02
 6.01586e+03  8.35499e-02
 6.01612e+03  8.34334e-02
 6.01638e+03  8.30477e-02
 6.01664e+03  8.27967e-02
 6.01690e+03  8.13403e-02
 6.01716e+03  8.08919e-02
 6.01742e+03  7.96836e-02
 6.01768e+03  7.99717e-02
 6.01794e+03  7.94825e-02
 6.01820e+03  7.83380e-02
 6.01846e+03  7.71551e-02
 6.01872e+03  7.83348e-02
 6.01898e+03  7.63565e-02
 6.01925e+03  7.63295e-02
 6.01951e+03  7.57460e-02
 6.01977e+03  7.55640e-02
 6.02003e+03  7.46452e-02
 6.02029e+03  7.39302e-02
 6.02055e+03  7.29067e-02
 6.02081e+03  7.20692e-02
 6.02107e+03  7.25870e-02
 6.02133e+03  7.24332e-02
 6.02159e+03  7.03827e-02
 6.02185e+03  7.02773e-02
 6.02211e+03  7.03709e-02
 6.02237e+03  6.90703e-02
 6.02263e+03  6.95919e-02
 6.02290e+03  6.89840e-02
 6.02316e+03  6.75855e-02
 6.02342e+03  6.74992e-02
 6.02368e+03  6.68640e-02
 6.02394e+03  6.61498e-02
 6.02420e+03  6.61101e-02
 6.02446e+03  6.48164e-02
 6.02472e+03  6.54496e-02
 6.02498e+03  6.46583e-02
 6.02524e+03  6.41483e-02
 6.02550e+03  6.28538e-02
 6.02576e+03  6.31007e-02
 6.02602e+03  6.24055e-02
 6.02628e+03  6.23047e-02
 6.02654e+03  6.12486e-02
 6.02681e+03  6.08626e-02
 6.02707e+03  5.99360e-02
 6.02733e+03  6.07809e-02
 6.02759e+03  6.00440e-02
 6.02785e+03  5.99634e-02
 6.02811e+03  5.92207e-02
 6.02837e+03  5.80637e-02
 6.02863e+03  5.77856e-02
 6.02889e+03  5.66761e-02
 6.02915e+03  5.68137e-02
 6.02941e+03  5.63285e-02
 6.02967e+03  5.59832e-02
 6.02993e+03  5.56942e-02
 6.03019e+03  5.52099e-02
 6.03046e+03  5.46150e-02
 6.03072e+03  5.42576e-02
 6.03098e+03  5.43313e-02
 6.03124e+03  5.35676e-02
 6.03150e+03  5.33749e-02
 6.03176e+03  5.22494e-02
 6.03202e+03  5.23681e-02
 6.03228e+03  5.15717e-02
 6.03254e+03  5.10397e-02
 6.03280e+03  5.12797e-02
 6.03306e+03  5.04138e-02
 6.03332e+03  5.00754e-02
 6.03358e+03  4.87305e-02
 6.03384e+03  4.92230e-02
 6.03411e+03  4.92005e-02
 6.03437e+03  4.80816e-02
 6.03463e+03  4.78685e-02
 6.03489e+03  4.84211e-02
 6.03515e+03  4.75698e-02
 6.03541e+03  4.68853e-02
 6.03567e+03  4.68294e-02
 6.03593e+03  4.65691e-02
 6.03619e+03  4.57424e-02
 6.03645e+03  4.57722e-02
 6.03671e+03  4.54513e-02
 6.03697e+03  4.48028e-02
 6.03723e+03  4.42928e-02
 6.03749e+03  4.43555e-02
 6.03776e+03  4.37214e-02
 6.03802e+03  4.35704e-02
 6.03828e+03  4.34157e-02
 6.03854e+03  4.27822e-02
 6.03880e+03  4.27938e-02
 6.03906e+03  4.22167e-02
 6.03932e+03  4.11683e-02
 6.03958e+03  4.17956e-02
 6.03984e+03  4.09013e-02
 6.04010e+03  4.11880e-02
 6.04036e+03  4.11074e-02
 6.04062e+03  3.96410e-02
 6.04088e+03  3.98118e-02
 6.04114e+03  4.00998e-02
 6.04140e+03  3.94041e-02
 6.04167e+03  3.87055e-02
 6.04193e+03  3.90380e-02
 6.04219e+03  3.81073e-02
 6.04245e+03  3.81833e-02
 6.04271e+03  3.80629e-02
 6.04297e+03  3.79735e-02
 6.04323e+03  3.72885e-02
 6.04349e+03  3.75584e-02
 6.04375e+03  3.69420e-02
 6.04401e+03  3.69844e-02
 6.04427e+03  3.65658e-02
 6.04453e+03  3.58153e-02
 6.04479e+03  3.57886e-02
 6.04505e+03  3.52921e-02
 6.04532e+03  3.55211e-02
 6.04558e+03  3.52150e-02
 6.04584e+03  3.48428e-02
 6.04610e+03  3.44117e-02
 6.04636e+03  3.42570e-02
 6.04662e+03  3.36676e-02
 6.04688e+03  3.32608e-02
 6.04714e+03  3.39187e-02
 6.04740e+03  3.33953e-02
 6.04766e+03  3.30229e-02
 6.04792e+03  3.27972e-02
 6.04818e+03  3.24010e-02
 6.04844e+03  3.25804e-02
 6.04870e+03  3.24492e-02
 6.04897e+03  3.22416e-02
 6.04923e+03  3.23690e-02
 6.04949e+03  3.14495e-02
 6.04975e+03  3.12811e-02
 6.05001e+03  3.08713e-02
 6.05027e+03  3.09757e-02
 6.05053e+03  3.05481e-02
 6.05079e+03  2.96380e-02
 6.05105e+03  3.05743e-02
 6.05131e+03  2.97808e-02
 6.05157e+03  2.95466e-02
 6.05183e+03  2.91653e-02
 6.05209e+03  2.91001e-02
 6.05235e+03  2.92199e-02
 6.05262e+03  2.92535e-02
 6.05288e+03  2.92058e-02
 6.05314e+03  2.87743e-02
 6.05340e+03  2.83281e-02
 6.05366e+03  2.86526e-02
 6.05392e+03  2.81179e-02
 6.05418e+03  2.79485e-02
 6.05444e+03  2.78693e-02
 6.05470e+03  2.77326e-02
 6.05496e+03  2.74441e-02
 6.05522e+03  2.75249e-02
 6.05548e+03  2.70248e-02
 6.05574e+03  2.69205e-02
 6.05600e+03  2.67958e-02
 6.05627e+03  2.60924e-02
 6.05653e+03  2.65469e-02
 6.05679e+03  2.64384e-02
 6.05705e+03  2.57305e-02
 6.05731e+03  2.60673e-02
 6.05757e+03  2.53763e-02
 6.05783e+03  2.59102e-02
 6.05809e+03  2.58061e-02
 6.05835e+03  2.54000e-02
 6.05861e+03  2.53705e-02
 6.05887e+03  2.44183e-02
 6.05913e+03  2.48068e-02
 6.05939e+03  2.49058e-02
 6.05965e+03  2.41184e-02
 6.05991e+03  2.43903e-02
 6.06018e+03  2.37239e-02
 6.06044e+03  2.37554e-02
 6.06070e+03  2.35161e-02
 6.06096e+03  2.33534e-02
 6.06122e+03  2.31171e-02
 6.06148e+03  2.32527e-02
 6.06174e+03  2.30711e-02
 6.06200e+03  2.29028e-02
 6.06226e+03  2.25333e-02
 6.06252e+03  2.22015e-02
 6.06278e+03  2.26508e-02
 6.06304e+03  2.18587e-02
 6.06330e+03  2.16855e-02
 6.06356e+03  2.14917e-02
 6.06383e+03  2.14466e-02
 6.06409e+03  2.15330e-02
 6.06435e+03  2.15352e-02
 6.06461e+03  2.12972e-02
 6.06487e+03  2.13211e-02
 6.06513e+03  2.13982e-02
 6.06539e+03  2.12786e-02
 6.06565e+03  2.03467e-02
 6.06591e+03  2.09882e-02
 6.06617e+03  2.06075e-02
 6.06643e+03  2.04540e-02
 6.06669e+03  2.01304e-02
 6.06695e+03  2.02119e-02
 6.06721e+03  1.96547e-02
 6.06748e+03  2.01915e-02
 6.06774e+03  2.05743e-02
 6.06800e+03  1.93346e-02
 6.06826e+03  1.95910e-02
 6.06852e+03  1.96916e-02
 6.06878e+03  1.95564e-02
 6.06904e+03  1.88879e-02
 6.06930e+03  1.85664e-02
 6.06956e+03  1.88604e-02
 6.06982e+03  1.93639e-02
 6.07008e+03  1.94202e-02
 6.07034e+03  1.81506e-02
 6.07060e+03  1.84442e-02
 6.07086e+03  1.88182e-02
 6.07112e+03  1.83052e-02
 6.07139e+03  1.82298e-02
 6.07165e+03  1.81133e-02
 6.07191e+03  1.80429e-02
 6.07217e+03  1.80675e-02
 6.07243e+03  1.77113e-02
 6.07269e+03  1.76258e-02
 6.07295e+03  1.76242e-02
 6.07321e+03  1.77186e-02
 6.07347e+03  1.77336e-02
 6.07373e+03  1.74151e-02
 6.07399e+03  1.76120e-02
 6.07425e+03  1.74493e-02
 6.07451e+03  1.70281e-02
 6.07477e+03  1.70228e-02
 6.07504e+03  1.70186e-02
 6.07530e+03  1.69115e-02
 6.07556e+03  1.73179e-02
 6.07582e+03  1.62357e-02
 6.07608e+03  1.64689e-02
 6.07634e+03  1.62401e-02
 6.07660e+03  1.63492e-02
 6.07686e+03  1.65410e-02
 6.07712e+03  1.60481e-02
 6.07738e+03  1.61040e-02
 6.07764e+03  1.63780e-02
 6.07790e+03  1.62724e-02
 6.07816e+03  1.64085e-02
 6.07842e+03  1.56984e-02
 6.07869e+03  1.56752e-02
 6.07895e+03  1.53277e-02
 6.07921e+03  1.52475e-02
 6.07947e+03  1.57722e-02
 6.07973e+03  1.61044e-02
 6.07999e+03  1.54246e-02
 6.08025e+03  1.54082e-02
 6.08051e+03  1.46607e-02
 6.08077e+03  1.49945e-02
 6.08103e+03  1.51709e-02
 6.08129e+03  1.50008e-02
 6.08155e+03  1.49193e-02
 6.08181e+03  1.47196e-02
 6.08207e+03  1.49283e-02
 6.08233e+03  1.43048e-02
 6.08260e+03  1.43767e-02
 6.08286e+03  1.43610e-02
 6.08312e+03  1.45158e-02
 6.08338e+03  1.43211e-02
 6.08364e+03  1.43121e-02
 6.08390e+03  1.43797e-02
 6.08416e+03  1.44750e-02
 6.08442e+03  1.38683e-02
 6.08468e+03  1.43537e-02
 6.08494e+03  1.39109e-02
 6.08520e+03  1.37423e-02
 6.08546e+03  1.37894e-02
 6.08572e+03  1.33706e-02
 6.08598e+03  1.35420e-02
 6.08625e+03  1.33403e-02
 6.08651e+03  1.31513e-02
 6.08677e+03  1.35792e-02
 6.08703e+03  1.34601e-02
 6.08729e+03  1.35468e-02
 6.08755e+03  1.35076e-02
 6.08781e+03  1.29965e-02
 6.08807e+03  1.29072e-02
 6.08833e+03  1.28362e-02
 6.08859e+03  1.28965e-02
 6.08885e+03  1.27349e-02
 6.08911e+03  1.25506e-02
 6.08937e+03  1.26024e-02
 6.08963e+03  1.25478e-02
 6.08990e+03  1.25567e-02
 6.09016e+03  1.24573e-02
 6.09042e+03  1.25020e-02
 6.09068e+03  1.23142e-02
 6.09094e+03  1.21546e-02
 6.09120e+03  1.21412e-02
 6.09146e+03  1.22047e-02
 6.09172e+03  1.20912e-02
 6.09198e+03  1.20170e-02
 6.09224e+03  1.18562e-02
 6.09250e+03  1.18618e-02
 6.09276e+03  1.21338e-02
 6.09302e+03  1.15558e-02
 6.09328e+03  1.16227e-02
 6.09354e+03  1.16868e-02
 6.09381e+03  1.15018e-02
 6.09407e+03  1.16477e-02
 6.09433e+03  1.13073e-02
 6.09459e+03  1.11329e-02
 6.09485e+03  1.13426e-02
 6.09511e+03  1.10161e-02
 6.09537e+03  1.09917e-02
 6.09563e+03  1.12062e-02
 6.09589e+03  1.10100e-02
 6.09615e+03  1.14464e-02
 6.09641e+03  1.11611e-02
 6.09667e+03  1.09754e-02
 6.09693e+03  1.07018e-02
 6.09719e+03  1.08267e-02
 6.09746e+03  1.08945e-02
 6.09772e+03  1.05346e-02
 6.09798e+03  1.10132e-02
 6.09824e+03  1.08971e-02
 6.09850e+03  1.05813e-02
 6.09876e+03  1.06079e-02
 6.09902e+03  1.06142e-02
 6.09928e+03  1.04833e-02
 6.09954e+03  1.07822e-02
 6.09980e+03  1.04333e-02
 6.10006e+03  1.03401e-02
 6.10032e+03  1.02395e-02
 6.10058e+03  1.04733e-02
 6.10084e+03  9.95758e-03
 6.10111e+03  1.02276e-02
 6.10137e+03  9.91919e-03
 6.10163e+03  1.02482e-02
 6.10189e+03  9.77277e-03
 6.10215e+03  1.03506e-02
 6.10241e+03  9.85970e-03
 6.10267e+03  9.98416e-03
 6.10293e+03  1.01070e-02
 6.10319e+03  1.01662e-02
 6.10345e+03  9.80644e-03
 6.10371e+03  9.69361e-03
 6.10397e+03  9.59224e-03
 6.10423e+03  9.46874e-03
 6.10449e+03  9.55275e-03
 6.10475e+03  9.44626e-03
 6.10502e+03  9.49241e-03
 6.10528e+03  9.36389e-03
 6.10554e+03  9.49003e-03
 6.10580e+03  9.39980e-03
 6.10606e+03  9.39969e-03
 6.10632e+03  9.32294e-03
 6.10658e+03  9.45025e-03
 6.10684e+03  9.41852e-03
 6.10710e+03  9.24177e-03
 6.10736e+03  9.39007e-03
 6.10762e+03  8.82320e-03
 6.10788e+03  8.99613e-03
 6.10814e+03  9.09391e-03
 6.10840e+03  9.08137e-03
 6.10867e+03  9.36783e-03
 6.10893e+03  8.63959e-03
 6.10919e+03  9.10959e-03
 6.10945e+03  8.99467e-03
 6.10971e+03  8.57091e-03
 6.10997e+03  8.45205e-03
 6.11023e+03  8.90743e-03
 6.11049e+03  8.51570e-03
 6.11075e+03  8.71759e-03
 6.11101e+03  8.55148e-03
 6.11127e+03  8.52574e-03
 6.11153e+03  8.44801e-03
 6.11179e+03  8.68319e-03
 6.11205e+03  8.46535e-03
 6.11232e+03  8.37395e-03
 6.11258e+03  8.40450e-03
 6.11284e+03  8.04100e-03
 6.11310e+03  7.87185e-03
 6.11336e+03  8.22067e-03
 6.11362e+03  8.09527e-03
 6.11388e+03  8.22157e-03
 6.11414e+03  8.01980e-03
 6.11440e+03  8.08149e-03
 6.11466e+03  7.98187e-03
 6.11492e+03  8.01789e-03
 6.11518e+03  8.09521e-03
 6.11544e+03  7.90961e-03
 6.11570e+03  7.83869e-03
 6.11597e+03  7.82921e-03
 6.11623e+03  8.03576e-03
 6.11649e+03  7.59476e-03
 6.11675e+03  7.80943e-03
 6.11701e+03  7.93044e-03
 6.11727e+03  7.77990e-03
 6.11753e+03  7.55767e-03
 6.11779e+03  7.51042e-03
 6.11805e+03  8.11895e-03
 6.11831e+03  7.95963e-03
 6.11857e+03  7.58035e-03
 6.11883e+03  7.34054e-03
 6.11909e+03  7.24607e-03
 6.11935e+03  7.80334e-03
 6.11962e+03  7.18465e-03
 6.11988e+03  7.34913e-03
 6.12014e+03  7.66402e-03
 6.12040e+03  7.38822e-03
 6.12066e+03  7.33082e-03
 6.12092e+03  7.13431e-03
 6.12118e+03  7.33046e-03
 6.12144e+03  7.22540e-03
 6.12170e+03  7.09310e-03
 6.12196e+03  7.24050e-03
 6.12222e+03  7.01901e-03
 6.12248e+03  7.41735e-03
 6.12274e+03  7.45097e-03
 6.12300e+03  7.27937e-03
 6.12326e+03  7.25654e-03
 6.12353e+03  7.04416e-03
 6.12379e+03  6.79198e-03
 6.12405e+03  7.09799e-03
 6.12431e+03  6.89624e-03
 6.12457e+03  7.12513e-03
 6.12483e+03  6.98086e-03
 6.12509e+03  6.98329e-03
 6.12535e+03  6.65175e-03
 6.12561e+03  6.75459e-03
 6.12587e+03  6.70564e-03
 6.12613e+03  7.19365e-03
 6.12639e+03  7.01703e-03
 6.12665e+03  6.40918e-03
 6.12691e+03  6.51921e-03
 6.12718e+03  7.10433e-03
 6.12744e+03  6.43409e-03
 6.12770e+03  6.38448e-03
 6.12796e+03  6.87989e-03
 6.12822e+03  6.45171e-03
 6.12848e+03  6.46713e-03
 6.12874e+03  6.73247e-03
 6.12900e+03  6.51857e-03
 6.12926e+03  6.57325e-03
 6.12952e+03  6.41242e-03
 6.12978e+03  6.37709e-03
 6.13004e+03  6.58212e-03
 6.13030e+03  6.17903e-03
 6.13056e+03  6.60948e-03
 6.13083e+03  6.53586e-03
 6.13109e+03  6.27403e-03
 6.13135e+03  6.47426e-03
 6.13161e+03  6.63449e-03
 6.13187e+03  6.33429e-03
 6.13213e+03  6.37844e-03
 6.13239e+03  6.22426e-03
 6.13265e+03  6.29657e-03
 6.13291e+03  5.94787e-03
 6.13317e+03  6.48109e-03
 6.13343e+03  6.51839e-03
 6.13369e+03  6.11867e-03
 6.13395e+03  6.01738e-03
 6.13421e+03  6.22525e-03
 6.13448e+03  6.52584e-03
 6.13474e+03  6.07470e-03
 6.13500e+03  5.77151e-03
 6.13526e+03  6.12255e-03
 6.13552e+03  5.75176e-03
 6.13578e+03  6.16529e-03
 6.13604e+03  5.98798e-03
 6.13630e+03  5.89925e-03
 6.13656e+03  6.09812e-03
 6.13682e+03  5.98064e-03
 6.13708e+03  5.80086e-03
 6.13734e+03  5.77629e-03
 6.13760e+03  5.72642e-03
 6.13786e+03  5.98353e-03
 6.13812e+03  5.69567e-03
 6.13839e+03  5.59335e-03
 6.13865e+03  5.70402e-03
 6.13891e+03  5.44004e-03
 6.13917e+03  5.99830e-03
 6.13943e+03  5.38725e-03
 6.13969e+03  5.49940e-03
 6.13995e+03  5.45894e-03
 6.14021e+03  5.35726e-03
 6.14047e+03  5.23781e-03
 6.14073e+03  5.48805e-03
 6.14099e+03  5.67181e-03
 6.14125e+03  5.31750e-03
 6.14151e+03  5.42427e-03
 6.14177e+03  5.60474e-03
 6.14204e+03  5.46546e-03
 6.14230e+03  5.30737e-03
 6.14256e+03  5.72672e-03
 6.14282e+03  5.50334e-03
 6.14308e+03  5.30843e-03
 6.14334e+03  5.07717e-03
 6.14360e+03  5.05046e-03
 6.14386e+03  5.20230e-03
 6.14412e+03  5.38015e-03
 6.14438e+03  5.45027e-03
 6.14464e+03  5.41748e-03
 6.14490e+03  5.03816e-03
 6.14516e+03  5.39286e-03
 6.14542e+03  5.29970e-03
 6.14569e+03  5.31138e-03
 6.14595e+03  4.83145e-03
 6.14621e+03  5.37304e-03
 6.14647e+03  5.41398e-03
 6.14673e+03  5.14352e-03
 6.14699e+03  5.24144e-03
 6.14725e+03  5.30169e-03
 6.14751e+03  4.82860e-03
 6.14777e+03  5.05977e-03
 6.14803e+03  4.92488e-03
 6.14829e+03  5.12395e-03
 6.14855e+03  5.36781e-03
 6.14881e+03  4.90103e-03
 6.14907e+03  4.99634e-03
 6.14933e+03  5.07961e-03
 6.14960e+03  4.85819e-03
 6.14986e+03  5.16568e-03
 6.15012e+03  5.05700e-03
 6.15038e+03  4.82479e-03
 6.15064e+03  4.78320e-03
 6.15090e+03  4.79945e-03
 6.15116e+03  4.93294e-03
 6.15142e+03  4.99981e-03
 6.15168e+03  4.65979e-03
 6.15194e+03  5.01191e-03
 6.15220e+03  4.94742e-03
 6.15246e+03  4.60861e-03
 6.15272e+03  4.88129e-03
 6.15298e+03  4.84726e-03
 6.15325e+03  4.60959e-03
 6.15351e+03  4.87202e-03
 6.15377e+03  5.05793e-03
 6.15403e+03  4.41960e-03
 6.15429e+03  4.51873e-03
 6.15455e+03  4.66896e-03
 6.15481e+03  4.02057e-03
 6.15507e+03  4.67992e-03
 6.15533e+03  4.92604e-03
 6.15559e+03  4.53124e-03
 6.15585e+03  4.68391e-03
 6.15611e+03  4.25743e-03
 6.15637e+03  4.61319e-03
 6.15663e+03  4.42058e-03
 6.15690e+03  4.27959e-03
 6.15716e+03  4.61287e-03
 6.15742e+03  4.27355e-03
 6.15768e+03  4.45461e-03
 6.15794e+03  4.31672e-03
 6.15820e+03  4.33431e-03
 6.15846e+03  4.39074e-03
 6.15872e+03  4.16574e-03
 6.15898e+03  4.41472e-03
 6.15924e+03  4.42858e-03
 6.15950e+03  3.90691e-03
 6.15976e+03  3.99019e-03
 6.16002e+03  4.22895e-03
 6.16028e+03  4.26092e-03
 6.16054e+03  4.27851e-03
 6.16081e+03  4.03279e-03
 6.16107e+03  3.90188e-03
 6.16133e+03  4.02734e-03
 6.16159e+03  3.95674e-03
 6.16185e+03  4.07627e-03
 6.16211e+03  3.97110e-03
 6.16237e+03  4.07441e-03
 6.16263e+03  4.00364e-03
 6.16289e+03  3.98542e-03
 6.16315e+03  4.22899e-03
 6.16341e+03  4.06267e-03
 6.16367e+03  4.08243e-03
 6.16393e+03  4.07973e-03
 6.16419e+03  3.79224e-03
 6.16446e+03  3.85691e-03
 6.16472e+03  3.93018e-03
 6.16498e+03  4.16153e-03
 6.16524e+03  4.08762e-03
 6.16550e+03  3.83527e-03
 6.16576e+03  4.16774e-03
 6.16602e+03  3.73891e-03
 6.16628e+03  3.55323e-03
 6.16654e+03  3.48419e-03
 6.16680e+03  3.80618e-03
 6.16706e+03  3.62116e-03
 6.16732e+03  3.75049e-03
 6.16758e+03  3.82212e-03
 6.16784e+03  3.53658e-03
 6.16810e+03  3.75484e-03
 6.16837e+03  3.52597e-03
 6.16863e+03  3.50198e-03
 6.16889e+03  3.63149e-03
 6.16915e+03  3.75565e-03
 6.16941e+03  3.62333e-03
 6.16967e+03  3.37275e-03
 6.16993e+03  3.67912e-03
 6.17019e+03  3.59551e-03
 6.17045e+03  3.50982e-03
 6.17071e+03  4.00981e-03
 6.17097e+03  3.22690e-03
 6.17123e+03  3.55402e-03
 6.17149e+03  3.59902e-03
 6.17175e+03  3.37184e-03
 6.17202e+03  3.55268e-03
 6.17228e+03  3.49915e-03
 6.17254e+03  3.19065e-03
 6.17280e+03  3.16128e-03
 6.17306e+03  3.29756e-03
 6.17332e+03  3.37307e-03
 6.17358e+03  3.20239e-03
 6.17384e+03  3.29082e-03
 6.17410e+03  3.27127e-03
 6.17436e+03  3.32710e-03
 6.17462e+03  3.19488e-03
 6.17488e+03  3.30314e-03
 6.17514e+03  2.94319e-03
 6.17540e+03  3.03537e-03
 6.17567e+03  3.40141e-03
 6.17593e+03  2.88714e-03
 6.17619e+03  3.38370e-03
 6.17645e+03  3.30811e-03
 6.17671e+03  3.04227e-03
 6.17697e+03  3.12615e-03
 6.17723e+03  3.33573e-03
 6.17749e+03  2.87907e-03
 6.17775e+03  3.03839e-03
 6.17801e+03  3.22203e-03
 6.17827e+03  3.08545e-03
 6.17853e+03  2.98132e-03
 6.17879e+03  2.99828e-03
 6.17905e+03  2.91840e-03
 6.17932e+03  3.00116e-03
 6.17958e+03  2.84816e-03
 6.17984e+03  2.84041e-03
 6.18010e+03  3.35369e-03
 6.18036e+03  2.87417e-03
 6.18062e+03  2.99643e-03
 6.18088e+03  2.85645e-03
 6.18114e+03  2.80080e-03
 6.18140e+03  3.01263e-03
 6.18166e+03  2.89189e-03
 6.18192e+03  3.25673e-03
 6.18218e+03  2.94369e-03
 6.18244e+03  2.92566e-03
 6.18270e+03  2.74171e-03
 6.18297e+03  2.92235e-03
 6.18323e+03  2.66586e-03
 6.18349e+03  2.82086e-03
 6.18375e+03  2.99967e-03
 6.18401e+03  2.65242e-03
 6.18427e+03  2.53153e-03
 6.18453e+03  3.11263e-03
 6.18479e+03  2.51872e-03
 6.18505e+03  2.81912e-03
 6.18531e+03  2.88589e-03
 6.18557e+03  2.73314e-03
 6.18583e+03  2.47159e-03
 6.18609e+03  2.59349e-03
 6.18635e+03  2.43466e-03
 6.18661e+03  2.69102e-03
 6.18688e+03  2.67671e-03
 6.18714e+03  2.84812e-03
 6.18740e+03  2.23672e-03
 6.18766e+03  2.72131e-03
 6.18792e+03  2.95198e-03
 6.18818e+03  2.86243e-03
 6.18844e+03  2.52485e-03
 6.18870e+03  2.69135e-03
 6.18896e+03  2.48506e-03
 6.18922e+03  2.47132e-03
 6.18948e+03  2.54272e-03
 6.18974e+03  2.52352e-03
 6.19000e+03  2.44207e-03
 6.19026e+03  2.46839e-03
 6.19053e+03 -2.73432e-01
