3.00146e+03 3.81875e-03 
3.00352e+03 3.82781e-03 
3.00558e+03 3.83838e-03 
3.00764e+03 3.98230e-03 
3.00970e+03 4.02394e-03 
3.01176e+03 4.11843e-03 
3.01382e+03 4.24578e-03 
3.01588e+03 4.25726e-03 
3.01794e+03 4.49340e-03 
3.02000e+03 4.71976e-03 
3.02206e+03 4.84791e-03 
3.02412e+03 4.87310e-03 
3.02618e+03 4.78218e-03 
3.02824e+03 4.98037e-03 
3.03030e+03 5.18571e-03 
3.03236e+03 5.29916e-03 
3.03442e+03 5.35103e-03 
3.03648e+03 5.67157e-03 
3.03854e+03 5.79166e-03 
3.04060e+03 5.63736e-03 
3.04266e+03 5.63715e-03 
3.04472e+03 5.62391e-03 
3.04678e+03 5.82961e-03 
3.04884e+03 5.81771e-03 
3.05090e+03 5.75060e-03 
3.05296e+03 5.83342e-03 
3.05502e+03 5.78377e-03 
3.05708e+03 5.78644e-03 
3.05914e+03 5.75721e-03 
3.06120e+03 5.62348e-03 
3.06326e+03 5.57453e-03 
3.06532e+03 5.40295e-03 
3.06738e+03 5.34042e-03 
3.06944e+03 5.70361e-03 
3.07150e+03 5.54874e-03 
3.07356e+03 5.72419e-03 
3.07562e+03 5.73540e-03 
3.07768e+03 6.01350e-03 
3.07974e+03 5.94665e-03 
3.08180e+03 5.92144e-03 
3.08386e+03 6.07695e-03 
3.08592e+03 6.22747e-03 
3.08798e+03 6.09631e-03 
3.09004e+03 6.02091e-03 
3.09210e+03 6.06303e-03 
3.09416e+03 5.89141e-03 
3.09622e+03 5.78555e-03 
3.09828e+03 5.82192e-03 
3.10034e+03 5.83344e-03 
3.10240e+03 6.03029e-03 
3.10446e+03 5.97243e-03 
3.10652e+03 6.18037e-03 
3.10858e+03 6.19640e-03 
3.11064e+03 6.23876e-03 
3.11270e+03 5.87176e-03 
3.11476e+03 5.87602e-03 
3.11682e+03 5.63069e-03 
3.11888e+03 5.60808e-03 
3.12094e+03 5.45139e-03 
3.12300e+03 5.48630e-03 
3.12506e+03 5.30537e-03 
3.12712e+03 5.14749e-03 
3.12918e+03 5.10969e-03 
3.13124e+03 4.90151e-03 
3.13330e+03 4.80484e-03 
3.13536e+03 4.79467e-03 
3.13742e+03 4.90490e-03 
3.13948e+03 4.95618e-03 
3.14154e+03 4.93215e-03 
3.14360e+03 5.13880e-03 
3.14566e+03 5.17377e-03 
3.14772e+03 5.18117e-03 
3.14978e+03 5.03388e-03 
3.15184e+03 5.03721e-03 
3.15390e+03 5.15550e-03 
3.15596e+03 5.42904e-03 
3.15802e+03 5.47198e-03 
3.16008e+03 5.55998e-03 
3.16214e+03 5.39591e-03 
3.16420e+03 5.24999e-03 
3.16626e+03 5.23965e-03 
3.16832e+03 5.35789e-03 
3.17038e+03 5.67276e-03 
3.17244e+03 5.78825e-03 
3.17450e+03 5.93913e-03 
3.17656e+03 5.83101e-03 
3.17862e+03 5.64417e-03 
3.18068e+03 5.45299e-03 
3.18274e+03 5.44565e-03 
3.18480e+03 5.50058e-03 
3.18686e+03 5.16711e-03 
3.18892e+03 4.69903e-03 
3.19098e+03 4.60205e-03 
3.19304e+03 4.58442e-03 
3.19510e+03 4.89957e-03 
3.19716e+03 4.67365e-03 
3.19922e+03 4.62929e-03 
3.20128e+03 4.79517e-03 
3.20334e+03 4.78947e-03 
3.20540e+03 5.13602e-03 
3.20746e+03 5.37299e-03 
3.20952e+03 5.30690e-03 
3.21158e+03 5.48968e-03 
3.21364e+03 5.39086e-03 
3.21570e+03 5.27418e-03 
3.21776e+03 5.26379e-03 
3.21982e+03 5.76026e-03 
3.22188e+03 6.25844e-03 
3.22394e+03 6.68819e-03 
3.22600e+03 6.75673e-03 
3.22806e+03 6.74639e-03 
3.23012e+03 6.74343e-03 
3.23218e+03 7.04646e-03 
3.23424e+03 7.18742e-03 
3.23630e+03 7.12488e-03 
3.23836e+03 6.73505e-03 
3.24042e+03 6.71909e-03 
3.24248e+03 6.70176e-03 
3.24454e+03 6.49074e-03 
3.24660e+03 6.50326e-03 
3.24866e+03 6.43186e-03 
3.25072e+03 6.23486e-03 
3.25278e+03 6.22830e-03 
3.25484e+03 5.97418e-03 
3.25690e+03 5.62675e-03 
3.25896e+03 5.62177e-03 
3.26102e+03 5.72981e-03 
3.26308e+03 5.55483e-03 
3.26514e+03 5.44224e-03 
3.26720e+03 5.29642e-03 
3.26926e+03 5.21135e-03 
3.27132e+03 5.26823e-03 
3.27338e+03 5.44703e-03 
3.27544e+03 5.63417e-03 
3.27750e+03 5.69371e-03 
3.27956e+03 5.93055e-03 
3.28162e+03 5.99087e-03 
3.28368e+03 6.10630e-03 
3.28574e+03 6.31183e-03 
3.28780e+03 6.50110e-03 
3.28986e+03 6.59578e-03 
3.29192e+03 6.72593e-03 
3.29398e+03 6.96351e-03 
3.29604e+03 6.97326e-03 
3.29810e+03 7.02147e-03 
3.30016e+03 7.15890e-03 
3.30222e+03 7.17233e-03 
3.30428e+03 7.28551e-03 
3.30634e+03 7.18267e-03 
3.30840e+03 7.10575e-03 
3.31046e+03 6.97573e-03 
3.31252e+03 6.84884e-03 
3.31458e+03 6.87676e-03 
3.31664e+03 6.63957e-03 
3.31870e+03 6.29426e-03 
3.32076e+03 6.08504e-03 
3.32282e+03 5.80270e-03 
3.32488e+03 5.73600e-03 
3.32694e+03 5.67538e-03 
3.32900e+03 5.49725e-03 
3.33106e+03 5.27149e-03 
3.33312e+03 5.28149e-03 
3.33518e+03 5.23327e-03 
3.33724e+03 5.19749e-03 
3.33930e+03 5.18756e-03 
3.34136e+03 5.18637e-03 
3.34342e+03 5.35257e-03 
3.34548e+03 5.37793e-03 
3.34754e+03 5.49488e-03 
3.34960e+03 5.29974e-03 
3.35166e+03 5.32829e-03 
3.35372e+03 5.46878e-03 
3.35578e+03 5.56162e-03 
3.35784e+03 5.57410e-03 
3.35990e+03 5.96290e-03 
3.36196e+03 6.36278e-03 
3.36402e+03 6.61361e-03 
3.36608e+03 6.75182e-03 
3.36814e+03 6.88597e-03 
3.37020e+03 6.67406e-03 
3.37226e+03 6.74288e-03 
3.37432e+03 7.18110e-03 
3.37638e+03 6.93759e-03 
3.37844e+03 6.96477e-03 
3.38050e+03 6.84283e-03 
3.38256e+03 6.68506e-03 
3.38462e+03 6.60592e-03 
3.38668e+03 6.43469e-03 
3.38874e+03 6.49231e-03 
3.39080e+03 6.13901e-03 
3.39286e+03 6.32975e-03 
3.39492e+03 6.39267e-03 
3.39698e+03 6.35610e-03 
3.39904e+03 6.76742e-03 
3.40110e+03 6.61469e-03 
3.40316e+03 6.54062e-03 
3.40522e+03 6.36452e-03 
3.40728e+03 6.19260e-03 
3.40934e+03 6.05371e-03 
3.41140e+03 6.09778e-03 
3.41346e+03 6.48914e-03 
3.41552e+03 6.56274e-03 
3.41758e+03 6.52275e-03 
3.41964e+03 6.54483e-03 
3.42170e+03 6.54898e-03 
3.42376e+03 6.83519e-03 
3.42582e+03 7.31764e-03 
3.42788e+03 7.57352e-03 
3.42994e+03 7.72956e-03 
3.43200e+03 7.58679e-03 
3.43406e+03 7.79457e-03 
3.43612e+03 7.59531e-03 
3.43818e+03 7.39203e-03 
3.44024e+03 7.41524e-03 
3.44230e+03 6.95083e-03 
3.44436e+03 7.10508e-03 
3.44642e+03 7.06078e-03 
3.44848e+03 7.07624e-03 
3.45054e+03 7.26634e-03 
3.45260e+03 7.21240e-03 
3.45466e+03 7.20726e-03 
3.45672e+03 7.10100e-03 
3.45878e+03 7.08892e-03 
3.46084e+03 6.98975e-03 
3.46290e+03 7.10150e-03 
3.46496e+03 7.22772e-03 
3.46702e+03 7.29622e-03 
3.46908e+03 7.00839e-03 
3.47114e+03 6.68867e-03 
3.47320e+03 6.72445e-03 
3.47526e+03 6.88674e-03 
3.47732e+03 7.00453e-03 
3.47938e+03 7.18422e-03 
3.48144e+03 7.27308e-03 
3.48350e+03 7.33875e-03 
3.48556e+03 7.74017e-03 
3.48762e+03 7.89275e-03 
3.48968e+03 7.99411e-03 
3.49174e+03 8.04838e-03 
3.49380e+03 7.98600e-03 
3.49586e+03 8.09759e-03 
3.49792e+03 8.05988e-03 
3.49998e+03 8.01677e-03 
3.50204e+03 7.93119e-03 
3.50410e+03 7.98546e-03 
3.50616e+03 8.03650e-03 
3.50822e+03 7.76508e-03 
3.51028e+03 7.44621e-03 
3.51234e+03 7.44705e-03 
3.51440e+03 7.55435e-03 
3.51646e+03 7.59339e-03 
3.51852e+03 7.66662e-03 
3.52058e+03 7.46281e-03 
3.52264e+03 7.38685e-03 
3.52470e+03 7.48453e-03 
3.52676e+03 7.21112e-03 
3.52882e+03 6.65653e-03 
3.53088e+03 6.34254e-03 
3.53294e+03 6.38489e-03 
3.53500e+03 6.56268e-03 
3.53706e+03 6.45952e-03 
3.53912e+03 6.40616e-03 
3.54118e+03 6.57638e-03 
3.54324e+03 6.53571e-03 
3.54530e+03 6.65972e-03 
3.54736e+03 6.63040e-03 
3.54942e+03 6.57713e-03 
3.55148e+03 6.76104e-03 
3.55354e+03 7.08274e-03 
3.55560e+03 7.40417e-03 
3.55766e+03 7.22604e-03 
3.55972e+03 6.84472e-03 
3.56178e+03 6.82448e-03 
3.56384e+03 6.88685e-03 
3.56590e+03 7.12791e-03 
3.56796e+03 7.50600e-03 
3.57002e+03 7.75425e-03 
3.57208e+03 8.03688e-03 
3.57414e+03 8.19973e-03 
3.57620e+03 8.06282e-03 
3.57826e+03 7.86533e-03 
3.58032e+03 8.05436e-03 
3.58238e+03 8.07140e-03 
3.58444e+03 7.90320e-03 
3.58650e+03 7.96442e-03 
3.58856e+03 8.04229e-03 
3.59062e+03 7.89278e-03 
3.59268e+03 8.12408e-03 
3.59474e+03 8.09298e-03 
3.59680e+03 7.87767e-03 
3.59886e+03 7.79989e-03 
3.60092e+03 8.31204e-03 
3.60298e+03 8.80224e-03 
3.60504e+03 8.64782e-03 
3.60710e+03 8.83748e-03 
3.60916e+03 8.75085e-03 
3.61122e+03 8.31503e-03 
3.61328e+03 8.45046e-03 
3.61534e+03 8.41547e-03 
3.61740e+03 8.29032e-03 
3.61946e+03 8.39069e-03 
3.62152e+03 8.74679e-03 
3.62358e+03 8.61567e-03 
3.62564e+03 8.83809e-03 
3.62770e+03 8.92159e-03 
3.62976e+03 9.03870e-03 
3.63182e+03 8.82264e-03 
3.63388e+03 8.97021e-03 
3.63594e+03 8.98976e-03 
3.63800e+03 9.06382e-03 
3.64006e+03 9.18864e-03 
3.64212e+03 9.07315e-03 
3.64418e+03 8.72842e-03 
3.64624e+03 8.39730e-03 
3.64830e+03 8.23165e-03 
3.65036e+03 8.11665e-03 
3.65242e+03 7.96157e-03 
3.65448e+03 7.89486e-03 
3.65654e+03 7.88278e-03 
3.65860e+03 7.90624e-03 
3.66066e+03 8.01591e-03 
3.66272e+03 7.98743e-03 
3.66478e+03 7.67101e-03 
3.66684e+03 7.98248e-03 
3.66890e+03 8.16292e-03 
3.67096e+03 8.35482e-03 
3.67302e+03 8.29978e-03 
3.67508e+03 8.55174e-03 
3.67714e+03 8.64314e-03 
3.67920e+03 8.67491e-03 
3.68126e+03 8.91063e-03 
3.68332e+03 9.08575e-03 
3.68538e+03 9.14891e-03 
3.68744e+03 9.36925e-03 
3.68950e+03 9.59578e-03 
3.69156e+03 9.92261e-03 
3.69362e+03 9.82444e-03 
3.69568e+03 1.00040e-02 
3.69774e+03 1.00892e-02 
3.69980e+03 9.75036e-03 
3.70186e+03 9.88555e-03 
3.70392e+03 9.98266e-03 
3.70598e+03 9.77699e-03 
3.70804e+03 9.91632e-03 
3.71010e+03 9.87931e-03 
3.71216e+03 9.46197e-03 
3.71422e+03 9.36695e-03 
3.71628e+03 9.50554e-03 
3.71834e+03 9.12141e-03 
3.72040e+03 8.77211e-03 
3.72246e+03 8.62114e-03 
3.72452e+03 8.51006e-03 
3.72658e+03 8.24729e-03 
3.72864e+03 8.21477e-03 
3.73070e+03 8.04375e-03 
3.73276e+03 7.92802e-03 
3.73482e+03 7.90296e-03 
3.73688e+03 7.97194e-03 
3.73894e+03 8.08262e-03 
3.74100e+03 8.33838e-03 
3.74306e+03 8.70868e-03 
3.74512e+03 8.64977e-03 
3.74718e+03 8.81980e-03 
3.74924e+03 9.38397e-03 
3.75130e+03 9.45286e-03 
3.75336e+03 9.25880e-03 
3.75542e+03 9.69185e-03 
3.75748e+03 9.57199e-03 
3.75954e+03 9.34530e-03 
3.76160e+03 9.59168e-03 
3.76366e+03 9.96867e-03 
3.76572e+03 9.99705e-03 
3.76778e+03 1.00005e-02 
3.76984e+03 1.01921e-02 
3.77190e+03 1.00406e-02 
3.77396e+03 1.00729e-02 
3.77602e+03 1.00470e-02 
3.77808e+03 1.00462e-02 
3.78014e+03 1.01516e-02 
3.78220e+03 1.00085e-02 
3.78426e+03 9.77479e-03 
3.78632e+03 9.75433e-03 
3.78838e+03 9.97397e-03 
3.79044e+03 9.98780e-03 
3.79250e+03 9.70860e-03 
3.79456e+03 9.55134e-03 
3.79662e+03 9.53013e-03 
3.79868e+03 9.38674e-03 
3.80074e+03 9.51230e-03 
3.80280e+03 9.74029e-03 
3.80486e+03 9.96582e-03 
3.80692e+03 9.81456e-03 
3.80898e+03 9.91720e-03 
3.81104e+03 9.65650e-03 
3.81310e+03 9.65816e-03 
3.81516e+03 1.00955e-02 
3.81722e+03 1.04499e-02 
3.81928e+03 1.08359e-02 
3.82134e+03 1.10322e-02 
3.82340e+03 1.11127e-02 
3.82546e+03 1.11649e-02 
3.82752e+03 1.13105e-02 
3.82958e+03 1.14365e-02 
3.83164e+03 1.14857e-02 
3.83370e+03 1.12750e-02 
3.83576e+03 1.11503e-02 
3.83782e+03 1.11740e-02 
3.83988e+03 1.09981e-02 
3.84194e+03 1.08672e-02 
3.84400e+03 1.08615e-02 
3.84606e+03 1.06462e-02 
3.84812e+03 1.04893e-02 
3.85018e+03 1.06681e-02 
3.85224e+03 1.07392e-02 
3.85430e+03 1.09962e-02 
3.85636e+03 1.10524e-02 
3.85842e+03 1.07760e-02 
3.86048e+03 1.06617e-02 
3.86254e+03 1.05798e-02 
3.86460e+03 1.07976e-02 
3.86666e+03 1.08220e-02 
3.86872e+03 1.11066e-02 
3.87078e+03 1.12395e-02 
3.87284e+03 1.11760e-02 
3.87490e+03 1.11782e-02 
3.87696e+03 1.14407e-02 
3.87902e+03 1.18947e-02 
3.88108e+03 1.19640e-02 
3.88314e+03 1.25364e-02 
3.88520e+03 1.29258e-02 
3.88726e+03 1.31153e-02 
3.88932e+03 1.34246e-02 
3.89138e+03 1.36928e-02 
3.89344e+03 1.38051e-02 
3.89550e+03 1.38426e-02 
3.89756e+03 1.40286e-02 
3.89962e+03 1.41251e-02 
3.90168e+03 1.43414e-02 
3.90374e+03 1.43059e-02 
3.90580e+03 1.43764e-02 
3.90786e+03 1.40151e-02 
3.90992e+03 1.41407e-02 
3.91198e+03 1.42766e-02 
3.91404e+03 1.42205e-02 
3.91610e+03 1.45748e-02 
3.91816e+03 1.46118e-02 
3.92022e+03 1.49029e-02 
3.92228e+03 1.48123e-02 
3.92434e+03 1.51164e-02 
3.92640e+03 1.50715e-02 
3.92846e+03 1.50815e-02 
3.93052e+03 1.51058e-02 
3.93258e+03 1.55398e-02 
3.93464e+03 1.55424e-02 
3.93670e+03 1.57415e-02 
3.93876e+03 1.60613e-02 
3.94082e+03 1.61142e-02 
3.94288e+03 1.63595e-02 
3.94494e+03 1.64390e-02 
3.94700e+03 1.66500e-02 
3.94906e+03 1.67020e-02 
3.95112e+03 1.70887e-02 
3.95318e+03 1.72729e-02 
3.95524e+03 1.70286e-02 
3.95730e+03 1.72543e-02 
3.95936e+03 1.74458e-02 
3.96142e+03 1.76878e-02 
3.96348e+03 1.75796e-02 
3.96554e+03 1.77306e-02 
3.96760e+03 1.77445e-02 
3.96966e+03 1.79402e-02 
3.97172e+03 1.82055e-02 
3.97378e+03 1.85613e-02 
3.97584e+03 1.83627e-02 
3.97790e+03 1.86409e-02 
3.97996e+03 1.87914e-02 
3.98202e+03 1.88676e-02 
3.98408e+03 1.90506e-02 
3.98614e+03 1.91422e-02 
3.98820e+03 1.96764e-02 
3.99026e+03 2.01546e-02 
3.99232e+03 2.06816e-02 
3.99438e+03 2.07762e-02 
3.99644e+03 2.10834e-02 
3.99850e+03 2.17303e-02 
4.00056e+03 2.23375e-02 
4.00262e+03 2.25320e-02 
4.00468e+03 2.29232e-02 
4.00674e+03 2.33379e-02 
4.00880e+03 2.39048e-02 
4.01086e+03 2.43175e-02 
4.01292e+03 2.47174e-02 
4.01498e+03 2.49981e-02 
4.01704e+03 2.53706e-02 
4.01910e+03 2.60026e-02 
4.02116e+03 2.65587e-02 
4.02322e+03 2.68698e-02 
4.02528e+03 2.74033e-02 
4.02734e+03 2.84164e-02 
4.02940e+03 2.92439e-02 
4.03146e+03 2.96596e-02 
4.03352e+03 3.03174e-02 
4.03558e+03 3.10059e-02 
4.03764e+03 3.18398e-02 
4.03970e+03 3.25754e-02 
4.04176e+03 3.33165e-02 
4.04382e+03 3.36201e-02 
4.04588e+03 3.41918e-02 
4.04794e+03 3.51820e-02 
4.05000e+03 3.59849e-02 
4.05206e+03 3.69013e-02 
4.05412e+03 3.80856e-02 
4.05618e+03 3.93967e-02 
4.05824e+03 4.08563e-02 
4.06030e+03 4.22983e-02 
4.06236e+03 4.35217e-02 
4.06442e+03 4.51177e-02 
4.06648e+03 4.69611e-02 
4.06854e+03 4.85324e-02 
4.07060e+03 4.98803e-02 
4.07266e+03 5.15392e-02 
4.07472e+03 5.34010e-02 
4.07678e+03 5.51405e-02 
4.07884e+03 5.70512e-02 
4.08090e+03 5.94350e-02 
4.08296e+03 6.15169e-02 
4.08502e+03 6.38563e-02 
4.08708e+03 6.65347e-02 
4.08914e+03 6.93234e-02 
4.09120e+03 7.18435e-02 
4.09326e+03 7.48388e-02 
4.09532e+03 7.76837e-02 
4.09738e+03 8.04104e-02 
4.09944e+03 8.33177e-02 
4.10150e+03 8.62635e-02 
4.10356e+03 8.93896e-02 
4.10562e+03 9.25682e-02 
4.10768e+03 9.57124e-02 
4.10974e+03 9.90292e-02 
4.11180e+03 1.02659e-01 
4.11386e+03 1.06225e-01 
4.11592e+03 1.09994e-01 
4.11798e+03 1.13768e-01 
4.12004e+03 1.17978e-01 
4.12210e+03 1.21893e-01 
4.12416e+03 1.25821e-01 
4.12622e+03 1.29994e-01 
4.12828e+03 1.34142e-01 
4.13034e+03 1.38386e-01 
4.13240e+03 1.42636e-01 
4.13446e+03 1.46911e-01 
4.13652e+03 1.51400e-01 
4.13858e+03 1.55713e-01 
4.14064e+03 1.60245e-01 
4.14270e+03 1.64900e-01 
4.14476e+03 1.69472e-01 
4.14682e+03 1.73968e-01 
4.14888e+03 1.78717e-01 
4.15094e+03 1.83307e-01 
4.15300e+03 1.87926e-01 
4.15506e+03 1.92461e-01 
4.15712e+03 1.96792e-01 
4.15918e+03 2.01118e-01 
4.16124e+03 2.05546e-01 
4.16330e+03 2.09621e-01 
4.16536e+03 2.14119e-01 
4.16742e+03 2.18281e-01 
4.16948e+03 2.22614e-01 
4.17154e+03 2.26775e-01 
4.17360e+03 2.30763e-01 
4.17566e+03 2.34686e-01 
4.17772e+03 2.38661e-01 
4.17978e+03 2.42331e-01 
4.18184e+03 2.46283e-01 
4.18390e+03 2.49936e-01 
4.18596e+03 2.53272e-01 
4.18802e+03 2.56660e-01 
4.19008e+03 2.60025e-01 
4.19214e+03 2.63264e-01 
4.19420e+03 2.66337e-01 
4.19626e+03 2.69339e-01 
4.19832e+03 2.72421e-01 
4.20038e+03 2.75690e-01 
4.20244e+03 2.78671e-01 
4.20450e+03 2.81554e-01 
4.20656e+03 2.84404e-01 
4.20862e+03 2.86897e-01 
4.21068e+03 2.89513e-01 
4.21274e+03 2.92065e-01 
4.21480e+03 2.94432e-01 
4.21686e+03 2.96712e-01 
4.21892e+03 2.99003e-01 
4.22098e+03 3.01212e-01 
4.22304e+03 3.03365e-01 
4.22510e+03 3.05223e-01 
4.22716e+03 3.07209e-01 
4.22922e+03 3.09214e-01 
4.23128e+03 3.11028e-01 
4.23334e+03 3.12835e-01 
4.23540e+03 3.14522e-01 
4.23746e+03 3.16256e-01 
4.23952e+03 3.17781e-01 
4.24158e+03 3.19292e-01 
4.24364e+03 3.20556e-01 
4.24570e+03 3.22044e-01 
4.24776e+03 3.23566e-01 
4.24982e+03 3.24958e-01 
4.25188e+03 3.26457e-01 
4.25394e+03 3.27792e-01 
4.25600e+03 3.29123e-01 
4.25806e+03 3.30551e-01 
4.26012e+03 3.32074e-01 
4.26218e+03 3.33295e-01 
4.26424e+03 3.34620e-01 
4.26630e+03 3.35857e-01 
4.26836e+03 3.37175e-01 
4.27042e+03 3.38497e-01 
4.27248e+03 3.39688e-01 
4.27454e+03 3.40861e-01 
4.27660e+03 3.41998e-01 
4.27866e+03 3.43241e-01 
4.28072e+03 3.44495e-01 
4.28278e+03 3.45843e-01 
4.28484e+03 3.46992e-01 
4.28690e+03 3.48338e-01 
4.28896e+03 3.49459e-01 
4.29102e+03 3.50318e-01 
4.29308e+03 3.51373e-01 
4.29514e+03 3.52252e-01 
4.29720e+03 3.53058e-01 
4.29926e+03 3.53753e-01 
4.30132e+03 3.54561e-01 
4.30338e+03 3.55397e-01 
4.30544e+03 3.56488e-01 
4.30750e+03 3.57349e-01 
4.30956e+03 3.58110e-01 
4.31162e+03 3.58918e-01 
4.31368e+03 3.59757e-01 
4.31574e+03 3.60629e-01 
4.31780e+03 3.61459e-01 
4.31986e+03 3.62347e-01 
4.32192e+03 3.62942e-01 
4.32398e+03 3.63569e-01 
4.32604e+03 3.64256e-01 
4.32810e+03 3.65066e-01 
4.33016e+03 3.65781e-01 
4.33222e+03 3.66342e-01 
4.33428e+03 3.67028e-01 
4.33634e+03 3.67883e-01 
4.33840e+03 3.68782e-01 
4.34046e+03 3.69683e-01 
4.34252e+03 3.70528e-01 
4.34458e+03 3.71292e-01 
4.34664e+03 3.71923e-01 
4.34870e+03 3.72502e-01 
4.35076e+03 3.72928e-01 
4.35282e+03 3.73605e-01 
4.35488e+03 3.74183e-01 
4.35694e+03 3.74786e-01 
4.35900e+03 3.75304e-01 
4.36106e+03 3.76005e-01 
4.36312e+03 3.76458e-01 
4.36518e+03 3.77086e-01 
4.36724e+03 3.77595e-01 
4.36930e+03 3.78042e-01 
4.37136e+03 3.78518e-01 
4.37342e+03 3.79068e-01 
4.37548e+03 3.79641e-01 
4.37754e+03 3.80354e-01 
4.37960e+03 3.80691e-01 
4.38166e+03 3.81082e-01 
4.38372e+03 3.81524e-01 
4.38578e+03 3.82002e-01 
4.38784e+03 3.82528e-01 
4.38990e+03 3.82911e-01 
4.39196e+03 3.83499e-01 
4.39402e+03 3.84282e-01 
4.39608e+03 3.84560e-01 
4.39814e+03 3.84994e-01 
4.40020e+03 3.85559e-01 
4.40226e+03 3.86037e-01 
4.40432e+03 3.86474e-01 
4.40638e+03 3.86981e-01 
4.40844e+03 3.87393e-01 
4.41050e+03 3.87893e-01 
4.41256e+03 3.88469e-01 
4.41462e+03 3.88920e-01 
4.41668e+03 3.89192e-01 
4.41874e+03 3.89584e-01 
4.42080e+03 3.89892e-01 
4.42286e+03 3.90234e-01 
4.42492e+03 3.90370e-01 
4.42698e+03 3.90681e-01 
4.42904e+03 3.90946e-01 
4.43110e+03 3.91135e-01 
4.43316e+03 3.91441e-01 
4.43522e+03 3.91618e-01 
4.43728e+03 3.91712e-01 
4.43934e+03 3.91970e-01 
4.44140e+03 3.92145e-01 
4.44346e+03 3.92115e-01 
4.44552e+03 3.92184e-01 
4.44758e+03 3.92009e-01 
4.44964e+03 3.92085e-01 
4.45170e+03 3.92293e-01 
4.45376e+03 3.92482e-01 
4.45582e+03 3.92441e-01 
4.45788e+03 3.92333e-01 
4.45994e+03 3.92350e-01 
4.46200e+03 3.92387e-01 
4.46406e+03 3.92219e-01 
4.46612e+03 3.92332e-01 
4.46818e+03 3.92485e-01 
4.47024e+03 3.92573e-01 
4.47230e+03 3.92580e-01 
4.47436e+03 3.92509e-01 
4.47642e+03 3.92505e-01 
4.47848e+03 3.92435e-01 
4.48054e+03 3.92301e-01 
4.48260e+03 3.92168e-01 
4.48466e+03 3.92100e-01 
4.48672e+03 3.92227e-01 
4.48878e+03 3.92237e-01 
4.49084e+03 3.92382e-01 
4.49290e+03 3.92351e-01 
4.49496e+03 3.92069e-01 
4.49702e+03 3.91965e-01 
4.49908e+03 3.91827e-01 
4.50114e+03 3.91741e-01 
4.50320e+03 3.91677e-01 
4.50526e+03 3.91577e-01 
4.50732e+03 3.91282e-01 
4.50938e+03 3.90938e-01 
4.51144e+03 3.90642e-01 
4.51350e+03 3.90468e-01 
4.51556e+03 3.90441e-01 
4.51762e+03 3.90265e-01 
4.51968e+03 3.90176e-01 
4.52174e+03 3.89973e-01 
4.52380e+03 3.89920e-01 
4.52586e+03 3.90207e-01 
4.52792e+03 3.90053e-01 
4.52998e+03 3.89783e-01 
4.53204e+03 3.89587e-01 
4.53410e+03 3.89416e-01 
4.53616e+03 3.89340e-01 
4.53822e+03 3.89514e-01 
4.54028e+03 3.89352e-01 
4.54234e+03 3.89275e-01 
4.54440e+03 3.89164e-01 
4.54646e+03 3.88968e-01 
4.54852e+03 3.88662e-01 
4.55058e+03 3.88711e-01 
4.55264e+03 3.88611e-01 
4.55470e+03 3.88644e-01 
4.55676e+03 3.88335e-01 
4.55882e+03 3.88005e-01 
4.56088e+03 3.87914e-01 
4.56294e+03 3.87617e-01 
4.56500e+03 3.87366e-01 
4.56706e+03 3.87047e-01 
4.56912e+03 3.86499e-01 
4.57118e+03 3.86183e-01 
4.57324e+03 3.85626e-01 
4.57530e+03 3.85260e-01 
4.57736e+03 3.84997e-01 
4.57942e+03 3.84533e-01 
4.58148e+03 3.84033e-01 
4.58354e+03 3.83565e-01 
4.58560e+03 3.83208e-01 
4.58766e+03 3.82688e-01 
4.58972e+03 3.82216e-01 
4.59178e+03 3.81781e-01 
4.59384e+03 3.81429e-01 
4.59590e+03 3.80919e-01 
4.59796e+03 3.80295e-01 
4.60002e+03 3.79865e-01 
4.60208e+03 3.79415e-01 
4.60414e+03 3.78865e-01 
4.60620e+03 3.78287e-01 
4.60826e+03 3.77760e-01 
4.61032e+03 3.77211e-01 
4.61238e+03 3.76568e-01 
4.61444e+03 3.76023e-01 
4.61650e+03 3.75535e-01 
4.61856e+03 3.74904e-01 
4.62062e+03 3.74218e-01 
4.62268e+03 3.73511e-01 
4.62474e+03 3.72828e-01 
4.62680e+03 3.72195e-01 
4.62886e+03 3.71355e-01 
4.63092e+03 3.70612e-01 
4.63298e+03 3.69866e-01 
4.63504e+03 3.69080e-01 
4.63710e+03 3.68300e-01 
4.63916e+03 3.67504e-01 
4.64122e+03 3.66692e-01 
4.64328e+03 3.65845e-01 
4.64534e+03 3.64944e-01 
4.64740e+03 3.63939e-01 
4.64946e+03 3.63102e-01 
4.65152e+03 3.62222e-01 
4.65358e+03 3.61264e-01 
4.65564e+03 3.60296e-01 
4.65770e+03 3.59307e-01 
4.65976e+03 3.58304e-01 
4.66182e+03 3.57194e-01 
4.66388e+03 3.56105e-01 
4.66594e+03 3.54892e-01 
4.66800e+03 3.53805e-01 
4.67006e+03 3.52787e-01 
4.67212e+03 3.51696e-01 
4.67418e+03 3.50516e-01 
4.67624e+03 3.49324e-01 
4.67830e+03 3.48287e-01 
4.68036e+03 3.46931e-01 
4.68242e+03 3.45674e-01 
4.68448e+03 3.44413e-01 
4.68654e+03 3.43024e-01 
4.68860e+03 3.41623e-01 
4.69066e+03 3.40311e-01 
4.69272e+03 3.38878e-01 
4.69478e+03 3.37370e-01 
4.69684e+03 3.35872e-01 
4.69890e+03 3.34503e-01 
4.70096e+03 3.33015e-01 
4.70302e+03 3.31607e-01 
4.70508e+03 3.30303e-01 
4.70714e+03 3.28791e-01 
4.70920e+03 3.27341e-01 
4.71126e+03 3.25748e-01 
4.71332e+03 3.24058e-01 
4.71538e+03 3.22500e-01 
4.71744e+03 3.21032e-01 
4.71950e+03 3.19531e-01 
4.72156e+03 3.17908e-01 
4.72362e+03 3.16409e-01 
4.72568e+03 3.14819e-01 
4.72774e+03 3.13216e-01 
4.72980e+03 3.11557e-01 
4.73186e+03 3.10068e-01 
4.73392e+03 3.08548e-01 
4.73598e+03 3.07026e-01 
4.73804e+03 3.05479e-01 
4.74010e+03 3.03994e-01 
4.74216e+03 3.02489e-01 
4.74422e+03 3.00910e-01 
4.74628e+03 2.99265e-01 
4.74834e+03 2.97553e-01 
4.75040e+03 2.95838e-01 
4.75246e+03 2.94317e-01 
4.75452e+03 2.92711e-01 
4.75658e+03 2.90994e-01 
4.75864e+03 2.89234e-01 
4.76070e+03 2.87612e-01 
4.76276e+03 2.85897e-01 
4.76482e+03 2.84115e-01 
4.76688e+03 2.82344e-01 
4.76894e+03 2.80632e-01 
4.77100e+03 2.78878e-01 
4.77306e+03 2.77256e-01 
4.77512e+03 2.75406e-01 
4.77718e+03 2.73538e-01 
4.77924e+03 2.71738e-01 
4.78130e+03 2.69967e-01 
4.78336e+03 2.68187e-01 
4.78542e+03 2.66270e-01 
4.78748e+03 2.64487e-01 
4.78954e+03 2.62744e-01 
4.79160e+03 2.60975e-01 
4.79366e+03 2.59280e-01 
4.79572e+03 2.57393e-01 
4.79778e+03 2.55527e-01 
4.79984e+03 2.53805e-01 
4.80190e+03 2.51977e-01 
4.80396e+03 2.50086e-01 
4.80602e+03 2.48177e-01 
4.80808e+03 2.46331e-01 
4.81014e+03 2.44524e-01 
4.81220e+03 2.42690e-01 
4.81426e+03 2.40861e-01 
4.81632e+03 2.39028e-01 
4.81838e+03 2.37236e-01 
4.82044e+03 2.35381e-01 
4.82250e+03 2.33381e-01 
4.82456e+03 2.31461e-01 
4.82662e+03 2.29566e-01 
4.82868e+03 2.27723e-01 
4.83074e+03 2.25775e-01 
4.83280e+03 2.23861e-01 
4.83486e+03 2.21934e-01 
4.83692e+03 2.20061e-01 
4.83898e+03 2.18201e-01 
4.84104e+03 2.16358e-01 
4.84310e+03 2.14413e-01 
4.84516e+03 2.12639e-01 
4.84722e+03 2.10770e-01 
4.84928e+03 2.08994e-01 
4.85134e+03 2.07221e-01 
4.85340e+03 2.05384e-01 
4.85546e+03 2.03460e-01 
4.85752e+03 2.01651e-01 
4.85958e+03 1.99851e-01 
4.86164e+03 1.98070e-01 
4.86370e+03 1.96305e-01 
4.86576e+03 1.94639e-01 
4.86782e+03 1.92894e-01 
4.86988e+03 1.91127e-01 
4.87194e+03 1.89345e-01 
4.87400e+03 1.87702e-01 
4.87606e+03 1.85999e-01 
4.87812e+03 1.84305e-01 
4.88018e+03 1.82545e-01 
4.88224e+03 1.80851e-01 
4.88430e+03 1.79130e-01 
4.88636e+03 1.77504e-01 
4.88842e+03 1.75774e-01 
4.89048e+03 1.74123e-01 
4.89254e+03 1.72428e-01 
4.89460e+03 1.70652e-01 
4.89666e+03 1.69008e-01 
4.89872e+03 1.67464e-01 
4.90078e+03 1.65820e-01 
4.90284e+03 1.64198e-01 
4.90490e+03 1.62569e-01 
4.90696e+03 1.60947e-01 
4.90902e+03 1.59413e-01 
4.91108e+03 1.57866e-01 
4.91314e+03 1.56358e-01 
4.91520e+03 1.54838e-01 
4.91726e+03 1.53321e-01 
4.91932e+03 1.51878e-01 
4.92138e+03 1.50461e-01 
4.92344e+03 1.49046e-01 
4.92550e+03 1.47657e-01 
4.92756e+03 1.46310e-01 
4.92962e+03 1.44858e-01 
4.93168e+03 1.43554e-01 
4.93374e+03 1.42274e-01 
4.93580e+03 1.40966e-01 
4.93786e+03 1.39798e-01 
4.93992e+03 1.38561e-01 
4.94198e+03 1.37275e-01 
4.94404e+03 1.36081e-01 
4.94610e+03 1.34915e-01 
4.94816e+03 1.33708e-01 
4.95022e+03 1.32613e-01 
4.95228e+03 1.31431e-01 
4.95434e+03 1.30290e-01 
4.95640e+03 1.29135e-01 
4.95846e+03 1.28030e-01 
4.96052e+03 1.26928e-01 
4.96258e+03 1.25841e-01 
4.96464e+03 1.24791e-01 
4.96670e+03 1.23724e-01 
4.96876e+03 1.22718e-01 
4.97082e+03 1.21630e-01 
4.97288e+03 1.20631e-01 
4.97494e+03 1.19645e-01 
4.97700e+03 1.18613e-01 
4.97906e+03 1.17636e-01 
4.98112e+03 1.16652e-01 
4.98318e+03 1.15641e-01 
4.98524e+03 1.14713e-01 
4.98730e+03 1.13719e-01 
4.98936e+03 1.12768e-01 
4.99142e+03 1.11822e-01 
4.99348e+03 1.10835e-01 
4.99554e+03 1.09842e-01 
4.99760e+03 1.08862e-01 
4.99966e+03 1.07877e-01 
5.00172e+03 1.06909e-01 
5.00378e+03 1.05892e-01 
5.00584e+03 1.04848e-01 
5.00790e+03 1.03700e-01 
5.00996e+03 1.02665e-01 
5.01202e+03 1.01560e-01 
5.01408e+03 1.00511e-01 
5.01614e+03 9.94399e-02 
5.01820e+03 9.83321e-02 
5.02026e+03 9.72386e-02 
5.02232e+03 9.61878e-02 
5.02438e+03 9.50078e-02 
5.02644e+03 9.39161e-02 
5.02850e+03 9.27721e-02 
5.03056e+03 9.16513e-02 
5.03262e+03 9.04210e-02 
5.03468e+03 8.92408e-02 
5.03674e+03 8.80392e-02 
5.03880e+03 8.68693e-02 
5.04086e+03 8.57063e-02 
5.04292e+03 8.45531e-02 
5.04498e+03 8.33477e-02 
5.04704e+03 8.21500e-02 
5.04910e+03 8.09383e-02 
5.05116e+03 7.98369e-02 
5.05322e+03 7.87081e-02 
5.05528e+03 7.76121e-02 
5.05734e+03 7.64841e-02 
5.05940e+03 7.53772e-02 
5.06146e+03 7.42690e-02 
5.06352e+03 7.31572e-02 
5.06558e+03 7.19891e-02 
5.06764e+03 7.09150e-02 
5.06970e+03 6.98343e-02 
5.07176e+03 6.88135e-02 
5.07382e+03 6.77745e-02 
5.07588e+03 6.67605e-02 
5.07794e+03 6.57745e-02 
5.08000e+03 6.48147e-02 
5.08206e+03 6.38787e-02 
5.08412e+03 6.29381e-02 
5.08618e+03 6.19959e-02 
5.08824e+03 6.11075e-02 
5.09030e+03 6.02274e-02 
5.09236e+03 5.93876e-02 
5.09442e+03 5.85348e-02 
5.09648e+03 5.76819e-02 
5.09854e+03 5.67865e-02 
5.10060e+03 5.59333e-02 
5.10266e+03 5.50889e-02 
5.10472e+03 5.42709e-02 
5.10678e+03 5.34656e-02 
5.10884e+03 5.27559e-02 
5.11090e+03 5.20032e-02 
5.11296e+03 5.12163e-02 
5.11502e+03 5.04618e-02 
5.11708e+03 4.97391e-02 
5.11914e+03 4.90061e-02 
5.12120e+03 4.82944e-02 
5.12326e+03 4.75616e-02 
5.12532e+03 4.68073e-02 
5.12738e+03 4.61006e-02 
5.12944e+03 4.54067e-02 
5.13150e+03 4.47122e-02 
5.13356e+03 4.40405e-02 
5.13562e+03 4.33950e-02 
5.13768e+03 4.27579e-02 
5.13974e+03 4.21180e-02 
5.14180e+03 4.15062e-02 
5.14386e+03 4.08796e-02 
5.14592e+03 4.02455e-02 
5.14798e+03 3.95842e-02 
5.15004e+03 3.89640e-02 
5.15210e+03 3.82781e-02 
5.15416e+03 3.76886e-02 
5.15622e+03 3.71151e-02 
5.15828e+03 3.64675e-02 
5.16034e+03 3.58453e-02 
5.16240e+03 3.52337e-02 
5.16446e+03 3.46181e-02 
5.16652e+03 3.40453e-02 
5.16858e+03 3.34844e-02 
5.17064e+03 3.29059e-02 
5.17270e+03 3.23451e-02 
5.17476e+03 3.17836e-02 
5.17682e+03 3.12090e-02 
5.17888e+03 3.06132e-02 
5.18094e+03 3.00291e-02 
5.18300e+03 2.94820e-02 
5.18506e+03 2.89316e-02 
5.18712e+03 2.84079e-02 
5.18918e+03 2.79181e-02 
5.19124e+03 2.73916e-02 
5.19330e+03 2.68671e-02 
5.19536e+03 2.63940e-02 
5.19742e+03 2.58746e-02 
5.19948e+03 2.53472e-02 
5.20154e+03 2.48895e-02 
5.20360e+03 2.43996e-02 
5.20566e+03 2.39300e-02 
5.20772e+03 2.34708e-02 
5.20978e+03 2.30062e-02 
5.21184e+03 2.25849e-02 
5.21390e+03 2.21316e-02 
5.21596e+03 2.16708e-02 
5.21802e+03 2.12544e-02 
5.22008e+03 2.08160e-02 
5.22214e+03 2.03750e-02 
5.22420e+03 1.99573e-02 
5.22626e+03 1.95408e-02 
5.22832e+03 1.91168e-02 
5.23038e+03 1.87136e-02 
5.23244e+03 1.83166e-02 
5.23450e+03 1.79244e-02 
5.23656e+03 1.75596e-02 
5.23862e+03 1.72117e-02 
5.24068e+03 1.68678e-02 
5.24274e+03 1.65193e-02 
5.24480e+03 1.61690e-02 
5.24686e+03 1.58307e-02 
5.24892e+03 1.55263e-02 
5.25098e+03 1.52105e-02 
5.25304e+03 1.49102e-02 
5.25510e+03 1.45838e-02 
5.25716e+03 1.42968e-02 
5.25922e+03 1.40488e-02 
5.26128e+03 1.37443e-02 
5.26334e+03 1.34999e-02 
5.26540e+03 1.32617e-02 
5.26746e+03 1.30289e-02 
5.26952e+03 1.27632e-02 
5.27158e+03 1.25278e-02 
5.27364e+03 1.23368e-02 
5.27570e+03 1.20974e-02 
5.27776e+03 1.19094e-02 
5.27982e+03 1.16850e-02 
5.28188e+03 1.14557e-02 
5.28394e+03 1.12399e-02 
5.28600e+03 1.10582e-02 
5.28806e+03 1.08707e-02 
5.29012e+03 1.06931e-02 
5.29218e+03 1.05239e-02 
5.29424e+03 1.03495e-02 
5.29630e+03 1.01655e-02 
5.29836e+03 1.00042e-02 
5.30042e+03 9.83357e-03 
5.30248e+03 9.65217e-03 
5.30454e+03 9.52717e-03 
5.30660e+03 9.37325e-03 
5.30866e+03 9.24098e-03 
5.31072e+03 9.09068e-03 
5.31278e+03 8.97648e-03 
5.31484e+03 8.85334e-03 
5.31690e+03 8.72562e-03 
5.31896e+03 8.63535e-03 
5.32102e+03 8.53242e-03 
5.32308e+03 8.44962e-03 
5.32514e+03 8.35754e-03 
5.32720e+03 8.26645e-03 
5.32926e+03 8.15237e-03 
5.33132e+03 8.06631e-03 
5.33338e+03 8.00098e-03 
5.33544e+03 7.90035e-03 
5.33750e+03 7.81965e-03 
5.33956e+03 7.75044e-03 
5.34162e+03 7.67572e-03 
5.34368e+03 7.60454e-03 
5.34574e+03 7.53355e-03 
5.34780e+03 7.48258e-03 
5.34986e+03 7.42264e-03 
5.35192e+03 7.36245e-03 
5.35398e+03 7.30614e-03 
5.35604e+03 7.23423e-03 
5.35810e+03 7.16267e-03 
5.36016e+03 7.09137e-03 
5.36222e+03 7.03239e-03 
5.36428e+03 6.96101e-03 
5.36634e+03 6.90175e-03 
5.36840e+03 6.85250e-03 
5.37046e+03 6.81430e-03 
5.37252e+03 6.79486e-03 
5.37458e+03 6.77046e-03 
5.37664e+03 6.74104e-03 
5.37870e+03 6.72014e-03 
5.38076e+03 6.69769e-03 
5.38282e+03 6.68046e-03 
5.38488e+03 6.66720e-03 
5.38694e+03 6.64553e-03 
5.38900e+03 6.64644e-03 
5.39106e+03 6.62462e-03 
5.39312e+03 6.62090e-03 
5.39518e+03 6.64037e-03 
5.39724e+03 6.63862e-03 
5.39930e+03 6.64127e-03 
5.40136e+03 6.67004e-03 
5.40342e+03 6.68624e-03 
5.40548e+03 6.68470e-03 
5.40754e+03 6.72081e-03 
5.40960e+03 6.73236e-03 
5.41166e+03 6.70700e-03 
5.41372e+03 6.71063e-03 
5.41578e+03 6.72745e-03 
5.41784e+03 6.71999e-03 
5.41990e+03 6.70729e-03 
5.42196e+03 6.71052e-03 
5.42402e+03 6.69830e-03 
5.42608e+03 6.69867e-03 
5.42814e+03 6.71374e-03 
5.43020e+03 6.73298e-03 
5.43226e+03 6.72354e-03 
5.43432e+03 6.73037e-03 
5.43638e+03 6.77759e-03 
5.43844e+03 6.77613e-03 
5.44050e+03 6.78902e-03 
5.44256e+03 6.82909e-03 
5.44462e+03 6.85454e-03 
5.44668e+03 6.89828e-03 
5.44874e+03 6.95445e-03 
5.45080e+03 6.99723e-03 
5.45286e+03 7.04970e-03 
5.45492e+03 7.13435e-03 
5.45698e+03 7.20098e-03 
5.45904e+03 7.27059e-03 
5.46110e+03 7.33312e-03 
5.46316e+03 7.40130e-03 
5.46522e+03 7.46993e-03 
5.46728e+03 7.55920e-03 
5.46934e+03 7.64238e-03 
5.47140e+03 7.72578e-03 
5.47346e+03 7.80019e-03 
5.47552e+03 7.90768e-03 
5.47758e+03 8.02386e-03 
5.47964e+03 8.10411e-03 
5.48170e+03 8.20682e-03 
5.48376e+03 8.30176e-03 
5.48582e+03 8.39980e-03 
5.48788e+03 8.49919e-03 
5.48994e+03 8.57992e-03 
5.49200e+03 8.66633e-03 
5.49406e+03 8.73743e-03 
5.49612e+03 8.84198e-03 
5.49818e+03 8.94800e-03 
5.50024e+03 9.04129e-03 
5.50230e+03 9.14310e-03 
5.50436e+03 9.24079e-03 
5.50642e+03 9.38414e-03 
5.50848e+03 9.51626e-03 
5.51054e+03 9.63085e-03 
5.51260e+03 9.73708e-03 
5.51466e+03 9.85330e-03 
5.51672e+03 9.99482e-03 
5.51878e+03 1.01213e-02 
5.52084e+03 1.02363e-02 
5.52290e+03 1.03569e-02 
5.52496e+03 1.04663e-02 
5.52702e+03 1.06145e-02 
5.52908e+03 1.07237e-02 
5.53114e+03 1.08443e-02 
5.53320e+03 1.09633e-02 
5.53526e+03 1.10818e-02 
5.53732e+03 1.12109e-02 
5.53938e+03 1.13070e-02 
5.54144e+03 1.14202e-02 
5.54350e+03 1.15190e-02 
5.54556e+03 1.16289e-02 
5.54762e+03 1.17499e-02 
5.54968e+03 1.17969e-02 
5.55174e+03 1.18520e-02 
5.55380e+03 1.19483e-02 
5.55586e+03 1.20432e-02 
5.55792e+03 1.21017e-02 
5.55998e+03 1.21521e-02 
5.56204e+03 1.21886e-02 
5.56410e+03 1.22295e-02 
5.56616e+03 1.22834e-02 
5.56822e+03 1.23139e-02 
5.57028e+03 1.23334e-02 
5.57234e+03 1.23878e-02 
5.57440e+03 1.24276e-02 
5.57646e+03 1.24388e-02 
5.57852e+03 1.24661e-02 
5.58058e+03 1.24687e-02 
5.58264e+03 1.24825e-02 
5.58470e+03 1.24895e-02 
5.58676e+03 1.24970e-02 
5.58882e+03 1.24674e-02 
5.59088e+03 1.24560e-02 
5.59294e+03 1.24718e-02 
5.59500e+03 1.24741e-02 
5.59706e+03 1.24535e-02 
5.59912e+03 1.24383e-02 
5.60118e+03 1.24094e-02 
5.60324e+03 1.23774e-02 
5.60530e+03 1.23491e-02 
5.60736e+03 1.23148e-02 
5.60942e+03 1.22589e-02 
5.61148e+03 1.22168e-02 
5.61354e+03 1.21582e-02 
5.61560e+03 1.20736e-02 
5.61766e+03 1.19987e-02 
5.61972e+03 1.19289e-02 
5.62178e+03 1.18330e-02 
5.62384e+03 1.17698e-02 
5.62590e+03 1.16970e-02 
5.62796e+03 1.16087e-02 
5.63002e+03 1.15071e-02 
5.63208e+03 1.14188e-02 
5.63414e+03 1.12973e-02 
5.63620e+03 1.11711e-02 
5.63826e+03 1.10472e-02 
5.64032e+03 1.08998e-02 
5.64238e+03 1.07511e-02 
5.64444e+03 1.06276e-02 
5.64650e+03 1.05129e-02 
5.64856e+03 1.03826e-02 
5.65062e+03 1.02512e-02 
5.65268e+03 1.01194e-02 
5.65474e+03 1.00008e-02 
5.65680e+03 9.86775e-03 
5.65886e+03 9.74022e-03 
5.66092e+03 9.58192e-03 
5.66298e+03 9.44069e-03 
5.66504e+03 9.31469e-03 
5.66710e+03 9.15455e-03 
5.66916e+03 8.99879e-03 
5.67122e+03 8.85262e-03 
5.67328e+03 8.70300e-03 
5.67534e+03 8.53834e-03 
5.67740e+03 8.40118e-03 
5.67946e+03 8.25895e-03 
5.68152e+03 8.10647e-03 
5.68358e+03 7.96514e-03 
5.68564e+03 7.82211e-03 
5.68770e+03 7.65690e-03 
5.68976e+03 7.48122e-03 
5.69182e+03 7.31499e-03 
5.69388e+03 7.13935e-03 
5.69594e+03 6.98996e-03 
5.69800e+03 6.82583e-03 
5.70006e+03 6.65704e-03 
5.70212e+03 6.47925e-03 
5.70418e+03 6.34167e-03 
5.70624e+03 6.17766e-03 
5.70830e+03 6.01816e-03 
5.71036e+03 5.89561e-03 
5.71242e+03 5.74603e-03 
5.71448e+03 5.59774e-03 
5.71654e+03 5.46648e-03 
5.71860e+03 5.33281e-03 
5.72066e+03 5.19727e-03 
5.72272e+03 5.06439e-03 
5.72478e+03 4.94963e-03 
5.72684e+03 4.82527e-03 
5.72890e+03 4.68485e-03 
5.73096e+03 4.57414e-03 
5.73302e+03 4.47365e-03 
5.73508e+03 4.34433e-03 
5.73714e+03 4.23795e-03 
5.73920e+03 4.11145e-03 
5.74126e+03 3.98970e-03 
5.74332e+03 3.90131e-03 
5.74538e+03 3.80695e-03 
5.74744e+03 3.69745e-03 
5.74950e+03 3.60875e-03 
5.75156e+03 3.48322e-03 
5.75362e+03 3.35442e-03 
5.75568e+03 3.24483e-03 
5.75774e+03 3.11993e-03 
5.75980e+03 3.00133e-03 
5.76186e+03 2.90687e-03 
5.76392e+03 2.81326e-03 
5.76598e+03 2.70154e-03 
5.76804e+03 2.60816e-03 
5.77010e+03 2.52814e-03 
5.77216e+03 2.44445e-03 
5.77422e+03 2.36175e-03 
5.77628e+03 2.27427e-03 
5.77834e+03 2.19932e-03 
5.78040e+03 2.12085e-03 
5.78246e+03 2.05732e-03 
5.78452e+03 1.99409e-03 
5.78658e+03 1.91858e-03 
5.78864e+03 1.85935e-03 
5.79070e+03 1.81344e-03 
5.79276e+03 1.75344e-03 
5.79482e+03 1.71464e-03 
5.79688e+03 1.66923e-03 
5.79894e+03 1.63109e-03 
5.80100e+03 1.59536e-03 
5.80306e+03 1.55834e-03 
5.80512e+03 1.51684e-03 
5.80718e+03 1.47769e-03 
5.80924e+03 1.45938e-03 
5.81130e+03 1.42643e-03 
5.81336e+03 1.36989e-03 
5.81542e+03 1.33916e-03 
5.81748e+03 1.29539e-03 
5.81954e+03 1.25790e-03 
5.82160e+03 1.22350e-03 
5.82366e+03 1.15697e-03 
5.82572e+03 1.10176e-03 
5.82778e+03 1.07404e-03 
5.82984e+03 1.04434e-03 
5.83190e+03 9.99509e-04 
5.83396e+03 9.51169e-04 
5.83602e+03 9.08318e-04 
5.83808e+03 8.84027e-04 
5.84014e+03 8.60428e-04 
5.84220e+03 8.24317e-04 
5.84426e+03 8.13783e-04 
5.84632e+03 7.87766e-04 
5.84838e+03 7.77646e-04 
5.85044e+03 7.53297e-04 
5.85250e+03 7.27752e-04 
5.85456e+03 7.06493e-04 
5.85662e+03 7.13433e-04 
5.85868e+03 7.07562e-04 
5.86074e+03 7.09096e-04 
5.86280e+03 6.91168e-04 
5.86486e+03 6.97531e-04 
5.86692e+03 7.32030e-04 
5.86898e+03 7.26203e-04 
5.87104e+03 6.98754e-04 
5.87310e+03 6.89211e-04 
5.87516e+03 6.93325e-04 
5.87722e+03 6.97065e-04 
5.87928e+03 7.07072e-04 
5.88134e+03 7.00195e-04 
5.88340e+03 6.87989e-04 
5.88546e+03 6.69956e-04 
5.88752e+03 6.47723e-04 
5.88958e+03 6.48025e-04 
5.89164e+03 6.36321e-04 
5.89370e+03 6.23541e-04 
5.89576e+03 6.22322e-04 
5.89782e+03 5.98881e-04 
5.89988e+03 5.79275e-04 
5.90194e+03 5.72773e-04 
5.90400e+03 5.51640e-04 
5.90606e+03 5.54577e-04 
5.90812e+03 5.40717e-04 
5.91018e+03 5.32965e-04 
5.91224e+03 5.37818e-04 
5.91430e+03 5.36736e-04 
5.91636e+03 5.32853e-04 
5.91842e+03 5.33432e-04 
5.92048e+03 5.35898e-04 
5.92254e+03 5.28186e-04 
5.92460e+03 5.19136e-04 
5.92666e+03 5.26501e-04 
5.92872e+03 5.43988e-04 
5.93078e+03 5.39844e-04 
5.93284e+03 5.39585e-04 
5.93490e+03 5.29599e-04 
5.93696e+03 5.20940e-04 
5.93902e+03 5.00466e-04 
5.94108e+03 4.99936e-04 
5.94314e+03 4.96622e-04 
5.94520e+03 4.99374e-04 
5.94726e+03 5.05809e-04 
5.94932e+03 5.02882e-04 
5.95138e+03 5.04984e-04 
5.95344e+03 5.02854e-04 
5.95550e+03 4.81979e-04 
5.95756e+03 4.83674e-04 
5.95962e+03 4.83205e-04 
5.96168e+03 4.74869e-04 
5.96374e+03 4.59256e-04 
5.96580e+03 4.67733e-04 
5.96786e+03 4.66516e-04 
5.96992e+03 4.55648e-04 
5.97198e+03 4.44109e-04 
5.97404e+03 4.50154e-04 
5.97610e+03 4.49009e-04 
5.97816e+03 4.48633e-04 
5.98022e+03 4.57830e-04 
5.98228e+03 4.78591e-04 
5.98434e+03 4.90576e-04 
5.98640e+03 4.95942e-04 
5.98846e+03 4.82772e-04 
5.99052e+03 4.83439e-04 
5.99258e+03 4.79069e-04 
5.99464e+03 4.74803e-04 
5.99670e+03 4.69546e-04 
5.99876e+03 4.80609e-04 
