   4810.146      1.8928906E-04
   4813.386      2.0880825E-04
   4816.626      2.2832744E-04
   4819.866      2.4784665E-04
   4823.106      2.6736583E-04
   4826.346      2.8688501E-04
   4829.586      3.0640422E-04
   4832.827      3.2592341E-04
   4836.067      3.4544262E-04
   4839.308      3.6496180E-04
   4842.548      3.8448098E-04
   4845.789      4.0400019E-04
   4849.029      4.2351938E-04
   4852.270      4.4303856E-04
   4855.511      4.6255777E-04
   4858.751      4.8207695E-04
   4861.993      5.0159614E-04
   4865.233      5.2111538E-04
   4868.475      5.4063456E-04
   4871.716      5.6015374E-04
   4874.957      5.7967292E-04
   4878.199      5.9919211E-04
   4881.440      6.1871135E-04
   4884.682      6.3823053E-04
   4887.923      6.5774971E-04
   4891.165      6.7726889E-04
   4894.406      6.9678808E-04
   4897.648      7.1630726E-04
   4900.890      7.3582644E-04
   4904.132      7.5534568E-04
   4907.374      7.7486486E-04
   4910.616      7.9438405E-04
   4913.858      8.1390323E-04
   4917.101      8.3342241E-04
   4920.343      8.5294165E-04
   4923.585      8.7246083E-04
   4926.828      8.9198002E-04
   4930.070      9.1149920E-04
   4933.313      9.3101838E-04
   4936.556      9.5053762E-04
   4939.798      9.7005680E-04
   4943.041      9.8957599E-04
   4946.284      1.0090952E-03
   4949.527      1.0286144E-03
   4952.771      1.0481336E-03
   4956.013      1.0676528E-03
   4959.257      1.0871720E-03
   4962.500      1.1066912E-03
   4965.743      1.1262103E-03
   4968.987      1.1457296E-03
   4972.230      1.1652487E-03
   4975.474      1.1847679E-03
   4978.718      1.2042871E-03
   4981.961      1.2238063E-03
   4985.206      1.2433255E-03
   4988.449      1.2628447E-03
   4991.693      1.2823639E-03
   4994.938      1.3018830E-03
   4998.182      1.3214023E-03
   5001.426      1.3409215E-03
   5004.670      1.3604406E-03
   5007.915      1.3799599E-03
   5011.159      1.3994790E-03
   5014.403      1.4189982E-03
   5017.648      1.4385175E-03
   5020.893      1.4580366E-03
   5024.138      1.4775558E-03
   5027.382      1.4970750E-03
   5030.627      1.5165942E-03
   5033.872      1.5361134E-03
   5037.117      1.5556326E-03
   5040.362      1.5751518E-03
   5043.608      1.5946709E-03
   5046.853      1.6141902E-03
   5050.098      1.6337094E-03
   5053.344      1.6532285E-03
   5056.589      1.6727478E-03
   5059.835      1.6922669E-03
   5063.081      1.7117861E-03
   5066.326      1.7313054E-03
   5069.572      1.7508245E-03
   5072.818      1.7703437E-03
   5076.064      1.7898629E-03
   5079.310      1.8093821E-03
   5082.556      1.8289012E-03
   5085.802      1.8484205E-03
   5089.049      1.8679397E-03
   5092.295      1.8874588E-03
   5095.542      1.9069781E-03
   5098.788      1.9264972E-03
   5102.035      1.9460164E-03
   5105.281      1.9655358E-03
   5108.528      1.9850549E-03
   5111.775      2.0045741E-03
   5115.022      2.0240932E-03
   5118.269      2.0436125E-03
   5121.516      2.0631317E-03
   5124.763      2.0826508E-03
   5128.010      2.1021701E-03
   5131.257      2.1216893E-03
   5134.505      2.1412084E-03
   5137.752      2.1607275E-03
   5141.000      2.1802469E-03
   5144.248      2.1997660E-03
   5147.495      2.2192851E-03
   5150.743      2.2388042E-03
   5153.991      2.2583236E-03
   5157.238      2.2778427E-03
   5160.486      2.2973618E-03
   5163.734      2.3168812E-03
   5166.982      2.3364003E-03
   5170.231      2.3559195E-03
   5173.479      2.3754388E-03
   5176.728      2.3949579E-03
   5179.976      2.4144771E-03
   5183.224      2.4339962E-03
   5186.473      2.4535155E-03
   5189.722      2.4730347E-03
   5192.970      2.4925538E-03
   5196.219      2.5120731E-03
   5199.468      2.5315923E-03
   5202.717      2.5511114E-03
   5205.966      2.5706307E-03
   5209.215      2.5901499E-03
   5212.464      2.6096690E-03
   5215.713      2.6291881E-03
   5218.963      2.6487075E-03
   5222.212      2.6682266E-03
   5225.461      2.6877457E-03
   5228.711      2.7072651E-03
   5231.961      2.7267842E-03
   5235.210      2.7463033E-03
   5238.460      2.7658225E-03
   5241.710      2.7853418E-03
   5244.960      2.8048609E-03
   5248.210      2.8243801E-03
   5251.460      2.8438994E-03
   5254.710      2.8634185E-03
   5257.961      2.8829377E-03
   5261.211      2.9024570E-03
   5264.461      2.9219761E-03
   5267.712      2.9414953E-03
   5270.962      2.9610144E-03
   5274.213      2.9805338E-03
   5277.464      3.0000529E-03
   5280.715      3.0195720E-03
   5283.965      3.0390914E-03
   5287.216      3.0586105E-03
   5290.467      3.0781296E-03
   5293.719      3.0976490E-03
   5296.970      3.1171681E-03
   5300.221      3.1366872E-03
   5303.472      3.1562063E-03
   5306.724      3.1757257E-03
   5309.975      3.1952448E-03
   5313.227      3.2147639E-03
   5316.478      3.2342833E-03
   5319.730      3.2538024E-03
   5322.982      3.2733215E-03
   5326.233      3.2928409E-03
   5329.485      3.3123600E-03
   5332.737      3.3318792E-03
   5335.990      3.3513983E-03
   5339.242      3.3709176E-03
   5342.494      3.3904368E-03
   5345.747      3.4099559E-03
   5348.999      3.4294752E-03
   5352.251      3.4489944E-03
   5355.504      3.4685135E-03
   5358.756      3.4880326E-03
   5362.009      3.5075520E-03
   5365.262      3.5270711E-03
   5368.515      3.5465902E-03
   5371.768      3.5661096E-03
   5375.021      3.5856287E-03
   5378.273      3.6051478E-03
   5381.527      3.6246672E-03
   5384.780      3.6441863E-03
   5388.033      3.6637054E-03
   5391.287      3.6832246E-03
   5394.540      3.7027439E-03
   5397.793      3.7222630E-03
   5401.047      3.7417822E-03
   5404.301      3.7613015E-03
   5407.555      3.7808206E-03
   5410.809      3.8003398E-03
   5414.063      3.8198591E-03
   5417.316      3.8393782E-03
   5420.570      3.8588974E-03
   5423.825      3.8784165E-03
   5427.079      3.8979359E-03
   5430.333      3.9174552E-03
   5433.587      3.9369743E-03
   5436.842      3.9564935E-03
   5440.096      3.9760126E-03
   5443.351      3.9955317E-03
   5446.605      4.0150508E-03
   5449.860      4.0345704E-03
   5453.115      4.0540895E-03
   5456.370      4.0736087E-03
   5459.625      4.0931278E-03
   5462.880      4.1126469E-03
   5466.135      4.1321660E-03
   5469.391      4.1516852E-03
   5472.646      4.1712043E-03
   5475.901      4.1907239E-03
   5479.157      4.2102430E-03
   5482.412      4.2297621E-03
   5485.667      4.2492812E-03
   5488.923      4.2688004E-03
   5492.179      4.2883195E-03
   5495.435      4.3078386E-03
   5498.691      4.3273582E-03
   5501.947      4.3468773E-03
   5505.203      4.3663965E-03
   5508.459      4.3859156E-03
   5511.715      4.4054347E-03
   5514.971      4.4249538E-03
   5518.228      4.4444734E-03
   5521.484      4.4639925E-03
   5524.741      4.4835117E-03
   5527.997      4.5030308E-03
   5531.254      4.5225499E-03
   5534.511      4.5420690E-03
   5537.767      4.5615882E-03
   5541.024      4.5811078E-03
   5544.281      4.6006269E-03
   5547.538      4.6201460E-03
   5550.795      4.6396651E-03
   5554.052      4.6591843E-03
   5557.310      4.6787034E-03
   5560.567      4.6982225E-03
   5563.825      4.7177421E-03
   5567.082      4.7372612E-03
   5570.339      4.7567803E-03
   5573.597      4.7762995E-03
   5576.855      4.7958186E-03
   5580.113      4.8153377E-03
   5583.371      4.8348568E-03
   5586.628      4.8543764E-03
   5589.887      4.8738956E-03
   5593.145      4.8934147E-03
   5596.403      4.9129338E-03
   5599.661      4.9324529E-03
   5602.919      4.9519720E-03
   5606.178      4.9714916E-03
   5609.437      4.9910108E-03
   5612.695      4.6130600E-03
   5615.954      4.6801870E-03
   5619.212      4.7514774E-03
   5622.471      4.8267455E-03
   5625.730      4.9039652E-03
   5628.989      4.9778940E-03
   5632.248      5.0422600E-03
   5635.507      5.0914311E-03
   5638.766      5.1213414E-03
   5642.025      5.1294053E-03
   5645.285      5.1159333E-03
   5648.544      5.0828001E-03
   5651.803      5.0347676E-03
   5655.063      4.9772472E-03
   5658.323      4.9174600E-03
   5661.583      4.8647118E-03
   5664.842      4.8278999E-03
   5668.102      4.8163296E-03
   5671.362      4.8376350E-03
   5674.622      4.8948843E-03
   5677.882      4.9858564E-03
   5681.142      5.1023634E-03
   5684.402      5.2342052E-03
   5687.663      5.3684567E-03
   5690.923      5.4944847E-03
   5694.184      5.6055062E-03
   5697.444      5.6992085E-03
   5700.705      5.7771793E-03
   5703.965      5.8428883E-03
   5707.226      5.9006377E-03
   5710.487      5.9551531E-03
   5713.748      6.0084257E-03
   5717.009      6.0604564E-03
   5720.270      6.1103334E-03
   5723.531      6.1548487E-03
   5726.792      6.1925231E-03
   5730.054      6.2222956E-03
   5733.315      6.2433728E-03
   5736.577      6.2559568E-03
   5739.838      6.2609958E-03
   5743.100      6.2601962E-03
   5746.361      6.2546344E-03
   5749.623      6.2467675E-03
   5752.885      6.2409383E-03
   5756.146      6.2427106E-03
   5759.409      6.2581580E-03
   5762.671      6.2938412E-03
   5765.933      6.3542104E-03
   5769.195      6.4410204E-03
   5772.458      6.5530576E-03
   5775.720      6.6874959E-03
   5778.982      6.8391771E-03
   5782.245      7.0036813E-03
   5785.507      7.1739722E-03
   5788.770      7.3446073E-03
   5792.033      7.5084600E-03
   5795.295      7.6573095E-03
   5798.559      7.7851284E-03
   5801.821      7.8867348E-03
   5805.084      7.9612918E-03
   5808.348      8.0111017E-03
   5811.611      8.0421949E-03
   5814.874      8.0628879E-03
   5818.137      8.0814762E-03
   5821.401      8.1037022E-03
   5824.665      8.1315683E-03
   5827.928      8.1636747E-03
   5831.192      8.1971772E-03
   5834.456      8.2287565E-03
   5837.719      8.2573527E-03
   5840.983      8.2834549E-03
   5844.247      8.3102221E-03
   5847.511      8.3409529E-03
   5850.775      8.3768535E-03
   5854.040      8.4145702E-03
   5857.304      8.4484117E-03
   5860.568      8.4707243E-03
   5863.833      8.4742149E-03
   5867.097      8.4571792E-03
   5870.361      8.4234439E-03
   5873.626      8.3838683E-03
   5876.891      8.3544981E-03
   5880.156      8.3530974E-03
   5883.420      8.3944350E-03
   5886.686      8.4889336E-03
   5889.951      8.6375717E-03
   5893.216      8.8348528E-03
   5896.481      9.0678958E-03
   5899.746      9.3176961E-03
   5903.011      9.5645646E-03
   5906.277      9.7881146E-03
   5909.542      9.9725965E-03
   5912.808      1.0107249E-02
   5916.074      1.0187777E-02
   5919.339      1.0218600E-02
   5922.605      1.0210331E-02
   5925.871      1.0179169E-02
   5929.137      1.0142678E-02
   5932.403      1.0118875E-02
   5935.669      1.0123136E-02
   5938.935      1.0164443E-02
   5942.201      1.0249363E-02
   5945.468      1.0378031E-02
   5948.734      1.0548629E-02
   5952.000      1.0757791E-02
   5955.267      1.1004237E-02
   5958.534      1.1288530E-02
   5961.800      1.1614547E-02
   5965.067      1.1990867E-02
   5968.334      1.2429080E-02
   5971.601      1.2943159E-02
   5974.868      1.3548881E-02
   5978.135      1.4262494E-02
   5981.402      1.5099053E-02
   5984.669      1.6074464E-02
   5987.937      1.7204966E-02
   5991.204      1.8507833E-02
   5994.472      2.0002309E-02
   5997.739      2.1710761E-02
   6001.007      2.3657214E-02
   6004.275      2.5865924E-02
   6007.542      2.8361442E-02
   6010.810      3.1166991E-02
   6014.078      3.4305178E-02
   6017.346      3.7797309E-02
   6020.614      4.1662440E-02
   6023.882      4.5919865E-02
   6027.151      5.0587866E-02
   6030.419      5.5682827E-02
   6033.688      6.1219007E-02
   6036.956      6.7207485E-02
   6040.225      7.3656566E-02
   6043.493      8.0568060E-02
   6046.762      8.7940857E-02
   6050.030      9.5768161E-02
   6053.299      0.1040407    
   6056.568      0.1127443    
   6059.837      0.1218622    
   6063.106      0.1313724    
   6066.375      0.1412474    
   6069.645      0.1514526    
   6072.914      0.1619461    
   6076.183      0.1726801    
   6079.453      0.1836011    
   6082.722      0.1946556    
   6085.992      0.2057880    
   6089.262      0.2169505    
   6092.531      0.2281012    
   6095.801      0.2392065    
   6099.071      0.2502424    
   6102.341      0.2611910    
   6105.611      0.2720392    
   6108.881      0.2827747    
   6112.151      0.2933820    
   6115.422      0.3038420    
   6118.692      0.3141339    
   6121.962      0.3242315    
   6125.233      0.3341059    
   6128.504      0.3437255    
   6131.774      0.3530577    
   6135.045      0.3620704    
   6138.316      0.3707335    
   6141.587      0.3790251    
   6144.858      0.3869328    
   6148.129      0.3944555    
   6151.400      0.4016064    
   6154.671      0.4084111    
   6157.942      0.4149069    
   6161.214      0.4211400    
   6164.485      0.4271617    
   6167.757      0.4330210    
   6171.028      0.4387604    
   6174.300      0.4444115    
   6177.572      0.4499898    
   6180.844      0.4554963    
   6184.115      0.4609168    
   6187.387      0.4662269    
   6190.660      0.4713924    
   6193.932      0.4763776    
   6197.204      0.4811456    
   6200.476      0.4856628    
   6203.749      0.4899057    
   6207.021      0.4938652    
   6210.293      0.4975455    
   6213.566      0.5009754    
   6216.838      0.5041983    
   6220.111      0.5072721    
   6223.384      0.5102643    
   6226.657      0.5132439    
   6229.930      0.5162733    
   6233.203      0.5194057    
   6236.476      0.5226755    
   6239.750      0.5261012    
   6243.022      0.5296803    
   6246.296      0.5333973    
   6249.569      0.5372255    
   6252.843      0.5411349    
   6256.116      0.5450931    
   6259.390      0.5490744    
   6262.664      0.5530552    
   6265.938      0.5570197    
   6269.211      0.5609562    
   6272.485      0.5648575    
   6275.759      0.5687193    
   6279.033      0.5725425    
   6282.308      0.5763329    
   6285.582      0.5801001    
   6288.856      0.5838563    
   6292.130      0.5876148    
   6295.405      0.5913871    
   6298.680      0.5951821    
   6301.954      0.5990052    
   6305.229      0.6028609    
   6308.504      0.6067524    
   6311.779      0.6106907    
   6315.054      0.6146868    
   6318.329      0.6187567    
   6321.604      0.6229135    
   6324.879      0.6271694    
   6328.154      0.6315267    
   6331.429      0.6359746    
   6334.705      0.6404917    
   6337.980      0.6450453    
   6341.256      0.6495921    
   6344.531      0.6540813    
   6347.807      0.6584610    
   6351.083      0.6626786    
   6354.359      0.6666868    
   6357.635      0.6704472    
   6360.911      0.6739356    
   6364.187      0.6771396    
   6367.463      0.6800634    
   6370.739      0.6827226    
   6374.016      0.6851424    
   6377.292      0.6873515    
   6380.568      0.6893819    
   6383.845      0.6912634    
   6387.122      0.6930292    
   6390.398      0.6947069    
   6393.675      0.6963257    
   6396.952      0.6979151    
   6400.229      0.6995035    
   6403.505      0.7011179    
   6406.783      0.7027746    
   6410.060      0.7044901    
   6413.337      0.7062654    
   6416.614      0.7080872    
   6419.892      0.7099235    
   6423.169      0.7117180    
   6426.447      0.7133823    
   6429.725      0.7148017    
   6433.002      0.7158386    
   6436.280      0.7163467    
   6439.558      0.7161923    
   6442.835      0.7152770    
   6446.113      0.7135641    
   6449.392      0.7110763    
   6452.670      0.7079172    
   6455.948      0.7042441    
   6459.226      0.7002504    
   6462.504      0.6961357    
   6465.783      0.6920820    
   6469.062      0.6882331    
   6472.340      0.6846843    
   6475.619      0.6814672    
   6478.897      0.6785825    
   6482.176      0.6759855    
   6485.455      0.6736118    
   6488.734      0.6713997    
   6492.013      0.6693034    
   6495.292      0.6672981    
   6498.572      0.6653872    
   6501.851      0.6635873    
   6505.130      0.6619108    
   6508.410      0.6603500    
   6511.689      0.6588537    
   6514.969      0.6573410    
   6518.249      0.6557076    
   6521.528      0.6538577    
   6524.808      0.6517267    
   6528.088      0.6493098    
   6531.368      0.6466618    
   6534.648      0.6438826    
   6537.928      0.6411054    
   6541.208      0.6384680    
   6544.488      0.6360838    
   6547.769      0.6340373    
   6551.049      0.6323793    
   6554.330      0.6311276    
   6557.610      0.6302881    
   6560.891      0.6298636    
   6564.172      0.6298613    
   6567.453      0.6303025    
   6570.733      0.6312148    
   6574.014      0.6326365    
   6577.295      0.6346077    
   6580.577      0.6371366    
   6583.858      0.6402218    
   6587.139      0.6438192    
   6590.420      0.6478424    
   6593.702      0.6521736    
   6596.983      0.6566750    
   6600.265      0.6612084    
   6603.546      0.6656576    
   6606.828      0.6699452    
   6610.110      0.6740313    
   6613.392      0.6779141    
   6616.674      0.6816134    
   6619.956      0.6851585    
   6623.238      0.6885747    
   6626.520      0.6918819    
   6629.802      0.6950886    
   6633.084      0.6982013    
   6636.367      0.7012309    
   6639.649      0.7041835    
   6642.932      0.7070745    
   6646.215      0.7099268    
   6649.498      0.7127610    
   6652.780      0.7156015    
   6656.063      0.7184637    
   6659.346      0.7213570    
   6662.629      0.7242797    
   6665.912      0.7272177    
   6669.195      0.7301419    
   6672.479      0.7330105    
   6675.762      0.7357709    
   6679.045      0.7383634    
   6682.329      0.7407244    
   6685.612      0.7427880    
   6688.896      0.7444909    
   6692.180      0.7457708    
   6695.463      0.7465705    
   6698.747      0.7468379    
   6702.031      0.7465296    
   6705.315      0.7456192    
   6708.599      0.7440993    
   6711.883      0.7419886    
   6715.167      0.7393262    
   6718.452      0.7361676    
   6721.736      0.7325748    
   6725.021      0.7286045    
   6728.305      0.7243015    
   6731.590      0.7196966    
   6734.875      0.7148026    
   6738.159      0.7096242    
   6741.444      0.7041588    
   6744.729      0.6983995    
   6748.014      0.6923388    
   6751.299      0.6859657    
   6754.584      0.6792675    
   6757.870      0.6722280    
   6761.155      0.6648379    
   6764.440      0.6570934    
   6767.726      0.6490033    
   6771.011      0.6405851    
   6774.297      0.6318710    
   6777.583      0.6228952    
   6780.868      0.6136888    
   6784.154      0.6042751    
   6787.440      0.5946711    
   6790.726      0.5848826    
   6794.012      0.5749268    
   6797.298      0.5648327    
   6800.584      0.5546585    
   6803.871      0.5444976    
   6807.157      0.5344789    
   6810.443      0.5247649    
   6813.730      0.5155359    
   6817.017      0.5069755    
   6820.303      0.4992540    
   6823.590      0.4925047    
   6826.877      0.4868132    
   6830.164      0.4822106    
   6833.451      0.4786750    
   6836.738      0.4761392    
   6840.025      0.4745073    
   6843.312      0.4736733    
   6846.599      0.4735393    
   6849.887      0.4740257    
   6853.174      0.4750768    
   6856.461      0.4766582    
   6859.750      0.4787453    
   6863.037      0.4813083    
   6866.325      0.4843098    
   6869.613      0.4876997    
   6872.900      0.4914245    
   6876.188      0.4954298    
   6879.477      0.4996846    
   6882.765      0.5041854    
   6886.053      0.5089587    
   6889.341      0.5140553    
   6892.629      0.5195431    
   6895.918      0.5254806    
   6899.207      0.5319160    
   6902.495      0.5388656    
   6905.784      0.5463111    
   6909.072      0.5541921    
   6912.361      0.5624070    
   6915.650      0.5708151    
   6918.939      0.5792367    
   6922.228      0.5874522    
   6925.517      0.5952093    
   6928.806      0.6022205    
   6932.096      0.6081657    
   6935.385      0.6127039    
   6938.674      0.6154811    
   6941.964      0.6161450    
   6945.253      0.6143618    
   6948.543      0.6098336    
   6951.833      0.6023197    
   6955.123      0.5916533    
   6958.412      0.5777609    
   6961.702      0.5606741    
   6964.992      0.5405391    
   6968.282      0.5176206    
   6971.573      0.4922941    
   6974.863      0.4650349    
   6978.153      0.4363931    
   6981.444      0.4069594    
   6984.734      0.3773275    
   6988.024      0.3480554    
   6991.315      0.3196306    
   6994.606      0.2924473    
   6997.897      0.2667939    
   7001.188      0.2428545    
   7004.479      0.2207213    
   7007.770      0.2004107    
   7011.061      0.1818849    
   7014.352      0.1650666    
   7017.643      0.1498570    
   7020.935      0.1361446    
   7024.226      0.1238148    
   7027.517      0.1127509    
   7030.809      0.1028389    
   7034.101      9.3969390E-02
   7037.392      8.6035430E-02
   7040.684      7.8935146E-02
   7043.976      7.2573759E-02
   7047.268      6.6863574E-02
   7050.560      6.1725598E-02
   7053.852      5.7089828E-02
   7057.144      5.2895963E-02
   7060.436      4.9093761E-02
   7063.729      4.5641568E-02
   7067.021      4.2505074E-02
   7070.313      3.9654352E-02
   7073.606      3.7062947E-02
   7076.898      3.4705322E-02
   7080.191      3.2557413E-02
   7083.484      3.0596167E-02
   7086.777      2.8801616E-02
   7090.070      2.7155651E-02
   7093.363      2.5644511E-02
   7096.656      2.4256544E-02
   7099.949      2.2982314E-02
   7103.242      2.1813339E-02
   7106.536      2.0740591E-02
   7109.829      1.9754872E-02
   7113.122      1.8846849E-02
   7116.416      1.8007526E-02
   7119.709      1.7228976E-02
   7123.003      1.6506065E-02
   7126.297      1.5835520E-02
   7129.591      1.5216719E-02
   7132.885      1.4650450E-02
   7136.179      1.4137785E-02
   7139.473      1.3678388E-02
   7142.767      1.3270153E-02
   7146.061      1.2907975E-02
   7149.355      1.2584034E-02
   7152.649      1.2288481E-02
   7155.944      1.2010455E-02
   7159.238      1.1739483E-02
   7162.533      1.1466793E-02
   7165.828      1.1186295E-02
   7169.123      1.0895508E-02
   7172.417      1.0595297E-02
   7175.712      1.0289496E-02
   7179.007      9.9841738E-03
   7182.302      9.6858200E-03
   7185.598      9.4008725E-03
   7188.893      9.1332961E-03
   7192.188      8.8852216E-03
   7195.483      8.6559411E-03
   7198.779      8.4430901E-03
   7202.074      8.2437005E-03
   7205.370      8.0548283E-03
   7208.666      7.8753605E-03
   7211.961      7.7052065E-03
   7215.257      7.5462256E-03
   7218.553      7.4006119E-03
   7221.849      7.2702048E-03
   7225.145      7.1554389E-03
   7228.441      7.0553040E-03
   7231.737      6.9675185E-03
   7235.034      6.8888878E-03
   7238.330      6.8166461E-03
   7241.626      6.7487825E-03
   7244.923      6.6847205E-03
   7248.219      6.6245138E-03
   7251.516      6.5689827E-03
   7254.813      6.5185721E-03
   7258.109      6.4723035E-03
   7261.406      6.4283242E-03
   7264.704      6.3830805E-03
   7268.000      6.3325572E-03
   7271.297      6.2722345E-03
   7274.595      6.1991406E-03
   7277.892      6.1115101E-03
   7281.189      6.0099526E-03
   7284.487      5.8976156E-03
   7287.784      5.7788123E-03
   7291.082      5.6590084E-03
   7294.379      5.5433512E-03
   7297.677      5.4359091E-03
   7300.975      5.3393403E-03
   7304.273      5.2542859E-03
   7307.571      5.1800646E-03
   7310.869      5.1149945E-03
   7314.167      5.0568525E-03
   7317.465      5.0029545E-03
   7320.763      4.9510719E-03
   7324.062      4.8996843E-03
   7327.360      4.8477231E-03
   7330.659      4.7952523E-03
   7333.957      4.7428673E-03
   7337.256      4.6919910E-03
   7340.555      4.6431948E-03
   7343.854      4.5965654E-03
   7347.152      4.5510251E-03
   7350.451      4.5043700E-03
   7353.750      4.4535962E-03
   7357.049      4.3959534E-03
   7360.348      4.3301098E-03
   7363.647      4.2557949E-03
   7366.947      4.1749231E-03
   7370.246      4.0907352E-03
   7373.546      4.0077004E-03
   7376.845      3.9298818E-03
   7380.145      3.8606469E-03
   7383.445      3.8015582E-03
   7386.745      3.7524428E-03
   7390.044      3.7116292E-03
   7393.344      3.6768599E-03
   7396.644      3.6452119E-03
   7399.944      3.6141830E-03
   7403.245      3.5818827E-03
   7406.545      3.5473765E-03
   7409.845      3.5106135E-03
   7413.146      3.4719468E-03
   7416.446      3.4327074E-03
   7419.747      3.3940286E-03
   7423.047      3.3570591E-03
   7426.348      3.3225380E-03
   7429.648      3.2904400E-03
   7432.949      3.2606926E-03
   7436.250      3.2331068E-03
   7439.551      3.2076691E-03
   7442.852      3.1853768E-03
   7446.153      3.1674595E-03
   7449.455      3.1552974E-03
   7452.756      3.1501250E-03
   7456.058      3.1522845E-03
   7459.359      3.1608217E-03
   7462.660      3.1734118E-03
   7465.962      3.1866492E-03
   7469.264      3.1967275E-03
   7472.565      3.2000088E-03
   7475.867      3.1937892E-03
   7479.169      3.1769925E-03
   7482.471      3.1503013E-03
   7485.773      3.1156726E-03
   7489.075      3.0760318E-03
   7492.377      3.0343409E-03
   7495.680      2.9924687E-03
   7498.982      2.9517498E-03
   7502.285      2.9129442E-03
   7505.587      2.8758752E-03
   7508.890      2.8404284E-03
   7512.192      2.8066114E-03
   7515.495      2.7745771E-03
   7518.798      2.7446433E-03
   7522.101      2.7167879E-03
   7525.404      2.6905823E-03
   7528.707      2.6654701E-03
   7532.010      2.6408865E-03
   7535.313      2.6162511E-03
   7538.616      2.5915958E-03
   7541.920      2.5674629E-03
   7545.223      2.5454781E-03
   7548.527      2.5277368E-03
   7551.831      2.5162958E-03
   7555.134      2.5125274E-03
   7558.438      2.5166010E-03
   7561.742      2.5272977E-03
   7565.045      2.5417535E-03
   7568.350      2.5558784E-03
   7571.653      2.5652235E-03
   7574.958      2.5659674E-03
   7578.262      2.5554076E-03
   7581.566      2.5326936E-03
   7584.871      2.4989473E-03
   7588.175      2.4568974E-03
   7591.479      2.4101716E-03
   7594.784      2.3626937E-03
   7598.089      2.3181567E-03
   7601.394      2.2788334E-03
   7604.698      2.2459005E-03
   7608.003      2.2194756E-03
   7611.308      2.1992880E-03
   7614.613      2.1844741E-03
   7617.918      2.1743064E-03
   7621.223      2.1683276E-03
   7624.529      2.1663602E-03
   7627.834      2.1675029E-03
   7631.140      2.1707714E-03
   7634.445      2.1743670E-03
   7637.750      2.1764038E-03
   7641.056      2.1746776E-03
   7644.362      2.1678561E-03
   7647.667      2.1550155E-03
   7650.973      2.1369176E-03
   7654.279      2.1150978E-03
   7657.585      2.0918029E-03
   7660.892      2.0698810E-03
   7664.198      2.0514482E-03
   7667.504      2.0383652E-03
   7670.810      2.0314576E-03
   7674.117      2.0304120E-03
   7677.423      2.0340781E-03
   7680.730      2.0406216E-03
   7684.036      2.0483159E-03
   7687.343      2.0550180E-03
   7690.650      2.0595258E-03
   7693.957      2.0607701E-03
   7697.264      2.0580213E-03
   7700.571      2.0508098E-03
   7703.878      2.0384777E-03
   7707.185      2.0201008E-03
   7710.492      1.9947272E-03
   7713.799      1.9614107E-03
   7717.107      1.9202991E-03
   7720.415      1.8719235E-03
   7723.722      1.8175970E-03
   7727.030      1.7599444E-03
   7730.337      1.7022742E-03
   7733.645      1.6481531E-03
   7736.953      1.6016349E-03
   7740.261      1.5662252E-03
   7743.569      1.5451454E-03
   7746.877      1.5398304E-03
   7750.185      1.5502442E-03
   7753.493      1.5743875E-03
   7756.802      1.6085040E-03
   7760.110      1.6476240E-03
   7763.418      1.6856658E-03
   7766.727      1.7173459E-03
   7770.036      1.7384853E-03
   7773.344      1.7468304E-03
   7776.653      1.7425754E-03
   7779.962      1.7281504E-03
   7783.271      1.7076154E-03
   7786.580      1.6852772E-03
   7789.889      1.6652521E-03
   7793.198      1.6497161E-03
   7796.507      1.6394807E-03
   7799.816      1.6332878E-03
   7803.126      1.6288889E-03
   7806.436      1.6239570E-03
   7809.745      1.6166349E-03
   7813.055      1.6058522E-03
   7816.364      1.5914873E-03
   7819.674      1.5741927E-03
   7822.984      1.5553153E-03
   7826.293      1.5361044E-03
   7829.604      1.5173217E-03
   7832.914      1.5001291E-03
   7836.224      1.4848890E-03
   7839.534      1.4721676E-03
   7842.844      1.4626267E-03
   7846.155      1.4566246E-03
   7849.465      1.4541731E-03
   7852.776      1.4547030E-03
   7856.086      1.4567871E-03
   7859.397      1.4587125E-03
   7862.708      1.4581969E-03
   7866.019      1.4539046E-03
   7869.330      1.4446729E-03
   7872.640      1.4304308E-03
   7875.952      1.4123865E-03
   7879.263      1.3921171E-03
   7882.574      1.3722453E-03
   7885.885      1.3550605E-03
   7889.196      1.3426935E-03
   7892.508      1.3365886E-03
   7895.819      1.3372425E-03
   7899.131      1.3443433E-03
   7902.443      1.3569376E-03
   7905.754      1.3737865E-03
   7909.066      1.3936213E-03
   7912.378      1.4155561E-03
   7915.690      1.4396799E-03
   7919.002      1.4656615E-03
   7922.314      1.4930000E-03
   7925.626      1.5209072E-03
   7928.939      1.5478386E-03
   7932.251      1.5717441E-03
   7935.563      1.5898846E-03
   7938.876      1.5997172E-03
   7942.188      1.5994903E-03
   7945.501      1.5880719E-03
   7948.814      1.5659614E-03
   7952.126      1.5348223E-03
   7955.439      1.4975021E-03
   7958.752      1.4577693E-03
   7962.066      1.4194193E-03
   7965.379      1.3864357E-03
   7968.692      1.3615687E-03
   7972.005      1.3468669E-03
   7975.318      1.3425078E-03
   7978.632      1.3475637E-03
   7981.945      1.3603261E-03
   7985.259      1.3780678E-03
   7988.573      1.3993023E-03
   7991.886      1.4225574E-03
   7995.200      1.4474320E-03
   7998.514      1.4742801E-03
   8001.828      1.5030301E-03
   8005.142      1.5332130E-03
   8008.456      1.5628350E-03
   8011.771      1.5892183E-03
   8015.084      1.6087596E-03
   8018.399      1.6179690E-03
   8021.713      1.6150898E-03
   8025.028      1.5993275E-03
   8028.342      1.5716514E-03
   8031.657      1.5346275E-03
   8034.972      1.4916948E-03
   8038.287      1.4461706E-03
   8041.602      1.4017411E-03
   8044.917      1.3608530E-03
   8048.231      1.3257088E-03
   8051.546      1.2977871E-03
   8054.861      1.2782160E-03
   8058.177      1.2673930E-03
   8061.492      1.2653758E-03
   8064.808      1.4454238E-03
   8068.123      1.4042333E-03
   8071.438      1.3630390E-03
   8074.754      1.3218485E-03
   8078.070      1.2806579E-03
   8081.386      1.2394637E-03
   8084.702      1.1982732E-03
   8088.018      1.1570826E-03
   8091.333      1.1158884E-03
   8094.649      1.0746978E-03
   8097.966      1.0335073E-03
   8101.282      9.9231303E-04
   8104.598      9.5112249E-04
   8107.915      9.0993196E-04
   8111.231      8.6873770E-04
   8114.547      8.2754716E-04
   8117.864      7.8635663E-04
   8121.181      7.4516237E-04
   8124.498      7.0397183E-04
   8127.814      6.6278130E-04
   8131.131      6.2158704E-04
   8134.448      5.8039650E-04
   8137.766      5.3920597E-04
   8141.083      4.9801171E-04
   8144.400      4.5682117E-04
   8147.717      4.1563064E-04
   8151.035      3.7443638E-04
   8154.352      3.3324584E-04
   8157.669      2.9205531E-04
   8160.987      2.5086105E-04
   8164.305      2.0967051E-04
