 5.00014e+03  1.81197e-03
 5.00041e+03  2.70617e-03
 5.00067e+03  2.13731e-03
 5.00093e+03  2.12418e-03
 5.00119e+03  2.01032e-03
 5.00145e+03  2.91384e-03
 5.00171e+03  2.19075e-03
 5.00197e+03  1.97649e-03
 5.00223e+03  2.12619e-03
 5.00250e+03  2.15507e-03
 5.00276e+03  2.64910e-03
 5.00302e+03  1.85983e-03
 5.00328e+03  2.05701e-03
 5.00354e+03  2.37552e-03
 5.00380e+03  2.19718e-03
 5.00406e+03  1.66523e-03
 5.00432e+03  1.89827e-03
 5.00458e+03  2.57900e-03
 5.00485e+03  2.37934e-03
 5.00511e+03  1.52842e-03
 5.00537e+03  2.72118e-03
 5.00563e+03  2.94257e-03
 5.00589e+03  2.91405e-03
 5.00615e+03  2.27500e-03
 5.00641e+03  2.76590e-03
 5.00667e+03  2.75763e-03
 5.00694e+03  3.00258e-03
 5.00720e+03  2.09220e-03
 5.00746e+03  2.12884e-03
 5.00772e+03  2.23361e-03
 5.00798e+03  1.60284e-03
 5.00824e+03  1.86018e-03
 5.00850e+03  1.78974e-03
 5.00876e+03  3.01678e-03
 5.00903e+03  2.32684e-03
 5.00929e+03  2.10487e-03
 5.00955e+03  2.47737e-03
 5.00981e+03  2.02254e-03
 5.01007e+03  2.49917e-03
 5.01033e+03  2.35698e-03
 5.01059e+03  2.27049e-03
 5.01085e+03  2.24243e-03
 5.01111e+03  2.82493e-03
 5.01138e+03  1.83759e-03
 5.01164e+03  2.89345e-03
 5.01190e+03  2.01181e-03
 5.01216e+03  2.27938e-03
 5.01242e+03  2.20920e-03
 5.01268e+03  2.11543e-03
 5.01294e+03  2.15214e-03
 5.01320e+03  2.14339e-03
 5.01347e+03  2.15019e-03
 5.01373e+03  2.17972e-03
 5.01399e+03  2.02911e-03
 5.01425e+03  1.98396e-03
 5.01451e+03  2.58975e-03
 5.01477e+03  2.34493e-03
 5.01503e+03  2.64811e-03
 5.01529e+03  2.81136e-03
 5.01556e+03  2.08896e-03
 5.01582e+03  2.11360e-03
 5.01608e+03  2.28528e-03
 5.01634e+03  2.48265e-03
 5.01660e+03  2.52858e-03
 5.01686e+03  2.06162e-03
 5.01712e+03  2.10774e-03
 5.01738e+03  1.40481e-03
 5.01765e+03  1.97959e-03
 5.01791e+03  1.73705e-03
 5.01817e+03  1.90188e-03
 5.01843e+03  2.75754e-03
 5.01869e+03  2.23387e-03
 5.01895e+03  1.91390e-03
 5.01921e+03  2.32249e-03
 5.01947e+03  2.12529e-03
 5.01973e+03  2.37984e-03
 5.02000e+03  2.63958e-03
 5.02026e+03  1.98184e-03
 5.02052e+03  2.18872e-03
 5.02078e+03  1.95221e-03
 5.02104e+03  2.88238e-03
 5.02130e+03  2.62255e-03
 5.02156e+03  2.91769e-03
 5.02182e+03  2.25790e-03
 5.02208e+03  2.22598e-03
 5.02235e+03  1.86040e-03
 5.02261e+03  1.52243e-03
 5.02287e+03  2.29380e-03
 5.02313e+03  2.35619e-03
 5.02339e+03  2.60847e-03
 5.02365e+03  2.35729e-03
 5.02391e+03  1.80149e-03
 5.02417e+03  2.32539e-03
 5.02444e+03  1.63117e-03
 5.02470e+03  2.54036e-03
 5.02496e+03  2.49808e-03
 5.02522e+03  2.76334e-03
 5.02548e+03  2.35469e-03
 5.02574e+03  2.44975e-03
 5.02600e+03  2.53051e-03
 5.02626e+03  2.64122e-03
 5.02653e+03  2.51573e-03
 5.02679e+03  2.08230e-03
 5.02705e+03  2.16073e-03
 5.02731e+03  2.25887e-03
 5.02757e+03  2.58939e-03
 5.02783e+03  2.50828e-03
 5.02809e+03  2.39599e-03
 5.02835e+03  2.21802e-03
 5.02862e+03  2.28390e-03
 5.02888e+03  2.28853e-03
 5.02914e+03  1.93019e-03
 5.02940e+03  2.24790e-03
 5.02966e+03  2.15332e-03
 5.02992e+03  2.36759e-03
 5.03018e+03  2.32174e-03
 5.03044e+03  2.35082e-03
 5.03070e+03  2.58866e-03
 5.03097e+03  2.75241e-03
 5.03123e+03  2.32691e-03
 5.03149e+03  2.25175e-03
 5.03175e+03  1.91063e-03
 5.03201e+03  2.52915e-03
 5.03227e+03  2.02914e-03
 5.03253e+03  2.14287e-03
 5.03279e+03  1.98695e-03
 5.03306e+03  2.65308e-03
 5.03332e+03  2.40651e-03
 5.03358e+03  2.57567e-03
 5.03384e+03  2.94329e-03
 5.03410e+03  2.53996e-03
 5.03436e+03  2.55666e-03
 5.03462e+03  2.51113e-03
 5.03488e+03  2.66389e-03
 5.03515e+03  2.62462e-03
 5.03541e+03  2.05832e-03
 5.03567e+03  2.80885e-03
 5.03593e+03  2.78572e-03
 5.03619e+03  2.65608e-03
 5.03645e+03  1.87920e-03
 5.03671e+03  2.20193e-03
 5.03697e+03  2.14457e-03
 5.03723e+03  1.93074e-03
 5.03750e+03  2.80350e-03
 5.03776e+03  2.49309e-03
 5.03802e+03  2.67322e-03
 5.03828e+03  2.41209e-03
 5.03854e+03  2.39131e-03
 5.03880e+03  2.72885e-03
 5.03906e+03  2.12566e-03
 5.03932e+03  2.28233e-03
 5.03959e+03  2.65190e-03
 5.03985e+03  2.44410e-03
 5.04011e+03  2.38073e-03
 5.04037e+03  2.35778e-03
 5.04063e+03  1.76367e-03
 5.04089e+03  2.59948e-03
 5.04115e+03  2.07925e-03
 5.04141e+03  2.40714e-03
 5.04168e+03  2.85130e-03
 5.04194e+03  2.25697e-03
 5.04220e+03  2.08559e-03
 5.04246e+03  2.11559e-03
 5.04272e+03  2.28509e-03
 5.04298e+03  2.65200e-03
 5.04324e+03  2.58687e-03
 5.04350e+03  2.35220e-03
 5.04376e+03  2.90768e-03
 5.04403e+03  2.07071e-03
 5.04429e+03  2.69148e-03
 5.04455e+03  2.69257e-03
 5.04481e+03  2.30129e-03
 5.04507e+03  2.74732e-03
 5.04533e+03  2.39171e-03
 5.04559e+03  2.39695e-03
 5.04585e+03  2.86691e-03
 5.04612e+03  2.15325e-03
 5.04638e+03  2.37154e-03
 5.04664e+03  2.18714e-03
 5.04690e+03  2.96724e-03
 5.04716e+03  2.50643e-03
 5.04742e+03  2.15565e-03
 5.04768e+03  2.25839e-03
 5.04794e+03  3.05267e-03
 5.04821e+03  2.50013e-03
 5.04847e+03  2.36575e-03
 5.04873e+03  2.52787e-03
 5.04899e+03  2.25943e-03
 5.04925e+03  1.98586e-03
 5.04951e+03  2.75600e-03
 5.04977e+03  2.47746e-03
 5.05003e+03  2.26842e-03
 5.05029e+03  2.36348e-03
 5.05056e+03  2.39561e-03
 5.05082e+03  2.94702e-03
 5.05108e+03  2.68976e-03
 5.05134e+03  1.69175e-03
 5.05160e+03  2.13928e-03
 5.05186e+03  2.45775e-03
 5.05212e+03  2.74163e-03
 5.05238e+03  2.51608e-03
 5.05265e+03  2.38556e-03
 5.05291e+03  2.64409e-03
 5.05317e+03  2.22515e-03
 5.05343e+03  2.81400e-03
 5.05369e+03  2.01865e-03
 5.05395e+03  1.99484e-03
 5.05421e+03  2.74595e-03
 5.05447e+03  2.29405e-03
 5.05474e+03  2.75265e-03
 5.05500e+03  2.27987e-03
 5.05526e+03  2.57701e-03
 5.05552e+03  2.60474e-03
 5.05578e+03  2.30941e-03
 5.05604e+03  2.56843e-03
 5.05630e+03  2.46208e-03
 5.05656e+03  2.77032e-03
 5.05682e+03  2.10824e-03
 5.05709e+03  2.41412e-03
 5.05735e+03  2.26222e-03
 5.05761e+03  2.66980e-03
 5.05787e+03  2.68445e-03
 5.05813e+03  2.50158e-03
 5.05839e+03  2.48134e-03
 5.05865e+03  2.97129e-03
 5.05891e+03  2.80907e-03
 5.05918e+03  2.64055e-03
 5.05944e+03  2.51459e-03
 5.05970e+03  2.78773e-03
 5.05996e+03  2.93468e-03
 5.06022e+03  2.75995e-03
 5.06048e+03  2.54392e-03
 5.06074e+03  2.66869e-03
 5.06100e+03  2.75270e-03
 5.06127e+03  2.80649e-03
 5.06153e+03  2.82572e-03
 5.06179e+03  2.58689e-03
 5.06205e+03  2.84040e-03
 5.06231e+03  2.05657e-03
 5.06257e+03  2.65959e-03
 5.06283e+03  2.07318e-03
 5.06309e+03  2.74044e-03
 5.06335e+03  2.54344e-03
 5.06362e+03  2.65822e-03
 5.06388e+03  2.81277e-03
 5.06414e+03  2.96341e-03
 5.06440e+03  2.65566e-03
 5.06466e+03  3.00668e-03
 5.06492e+03  2.44125e-03
 5.06518e+03  2.46319e-03
 5.06544e+03  2.28434e-03
 5.06571e+03  3.06773e-03
 5.06597e+03  2.84567e-03
 5.06623e+03  2.68514e-03
 5.06649e+03  2.65128e-03
 5.06675e+03  2.64256e-03
 5.06701e+03  2.80398e-03
 5.06727e+03  2.58084e-03
 5.06753e+03  2.42778e-03
 5.06780e+03  3.04856e-03
 5.06806e+03  2.90905e-03
 5.06832e+03  2.43535e-03
 5.06858e+03  2.36524e-03
 5.06884e+03  2.52542e-03
 5.06910e+03  2.58018e-03
 5.06936e+03  2.62431e-03
 5.06962e+03  2.95580e-03
 5.06988e+03  2.27489e-03
 5.07015e+03  2.69014e-03
 5.07041e+03  3.13039e-03
 5.07067e+03  1.96100e-03
 5.07093e+03  2.47252e-03
 5.07119e+03  2.97233e-03
 5.07145e+03  2.78893e-03
 5.07171e+03  2.48779e-03
 5.07197e+03  3.02121e-03
 5.07224e+03  2.98764e-03
 5.07250e+03  3.08597e-03
 5.07276e+03  2.68694e-03
 5.07302e+03  3.02459e-03
 5.07328e+03  2.72558e-03
 5.07354e+03  3.11328e-03
 5.07380e+03  2.68916e-03
 5.07406e+03  2.75932e-03
 5.07433e+03  2.95752e-03
 5.07459e+03  2.49842e-03
 5.07485e+03  3.02275e-03
 5.07511e+03  2.89593e-03
 5.07537e+03  3.29753e-03
 5.07563e+03  2.98044e-03
 5.07589e+03  3.13818e-03
 5.07615e+03  3.01353e-03
 5.07642e+03  2.89844e-03
 5.07668e+03  3.16737e-03
 5.07694e+03  2.97579e-03
 5.07720e+03  2.91639e-03
 5.07746e+03  3.24540e-03
 5.07772e+03  3.38588e-03
 5.07798e+03  3.34277e-03
 5.07824e+03  2.66771e-03
 5.07850e+03  2.74029e-03
 5.07877e+03  3.31499e-03
 5.07903e+03  3.03039e-03
 5.07929e+03  3.22008e-03
 5.07955e+03  3.20800e-03
 5.07981e+03  3.15529e-03
 5.08007e+03  3.23906e-03
 5.08033e+03  3.17123e-03
 5.08059e+03  3.81965e-03
 5.08085e+03  3.02565e-03
 5.08112e+03  3.52171e-03
 5.08138e+03  3.46234e-03
 5.08164e+03  3.68358e-03
 5.08190e+03  3.16798e-03
 5.08216e+03  3.27884e-03
 5.08242e+03  3.54353e-03
 5.08268e+03  3.19288e-03
 5.08294e+03  3.23767e-03
 5.08321e+03  3.44793e-03
 5.08347e+03  3.39922e-03
 5.08373e+03  2.98171e-03
 5.08399e+03  3.84734e-03
 5.08425e+03  3.27248e-03
 5.08451e+03  3.45359e-03
 5.08477e+03  3.33139e-03
 5.08503e+03  3.59134e-03
 5.08530e+03  3.51155e-03
 5.08556e+03  3.40384e-03
 5.08582e+03  3.79819e-03
 5.08608e+03  3.62189e-03
 5.08634e+03  3.53578e-03
 5.08660e+03  3.93575e-03
 5.08686e+03  4.01739e-03
 5.08712e+03  3.82366e-03
 5.08739e+03  4.01474e-03
 5.08765e+03  3.66412e-03
 5.08791e+03  3.69961e-03
 5.08817e+03  3.96589e-03
 5.08843e+03  3.97712e-03
 5.08869e+03  3.82210e-03
 5.08895e+03  4.41675e-03
 5.08921e+03  3.81758e-03
 5.08947e+03  3.83598e-03
 5.08974e+03  3.57844e-03
 5.09000e+03  4.38330e-03
 5.09026e+03  3.55717e-03
 5.09052e+03  4.01087e-03
 5.09078e+03  4.37126e-03
 5.09104e+03  4.46490e-03
 5.09130e+03  4.57488e-03
 5.09156e+03  4.30176e-03
 5.09183e+03  4.37718e-03
 5.09209e+03  4.31860e-03
 5.09235e+03  4.83820e-03
 5.09261e+03  4.56577e-03
 5.09287e+03  4.53319e-03
 5.09313e+03  4.81317e-03
 5.09339e+03  4.56000e-03
 5.09365e+03  4.63282e-03
 5.09392e+03  5.02409e-03
 5.09418e+03  5.03318e-03
 5.09444e+03  4.62166e-03
 5.09470e+03  4.64330e-03
 5.09496e+03  5.42940e-03
 5.09522e+03  4.86864e-03
 5.09548e+03  5.11693e-03
 5.09574e+03  4.97654e-03
 5.09600e+03  5.45188e-03
 5.09627e+03  4.69385e-03
 5.09653e+03  4.84788e-03
 5.09679e+03  5.30878e-03
 5.09705e+03  5.78954e-03
 5.09731e+03  5.29335e-03
 5.09757e+03  4.76800e-03
 5.09783e+03  5.91671e-03
 5.09809e+03  5.41670e-03
 5.09836e+03  5.40585e-03
 5.09862e+03  5.49490e-03
 5.09888e+03  6.22513e-03
 5.09914e+03  5.58584e-03
 5.09940e+03  5.58237e-03
 5.09966e+03  5.87940e-03
 5.09992e+03  5.52758e-03
 5.10018e+03  5.89540e-03
 5.10045e+03  6.69697e-03
 5.10071e+03  5.87975e-03
 5.10097e+03  6.22674e-03
 5.10123e+03  6.15661e-03
 5.10149e+03  6.08569e-03
 5.10175e+03  6.54452e-03
 5.10201e+03  6.45476e-03
 5.10227e+03  6.94002e-03
 5.10253e+03  7.00946e-03
 5.10280e+03  6.62641e-03
 5.10306e+03  6.82548e-03
 5.10332e+03  6.78968e-03
 5.10358e+03  6.65265e-03
 5.10384e+03  6.92362e-03
 5.10410e+03  7.26234e-03
 5.10436e+03  7.08600e-03
 5.10462e+03  7.81019e-03
 5.10489e+03  7.29255e-03
 5.10515e+03  7.33010e-03
 5.10541e+03  7.19330e-03
 5.10567e+03  7.90062e-03
 5.10593e+03  7.60834e-03
 5.10619e+03  7.97697e-03
 5.10645e+03  7.68639e-03
 5.10671e+03  8.10950e-03
 5.10698e+03  8.12999e-03
 5.10724e+03  8.00544e-03
 5.10750e+03  8.45539e-03
 5.10776e+03  8.48153e-03
 5.10802e+03  8.76480e-03
 5.10828e+03  8.81208e-03
 5.10854e+03  8.54941e-03
 5.10880e+03  8.66739e-03
 5.10906e+03  8.89165e-03
 5.10933e+03  9.14774e-03
 5.10959e+03  9.24336e-03
 5.10985e+03  9.29727e-03
 5.11011e+03  9.53046e-03
 5.11037e+03  9.61823e-03
 5.11063e+03  9.85760e-03
 5.11089e+03  9.98305e-03
 5.11115e+03  1.00063e-02
 5.11142e+03  1.03034e-02
 5.11168e+03  1.01968e-02
 5.11194e+03  1.02206e-02
 5.11220e+03  1.05279e-02
 5.11246e+03  1.04474e-02
 5.11272e+03  1.04907e-02
 5.11298e+03  1.08201e-02
 5.11324e+03  1.10222e-02
 5.11351e+03  1.07588e-02
 5.11377e+03  1.08002e-02
 5.11403e+03  1.12668e-02
 5.11429e+03  1.14390e-02
 5.11455e+03  1.19336e-02
 5.11481e+03  1.17414e-02
 5.11507e+03  1.17160e-02
 5.11533e+03  1.23174e-02
 5.11559e+03  1.20138e-02
 5.11586e+03  1.25780e-02
 5.11612e+03  1.29151e-02
 5.11638e+03  1.29235e-02
 5.11664e+03  1.22917e-02
 5.11690e+03  1.30692e-02
 5.11716e+03  1.33125e-02
 5.11742e+03  1.33208e-02
 5.11768e+03  1.33806e-02
 5.11795e+03  1.39494e-02
 5.11821e+03  1.39073e-02
 5.11847e+03  1.41109e-02
 5.11873e+03  1.42162e-02
 5.11899e+03  1.41604e-02
 5.11925e+03  1.48222e-02
 5.11951e+03  1.48905e-02
 5.11977e+03  1.56534e-02
 5.12004e+03  1.50838e-02
 5.12030e+03  1.60121e-02
 5.12056e+03  1.55072e-02
 5.12082e+03  1.59618e-02
 5.12108e+03  1.52715e-02
 5.12134e+03  1.61233e-02
 5.12160e+03  1.64713e-02
 5.12186e+03  1.65571e-02
 5.12212e+03  1.66564e-02
 5.12239e+03  1.66620e-02
 5.12265e+03  1.73792e-02
 5.12291e+03  1.76632e-02
 5.12317e+03  1.75800e-02
 5.12343e+03  1.74652e-02
 5.12369e+03  1.85227e-02
 5.12395e+03  1.80419e-02
 5.12421e+03  1.88918e-02
 5.12448e+03  1.89675e-02
 5.12474e+03  1.93437e-02
 5.12500e+03  1.88806e-02
 5.12526e+03  1.91913e-02
 5.12552e+03  2.06454e-02
 5.12578e+03  1.98875e-02
 5.12604e+03  2.03886e-02
 5.12630e+03  2.10469e-02
 5.12657e+03  2.15942e-02
 5.12683e+03  2.11408e-02
 5.12709e+03  2.14910e-02
 5.12735e+03  2.14698e-02
 5.12761e+03  2.20501e-02
 5.12787e+03  2.16781e-02
 5.12813e+03  2.28499e-02
 5.12839e+03  2.27229e-02
 5.12865e+03  2.31806e-02
 5.12892e+03  2.30547e-02
 5.12918e+03  2.43304e-02
 5.12944e+03  2.34978e-02
 5.12970e+03  2.46942e-02
 5.12996e+03  2.45614e-02
 5.13022e+03  2.45844e-02
 5.13048e+03  2.54478e-02
 5.13074e+03  2.55558e-02
 5.13101e+03  2.56182e-02
 5.13127e+03  2.57109e-02
 5.13153e+03  2.62579e-02
 5.13179e+03  2.56822e-02
 5.13205e+03  2.58769e-02
 5.13231e+03  2.70579e-02
 5.13257e+03  2.69813e-02
 5.13283e+03  2.71081e-02
 5.13310e+03  2.76076e-02
 5.13336e+03  2.87690e-02
 5.13362e+03  2.88525e-02
 5.13388e+03  2.96320e-02
 5.13414e+03  2.99429e-02
 5.13440e+03  3.02543e-02
 5.13466e+03  3.01848e-02
 5.13492e+03  2.93417e-02
 5.13518e+03  3.08414e-02
 5.13545e+03  3.09697e-02
 5.13571e+03  3.21259e-02
 5.13597e+03  3.19187e-02
 5.13623e+03  3.21276e-02
 5.13649e+03  3.24060e-02
 5.13675e+03  3.34625e-02
 5.13701e+03  3.32646e-02
 5.13727e+03  3.34124e-02
 5.13754e+03  3.38543e-02
 5.13780e+03  3.41284e-02
 5.13806e+03  3.46672e-02
 5.13832e+03  3.50835e-02
 5.13858e+03  3.47256e-02
 5.13884e+03  3.72998e-02
 5.13910e+03  3.64144e-02
 5.13936e+03  3.70541e-02
 5.13962e+03  3.66688e-02
 5.13989e+03  3.70309e-02
 5.14015e+03  3.84185e-02
 5.14041e+03  3.80182e-02
 5.14067e+03  3.82071e-02
 5.14093e+03  3.92268e-02
 5.14119e+03  3.87730e-02
 5.14145e+03  4.01523e-02
 5.14171e+03  3.99203e-02
 5.14198e+03  4.15583e-02
 5.14224e+03  4.16101e-02
 5.14250e+03  4.17180e-02
 5.14276e+03  4.20542e-02
 5.14302e+03  4.17330e-02
 5.14328e+03  4.31024e-02
 5.14354e+03  4.37712e-02
 5.14380e+03  4.33188e-02
 5.14407e+03  4.42998e-02
 5.14433e+03  4.39607e-02
 5.14459e+03  4.50232e-02
 5.14485e+03  4.59136e-02
 5.14511e+03  4.70450e-02
 5.14537e+03  4.69942e-02
 5.14563e+03  4.69905e-02
 5.14589e+03  4.77960e-02
 5.14616e+03  4.86017e-02
 5.14642e+03  4.91599e-02
 5.14668e+03  4.92260e-02
 5.14694e+03  4.97414e-02
 5.14720e+03  4.96477e-02
 5.14746e+03  5.13210e-02
 5.14772e+03  5.13550e-02
 5.14798e+03  5.10661e-02
 5.14824e+03  5.23824e-02
 5.14851e+03  5.29146e-02
 5.14877e+03  5.41441e-02
 5.14903e+03  5.31534e-02
 5.14929e+03  5.42826e-02
 5.14955e+03  5.57574e-02
 5.14981e+03  5.58222e-02
 5.15007e+03  5.57737e-02
 5.15033e+03  5.70418e-02
 5.15060e+03  5.77946e-02
 5.15086e+03  5.65653e-02
 5.15112e+03  5.84764e-02
 5.15138e+03  5.93387e-02
 5.15164e+03  5.96097e-02
 5.15190e+03  6.01656e-02
 5.15216e+03  6.05298e-02
 5.15242e+03  6.04294e-02
 5.15269e+03  6.21403e-02
 5.15295e+03  6.21413e-02
 5.15321e+03  6.26820e-02
 5.15347e+03  6.31611e-02
 5.15373e+03  6.46521e-02
 5.15399e+03  6.52617e-02
 5.15425e+03  6.52120e-02
 5.15451e+03  6.59117e-02
 5.15477e+03  6.69520e-02
 5.15504e+03  6.75408e-02
 5.15530e+03  6.77037e-02
 5.15556e+03  6.73292e-02
 5.15582e+03  6.83207e-02
 5.15608e+03  6.86341e-02
 5.15634e+03  7.02195e-02
 5.15660e+03  6.99714e-02
 5.15686e+03  7.12614e-02
 5.15713e+03  7.13407e-02
 5.15739e+03  7.25127e-02
 5.15765e+03  7.33416e-02
 5.15791e+03  7.35217e-02
 5.15817e+03  7.43250e-02
 5.15843e+03  7.53226e-02
 5.15869e+03  7.62374e-02
 5.15895e+03  7.66037e-02
 5.15922e+03  7.76579e-02
 5.15948e+03  7.74249e-02
 5.15974e+03  7.87656e-02
 5.16000e+03  8.01414e-02
 5.16026e+03  8.00139e-02
 5.16052e+03  8.03836e-02
 5.16078e+03  8.17317e-02
 5.16104e+03  8.21484e-02
 5.16130e+03  8.17116e-02
 5.16157e+03  8.34856e-02
 5.16183e+03  8.33461e-02
 5.16209e+03  8.51381e-02
 5.16235e+03  8.64685e-02
 5.16261e+03  8.59348e-02
 5.16287e+03  8.56668e-02
 5.16313e+03  8.65650e-02
 5.16339e+03  8.81487e-02
 5.16366e+03  8.74020e-02
 5.16392e+03  8.90797e-02
 5.16418e+03  8.94315e-02
 5.16444e+03  9.14069e-02
 5.16470e+03  9.25877e-02
 5.16496e+03  9.25016e-02
 5.16522e+03  9.28676e-02
 5.16548e+03  9.45671e-02
 5.16575e+03  9.43650e-02
 5.16601e+03  9.50104e-02
 5.16627e+03  9.66012e-02
 5.16653e+03  9.68997e-02
 5.16679e+03  9.78523e-02
 5.16705e+03  9.89323e-02
 5.16731e+03  9.87631e-02
 5.16757e+03  9.94515e-02
 5.16783e+03  1.00190e-01
 5.16810e+03  1.00777e-01
 5.16836e+03  1.00090e-01
 5.16862e+03  1.02697e-01
 5.16888e+03  1.02009e-01
 5.16914e+03  1.04699e-01
 5.16940e+03  1.05016e-01
 5.16966e+03  1.06095e-01
 5.16992e+03  1.06127e-01
 5.17019e+03  1.07625e-01
 5.17045e+03  1.08142e-01
 5.17071e+03  1.09016e-01
 5.17097e+03  1.10617e-01
 5.17123e+03  1.08708e-01
 5.17149e+03  1.10834e-01
 5.17175e+03  1.11324e-01
 5.17201e+03  1.12149e-01
 5.17228e+03  1.14836e-01
 5.17254e+03  1.15729e-01
 5.17280e+03  1.15931e-01
 5.17306e+03  1.16911e-01
 5.17332e+03  1.17117e-01
 5.17358e+03  1.19254e-01
 5.17384e+03  1.19572e-01
 5.17410e+03  1.21446e-01
 5.17436e+03  1.21585e-01
 5.17463e+03  1.21495e-01
 5.17489e+03  1.23967e-01
 5.17515e+03  1.22049e-01
 5.17541e+03  1.24518e-01
 5.17567e+03  1.24897e-01
 5.17593e+03  1.25755e-01
 5.17619e+03  1.26674e-01
 5.17645e+03  1.26637e-01
 5.17672e+03  1.27249e-01
 5.17698e+03  1.29298e-01
 5.17724e+03  1.28656e-01
 5.17750e+03  1.30854e-01
 5.17776e+03  1.31569e-01
 5.17802e+03  1.31569e-01
 5.17828e+03  1.34671e-01
 5.17854e+03  1.33444e-01
 5.17881e+03  1.33971e-01
 5.17907e+03  1.36083e-01
 5.17933e+03  1.36722e-01
 5.17959e+03  1.36806e-01
 5.17985e+03  1.38618e-01
 5.18011e+03  1.40144e-01
 5.18037e+03  1.38665e-01
 5.18063e+03  1.41436e-01
 5.18090e+03  1.42056e-01
 5.18116e+03  1.42258e-01
 5.18142e+03  1.43587e-01
 5.18168e+03  1.45616e-01
 5.18194e+03  1.43923e-01
 5.18220e+03  1.47072e-01
 5.18246e+03  1.47171e-01
 5.18272e+03  1.48985e-01
 5.18298e+03  1.50286e-01
 5.18325e+03  1.49395e-01
 5.18351e+03  1.51596e-01
 5.18377e+03  1.50343e-01
 5.18403e+03  1.53631e-01
 5.18429e+03  1.54895e-01
 5.18455e+03  1.55342e-01
 5.18481e+03  1.55672e-01
 5.18507e+03  1.56840e-01
 5.18533e+03  1.54955e-01
 5.18560e+03  1.57726e-01
 5.18586e+03  1.58352e-01
 5.18612e+03  1.59081e-01
 5.18638e+03  1.60712e-01
 5.18664e+03  1.63058e-01
 5.18690e+03  1.64216e-01
 5.18716e+03  1.62456e-01
 5.18742e+03  1.65135e-01
 5.18769e+03  1.64943e-01
 5.18795e+03  1.66291e-01
 5.18821e+03  1.69218e-01
 5.18847e+03  1.68852e-01
 5.18873e+03  1.68421e-01
 5.18899e+03  1.70408e-01
 5.18925e+03  1.71644e-01
 5.18951e+03  1.72959e-01
 5.18978e+03  1.73925e-01
 5.19004e+03  1.73759e-01
 5.19030e+03  1.76441e-01
 5.19056e+03  1.76713e-01
 5.19082e+03  1.77324e-01
 5.19108e+03  1.79511e-01
 5.19134e+03  1.79164e-01
 5.19160e+03  1.82253e-01
 5.19187e+03  1.79210e-01
 5.19213e+03  1.82250e-01
 5.19239e+03  1.82722e-01
 5.19265e+03  1.83642e-01
 5.19291e+03  1.83527e-01
 5.19317e+03  1.87141e-01
 5.19343e+03  1.86404e-01
 5.19369e+03  1.88772e-01
 5.19395e+03  1.89262e-01
 5.19422e+03  1.90177e-01
 5.19448e+03  1.90863e-01
 5.19474e+03  1.92964e-01
 5.19500e+03  1.92810e-01
 5.19526e+03  1.94718e-01
 5.19552e+03  1.95548e-01
 5.19578e+03  1.96430e-01
 5.19604e+03  1.96914e-01
 5.19631e+03  1.96781e-01
 5.19657e+03  1.98784e-01
 5.19683e+03  1.99224e-01
 5.19709e+03  2.00866e-01
 5.19735e+03  2.01006e-01
 5.19761e+03  2.01113e-01
 5.19787e+03  2.02074e-01
 5.19813e+03  2.05094e-01
 5.19840e+03  2.05211e-01
 5.19866e+03  2.06676e-01
 5.19892e+03  2.08992e-01
 5.19918e+03  2.07383e-01
 5.19944e+03  2.10131e-01
 5.19970e+03  2.12929e-01
 5.19996e+03  2.10952e-01
 5.20022e+03  2.13141e-01
 5.20048e+03  2.12436e-01
 5.20075e+03  2.14284e-01
 5.20101e+03  2.15160e-01
 5.20127e+03  2.18464e-01
 5.20153e+03  2.16459e-01
 5.20179e+03  2.18364e-01
 5.20205e+03  2.19766e-01
 5.20231e+03  2.22059e-01
 5.20257e+03  2.21542e-01
 5.20284e+03  2.24220e-01
 5.20310e+03  2.21879e-01
 5.20336e+03  2.23960e-01
 5.20362e+03  2.27962e-01
 5.20388e+03  2.24014e-01
 5.20414e+03  2.29123e-01
 5.20440e+03  2.30215e-01
 5.20466e+03  2.29125e-01
 5.20493e+03  2.31989e-01
 5.20519e+03  2.30334e-01
 5.20545e+03  2.34871e-01
 5.20571e+03  2.33344e-01
 5.20597e+03  2.33674e-01
 5.20623e+03  2.36883e-01
 5.20649e+03  2.37440e-01
 5.20675e+03  2.40106e-01
 5.20701e+03  2.38614e-01
 5.20728e+03  2.39715e-01
 5.20754e+03  2.38714e-01
 5.20780e+03  2.41639e-01
 5.20806e+03  2.44021e-01
 5.20832e+03  2.44068e-01
 5.20858e+03  2.45927e-01
 5.20884e+03  2.44914e-01
 5.20910e+03  2.49061e-01
 5.20937e+03  2.48304e-01
 5.20963e+03  2.48594e-01
 5.20989e+03  2.51175e-01
 5.21015e+03  2.52656e-01
 5.21041e+03  2.51887e-01
 5.21067e+03  2.52222e-01
 5.21093e+03  2.53127e-01
 5.21119e+03  2.55294e-01
 5.21146e+03  2.55267e-01
 5.21172e+03  2.56735e-01
 5.21198e+03  2.60325e-01
 5.21224e+03  2.62331e-01
 5.21250e+03  2.61388e-01
 5.21276e+03  2.61017e-01
 5.21302e+03  2.62105e-01
 5.21328e+03  2.63230e-01
 5.21354e+03  2.63582e-01
 5.21381e+03  2.66121e-01
 5.21407e+03  2.68001e-01
 5.21433e+03  2.68918e-01
 5.21459e+03  2.69434e-01
 5.21485e+03  2.70559e-01
 5.21511e+03  2.71549e-01
 5.21537e+03  2.73238e-01
 5.21563e+03  2.73730e-01
 5.21590e+03  2.73673e-01
 5.21616e+03  2.74027e-01
 5.21642e+03  2.75923e-01
 5.21668e+03  2.75357e-01
 5.21694e+03  2.79089e-01
 5.21720e+03  2.79331e-01
 5.21746e+03  2.78514e-01
 5.21772e+03  2.83388e-01
 5.21799e+03  2.83452e-01
 5.21825e+03  2.82939e-01
 5.21851e+03  2.83452e-01
 5.21877e+03  2.85251e-01
 5.21903e+03  2.85599e-01
 5.21929e+03  2.88420e-01
 5.21955e+03  2.89830e-01
 5.21981e+03  2.90111e-01
 5.22007e+03  2.90672e-01
 5.22034e+03  2.91328e-01
 5.22060e+03  2.92652e-01
 5.22086e+03  2.93629e-01
 5.22112e+03  2.94891e-01
 5.22138e+03  2.95197e-01
 5.22164e+03  2.95963e-01
 5.22190e+03  2.96799e-01
 5.22216e+03  2.98378e-01
 5.22243e+03  2.99961e-01
 5.22269e+03  2.99980e-01
 5.22295e+03  2.99127e-01
 5.22321e+03  2.99238e-01
 5.22347e+03  3.04540e-01
 5.22373e+03  3.03352e-01
 5.22399e+03  3.06877e-01
 5.22425e+03  3.08599e-01
 5.22452e+03  3.07503e-01
 5.22478e+03  3.10367e-01
 5.22504e+03  3.12802e-01
 5.22530e+03  3.11313e-01
 5.22556e+03  3.10145e-01
 5.22582e+03  3.12683e-01
 5.22608e+03  3.12949e-01
 5.22634e+03  3.18591e-01
 5.22660e+03  3.15374e-01
 5.22687e+03  3.16739e-01
 5.22713e+03  3.18356e-01
 5.22739e+03  3.21471e-01
 5.22765e+03  3.19697e-01
 5.22791e+03  3.21847e-01
 5.22817e+03  3.23458e-01
 5.22843e+03  3.25640e-01
 5.22869e+03  3.25223e-01
 5.22896e+03  3.24668e-01
 5.22922e+03  3.27157e-01
 5.22948e+03  3.27795e-01
 5.22974e+03  3.29820e-01
 5.23000e+03  3.31971e-01
 5.23026e+03  3.33748e-01
 5.23052e+03  3.32241e-01
 5.23078e+03  3.35461e-01
 5.23105e+03  3.32763e-01
 5.23131e+03  3.34181e-01
 5.23157e+03  3.34115e-01
 5.23183e+03  3.36563e-01
 5.23209e+03  3.39247e-01
 5.23235e+03  3.39415e-01
 5.23261e+03  3.39029e-01
 5.23287e+03  3.41112e-01
 5.23313e+03  3.40785e-01
 5.23340e+03  3.42370e-01
 5.23366e+03  3.41838e-01
 5.23392e+03  3.46130e-01
 5.23418e+03  3.42573e-01
 5.23444e+03  3.48152e-01
 5.23470e+03  3.49234e-01
 5.23496e+03  3.49381e-01
 5.23522e+03  3.50370e-01
 5.23549e+03  3.53011e-01
 5.23575e+03  3.53357e-01
 5.23601e+03  3.55763e-01
 5.23627e+03  3.53643e-01
 5.23653e+03  3.54821e-01
 5.23679e+03  3.56088e-01
 5.23705e+03  3.58107e-01
 5.23731e+03  3.55972e-01
 5.23758e+03  3.58811e-01
 5.23784e+03  3.59317e-01
 5.23810e+03  3.59574e-01
 5.23836e+03  3.61452e-01
 5.23862e+03  3.65194e-01
 5.23888e+03  3.62890e-01
 5.23914e+03  3.66588e-01
 5.23940e+03  3.63488e-01
 5.23967e+03  3.68216e-01
 5.23993e+03  3.68330e-01
 5.24019e+03  3.70085e-01
 5.24045e+03  3.70649e-01
 5.24071e+03  3.69827e-01
 5.24097e+03  3.71445e-01
 5.24123e+03  3.71484e-01
 5.24149e+03  3.74048e-01
 5.24175e+03  3.77371e-01
 5.24202e+03  3.78318e-01
 5.24228e+03  3.79096e-01
 5.24254e+03  3.81765e-01
 5.24280e+03  3.78428e-01
 5.24306e+03  3.79387e-01
 5.24332e+03  3.81804e-01
 5.24358e+03  3.82024e-01
 5.24384e+03  3.84476e-01
 5.24410e+03  3.86369e-01
 5.24437e+03  3.85475e-01
 5.24463e+03  3.85452e-01
 5.24489e+03  3.88445e-01
 5.24515e+03  3.91015e-01
 5.24541e+03  3.88561e-01
 5.24567e+03  3.90909e-01
 5.24593e+03  3.93172e-01
 5.24619e+03  3.92291e-01
 5.24646e+03  3.92170e-01
 5.24672e+03  3.94303e-01
 5.24698e+03  3.95184e-01
 5.24724e+03  3.97758e-01
 5.24750e+03  3.98528e-01
 5.24776e+03  3.99208e-01
 5.24802e+03  3.99131e-01
 5.24828e+03  4.01824e-01
 5.24855e+03  4.00445e-01
 5.24881e+03  4.05830e-01
 5.24907e+03  4.03023e-01
 5.24933e+03  4.04610e-01
 5.24959e+03  4.06594e-01
 5.24985e+03  4.07368e-01
 5.25011e+03  4.06426e-01
 5.25037e+03  4.05834e-01
 5.25064e+03  4.08347e-01
 5.25090e+03  4.08767e-01
 5.25116e+03  4.11058e-01
 5.25142e+03  4.14688e-01
 5.25168e+03  4.15421e-01
 5.25194e+03  4.14149e-01
 5.25220e+03  4.13767e-01
 5.25246e+03  4.17142e-01
 5.25272e+03  4.16242e-01
 5.25299e+03  4.18717e-01
 5.25325e+03  4.19222e-01
 5.25351e+03  4.17651e-01
 5.25377e+03  4.19959e-01
 5.25403e+03  4.22819e-01
 5.25429e+03  4.23078e-01
 5.25455e+03  4.26049e-01
 5.25481e+03  4.24054e-01
 5.25508e+03  4.22498e-01
 5.25534e+03  4.24921e-01
 5.25560e+03  4.28764e-01
 5.25586e+03  4.28656e-01
 5.25612e+03  4.31856e-01
 5.25638e+03  4.30405e-01
 5.25664e+03  4.29920e-01
 5.25690e+03  4.31042e-01
 5.25717e+03  4.33069e-01
 5.25743e+03  4.34012e-01
 5.25769e+03  4.33809e-01
 5.25795e+03  4.34667e-01
 5.25821e+03  4.38302e-01
 5.25847e+03  4.38797e-01
 5.25873e+03  4.42681e-01
 5.25899e+03  4.38959e-01
 5.25925e+03  4.39130e-01
 5.25952e+03  4.42281e-01
 5.25978e+03  4.40729e-01
 5.26004e+03  4.43188e-01
 5.26030e+03  4.45571e-01
 5.26056e+03  4.45325e-01
 5.26082e+03  4.48917e-01
 5.26108e+03  4.46388e-01
 5.26134e+03  4.49613e-01
 5.26161e+03  4.48914e-01
 5.26187e+03  4.53112e-01
 5.26213e+03  4.50311e-01
 5.26239e+03  4.49973e-01
 5.26265e+03  4.53176e-01
 5.26291e+03  4.55280e-01
 5.26317e+03  4.55875e-01
 5.26343e+03  4.58234e-01
 5.26370e+03  4.55809e-01
 5.26396e+03  4.57430e-01
 5.26422e+03  4.60783e-01
 5.26448e+03  4.61607e-01
 5.26474e+03  4.60604e-01
 5.26500e+03  4.62366e-01
 5.26526e+03  4.60329e-01
 5.26552e+03  4.62748e-01
 5.26578e+03  4.65155e-01
 5.26605e+03  4.60257e-01
 5.26631e+03  4.63954e-01
 5.26657e+03  4.66804e-01
 5.26683e+03  4.69291e-01
 5.26709e+03  4.67499e-01
 5.26735e+03  4.69058e-01
 5.26761e+03  4.70851e-01
 5.26787e+03  4.70599e-01
 5.26814e+03  4.71463e-01
 5.26840e+03  4.73683e-01
 5.26866e+03  4.75878e-01
 5.26892e+03  4.74229e-01
 5.26918e+03  4.74766e-01
 5.26944e+03  4.75873e-01
 5.26970e+03  4.76577e-01
 5.26996e+03  4.78936e-01
 5.27023e+03  4.77967e-01
 5.27049e+03  4.79144e-01
 5.27075e+03  4.82541e-01
 5.27101e+03  4.80630e-01
 5.27127e+03  4.82463e-01
 5.27153e+03  4.83257e-01
 5.27179e+03  4.83328e-01
 5.27205e+03  4.86183e-01
 5.27231e+03  4.87608e-01
 5.27258e+03  4.84996e-01
 5.27284e+03  4.86748e-01
 5.27310e+03  4.89489e-01
 5.27336e+03  4.90741e-01
 5.27362e+03  4.89006e-01
 5.27388e+03  4.90228e-01
 5.27414e+03  4.93976e-01
 5.27440e+03  4.95089e-01
 5.27467e+03  4.96506e-01
 5.27493e+03  4.94949e-01
 5.27519e+03  4.96281e-01
 5.27545e+03  4.98866e-01
 5.27571e+03  5.00022e-01
 5.27597e+03  4.98575e-01
 5.27623e+03  4.96878e-01
 5.27649e+03  4.99360e-01
 5.27676e+03  4.99862e-01
 5.27702e+03  5.02939e-01
 5.27728e+03  5.03941e-01
 5.27754e+03  5.02327e-01
 5.27780e+03  5.03614e-01
 5.27806e+03  5.08132e-01
 5.27832e+03  5.04037e-01
 5.27858e+03  5.06634e-01
 5.27884e+03  5.06517e-01
 5.27911e+03  5.11313e-01
 5.27937e+03  5.08416e-01
 5.27963e+03  5.08709e-01
 5.27989e+03  5.11237e-01
 5.28015e+03  5.12860e-01
 5.28041e+03  5.10002e-01
 5.28067e+03  5.14321e-01
 5.28093e+03  5.14136e-01
 5.28120e+03  5.16946e-01
 5.28146e+03  5.17325e-01
 5.28172e+03  5.18669e-01
 5.28198e+03  5.19090e-01
 5.28224e+03  5.19799e-01
 5.28250e+03  5.20328e-01
 5.28276e+03  5.22781e-01
 5.28302e+03  5.19160e-01
 5.28329e+03  5.21889e-01
 5.28355e+03  5.21286e-01
 5.28381e+03  5.20980e-01
 5.28407e+03  5.27015e-01
 5.28433e+03  5.22826e-01
 5.28459e+03  5.23223e-01
 5.28485e+03  5.24348e-01
 5.28511e+03  5.28613e-01
 5.28538e+03  5.27856e-01
 5.28564e+03  5.32038e-01
 5.28590e+03  5.31754e-01
 5.28616e+03  5.30135e-01
 5.28642e+03  5.32741e-01
 5.28668e+03  5.31093e-01
 5.28694e+03  5.31719e-01
 5.28720e+03  5.34500e-01
 5.28746e+03  5.34983e-01
 5.28773e+03  5.37579e-01
 5.28799e+03  5.38006e-01
 5.28825e+03  5.38291e-01
 5.28851e+03  5.40774e-01
 5.28877e+03  5.40971e-01
 5.28903e+03  5.39092e-01
 5.28929e+03  5.38307e-01
 5.28955e+03  5.42245e-01
 5.28982e+03  5.42219e-01
 5.29008e+03  5.41938e-01
 5.29034e+03  5.41277e-01
 5.29060e+03  5.44836e-01
 5.29086e+03  5.45824e-01
 5.29112e+03  5.47106e-01
 5.29138e+03  5.45892e-01
 5.29164e+03  5.46704e-01
 5.29190e+03  5.47622e-01
 5.29217e+03  5.46509e-01
 5.29243e+03  5.47390e-01
 5.29269e+03  5.47641e-01
 5.29295e+03  5.48077e-01
 5.29321e+03  5.52068e-01
 5.29347e+03  5.56965e-01
 5.29373e+03  5.52575e-01
 5.29399e+03  5.56532e-01
 5.29426e+03  5.55403e-01
 5.29452e+03  5.53892e-01
 5.29478e+03  5.57747e-01
 5.29504e+03  5.56176e-01
 5.29530e+03  5.58173e-01
 5.29556e+03  5.60551e-01
 5.29582e+03  5.62704e-01
 5.29608e+03  5.56951e-01
 5.29635e+03  5.61990e-01
 5.29661e+03  5.60136e-01
 5.29687e+03  5.57552e-01
 5.29713e+03  5.64350e-01
 5.29739e+03  5.62970e-01
 5.29765e+03  5.62310e-01
 5.29791e+03  5.64702e-01
 5.29817e+03  5.65519e-01
 5.29843e+03  5.66050e-01
 5.29870e+03  5.66413e-01
 5.29896e+03  5.67922e-01
 5.29922e+03  5.69796e-01
 5.29948e+03  5.67245e-01
 5.29974e+03  5.71811e-01
 5.30000e+03  5.70038e-01
 5.30026e+03  5.74717e-01
 5.30052e+03  5.71123e-01
 5.30079e+03  5.74455e-01
 5.30105e+03  5.75007e-01
 5.30131e+03  5.73317e-01
 5.30157e+03  5.77945e-01
 5.30183e+03  5.78091e-01
 5.30209e+03  5.76692e-01
 5.30235e+03  5.76819e-01
 5.30261e+03  5.83382e-01
 5.30288e+03  5.81037e-01
 5.30314e+03  5.80445e-01
 5.30340e+03  5.80763e-01
 5.30366e+03  5.76152e-01
 5.30392e+03  5.81269e-01
 5.30418e+03  5.80997e-01
 5.30444e+03  5.82387e-01
 5.30470e+03  5.84002e-01
 5.30496e+03  5.83012e-01
 5.30523e+03  5.80908e-01
 5.30549e+03  5.87940e-01
 5.30575e+03  5.85495e-01
 5.30601e+03  5.84783e-01
 5.30627e+03  5.85288e-01
 5.30653e+03  5.87760e-01
 5.30679e+03  5.88226e-01
 5.30705e+03  5.90438e-01
 5.30732e+03  5.86067e-01
 5.30758e+03  5.88684e-01
 5.30784e+03  5.93031e-01
 5.30810e+03  5.92695e-01
 5.30836e+03  5.91987e-01
 5.30862e+03  5.95870e-01
 5.30888e+03  5.92548e-01
 5.30914e+03  5.93807e-01
 5.30941e+03  5.93951e-01
 5.30967e+03  5.97147e-01
 5.30993e+03  6.00572e-01
 5.31019e+03  5.94781e-01
 5.31045e+03  6.02226e-01
 5.31071e+03  5.96034e-01
 5.31097e+03  5.95686e-01
 5.31123e+03  5.98549e-01
 5.31149e+03  6.03400e-01
 5.31176e+03  6.01847e-01
 5.31202e+03  6.02435e-01
 5.31228e+03  6.03993e-01
 5.31254e+03  6.04491e-01
 5.31280e+03  6.01778e-01
 5.31306e+03  6.04562e-01
 5.31332e+03  6.04908e-01
 5.31358e+03  6.06607e-01
 5.31385e+03  6.01643e-01
 5.31411e+03  6.11263e-01
 5.31437e+03  6.08480e-01
 5.31463e+03  6.09273e-01
 5.31489e+03  6.14967e-01
 5.31515e+03  6.11388e-01
 5.31541e+03  6.10631e-01
 5.31567e+03  6.11445e-01
 5.31594e+03  6.16100e-01
 5.31620e+03  6.14470e-01
 5.31646e+03  6.09485e-01
 5.31672e+03  6.11810e-01
 5.31698e+03  6.14928e-01
 5.31724e+03  6.12963e-01
 5.31750e+03  6.17373e-01
 5.31776e+03  6.13299e-01
 5.31802e+03  6.11229e-01
 5.31829e+03  6.16428e-01
 5.31855e+03  6.19144e-01
 5.31881e+03  6.19010e-01
 5.31907e+03  6.17601e-01
 5.31933e+03  6.22270e-01
 5.31959e+03  6.18527e-01
 5.31985e+03  6.23704e-01
 5.32011e+03  6.23057e-01
 5.32038e+03  6.20390e-01
 5.32064e+03  6.22218e-01
 5.32090e+03  6.20347e-01
 5.32116e+03  6.25360e-01
 5.32142e+03  6.26839e-01
 5.32168e+03  6.26613e-01
 5.32194e+03  6.25936e-01
 5.32220e+03  6.25283e-01
 5.32247e+03  6.25722e-01
 5.32273e+03  6.30558e-01
 5.32299e+03  6.29380e-01
 5.32325e+03  6.29644e-01
 5.32351e+03  6.32372e-01
 5.32377e+03  6.29197e-01
 5.32403e+03  6.33913e-01
 5.32429e+03  6.29930e-01
 5.32455e+03  6.30394e-01
 5.32482e+03  6.30319e-01
 5.32508e+03  6.32221e-01
 5.32534e+03  6.31456e-01
 5.32560e+03  6.36570e-01
 5.32586e+03  6.34636e-01
 5.32612e+03  6.35180e-01
 5.32638e+03  6.34322e-01
 5.32664e+03  6.38376e-01
 5.32691e+03  6.36105e-01
 5.32717e+03  6.34689e-01
 5.32743e+03  6.42861e-01
 5.32769e+03  6.38617e-01
 5.32795e+03  6.34096e-01
 5.32821e+03  6.36592e-01
 5.32847e+03  6.35270e-01
 5.32873e+03  6.39183e-01
 5.32900e+03  6.40487e-01
 5.32926e+03  6.40733e-01
 5.32952e+03  6.39603e-01
 5.32978e+03  6.41436e-01
 5.33004e+03  6.44920e-01
 5.33030e+03  6.42413e-01
 5.33056e+03  6.45691e-01
 5.33082e+03  6.40853e-01
 5.33108e+03  6.42681e-01
 5.33135e+03  6.44154e-01
 5.33161e+03  6.45886e-01
 5.33187e+03  6.47737e-01
 5.33213e+03  6.46689e-01
 5.33239e+03  6.46091e-01
 5.33265e+03  6.46347e-01
 5.33291e+03  6.50628e-01
 5.33317e+03  6.51262e-01
 5.33344e+03  6.47664e-01
 5.33370e+03  6.48429e-01
 5.33396e+03  6.47306e-01
 5.33422e+03  6.49443e-01
 5.33448e+03  6.50491e-01
 5.33474e+03  6.54314e-01
 5.33500e+03  6.54916e-01
 5.33526e+03  6.49128e-01
 5.33553e+03  6.53064e-01
 5.33579e+03  6.56212e-01
 5.33605e+03  6.55150e-01
 5.33631e+03  6.55047e-01
 5.33657e+03  6.52803e-01
 5.33683e+03  6.55691e-01
 5.33709e+03  6.55042e-01
 5.33735e+03  6.60211e-01
 5.33761e+03  6.56261e-01
 5.33788e+03  6.56877e-01
 5.33814e+03  6.58016e-01
 5.33840e+03  6.54782e-01
 5.33866e+03  6.60647e-01
 5.33892e+03  6.59548e-01
 5.33918e+03  6.61029e-01
 5.33944e+03  6.58204e-01
 5.33970e+03  6.62624e-01
 5.33997e+03  6.56417e-01
 5.34023e+03  6.59821e-01
 5.34049e+03  6.62422e-01
 5.34075e+03  6.58733e-01
 5.34101e+03  6.62656e-01
 5.34127e+03  6.62862e-01
 5.34153e+03  6.66956e-01
 5.34179e+03  6.64986e-01
 5.34206e+03  6.64648e-01
 5.34232e+03  6.65056e-01
 5.34258e+03  6.62343e-01
 5.34284e+03  6.65662e-01
 5.34310e+03  6.64891e-01
 5.34336e+03  6.62260e-01
 5.34362e+03  6.65598e-01
 5.34388e+03  6.67934e-01
 5.34415e+03  6.64054e-01
 5.34441e+03  6.68094e-01
 5.34467e+03  6.68008e-01
 5.34493e+03  6.67793e-01
 5.34519e+03  6.66587e-01
 5.34545e+03  6.69332e-01
 5.34571e+03  6.74159e-01
 5.34597e+03  6.73960e-01
 5.34623e+03  6.74266e-01
 5.34650e+03  6.69469e-01
 5.34676e+03  6.70211e-01
 5.34702e+03  6.72116e-01
 5.34728e+03  6.68730e-01
 5.34754e+03  6.73510e-01
 5.34780e+03  6.75414e-01
 5.34806e+03  6.73741e-01
 5.34832e+03  6.72133e-01
 5.34858e+03  6.72673e-01
 5.34885e+03  6.77843e-01
 5.34911e+03  6.74095e-01
 5.34937e+03  6.77035e-01
 5.34963e+03  6.75778e-01
 5.34989e+03  6.73649e-01
 5.35015e+03  6.80006e-01
 5.35041e+03  6.77205e-01
 5.35067e+03  6.79535e-01
 5.35094e+03  6.79089e-01
 5.35120e+03  6.80372e-01
 5.35146e+03  6.77850e-01
 5.35172e+03  6.80188e-01
 5.35198e+03  6.78575e-01
 5.35224e+03  6.78317e-01
 5.35250e+03  6.80284e-01
 5.35276e+03  6.81099e-01
 5.35303e+03  6.82685e-01
 5.35329e+03  6.84006e-01
 5.35355e+03  6.80165e-01
 5.35381e+03  6.80320e-01
 5.35407e+03  6.77003e-01
 5.35433e+03  6.83547e-01
 5.35459e+03  6.84044e-01
 5.35485e+03  6.89412e-01
 5.35512e+03  6.83864e-01
 5.35538e+03  6.85447e-01
 5.35564e+03  6.86026e-01
 5.35590e+03  6.86823e-01
 5.35616e+03  6.83759e-01
 5.35642e+03  6.88003e-01
 5.35668e+03  6.89665e-01
 5.35694e+03  6.87031e-01
 5.35720e+03  6.82617e-01
 5.35747e+03  6.86425e-01
 5.35773e+03  6.87812e-01
 5.35799e+03  6.87334e-01
 5.35825e+03  6.85753e-01
 5.35851e+03  6.86745e-01
 5.35877e+03  6.88800e-01
 5.35903e+03  6.83951e-01
 5.35929e+03  6.88962e-01
 5.35956e+03  6.88512e-01
 5.35982e+03  6.88823e-01
 5.36008e+03  6.87729e-01
 5.36034e+03  6.87990e-01
 5.36060e+03  6.90471e-01
 5.36086e+03  6.86023e-01
 5.36112e+03  6.91350e-01
 5.36138e+03  6.89743e-01
 5.36165e+03  6.90527e-01
 5.36191e+03  6.93985e-01
 5.36217e+03  6.97099e-01
 5.36243e+03  6.93251e-01
 5.36269e+03  6.93252e-01
 5.36295e+03  6.95207e-01
 5.36321e+03  6.93029e-01
 5.36347e+03  6.93238e-01
 5.36373e+03  6.96270e-01
 5.36400e+03  6.96731e-01
 5.36426e+03  6.92133e-01
 5.36452e+03  6.97266e-01
 5.36478e+03  6.95842e-01
 5.36504e+03  6.94602e-01
 5.36530e+03  6.94278e-01
 5.36556e+03  6.94850e-01
 5.36582e+03  6.93519e-01
 5.36609e+03  7.00435e-01
 5.36635e+03  6.98250e-01
 5.36661e+03  6.96865e-01
 5.36687e+03  6.98073e-01
 5.36713e+03  6.98945e-01
 5.36739e+03  6.97285e-01
 5.36765e+03  6.97032e-01
 5.36791e+03  7.03146e-01
 5.36818e+03  6.99773e-01
 5.36844e+03  6.99175e-01
 5.36870e+03  6.96453e-01
 5.36896e+03  7.01486e-01
 5.36922e+03  6.97491e-01
 5.36948e+03  7.02383e-01
 5.36974e+03  6.99744e-01
 5.37000e+03  7.00380e-01
 5.37026e+03  6.99728e-01
 5.37053e+03  6.97289e-01
 5.37079e+03  7.00100e-01
 5.37105e+03  7.04530e-01
 5.37131e+03  7.01144e-01
 5.37157e+03  7.03267e-01
 5.37183e+03  7.02414e-01
 5.37209e+03  7.03416e-01
 5.37235e+03  7.02332e-01
 5.37262e+03  7.01959e-01
 5.37288e+03  7.04363e-01
 5.37314e+03  7.02868e-01
 5.37340e+03  7.06465e-01
 5.37366e+03  7.02670e-01
 5.37392e+03  7.04281e-01
 5.37418e+03  7.06462e-01
 5.37444e+03  7.00957e-01
 5.37471e+03  7.02606e-01
 5.37497e+03  7.08647e-01
 5.37523e+03  7.06279e-01
 5.37549e+03  7.06439e-01
 5.37575e+03  7.06466e-01
 5.37601e+03  7.04897e-01
 5.37627e+03  7.07864e-01
 5.37653e+03  7.11416e-01
 5.37679e+03  7.07588e-01
 5.37706e+03  7.09444e-01
 5.37732e+03  7.03276e-01
 5.37758e+03  7.10746e-01
 5.37784e+03  7.07593e-01
 5.37810e+03  7.07019e-01
 5.37836e+03  7.08592e-01
 5.37862e+03  7.06849e-01
 5.37888e+03  7.07544e-01
 5.37915e+03  7.08710e-01
 5.37941e+03  7.10990e-01
 5.37967e+03  7.05188e-01
 5.37993e+03  7.11989e-01
 5.38019e+03  7.07918e-01
 5.38045e+03  7.10365e-01
 5.38071e+03  7.10281e-01
 5.38097e+03  7.13339e-01
 5.38124e+03  7.10619e-01
 5.38150e+03  7.12874e-01
 5.38176e+03  7.10987e-01
 5.38202e+03  7.09229e-01
 5.38228e+03  7.07681e-01
 5.38254e+03  7.12201e-01
 5.38280e+03  7.12850e-01
 5.38306e+03  7.12020e-01
 5.38332e+03  7.10140e-01
 5.38359e+03  7.14801e-01
 5.38385e+03  7.15203e-01
 5.38411e+03  7.11109e-01
 5.38437e+03  7.10121e-01
 5.38463e+03  7.13352e-01
 5.38489e+03  7.10066e-01
 5.38515e+03  7.11794e-01
 5.38541e+03  7.13934e-01
 5.38568e+03  7.16380e-01
 5.38594e+03  7.11184e-01
 5.38620e+03  7.17556e-01
 5.38646e+03  7.16788e-01
 5.38672e+03  7.12219e-01
 5.38698e+03  7.15838e-01
 5.38724e+03  7.14868e-01
 5.38750e+03  7.12215e-01
 5.38777e+03  7.18240e-01
 5.38803e+03  7.10809e-01
 5.38829e+03  7.17002e-01
 5.38855e+03  7.10294e-01
 5.38881e+03  7.15662e-01
 5.38907e+03  7.12844e-01
 5.38933e+03  7.16404e-01
 5.38959e+03  7.14972e-01
 5.38985e+03  7.16782e-01
 5.39012e+03  7.14224e-01
 5.39038e+03  7.18160e-01
 5.39064e+03  7.17959e-01
 5.39090e+03  7.16206e-01
 5.39116e+03  7.17581e-01
 5.39142e+03  7.21733e-01
 5.39168e+03  7.19796e-01
 5.39194e+03  7.17618e-01
 5.39221e+03  7.21462e-01
 5.39247e+03  7.15679e-01
 5.39273e+03  7.18922e-01
 5.39299e+03  7.17302e-01
 5.39325e+03  7.18080e-01
 5.39351e+03  7.17526e-01
 5.39377e+03  7.18072e-01
 5.39403e+03  7.16282e-01
 5.39430e+03  7.16604e-01
 5.39456e+03  7.19726e-01
 5.39482e+03  7.17160e-01
 5.39508e+03  7.22813e-01
 5.39534e+03  7.21211e-01
 5.39560e+03  7.17618e-01
 5.39586e+03  7.21086e-01
 5.39612e+03  7.17569e-01
 5.39638e+03  7.20952e-01
 5.39665e+03  7.17541e-01
 5.39691e+03  7.19099e-01
 5.39717e+03  7.16461e-01
 5.39743e+03  7.24811e-01
 5.39769e+03  7.22451e-01
 5.39795e+03  7.17592e-01
 5.39821e+03  7.19492e-01
 5.39847e+03  7.20572e-01
 5.39874e+03  7.26633e-01
 5.39900e+03  7.21288e-01
 5.39926e+03  7.23022e-01
 5.39952e+03  7.20921e-01
 5.39978e+03  7.24862e-01
 5.40004e+03  7.18613e-01
 5.40030e+03  7.24259e-01
 5.40056e+03  7.19237e-01
 5.40083e+03  7.28490e-01
 5.40109e+03  7.23148e-01
 5.40135e+03  7.20645e-01
 5.40161e+03  7.23915e-01
 5.40187e+03  7.20442e-01
 5.40213e+03  7.20655e-01
 5.40239e+03  7.22409e-01
 5.40265e+03  7.21748e-01
 5.40292e+03  7.21318e-01
 5.40318e+03  7.24045e-01
 5.40344e+03  7.24943e-01
 5.40370e+03  7.25265e-01
 5.40396e+03  7.23207e-01
 5.40422e+03  7.24558e-01
 5.40448e+03  7.20462e-01
 5.40474e+03  7.24342e-01
 5.40500e+03  7.25885e-01
 5.40527e+03  7.21906e-01
 5.40553e+03  7.23639e-01
 5.40579e+03  7.21708e-01
 5.40605e+03  7.27972e-01
 5.40631e+03  7.22495e-01
 5.40657e+03  7.20766e-01
 5.40683e+03  7.26573e-01
 5.40709e+03  7.25266e-01
 5.40735e+03  7.25720e-01
 5.40762e+03  7.21465e-01
 5.40788e+03  7.26650e-01
 5.40814e+03  7.26181e-01
 5.40840e+03  7.25509e-01
 5.40866e+03  7.26758e-01
 5.40892e+03  7.22249e-01
 5.40918e+03  7.26785e-01
 5.40944e+03  7.25933e-01
 5.40971e+03  7.23260e-01
 5.40997e+03  7.24807e-01
 5.41023e+03  7.25352e-01
 5.41049e+03  7.24688e-01
 5.41075e+03  7.25555e-01
 5.41101e+03  7.29511e-01
 5.41127e+03  7.23687e-01
 5.41153e+03  7.28942e-01
 5.41180e+03  7.21375e-01
 5.41206e+03  7.24687e-01
 5.41232e+03  7.27977e-01
 5.41258e+03  7.28831e-01
 5.41284e+03  7.27236e-01
 5.41310e+03  7.28170e-01
 5.41336e+03  7.26559e-01
 5.41362e+03  7.26342e-01
 5.41389e+03  7.27143e-01
 5.41415e+03  7.22937e-01
 5.41441e+03  7.29770e-01
 5.41467e+03  7.22960e-01
 5.41493e+03  7.26729e-01
 5.41519e+03  7.29571e-01
 5.41545e+03  7.30042e-01
 5.41571e+03  7.28733e-01
 5.41597e+03  7.29298e-01
 5.41624e+03  7.27457e-01
 5.41650e+03  7.27283e-01
 5.41676e+03  7.28172e-01
 5.41702e+03  7.27496e-01
 5.41728e+03  7.30875e-01
 5.41754e+03  7.29737e-01
 5.41780e+03  7.28663e-01
 5.41806e+03  7.26844e-01
 5.41833e+03  7.27213e-01
 5.41859e+03  7.29178e-01
 5.41885e+03  7.25559e-01
 5.41911e+03  7.29509e-01
 5.41937e+03  7.30143e-01
 5.41963e+03  7.32213e-01
 5.41989e+03  7.30063e-01
 5.42015e+03  7.29439e-01
 5.42042e+03  7.30758e-01
 5.42068e+03  7.28717e-01
 5.42094e+03  7.31396e-01
 5.42120e+03  7.32391e-01
 5.42146e+03  7.29923e-01
 5.42172e+03  7.30604e-01
 5.42198e+03  7.27410e-01
 5.42224e+03  7.31172e-01
 5.42250e+03  7.26814e-01
 5.42277e+03  7.31015e-01
 5.42303e+03  7.32076e-01
 5.42329e+03  7.34407e-01
 5.42355e+03  7.27511e-01
 5.42381e+03  7.33782e-01
 5.42407e+03  7.27038e-01
 5.42433e+03  7.31768e-01
 5.42459e+03  7.32655e-01
 5.42486e+03  7.32529e-01
 5.42512e+03  7.30966e-01
 5.42538e+03  7.30967e-01
 5.42564e+03  7.31601e-01
 5.42590e+03  7.33412e-01
 5.42616e+03  7.35624e-01
 5.42642e+03  7.30148e-01
 5.42668e+03  7.32491e-01
 5.42695e+03  7.28771e-01
 5.42721e+03  7.26149e-01
 5.42747e+03  7.30684e-01
 5.42773e+03  7.31900e-01
 5.42799e+03  7.32337e-01
 5.42825e+03  7.33179e-01
 5.42851e+03  7.31085e-01
 5.42877e+03  7.34351e-01
 5.42903e+03  7.32935e-01
 5.42930e+03  7.33146e-01
 5.42956e+03  7.31958e-01
 5.42982e+03  7.30348e-01
 5.43008e+03  7.29493e-01
 5.43034e+03  7.31170e-01
 5.43060e+03  7.29124e-01
 5.43086e+03  7.32651e-01
 5.43112e+03  7.34552e-01
 5.43139e+03  7.30921e-01
 5.43165e+03  7.30719e-01
 5.43191e+03  7.31382e-01
 5.43217e+03  7.30953e-01
 5.43243e+03  7.31595e-01
 5.43269e+03  7.32422e-01
 5.43295e+03  7.33418e-01
 5.43321e+03  7.31101e-01
 5.43348e+03  7.34489e-01
 5.43374e+03  7.31089e-01
 5.43400e+03  7.31109e-01
 5.43426e+03  7.29533e-01
 5.43452e+03  7.33786e-01
 5.43478e+03  7.35448e-01
 5.43504e+03  7.31202e-01
 5.43530e+03  7.31881e-01
 5.43556e+03  7.31626e-01
 5.43583e+03  7.29606e-01
 5.43609e+03  7.32642e-01
 5.43635e+03  7.34023e-01
 5.43661e+03  7.35543e-01
 5.43687e+03  7.33254e-01
 5.43713e+03  7.35903e-01
 5.43739e+03  7.34486e-01
 5.43765e+03  7.33095e-01
 5.43792e+03  7.34477e-01
 5.43818e+03  7.31393e-01
 5.43844e+03  7.36426e-01
 5.43870e+03  7.31579e-01
 5.43896e+03  7.34865e-01
 5.43922e+03  7.35405e-01
 5.43948e+03  7.33057e-01
 5.43974e+03  7.38425e-01
 5.44001e+03  7.32599e-01
 5.44027e+03  7.36258e-01
 5.44053e+03  7.34478e-01
 5.44079e+03  7.30853e-01
 5.44105e+03  7.34378e-01
 5.44131e+03  7.32511e-01
 5.44157e+03  7.33933e-01
 5.44183e+03  7.36185e-01
 5.44209e+03  7.34660e-01
 5.44236e+03  7.33609e-01
 5.44262e+03  7.34645e-01
 5.44288e+03  7.34857e-01
 5.44314e+03  7.35418e-01
 5.44340e+03  7.35729e-01
 5.44366e+03  7.36262e-01
 5.44392e+03  7.33990e-01
 5.44418e+03  7.35789e-01
 5.44445e+03  7.32298e-01
 5.44471e+03  7.34929e-01
 5.44497e+03  7.34213e-01
 5.44523e+03  7.37654e-01
 5.44549e+03  7.34564e-01
 5.44575e+03  7.37741e-01
 5.44601e+03  7.35728e-01
 5.44627e+03  7.33610e-01
 5.44654e+03  7.35752e-01
 5.44680e+03  7.37183e-01
 5.44706e+03  7.36603e-01
 5.44732e+03  7.37976e-01
 5.44758e+03  7.33359e-01
 5.44784e+03  7.37430e-01
 5.44810e+03  7.34510e-01
 5.44836e+03  7.35126e-01
 5.44862e+03  7.36808e-01
 5.44889e+03  7.36891e-01
 5.44915e+03  7.39029e-01
 5.44941e+03  7.34585e-01
 5.44967e+03  7.33305e-01
 5.44993e+03  7.35889e-01
 5.45019e+03  7.35943e-01
 5.45045e+03  7.34195e-01
 5.45071e+03  7.36835e-01
 5.45098e+03  7.34877e-01
 5.45124e+03  7.36115e-01
 5.45150e+03  7.37378e-01
 5.45176e+03  7.37335e-01
 5.45202e+03  7.35152e-01
 5.45228e+03  7.38142e-01
 5.45254e+03  7.36626e-01
 5.45280e+03  7.38455e-01
 5.45307e+03  7.36445e-01
 5.45333e+03  7.39803e-01
 5.45359e+03  7.35846e-01
 5.45385e+03  7.35840e-01
 5.45411e+03  7.39193e-01
 5.45437e+03  7.36454e-01
 5.45463e+03  7.36788e-01
 5.45489e+03  7.38222e-01
 5.45515e+03  7.36606e-01
 5.45542e+03  7.38056e-01
 5.45568e+03  7.35427e-01
 5.45594e+03  7.40241e-01
 5.45620e+03  7.34716e-01
 5.45646e+03  7.38907e-01
 5.45672e+03  7.36535e-01
 5.45698e+03  7.38763e-01
 5.45724e+03  7.38451e-01
 5.45751e+03  7.38745e-01
 5.45777e+03  7.42014e-01
 5.45803e+03  7.37142e-01
 5.45829e+03  7.36062e-01
 5.45855e+03  7.40471e-01
 5.45881e+03  7.42390e-01
 5.45907e+03  7.42567e-01
 5.45933e+03  7.40284e-01
 5.45960e+03  7.39203e-01
 5.45986e+03  7.40908e-01
 5.46012e+03  7.38407e-01
 5.46038e+03  7.39917e-01
 5.46064e+03  7.42845e-01
 5.46090e+03  7.40133e-01
 5.46116e+03  7.41031e-01
 5.46142e+03  7.38737e-01
 5.46168e+03  7.41348e-01
 5.46195e+03  7.40265e-01
 5.46221e+03  7.39685e-01
 5.46247e+03  7.35401e-01
 5.46273e+03  7.42238e-01
 5.46299e+03  7.33650e-01
 5.46325e+03  7.37320e-01
 5.46351e+03  7.41660e-01
 5.46377e+03  7.43089e-01
 5.46404e+03  7.40259e-01
 5.46430e+03  7.38239e-01
 5.46456e+03  7.40105e-01
 5.46482e+03  7.37394e-01
 5.46508e+03  7.41913e-01
 5.46534e+03  7.39522e-01
 5.46560e+03  7.43897e-01
 5.46586e+03  7.41389e-01
 5.46612e+03  7.42125e-01
 5.46639e+03  7.43616e-01
 5.46665e+03  7.43354e-01
 5.46691e+03  7.42114e-01
 5.46717e+03  7.38852e-01
 5.46743e+03  7.44249e-01
 5.46769e+03  7.40034e-01
 5.46795e+03  7.43369e-01
 5.46821e+03  7.44733e-01
 5.46848e+03  7.41600e-01
 5.46874e+03  7.38937e-01
 5.46900e+03  7.45107e-01
 5.46926e+03  7.45143e-01
 5.46952e+03  7.45440e-01
 5.46978e+03  7.45325e-01
 5.47004e+03  7.42962e-01
 5.47030e+03  7.43200e-01
 5.47057e+03  7.43821e-01
 5.47083e+03  7.46488e-01
 5.47109e+03  7.46071e-01
 5.47135e+03  7.42953e-01
 5.47161e+03  7.42753e-01
 5.47187e+03  7.43354e-01
 5.47213e+03  7.44940e-01
 5.47239e+03  7.45212e-01
 5.47266e+03  7.46227e-01
 5.47292e+03  7.47311e-01
 5.47318e+03  7.44253e-01
 5.47344e+03  7.43414e-01
 5.47370e+03  7.43383e-01
 5.47396e+03  7.42920e-01
 5.47422e+03  7.42077e-01
 5.47448e+03  7.42977e-01
 5.47474e+03  7.47405e-01
 5.47501e+03  7.43694e-01
 5.47527e+03  7.44653e-01
 5.47553e+03  7.48168e-01
 5.47579e+03  7.47574e-01
 5.47605e+03  7.45948e-01
 5.47631e+03  7.44212e-01
 5.47657e+03  7.44661e-01
 5.47683e+03  7.47356e-01
 5.47710e+03  7.45639e-01
 5.47736e+03  7.46522e-01
 5.47762e+03  7.47060e-01
 5.47788e+03  7.45514e-01
 5.47814e+03  7.42744e-01
 5.47840e+03  7.42210e-01
 5.47866e+03  7.49392e-01
 5.47892e+03  7.48736e-01
 5.47919e+03  7.45784e-01
 5.47945e+03  7.43500e-01
 5.47971e+03  7.45349e-01
 5.47997e+03  7.44063e-01
 5.48023e+03  7.47322e-01
 5.48049e+03  7.48356e-01
 5.48075e+03  7.49571e-01
 5.48101e+03  7.47127e-01
 5.48127e+03  7.44127e-01
 5.48154e+03  7.48299e-01
 5.48180e+03  7.48445e-01
 5.48206e+03  7.47096e-01
 5.48232e+03  7.49648e-01
 5.48258e+03  7.48394e-01
 5.48284e+03  7.48927e-01
 5.48310e+03  7.48394e-01
 5.48336e+03  7.46761e-01
 5.48363e+03  7.48433e-01
 5.48389e+03  7.46621e-01
 5.48415e+03  7.46625e-01
 5.48441e+03  7.46433e-01
 5.48467e+03  7.47993e-01
 5.48493e+03  7.45845e-01
 5.48519e+03  7.46605e-01
 5.48545e+03  7.45322e-01
 5.48572e+03  7.48057e-01
 5.48598e+03  7.49735e-01
 5.48624e+03  7.49842e-01
 5.48650e+03  7.51786e-01
 5.48676e+03  7.50353e-01
 5.48702e+03  7.44647e-01
 5.48728e+03  7.48962e-01
 5.48754e+03  7.50679e-01
 5.48780e+03  7.47449e-01
 5.48807e+03  7.53446e-01
 5.48833e+03  7.50444e-01
 5.48859e+03  7.51939e-01
 5.48885e+03  7.51807e-01
 5.48911e+03  7.52524e-01
 5.48937e+03  7.49469e-01
 5.48963e+03  7.52482e-01
 5.48989e+03  7.50900e-01
 5.49016e+03  7.56245e-01
 5.49042e+03  7.50475e-01
 5.49068e+03  7.53697e-01
 5.49094e+03  7.52281e-01
 5.49120e+03  7.49885e-01
 5.49146e+03  7.47189e-01
 5.49172e+03  7.47352e-01
 5.49198e+03  7.53210e-01
 5.49225e+03  7.48295e-01
 5.49251e+03  7.49958e-01
 5.49277e+03  7.53442e-01
 5.49303e+03  7.54872e-01
 5.49329e+03  7.51712e-01
 5.49355e+03  7.54314e-01
 5.49381e+03  7.51848e-01
 5.49407e+03  7.50668e-01
 5.49433e+03  7.54792e-01
 5.49460e+03  7.52983e-01
 5.49486e+03  7.56217e-01
 5.49512e+03  7.52003e-01
 5.49538e+03  7.54089e-01
 5.49564e+03  7.53776e-01
 5.49590e+03  7.55757e-01
 5.49616e+03  7.55140e-01
 5.49642e+03  7.54202e-01
 5.49669e+03  7.54658e-01
 5.49695e+03  7.56702e-01
 5.49721e+03  7.57267e-01
 5.49747e+03  7.53411e-01
 5.49773e+03  7.57537e-01
 5.49799e+03  7.55852e-01
 5.49825e+03  7.55289e-01
 5.49851e+03  7.53739e-01
 5.49878e+03  7.56066e-01
 5.49904e+03  7.57083e-01
 5.49930e+03  7.56969e-01
 5.49956e+03  7.58393e-01
 5.49982e+03  7.58226e-01
 5.50008e+03  7.53121e-01
 5.50034e+03  7.57091e-01
 5.50060e+03  7.60138e-01
 5.50086e+03  7.58507e-01
 5.50113e+03  7.54270e-01
 5.50139e+03  7.61036e-01
 5.50165e+03  7.57796e-01
 5.50191e+03  7.58409e-01
 5.50217e+03  7.56514e-01
 5.50243e+03  7.58553e-01
 5.50269e+03  7.58115e-01
 5.50295e+03  7.57088e-01
 5.50322e+03  7.59770e-01
 5.50348e+03  7.60878e-01
 5.50374e+03  7.58900e-01
 5.50400e+03  7.56731e-01
 5.50426e+03  7.56000e-01
 5.50452e+03  7.59742e-01
 5.50478e+03  7.59051e-01
 5.50504e+03  7.61421e-01
 5.50531e+03  7.60246e-01
 5.50557e+03  7.60173e-01
 5.50583e+03  7.58453e-01
 5.50609e+03  7.57001e-01
 5.50635e+03  7.60859e-01
 5.50661e+03  7.59291e-01
 5.50687e+03  7.64564e-01
 5.50713e+03  7.57111e-01
 5.50740e+03  7.60747e-01
 5.50766e+03  7.59512e-01
 5.50792e+03  7.57106e-01
 5.50818e+03  7.59445e-01
 5.50844e+03  7.65710e-01
 5.50870e+03  7.65177e-01
 5.50896e+03  7.64172e-01
 5.50922e+03  7.63912e-01
 5.50948e+03  7.62971e-01
 5.50975e+03  7.61105e-01
 5.51001e+03  7.62350e-01
 5.51027e+03  7.62924e-01
 5.51053e+03  7.57797e-01
 5.51079e+03  7.63341e-01
 5.51105e+03  7.62529e-01
 5.51131e+03  7.62727e-01
 5.51157e+03  7.65244e-01
 5.51183e+03  7.62340e-01
 5.51210e+03  7.63683e-01
 5.51236e+03  7.61921e-01
 5.51262e+03  7.65332e-01
 5.51288e+03  7.61569e-01
 5.51314e+03  7.65134e-01
 5.51340e+03  7.62498e-01
 5.51366e+03  7.64188e-01
 5.51392e+03  7.63684e-01
 5.51419e+03  7.65026e-01
 5.51445e+03  7.64382e-01
 5.51471e+03  7.67834e-01
 5.51497e+03  7.67634e-01
 5.51523e+03  7.65151e-01
 5.51549e+03  7.64934e-01
 5.51575e+03  7.69232e-01
 5.51601e+03  7.61589e-01
 5.51628e+03  7.64954e-01
 5.51654e+03  7.64965e-01
 5.51680e+03  7.64208e-01
 5.51706e+03  7.68133e-01
 5.51732e+03  7.66213e-01
 5.51758e+03  7.68117e-01
 5.51784e+03  7.67640e-01
 5.51810e+03  7.70423e-01
 5.51837e+03  7.67333e-01
 5.51863e+03  7.69274e-01
 5.51889e+03  7.72080e-01
 5.51915e+03  7.64897e-01
 5.51941e+03  7.69362e-01
 5.51967e+03  7.67122e-01
 5.51993e+03  7.68228e-01
 5.52019e+03  7.64464e-01
 5.52045e+03  7.67815e-01
 5.52072e+03  7.69938e-01
 5.52098e+03  7.67399e-01
 5.52124e+03  7.66927e-01
 5.52150e+03  7.67907e-01
 5.52176e+03  7.70540e-01
 5.52202e+03  7.72244e-01
 5.52228e+03  7.69523e-01
 5.52254e+03  7.69355e-01
 5.52281e+03  7.68608e-01
 5.52307e+03  7.71451e-01
 5.52333e+03  7.73170e-01
 5.52359e+03  7.72532e-01
 5.52385e+03  7.69147e-01
 5.52411e+03  7.69465e-01
 5.52437e+03  7.70017e-01
 5.52463e+03  7.70947e-01
 5.52490e+03  7.70940e-01
 5.52516e+03  7.69467e-01
 5.52542e+03  7.73763e-01
 5.52568e+03  7.74122e-01
 5.52594e+03  7.71540e-01
 5.52620e+03  7.71206e-01
 5.52646e+03  7.72346e-01
 5.52672e+03  7.71490e-01
 5.52698e+03  7.72031e-01
 5.52725e+03  7.73057e-01
 5.52751e+03  7.69893e-01
 5.52777e+03  7.71783e-01
 5.52803e+03  7.74992e-01
 5.52829e+03  7.76335e-01
 5.52855e+03  7.76460e-01
 5.52881e+03  7.71428e-01
 5.52907e+03  7.71368e-01
 5.52934e+03  7.73893e-01
 5.52960e+03  7.75204e-01
 5.52986e+03  7.77631e-01
 5.53012e+03  7.77444e-01
 5.53038e+03  7.72570e-01
 5.53064e+03  7.73519e-01
 5.53090e+03  7.73896e-01
 5.53116e+03  7.72122e-01
 5.53143e+03  7.74081e-01
 5.53169e+03  7.82076e-01
 5.53195e+03  7.76245e-01
 5.53221e+03  7.79235e-01
 5.53247e+03  7.72632e-01
 5.53273e+03  7.76853e-01
 5.53299e+03  7.76568e-01
 5.53325e+03  7.76527e-01
 5.53351e+03  7.74423e-01
 5.53378e+03  7.77130e-01
 5.53404e+03  7.75565e-01
 5.53430e+03  7.76613e-01
 5.53456e+03  7.77126e-01
 5.53482e+03  7.77311e-01
 5.53508e+03  7.78460e-01
 5.53534e+03  7.82144e-01
 5.53560e+03  7.73708e-01
 5.53587e+03  7.75857e-01
 5.53613e+03  7.80709e-01
 5.53639e+03  7.80812e-01
 5.53665e+03  7.79733e-01
 5.53691e+03  7.76905e-01
 5.53717e+03  7.77652e-01
 5.53743e+03  7.76403e-01
 5.53769e+03  7.79354e-01
 5.53796e+03  7.79097e-01
 5.53822e+03  7.81687e-01
 5.53848e+03  7.78417e-01
 5.53874e+03  7.78668e-01
 5.53900e+03  7.84718e-01
 5.53926e+03  7.82453e-01
 5.53952e+03  7.80851e-01
 5.53978e+03  7.80693e-01
 5.54004e+03  7.77785e-01
 5.54031e+03  7.79877e-01
 5.54057e+03  7.82708e-01
 5.54083e+03  7.81397e-01
 5.54109e+03  7.81470e-01
 5.54135e+03  7.82047e-01
 5.54161e+03  7.80121e-01
 5.54187e+03  7.82132e-01
 5.54213e+03  7.81086e-01
 5.54240e+03  7.84237e-01
 5.54266e+03  7.84876e-01
 5.54292e+03  7.81129e-01
 5.54318e+03  7.86171e-01
 5.54344e+03  7.84952e-01
 5.54370e+03  7.84979e-01
 5.54396e+03  7.84146e-01
 5.54422e+03  7.82342e-01
 5.54449e+03  7.80620e-01
 5.54475e+03  7.82846e-01
 5.54501e+03  7.84412e-01
 5.54527e+03  7.84221e-01
 5.54553e+03  7.88429e-01
 5.54579e+03  7.82889e-01
 5.54605e+03  7.86257e-01
 5.54631e+03  7.86673e-01
 5.54657e+03  7.85394e-01
 5.54684e+03  7.90604e-01
 5.54710e+03  7.89373e-01
 5.54736e+03  7.86036e-01
 5.54762e+03  7.85208e-01
 5.54788e+03  7.89122e-01
 5.54814e+03  7.85140e-01
 5.54840e+03  7.87568e-01
 5.54866e+03  7.88881e-01
 5.54893e+03  7.87418e-01
 5.54919e+03  7.88257e-01
 5.54945e+03  7.86974e-01
 5.54971e+03  7.88324e-01
 5.54997e+03  7.88787e-01
 5.55023e+03  7.90333e-01
 5.55049e+03  7.89812e-01
 5.55075e+03  7.93248e-01
 5.55102e+03  7.89336e-01
 5.55128e+03  7.91245e-01
 5.55154e+03  7.92320e-01
 5.55180e+03  7.90500e-01
 5.55206e+03  7.91464e-01
 5.55232e+03  7.88965e-01
 5.55258e+03  7.91223e-01
 5.55284e+03  7.91342e-01
 5.55310e+03  7.90245e-01
 5.55337e+03  7.90934e-01
 5.55363e+03  7.87056e-01
 5.55389e+03  7.92993e-01
 5.55415e+03  7.90209e-01
 5.55441e+03  7.88175e-01
 5.55467e+03  7.92206e-01
 5.55493e+03  7.97188e-01
 5.55519e+03  7.95812e-01
 5.55546e+03  7.93003e-01
 5.55572e+03  7.90017e-01
 5.55598e+03  7.93751e-01
 5.55624e+03  7.94538e-01
 5.55650e+03  7.95626e-01
 5.55676e+03  7.96450e-01
 5.55702e+03  7.94900e-01
 5.55728e+03  7.94840e-01
 5.55755e+03  7.94399e-01
 5.55781e+03  7.96378e-01
 5.55807e+03  7.94096e-01
 5.55833e+03  7.92660e-01
 5.55859e+03  7.95618e-01
 5.55885e+03  7.96126e-01
 5.55911e+03  7.95369e-01
 5.55937e+03  7.94446e-01
 5.55963e+03  8.00974e-01
 5.55990e+03  7.96438e-01
 5.56016e+03  7.97145e-01
 5.56042e+03  7.95821e-01
 5.56068e+03  7.95677e-01
 5.56094e+03  7.97139e-01
 5.56120e+03  7.98840e-01
 5.56146e+03  7.97315e-01
 5.56172e+03  7.99176e-01
 5.56199e+03  8.00091e-01
 5.56225e+03  7.99272e-01
 5.56251e+03  7.94314e-01
 5.56277e+03  8.00189e-01
 5.56303e+03  7.98667e-01
 5.56329e+03  7.98777e-01
 5.56355e+03  7.98696e-01
 5.56381e+03  7.97137e-01
 5.56408e+03  7.98105e-01
 5.56434e+03  7.98690e-01
 5.56460e+03  8.04650e-01
 5.56486e+03  7.98561e-01
 5.56512e+03  7.98903e-01
 5.56538e+03  7.99914e-01
 5.56564e+03  8.02909e-01
 5.56590e+03  8.04824e-01
 5.56617e+03  8.02791e-01
 5.56643e+03  8.00834e-01
 5.56669e+03  8.01021e-01
 5.56695e+03  8.01452e-01
 5.56721e+03  8.03945e-01
 5.56747e+03  8.02460e-01
 5.56773e+03  8.06546e-01
 5.56799e+03  8.03588e-01
 5.56825e+03  8.05971e-01
 5.56852e+03  8.05008e-01
 5.56878e+03  8.01913e-01
 5.56904e+03  8.01201e-01
 5.56930e+03  8.05495e-01
 5.56956e+03  8.03869e-01
 5.56982e+03  8.05117e-01
 5.57008e+03  8.03751e-01
 5.57034e+03  8.03735e-01
 5.57060e+03  8.03437e-01
 5.57087e+03  8.05604e-01
 5.57113e+03  8.06014e-01
 5.57139e+03  8.09196e-01
 5.57165e+03  8.04979e-01
 5.57191e+03  8.01186e-01
 5.57217e+03  8.06670e-01
 5.57243e+03  8.07224e-01
 5.57269e+03  8.07355e-01
 5.57296e+03  8.06109e-01
 5.57322e+03  8.06424e-01
 5.57348e+03  8.08849e-01
 5.57374e+03  8.09620e-01
 5.57400e+03  8.09646e-01
 5.57426e+03  8.08176e-01
 5.57452e+03  8.03795e-01
 5.57478e+03  8.03933e-01
 5.57505e+03  8.08200e-01
 5.57531e+03  8.06989e-01
 5.57557e+03  8.09279e-01
 5.57583e+03  8.06953e-01
 5.57609e+03  8.06075e-01
 5.57635e+03  8.08524e-01
 5.57661e+03  8.10024e-01
 5.57687e+03  8.07956e-01
 5.57714e+03  8.12910e-01
 5.57740e+03  8.08115e-01
 5.57766e+03  8.05788e-01
 5.57792e+03  8.08366e-01
 5.57818e+03  8.06315e-01
 5.57844e+03  8.08458e-01
 5.57870e+03  8.13645e-01
 5.57896e+03  8.12417e-01
 5.57922e+03  8.10764e-01
 5.57949e+03  8.11220e-01
 5.57975e+03  8.12621e-01
 5.58001e+03  8.09873e-01
 5.58027e+03  8.12147e-01
 5.58053e+03  8.09219e-01
 5.58079e+03  8.14310e-01
 5.58105e+03  8.15655e-01
 5.58131e+03  8.10007e-01
 5.58158e+03  8.13813e-01
 5.58184e+03  8.19479e-01
 5.58210e+03  8.11626e-01
 5.58236e+03  8.11625e-01
 5.58262e+03  8.12423e-01
 5.58288e+03  8.15804e-01
 5.58314e+03  8.12209e-01
 5.58340e+03  8.19105e-01
 5.58367e+03  8.14179e-01
 5.58393e+03  8.17112e-01
 5.58419e+03  8.15970e-01
 5.58445e+03  8.15226e-01
 5.58471e+03  8.17563e-01
 5.58497e+03  8.13443e-01
 5.58523e+03  8.17162e-01
 5.58549e+03  8.18701e-01
 5.58575e+03  8.14935e-01
 5.58602e+03  8.18561e-01
 5.58628e+03  8.15463e-01
 5.58654e+03  8.15484e-01
 5.58680e+03  8.19616e-01
 5.58706e+03  8.16452e-01
 5.58732e+03  8.18413e-01
 5.58758e+03  8.16819e-01
 5.58784e+03  8.19674e-01
 5.58811e+03  8.18341e-01
 5.58837e+03  8.17328e-01
 5.58863e+03  8.19093e-01
 5.58889e+03  8.17516e-01
 5.58915e+03  8.18358e-01
 5.58941e+03  8.16283e-01
 5.58967e+03  8.20079e-01
 5.58993e+03  8.19772e-01
 5.59020e+03  8.18705e-01
 5.59046e+03  8.19457e-01
 5.59072e+03  8.18120e-01
 5.59098e+03  8.16239e-01
 5.59124e+03  8.19248e-01
 5.59150e+03  8.21491e-01
 5.59176e+03  8.19081e-01
 5.59202e+03  8.19268e-01
 5.59228e+03  8.17691e-01
 5.59255e+03  8.17617e-01
 5.59281e+03  8.22024e-01
 5.59307e+03  8.23902e-01
 5.59333e+03  8.21877e-01
 5.59359e+03  8.19441e-01
 5.59385e+03  8.21975e-01
 5.59411e+03  8.19631e-01
 5.59437e+03  8.20907e-01
 5.59464e+03  8.22570e-01
 5.59490e+03  8.22027e-01
 5.59516e+03  8.21731e-01
 5.59542e+03  8.20649e-01
 5.59568e+03  8.20806e-01
 5.59594e+03  8.22546e-01
 5.59620e+03  8.25082e-01
 5.59646e+03  8.21932e-01
 5.59673e+03  8.20701e-01
 5.59699e+03  8.20881e-01
 5.59725e+03  8.20757e-01
 5.59751e+03  8.25182e-01
 5.59777e+03  8.22701e-01
 5.59803e+03  8.27086e-01
 5.59829e+03  8.25886e-01
 5.59855e+03  8.23424e-01
 5.59881e+03  8.24868e-01
 5.59908e+03  8.25184e-01
 5.59934e+03  8.24972e-01
 5.59960e+03  8.24366e-01
 5.59986e+03  8.30336e-01
 5.60012e+03  8.22687e-01
 5.60038e+03  8.26588e-01
 5.60064e+03  8.28713e-01
 5.60090e+03  8.29452e-01
 5.60117e+03  8.26768e-01
 5.60143e+03  8.25821e-01
 5.60169e+03  8.27727e-01
 5.60195e+03  8.24477e-01
 5.60221e+03  8.30210e-01
 5.60247e+03  8.25592e-01
 5.60273e+03  8.27400e-01
 5.60299e+03  8.31015e-01
 5.60326e+03  8.27920e-01
 5.60352e+03  8.28468e-01
 5.60378e+03  8.26929e-01
 5.60404e+03  8.27305e-01
 5.60430e+03  8.30399e-01
 5.60456e+03  8.28979e-01
 5.60482e+03  8.28301e-01
 5.60508e+03  8.27727e-01
 5.60534e+03  8.26366e-01
 5.60561e+03  8.27999e-01
 5.60587e+03  8.28572e-01
 5.60613e+03  8.27037e-01
 5.60639e+03  8.28312e-01
 5.60665e+03  8.29841e-01
 5.60691e+03  8.31622e-01
 5.60717e+03  8.30334e-01
 5.60743e+03  8.32510e-01
 5.60770e+03  8.28878e-01
 5.60796e+03  8.30651e-01
 5.60822e+03  8.27917e-01
 5.60848e+03  8.28418e-01
 5.60874e+03  8.29977e-01
 5.60900e+03  8.28972e-01
 5.60926e+03  8.27287e-01
 5.60952e+03  8.31794e-01
 5.60979e+03  8.30438e-01
 5.61005e+03  8.30289e-01
 5.61031e+03  8.31352e-01
 5.61057e+03  8.31402e-01
 5.61083e+03  8.30998e-01
 5.61109e+03  8.33925e-01
 5.61135e+03  8.30437e-01
 5.61161e+03  8.32217e-01
 5.61188e+03  8.33429e-01
 5.61214e+03  8.32457e-01
 5.61240e+03  8.33303e-01
 5.61266e+03  8.30371e-01
 5.61292e+03  8.30760e-01
 5.61318e+03  8.33428e-01
 5.61344e+03  8.29652e-01
 5.61370e+03  8.31020e-01
 5.61396e+03  8.34023e-01
 5.61423e+03  8.31895e-01
 5.61449e+03  8.34086e-01
 5.61475e+03  8.28437e-01
 5.61501e+03  8.29336e-01
 5.61527e+03  8.34160e-01
 5.61553e+03  8.32646e-01
 5.61579e+03  8.35503e-01
 5.61605e+03  8.34292e-01
 5.61632e+03  8.32430e-01
 5.61658e+03  8.35342e-01
 5.61684e+03  8.34665e-01
 5.61710e+03  8.33223e-01
 5.61736e+03  8.33657e-01
 5.61762e+03  8.31836e-01
 5.61788e+03  8.35565e-01
 5.61814e+03  8.37683e-01
 5.61840e+03  8.31862e-01
 5.61867e+03  8.34507e-01
 5.61893e+03  8.33375e-01
 5.61919e+03  8.35243e-01
 5.61945e+03  8.35505e-01
 5.61971e+03  8.34201e-01
 5.61997e+03  8.34650e-01
 5.62023e+03  8.34083e-01
 5.62049e+03  8.35177e-01
 5.62076e+03  8.32852e-01
 5.62102e+03  8.33794e-01
 5.62128e+03  8.34030e-01
 5.62154e+03  8.33885e-01
 5.62180e+03  8.37750e-01
 5.62206e+03  8.33752e-01
 5.62232e+03  8.38411e-01
 5.62258e+03  8.34413e-01
 5.62285e+03  8.34672e-01
 5.62311e+03  8.35027e-01
 5.62337e+03  8.36323e-01
 5.62363e+03  8.33593e-01
 5.62389e+03  8.33870e-01
 5.62415e+03  8.34484e-01
 5.62441e+03  8.35485e-01
 5.62467e+03  8.31369e-01
 5.62493e+03  8.32328e-01
 5.62520e+03  8.34508e-01
 5.62546e+03  8.38071e-01
 5.62572e+03  8.32292e-01
 5.62598e+03  8.36227e-01
 5.62624e+03  8.33003e-01
 5.62650e+03  8.36620e-01
 5.62676e+03  8.34137e-01
 5.62702e+03  8.36375e-01
 5.62729e+03  8.36903e-01
 5.62755e+03  8.36349e-01
 5.62781e+03  8.29848e-01
 5.62807e+03  8.35410e-01
 5.62833e+03  8.37526e-01
 5.62859e+03  8.35633e-01
 5.62885e+03  8.37777e-01
 5.62911e+03  8.33701e-01
 5.62938e+03  8.34015e-01
 5.62964e+03  8.36410e-01
 5.62990e+03  8.35500e-01
 5.63016e+03  8.37092e-01
 5.63042e+03  8.35413e-01
 5.63068e+03  8.37799e-01
 5.63094e+03  8.33462e-01
 5.63120e+03  8.33485e-01
 5.63146e+03  8.35236e-01
 5.63173e+03  8.34241e-01
 5.63199e+03  8.35519e-01
 5.63225e+03  8.36333e-01
 5.63251e+03  8.35606e-01
 5.63277e+03  8.34492e-01
 5.63303e+03  8.36170e-01
 5.63329e+03  8.36950e-01
 5.63355e+03  8.35880e-01
 5.63382e+03  8.36216e-01
 5.63408e+03  8.32962e-01
 5.63434e+03  8.36716e-01
 5.63460e+03  8.34595e-01
 5.63486e+03  8.36227e-01
 5.63512e+03  8.35475e-01
 5.63538e+03  8.36592e-01
 5.63564e+03  8.35948e-01
 5.63591e+03  8.34498e-01
 5.63617e+03  8.33810e-01
 5.63643e+03  8.36961e-01
 5.63669e+03  8.34610e-01
 5.63695e+03  8.33065e-01
 5.63721e+03  8.37516e-01
 5.63747e+03  8.35992e-01
 5.63773e+03  8.36403e-01
 5.63799e+03  8.35337e-01
 5.63826e+03  8.37503e-01
 5.63852e+03  8.34567e-01
 5.63878e+03  8.34080e-01
 5.63904e+03  8.32809e-01
 5.63930e+03  8.34372e-01
 5.63956e+03  8.33452e-01
 5.63982e+03  8.38506e-01
 5.64008e+03  8.35129e-01
 5.64035e+03  8.33139e-01
 5.64061e+03  8.34717e-01
 5.64087e+03  8.31742e-01
 5.64113e+03  8.31725e-01
 5.64139e+03  8.34097e-01
 5.64165e+03  8.30494e-01
 5.64191e+03  8.34545e-01
 5.64217e+03  8.29022e-01
 5.64244e+03  8.29494e-01
 5.64270e+03  8.29127e-01
 5.64296e+03  8.31832e-01
 5.64322e+03  8.32915e-01
 5.64348e+03  8.28793e-01
 5.64374e+03  8.31703e-01
 5.64400e+03  8.31989e-01
 5.64426e+03  8.33835e-01
 5.64452e+03  8.32621e-01
 5.64479e+03  8.32315e-01
 5.64505e+03  8.29818e-01
 5.64531e+03  8.28544e-01
 5.64557e+03  8.25783e-01
 5.64583e+03  8.29608e-01
 5.64609e+03  8.28792e-01
 5.64635e+03  8.30527e-01
 5.64661e+03  8.34739e-01
 5.64688e+03  8.26450e-01
 5.64714e+03  8.27803e-01
 5.64740e+03  8.32025e-01
 5.64766e+03  8.28174e-01
 5.64792e+03  8.29254e-01
 5.64818e+03  8.28153e-01
 5.64844e+03  8.29786e-01
 5.64870e+03  8.28856e-01
 5.64897e+03  8.26760e-01
 5.64923e+03  8.28562e-01
 5.64949e+03  8.25963e-01
 5.64975e+03  8.29058e-01
 5.65001e+03  8.27181e-01
 5.65027e+03  8.28042e-01
 5.65053e+03  8.26953e-01
 5.65079e+03  8.26287e-01
 5.65105e+03  8.28237e-01
 5.65132e+03  8.23971e-01
 5.65158e+03  8.25073e-01
 5.65184e+03  8.22343e-01
 5.65210e+03  8.25136e-01
 5.65236e+03  8.21268e-01
 5.65262e+03  8.24520e-01
 5.65288e+03  8.29853e-01
 5.65314e+03  8.24812e-01
 5.65341e+03  8.25050e-01
 5.65367e+03  8.20328e-01
 5.65393e+03  8.22059e-01
 5.65419e+03  8.19984e-01
 5.65445e+03  8.25847e-01
 5.65471e+03  8.22439e-01
 5.65497e+03  8.26611e-01
 5.65523e+03  8.21273e-01
 5.65550e+03  8.21489e-01
 5.65576e+03  8.22368e-01
 5.65602e+03  8.21310e-01
 5.65628e+03  8.21999e-01
 5.65654e+03  8.17205e-01
 5.65680e+03  8.17936e-01
 5.65706e+03  8.16139e-01
 5.65732e+03  8.17395e-01
 5.65758e+03  8.18743e-01
 5.65785e+03  8.20398e-01
 5.65811e+03  8.17626e-01
 5.65837e+03  8.16786e-01
 5.65863e+03  8.15663e-01
 5.65889e+03  8.16068e-01
 5.65915e+03  8.15301e-01
 5.65941e+03  8.13666e-01
 5.65967e+03  8.14708e-01
 5.65994e+03  8.11609e-01
 5.66020e+03  8.10222e-01
 5.66046e+03  8.16571e-01
 5.66072e+03  8.14137e-01
 5.66098e+03  8.10069e-01
 5.66124e+03  8.16214e-01
 5.66150e+03  8.11767e-01
 5.66176e+03  8.11350e-01
 5.66203e+03  8.10085e-01
 5.66229e+03  8.07314e-01
 5.66255e+03  8.08494e-01
 5.66281e+03  8.08148e-01
 5.66307e+03  8.10939e-01
 5.66333e+03  8.08964e-01
 5.66359e+03  8.08689e-01
 5.66385e+03  8.02927e-01
 5.66411e+03  8.06686e-01
 5.66438e+03  8.07062e-01
 5.66464e+03  8.05532e-01
 5.66490e+03  8.05096e-01
 5.66516e+03  8.03659e-01
 5.66542e+03  8.01122e-01
 5.66568e+03  8.07121e-01
 5.66594e+03  8.03947e-01
 5.66620e+03  8.02119e-01
 5.66647e+03  8.05831e-01
 5.66673e+03  8.02470e-01
 5.66699e+03  7.99941e-01
 5.66725e+03  7.98838e-01
 5.66751e+03  8.02908e-01
 5.66777e+03  7.99055e-01
 5.66803e+03  8.00810e-01
 5.66829e+03  7.97898e-01
 5.66856e+03  7.97662e-01
 5.66882e+03  7.95106e-01
 5.66908e+03  7.96847e-01
 5.66934e+03  7.93723e-01
 5.66960e+03  7.94151e-01
 5.66986e+03  7.94704e-01
 5.67012e+03  7.95169e-01
 5.67038e+03  7.92580e-01
 5.67065e+03  7.93114e-01
 5.67091e+03  7.92863e-01
 5.67117e+03  7.89147e-01
 5.67143e+03  7.88075e-01
 5.67169e+03  7.89144e-01
 5.67195e+03  7.89166e-01
 5.67221e+03  7.87939e-01
 5.67247e+03  7.88394e-01
 5.67273e+03  7.88019e-01
 5.67300e+03  7.88419e-01
 5.67326e+03  7.85475e-01
 5.67352e+03  7.80857e-01
 5.67378e+03  7.84635e-01
 5.67404e+03  7.82161e-01
 5.67430e+03  7.80299e-01
 5.67456e+03  7.77692e-01
 5.67482e+03  7.83564e-01
 5.67508e+03  7.75464e-01
 5.67535e+03  7.81113e-01
 5.67561e+03  7.77782e-01
 5.67587e+03  7.76838e-01
 5.67613e+03  7.73318e-01
 5.67639e+03  7.75856e-01
 5.67665e+03  7.76455e-01
 5.67691e+03  7.73150e-01
 5.67717e+03  7.74470e-01
 5.67744e+03  7.70685e-01
 5.67770e+03  7.72372e-01
 5.67796e+03  7.72580e-01
 5.67822e+03  7.68959e-01
 5.67848e+03  7.72300e-01
 5.67874e+03  7.70004e-01
 5.67900e+03  7.66867e-01
 5.67926e+03  7.69614e-01
 5.67953e+03  7.68131e-01
 5.67979e+03  7.65709e-01
 5.68005e+03  7.65799e-01
 5.68031e+03  7.62410e-01
 5.68057e+03  7.62571e-01
 5.68083e+03  7.62122e-01
 5.68109e+03  7.60170e-01
 5.68135e+03  7.60419e-01
 5.68162e+03  7.59986e-01
 5.68188e+03  7.58988e-01
 5.68214e+03  7.57259e-01
 5.68240e+03  7.55990e-01
 5.68266e+03  7.55261e-01
 5.68292e+03  7.52555e-01
 5.68318e+03  7.52046e-01
 5.68344e+03  7.53024e-01
 5.68370e+03  7.50779e-01
 5.68397e+03  7.49348e-01
 5.68423e+03  7.50442e-01
 5.68449e+03  7.47618e-01
 5.68475e+03  7.47656e-01
 5.68501e+03  7.45706e-01
 5.68527e+03  7.48101e-01
 5.68553e+03  7.44369e-01
 5.68579e+03  7.43514e-01
 5.68606e+03  7.40198e-01
 5.68632e+03  7.40761e-01
 5.68658e+03  7.38444e-01
 5.68684e+03  7.40683e-01
 5.68710e+03  7.37832e-01
 5.68736e+03  7.36966e-01
 5.68762e+03  7.33484e-01
 5.68788e+03  7.31284e-01
 5.68815e+03  7.32430e-01
 5.68841e+03  7.34542e-01
 5.68867e+03  7.34113e-01
 5.68893e+03  7.33588e-01
 5.68919e+03  7.30107e-01
 5.68945e+03  7.29139e-01
 5.68971e+03  7.26781e-01
 5.68997e+03  7.25690e-01
 5.69023e+03  7.25931e-01
 5.69050e+03  7.27296e-01
 5.69076e+03  7.23029e-01
 5.69102e+03  7.19827e-01
 5.69128e+03  7.21940e-01
 5.69154e+03  7.18375e-01
 5.69180e+03  7.19033e-01
 5.69206e+03  7.20666e-01
 5.69232e+03  7.13697e-01
 5.69259e+03  7.14307e-01
 5.69285e+03  7.11679e-01
 5.69311e+03  7.14461e-01
 5.69337e+03  7.11534e-01
 5.69363e+03  7.09538e-01
 5.69389e+03  7.11069e-01
 5.69415e+03  7.10584e-01
 5.69441e+03  7.07326e-01
 5.69468e+03  7.05847e-01
 5.69494e+03  7.03052e-01
 5.69520e+03  7.04056e-01
 5.69546e+03  7.01065e-01
 5.69572e+03  6.98796e-01
 5.69598e+03  6.98286e-01
 5.69624e+03  6.96404e-01
 5.69650e+03  6.98611e-01
 5.69676e+03  6.92386e-01
 5.69703e+03  6.94846e-01
 5.69729e+03  6.92867e-01
 5.69755e+03  6.95282e-01
 5.69781e+03  6.92802e-01
 5.69807e+03  6.85869e-01
 5.69833e+03  6.89000e-01
 5.69859e+03  6.83895e-01
 5.69885e+03  6.86244e-01
 5.69912e+03  6.84506e-01
 5.69938e+03  6.82025e-01
 5.69964e+03  6.79532e-01
 5.69990e+03  6.78757e-01
 5.70016e+03  6.81679e-01
 5.70042e+03  6.75871e-01
 5.70068e+03  6.74501e-01
 5.70094e+03  6.73791e-01
 5.70121e+03  6.71657e-01
 5.70147e+03  6.71504e-01
 5.70173e+03  6.71441e-01
 5.70199e+03  6.71241e-01
 5.70225e+03  6.66693e-01
 5.70251e+03  6.64108e-01
 5.70277e+03  6.66407e-01
 5.70303e+03  6.61930e-01
 5.70329e+03  6.63130e-01
 5.70356e+03  6.60490e-01
 5.70382e+03  6.58048e-01
 5.70408e+03  6.56489e-01
 5.70434e+03  6.54446e-01
 5.70460e+03  6.54859e-01
 5.70486e+03  6.55565e-01
 5.70512e+03  6.54033e-01
 5.70538e+03  6.48213e-01
 5.70565e+03  6.50542e-01
 5.70591e+03  6.46571e-01
 5.70617e+03  6.45478e-01
 5.70643e+03  6.42045e-01
 5.70669e+03  6.41098e-01
 5.70695e+03  6.40289e-01
 5.70721e+03  6.39349e-01
 5.70747e+03  6.37704e-01
 5.70774e+03  6.37569e-01
 5.70800e+03  6.33575e-01
 5.70826e+03  6.33519e-01
 5.70852e+03  6.31982e-01
 5.70878e+03  6.31543e-01
 5.70904e+03  6.26437e-01
 5.70930e+03  6.28652e-01
 5.70956e+03  6.23579e-01
 5.70982e+03  6.24615e-01
 5.71009e+03  6.24534e-01
 5.71035e+03  6.20819e-01
 5.71061e+03  6.18776e-01
 5.71087e+03  6.17393e-01
 5.71113e+03  6.15724e-01
 5.71139e+03  6.14632e-01
 5.71165e+03  6.13349e-01
 5.71191e+03  6.11107e-01
 5.71218e+03  6.11279e-01
 5.71244e+03  6.10316e-01
 5.71270e+03  6.07593e-01
 5.71296e+03  6.06451e-01
 5.71322e+03  6.03969e-01
 5.71348e+03  6.05144e-01
 5.71374e+03  6.01217e-01
 5.71400e+03  5.99251e-01
 5.71427e+03  5.96618e-01
 5.71453e+03  5.97208e-01
 5.71479e+03  5.93416e-01
 5.71505e+03  5.93814e-01
 5.71531e+03  5.93767e-01
 5.71557e+03  5.90286e-01
 5.71583e+03  5.83806e-01
 5.71609e+03  5.84888e-01
 5.71635e+03  5.82111e-01
 5.71662e+03  5.82456e-01
 5.71688e+03  5.81411e-01
 5.71714e+03  5.79840e-01
 5.71740e+03  5.78101e-01
 5.71766e+03  5.77474e-01
 5.71792e+03  5.73739e-01
 5.71818e+03  5.74301e-01
 5.71844e+03  5.71121e-01
 5.71871e+03  5.71362e-01
 5.71897e+03  5.69253e-01
 5.71923e+03  5.65596e-01
 5.71949e+03  5.67068e-01
 5.71975e+03  5.63365e-01
 5.72001e+03  5.62691e-01
 5.72027e+03  5.60252e-01
 5.72053e+03  5.59555e-01
 5.72080e+03  5.56794e-01
 5.72106e+03  5.54537e-01
 5.72132e+03  5.52662e-01
 5.72158e+03  5.49569e-01
 5.72184e+03  5.52031e-01
 5.72210e+03  5.47979e-01
 5.72236e+03  5.48269e-01
 5.72262e+03  5.44418e-01
 5.72288e+03  5.42077e-01
 5.72315e+03  5.39738e-01
 5.72341e+03  5.38704e-01
 5.72367e+03  5.37118e-01
 5.72393e+03  5.36752e-01
 5.72419e+03  5.34757e-01
 5.72445e+03  5.32373e-01
 5.72471e+03  5.31435e-01
 5.72497e+03  5.26981e-01
 5.72524e+03  5.28294e-01
 5.72550e+03  5.26607e-01
 5.72576e+03  5.25493e-01
 5.72602e+03  5.22110e-01
 5.72628e+03  5.21764e-01
 5.72654e+03  5.19885e-01
 5.72680e+03  5.17608e-01
 5.72706e+03  5.16138e-01
 5.72733e+03  5.13489e-01
 5.72759e+03  5.12145e-01
 5.72785e+03  5.12590e-01
 5.72811e+03  5.07931e-01
 5.72837e+03  5.10095e-01
 5.72863e+03  5.07577e-01
 5.72889e+03  5.06132e-01
 5.72915e+03  5.01024e-01
 5.72942e+03  5.00047e-01
 5.72968e+03  4.99905e-01
 5.72994e+03  4.98995e-01
 5.73020e+03  4.97462e-01
 5.73046e+03  4.96114e-01
 5.73072e+03  4.93237e-01
 5.73098e+03  4.90730e-01
 5.73124e+03  4.89325e-01
 5.73150e+03  4.89935e-01
 5.73177e+03  4.86928e-01
 5.73203e+03  4.84227e-01
 5.73229e+03  4.82497e-01
 5.73255e+03  4.81611e-01
 5.73281e+03  4.80496e-01
 5.73307e+03  4.78708e-01
 5.73333e+03  4.76129e-01
 5.73359e+03  4.72775e-01
 5.73385e+03  4.71129e-01
 5.73412e+03  4.71569e-01
 5.73438e+03  4.68352e-01
 5.73464e+03  4.66795e-01
 5.73490e+03  4.66411e-01
 5.73516e+03  4.65221e-01
 5.73542e+03  4.62689e-01
 5.73568e+03  4.58272e-01
 5.73594e+03  4.59306e-01
 5.73621e+03  4.57092e-01
 5.73647e+03  4.57244e-01
 5.73673e+03  4.56097e-01
 5.73699e+03  4.51887e-01
 5.73725e+03  4.50761e-01
 5.73751e+03  4.48297e-01
 5.73777e+03  4.46977e-01
 5.73803e+03  4.46815e-01
 5.73830e+03  4.44646e-01
 5.73856e+03  4.44911e-01
 5.73882e+03  4.40018e-01
 5.73908e+03  4.39132e-01
 5.73934e+03  4.37420e-01
 5.73960e+03  4.35789e-01
 5.73986e+03  4.33657e-01
 5.74012e+03  4.33994e-01
 5.74039e+03  4.34553e-01
 5.74065e+03  4.28562e-01
 5.74091e+03  4.27321e-01
 5.74117e+03  4.23575e-01
 5.74143e+03  4.26505e-01
 5.74169e+03  4.23897e-01
 5.74195e+03  4.24780e-01
 5.74221e+03  4.21029e-01
 5.74247e+03  4.15328e-01
 5.74274e+03  4.17366e-01
 5.74300e+03  4.15466e-01
 5.74326e+03  4.14013e-01
 5.74352e+03  4.13821e-01
 5.74378e+03  4.09186e-01
 5.74404e+03  4.08343e-01
 5.74430e+03  4.09144e-01
 5.74456e+03  4.05032e-01
 5.74483e+03  4.03238e-01
 5.74509e+03  4.02731e-01
 5.74535e+03  4.00095e-01
 5.74561e+03  3.99759e-01
 5.74587e+03  3.97310e-01
 5.74613e+03  3.96247e-01
 5.74639e+03  3.92528e-01
 5.74665e+03  3.92620e-01
 5.74692e+03  3.90728e-01
 5.74718e+03  3.90285e-01
 5.74744e+03  3.86276e-01
 5.74770e+03  3.85810e-01
 5.74796e+03  3.82763e-01
 5.74822e+03  3.81130e-01
 5.74848e+03  3.81030e-01
 5.74874e+03  3.82946e-01
 5.74900e+03  3.78745e-01
 5.74927e+03  3.78899e-01
 5.74953e+03  3.74116e-01
 5.74979e+03  3.71549e-01
 5.75005e+03  3.72213e-01
 5.75031e+03  3.72323e-01
 5.75057e+03  3.67417e-01
 5.75083e+03  3.68349e-01
 5.75109e+03  3.67585e-01
 5.75136e+03  3.67617e-01
 5.75162e+03  3.63563e-01
 5.75188e+03  3.61383e-01
 5.75214e+03  3.60497e-01
 5.75240e+03  3.57817e-01
 5.75266e+03  3.55028e-01
 5.75292e+03  3.55914e-01
 5.75318e+03  3.56393e-01
 5.75345e+03  3.52918e-01
 5.75371e+03  3.51008e-01
 5.75397e+03  3.49118e-01
 5.75423e+03  3.47750e-01
 5.75449e+03  3.46106e-01
 5.75475e+03  3.44494e-01
 5.75501e+03  3.44950e-01
 5.75527e+03  3.42603e-01
 5.75553e+03  3.41900e-01
 5.75580e+03  3.40255e-01
 5.75606e+03  3.36077e-01
 5.75632e+03  3.37285e-01
 5.75658e+03  3.34222e-01
 5.75684e+03  3.32307e-01
 5.75710e+03  3.32015e-01
 5.75736e+03  3.30293e-01
 5.75762e+03  3.30691e-01
 5.75789e+03  3.28404e-01
 5.75815e+03  3.25500e-01
 5.75841e+03  3.25228e-01
 5.75867e+03  3.22716e-01
 5.75893e+03  3.24120e-01
 5.75919e+03  3.21613e-01
 5.75945e+03  3.20353e-01
 5.75971e+03  3.19078e-01
 5.75998e+03  3.17365e-01
 5.76024e+03  3.13867e-01
 5.76050e+03  3.14395e-01
 5.76076e+03  3.12599e-01
 5.76102e+03  3.10457e-01
 5.76128e+03  3.10869e-01
 5.76154e+03  3.09205e-01
 5.76180e+03  3.07923e-01
 5.76206e+03  3.06389e-01
 5.76233e+03  3.03206e-01
 5.76259e+03  3.01224e-01
 5.76285e+03  3.01446e-01
 5.76311e+03  3.00539e-01
 5.76337e+03  2.98900e-01
 5.76363e+03  2.99512e-01
 5.76389e+03  2.95767e-01
 5.76415e+03  2.95852e-01
 5.76442e+03  2.93324e-01
 5.76468e+03  2.92222e-01
 5.76494e+03  2.90556e-01
 5.76520e+03  2.89654e-01
 5.76546e+03  2.87532e-01
 5.76572e+03  2.86580e-01
 5.76598e+03  2.84906e-01
 5.76624e+03  2.83536e-01
 5.76651e+03  2.82462e-01
 5.76677e+03  2.83047e-01
 5.76703e+03  2.80567e-01
 5.76729e+03  2.79639e-01
 5.76755e+03  2.78681e-01
 5.76781e+03  2.76609e-01
 5.76807e+03  2.75670e-01
 5.76833e+03  2.75753e-01
 5.76859e+03  2.73194e-01
 5.76886e+03  2.72495e-01
 5.76912e+03  2.70612e-01
 5.76938e+03  2.69433e-01
 5.76964e+03  2.68550e-01
 5.76990e+03  2.65820e-01
 5.77016e+03  2.66344e-01
 5.77042e+03  2.65254e-01
 5.77068e+03  2.62996e-01
 5.77095e+03  2.61053e-01
 5.77121e+03  2.61019e-01
 5.77147e+03  2.60217e-01
 5.77173e+03  2.57661e-01
 5.77199e+03  2.57821e-01
 5.77225e+03  2.55821e-01
 5.77251e+03  2.53728e-01
 5.77277e+03  2.53957e-01
 5.77304e+03  2.52776e-01
 5.77330e+03  2.51110e-01
 5.77356e+03  2.50360e-01
 5.77382e+03  2.49455e-01
 5.77408e+03  2.47272e-01
 5.77434e+03  2.46555e-01
 5.77460e+03  2.44137e-01
 5.77486e+03  2.44061e-01
 5.77512e+03  2.43071e-01
 5.77539e+03  2.41363e-01
 5.77565e+03  2.40288e-01
 5.77591e+03  2.39997e-01
 5.77617e+03  2.36826e-01
 5.77643e+03  2.37390e-01
 5.77669e+03  2.37007e-01
 5.77695e+03  2.35382e-01
 5.77721e+03  2.36793e-01
 5.77748e+03  2.32982e-01
 5.77774e+03  2.32510e-01
 5.77800e+03  2.31865e-01
 5.77826e+03  2.30355e-01
 5.77852e+03  2.29797e-01
 5.77878e+03  2.29584e-01
 5.77904e+03  2.26022e-01
 5.77930e+03  2.26595e-01
 5.77957e+03  2.24884e-01
 5.77983e+03  2.23906e-01
 5.78009e+03  2.22504e-01
 5.78035e+03  2.21228e-01
 5.78061e+03  2.20478e-01
 5.78087e+03  2.20223e-01
 5.78113e+03  2.18440e-01
 5.78139e+03  2.17771e-01
 5.78165e+03  2.14629e-01
 5.78192e+03  2.15982e-01
 5.78218e+03  2.13358e-01
 5.78244e+03  2.14451e-01
 5.78270e+03  2.12369e-01
 5.78296e+03  2.11900e-01
 5.78322e+03  2.10737e-01
 5.78348e+03  2.08434e-01
 5.78374e+03  2.08712e-01
 5.78401e+03  2.08250e-01
 5.78427e+03  2.06133e-01
 5.78453e+03  2.05513e-01
 5.78479e+03  2.03086e-01
 5.78505e+03  2.03423e-01
 5.78531e+03  2.01711e-01
 5.78557e+03  2.02415e-01
 5.78583e+03  1.98471e-01
 5.78610e+03  2.01076e-01
 5.78636e+03  1.97832e-01
 5.78662e+03  1.99253e-01
 5.78688e+03  1.96156e-01
 5.78714e+03  1.96238e-01
 5.78740e+03  1.96030e-01
 5.78766e+03  1.94364e-01
 5.78792e+03  1.93619e-01
 5.78818e+03  1.91434e-01
 5.78845e+03  1.91036e-01
 5.78871e+03  1.88778e-01
 5.78897e+03  1.87626e-01
 5.78923e+03  1.88555e-01
 5.78949e+03  1.86513e-01
 5.78975e+03  1.85916e-01
 5.79001e+03  1.86193e-01
 5.79027e+03  1.86291e-01
 5.79054e+03  1.84649e-01
 5.79080e+03  1.82878e-01
 5.79106e+03  1.80640e-01
 5.79132e+03  1.82047e-01
 5.79158e+03  1.81643e-01
 5.79184e+03  1.78886e-01
 5.79210e+03  1.79162e-01
 5.79236e+03  1.76818e-01
 5.79262e+03  1.76761e-01
 5.79289e+03  1.76362e-01
 5.79315e+03  1.74745e-01
 5.79341e+03  1.73735e-01
 5.79367e+03  1.72081e-01
 5.79393e+03  1.71464e-01
 5.79419e+03  1.71497e-01
 5.79445e+03  1.70490e-01
 5.79471e+03  1.69742e-01
 5.79498e+03  1.68699e-01
 5.79524e+03  1.68422e-01
 5.79550e+03  1.66663e-01
 5.79576e+03  1.67618e-01
 5.79602e+03  1.67764e-01
 5.79628e+03  1.66425e-01
 5.79654e+03  1.62554e-01
 5.79680e+03  1.63682e-01
 5.79707e+03  1.62253e-01
 5.79733e+03  1.61906e-01
 5.79759e+03  1.61740e-01
 5.79785e+03  1.60301e-01
 5.79811e+03  1.60003e-01
 5.79837e+03  1.59850e-01
 5.79863e+03  1.58548e-01
 5.79889e+03  1.55916e-01
 5.79916e+03  1.56117e-01
 5.79942e+03  1.56052e-01
 5.79968e+03  1.54840e-01
 5.79994e+03  1.53982e-01
 5.80020e+03  1.53644e-01
 5.80046e+03  1.54691e-01
 5.80072e+03  1.53111e-01
 5.80098e+03  1.52134e-01
 5.80124e+03  1.51377e-01
 5.80151e+03  1.49561e-01
 5.80177e+03  1.50574e-01
 5.80203e+03  1.48437e-01
 5.80229e+03  1.47755e-01
 5.80255e+03  1.46793e-01
 5.80281e+03  1.46251e-01
 5.80307e+03  1.46218e-01
 5.80333e+03  1.44840e-01
 5.80360e+03  1.43621e-01
 5.80386e+03  1.43883e-01
 5.80412e+03  1.43846e-01
 5.80438e+03  1.42707e-01
 5.80464e+03  1.41658e-01
 5.80490e+03  1.39890e-01
 5.80516e+03  1.40400e-01
 5.80542e+03  1.38468e-01
 5.80569e+03  1.39180e-01
 5.80595e+03  1.38805e-01
 5.80621e+03  1.37931e-01
 5.80647e+03  1.35113e-01
 5.80673e+03  1.35599e-01
 5.80699e+03  1.34792e-01
 5.80725e+03  1.34083e-01
 5.80751e+03  1.34443e-01
 5.80777e+03  1.33224e-01
 5.80804e+03  1.32785e-01
 5.80830e+03  1.31973e-01
 5.80856e+03  1.31938e-01
 5.80882e+03  1.30847e-01
 5.80908e+03  1.29517e-01
 5.80934e+03  1.30728e-01
 5.80960e+03  1.28805e-01
 5.80986e+03  1.28678e-01
 5.81013e+03  1.26847e-01
 5.81039e+03  1.27045e-01
 5.81065e+03  1.26638e-01
 5.81091e+03  1.26144e-01
 5.81117e+03  1.25727e-01
 5.81143e+03  1.24345e-01
 5.81169e+03  1.23558e-01
 5.81195e+03  1.22693e-01
 5.81222e+03  1.21015e-01
 5.81248e+03  1.21906e-01
 5.81274e+03  1.21785e-01
 5.81300e+03  1.20866e-01
 5.81326e+03  1.20990e-01
 5.81352e+03  1.19959e-01
 5.81378e+03  1.18933e-01
 5.81404e+03  1.19026e-01
 5.81430e+03  1.18021e-01
 5.81457e+03  1.17237e-01
 5.81483e+03  1.17184e-01
 5.81509e+03  1.15436e-01
 5.81535e+03  1.15684e-01
 5.81561e+03  1.14773e-01
 5.81587e+03  1.15147e-01
 5.81613e+03  1.14257e-01
 5.81639e+03  1.14322e-01
 5.81666e+03  1.13118e-01
 5.81692e+03  1.12178e-01
 5.81718e+03  1.13311e-01
 5.81744e+03  1.11516e-01
 5.81770e+03  1.10522e-01
 5.81796e+03  1.10512e-01
 5.81822e+03  1.10445e-01
 5.81848e+03  1.09901e-01
 5.81875e+03  1.09486e-01
 5.81901e+03  1.08177e-01
 5.81927e+03  1.07679e-01
 5.81953e+03  1.07273e-01
 5.81979e+03  1.06413e-01
 5.82005e+03  1.05399e-01
 5.82031e+03  1.05012e-01
 5.82057e+03  1.04138e-01
 5.82083e+03  1.05386e-01
 5.82110e+03  1.03785e-01
 5.82136e+03  1.04357e-01
 5.82162e+03  1.03321e-01
 5.82188e+03  1.02371e-01
 5.82214e+03  1.01525e-01
 5.82240e+03  1.01426e-01
 5.82266e+03  1.02542e-01
 5.82292e+03  1.00902e-01
 5.82319e+03  1.00492e-01
 5.82345e+03  9.97875e-02
 5.82371e+03  9.95826e-02
 5.82397e+03  9.88075e-02
 5.82423e+03  9.79782e-02
 5.82449e+03  9.83248e-02
 5.82475e+03  9.81527e-02
 5.82501e+03  9.83927e-02
 5.82528e+03  9.68829e-02
 5.82554e+03  9.62376e-02
 5.82580e+03  9.58871e-02
 5.82606e+03  9.57232e-02
 5.82632e+03  9.57165e-02
 5.82658e+03  9.50709e-02
 5.82684e+03  9.39489e-02
 5.82710e+03  9.26104e-02
 5.82736e+03  9.29056e-02
 5.82763e+03  9.24708e-02
 5.82789e+03  9.30527e-02
 5.82815e+03  9.24126e-02
 5.82841e+03  9.13831e-02
 5.82867e+03  9.07829e-02
 5.82893e+03  9.03610e-02
 5.82919e+03  9.05229e-02
 5.82945e+03  8.87651e-02
 5.82972e+03  8.91940e-02
 5.82998e+03  8.91860e-02
 5.83024e+03  8.85594e-02
 5.83050e+03  8.74828e-02
 5.83076e+03  8.66361e-02
 5.83102e+03  8.67332e-02
 5.83128e+03  8.63466e-02
 5.83154e+03  8.64702e-02
 5.83181e+03  8.58272e-02
 5.83207e+03  8.62624e-02
 5.83233e+03  8.52228e-02
 5.83259e+03  8.51360e-02
 5.83285e+03  8.46000e-02
 5.83311e+03  8.44672e-02
 5.83337e+03  8.42169e-02
 5.83363e+03  8.34291e-02
 5.83390e+03  8.28514e-02
 5.83416e+03  8.21672e-02
 5.83442e+03  8.21735e-02
 5.83468e+03  8.04828e-02
 5.83494e+03  8.19138e-02
 5.83520e+03  8.13852e-02
 5.83546e+03  8.03130e-02
 5.83572e+03  8.06620e-02
 5.83598e+03  7.96957e-02
 5.83625e+03  7.87504e-02
 5.83651e+03  7.96175e-02
 5.83677e+03  7.92806e-02
 5.83703e+03  7.91985e-02
 5.83729e+03  7.79569e-02
 5.83755e+03  7.66261e-02
 5.83781e+03  7.87341e-02
 5.83807e+03  7.75353e-02
 5.83833e+03  7.72272e-02
 5.83860e+03  7.64977e-02
 5.83886e+03  7.48770e-02
 5.83912e+03  7.52903e-02
 5.83938e+03  7.49966e-02
 5.83964e+03  7.41162e-02
 5.83990e+03  7.41613e-02
 5.84016e+03  7.46577e-02
 5.84042e+03  7.41230e-02
 5.84069e+03  7.32791e-02
 5.84095e+03  7.32619e-02
 5.84121e+03  7.25265e-02
 5.84147e+03  7.28863e-02
 5.84173e+03  7.22671e-02
 5.84199e+03  7.17802e-02
 5.84225e+03  7.05695e-02
 5.84251e+03  7.02663e-02
 5.84278e+03  7.23502e-02
 5.84304e+03  7.08270e-02
 5.84330e+03  7.00118e-02
 5.84356e+03  6.96648e-02
 5.84382e+03  6.96494e-02
 5.84408e+03  6.82491e-02
 5.84434e+03  6.92246e-02
 5.84460e+03  6.77653e-02
 5.84487e+03  6.80498e-02
 5.84513e+03  6.78599e-02
 5.84539e+03  6.77623e-02
 5.84565e+03  6.77352e-02
 5.84591e+03  6.74001e-02
 5.84617e+03  6.61802e-02
 5.84643e+03  6.60693e-02
 5.84669e+03  6.68295e-02
 5.84695e+03  6.50601e-02
 5.84722e+03  6.56350e-02
 5.84748e+03  6.54787e-02
 5.84774e+03  6.48317e-02
 5.84800e+03  6.42741e-02
 5.84826e+03  6.46045e-02
 5.84852e+03  6.38831e-02
 5.84878e+03  6.39523e-02
 5.84904e+03  6.32564e-02
 5.84931e+03  6.26910e-02
 5.84957e+03  6.24424e-02
 5.84983e+03  6.25244e-02
 5.85009e+03  6.26592e-02
 5.85035e+03  6.21847e-02
 5.85061e+03  6.05480e-02
 5.85087e+03  6.15995e-02
 5.85113e+03  6.14029e-02
 5.85140e+03  6.11055e-02
 5.85166e+03  6.01589e-02
 5.85192e+03  6.00260e-02
 5.85218e+03  5.96699e-02
 5.85244e+03  6.02202e-02
 5.85270e+03  5.92865e-02
 5.85296e+03  5.77310e-02
 5.85322e+03  5.95405e-02
 5.85348e+03  5.83447e-02
 5.85375e+03  5.86201e-02
 5.85401e+03  5.88192e-02
 5.85427e+03  5.74372e-02
 5.85453e+03  5.77708e-02
 5.85479e+03  5.67848e-02
 5.85505e+03  5.67447e-02
 5.85531e+03  5.72674e-02
 5.85557e+03  5.64887e-02
 5.85584e+03  5.70140e-02
 5.85610e+03  5.61960e-02
 5.85636e+03  5.58899e-02
 5.85662e+03  5.56932e-02
 5.85688e+03  5.46909e-02
 5.85714e+03  5.44002e-02
 5.85740e+03  5.48827e-02
 5.85766e+03  5.42946e-02
 5.85793e+03  5.43203e-02
 5.85819e+03  5.42333e-02
 5.85845e+03  5.36549e-02
 5.85871e+03  5.37794e-02
 5.85897e+03  5.40911e-02
 5.85923e+03  5.37674e-02
 5.85949e+03  5.34514e-02
 5.85975e+03  5.16209e-02
 5.86001e+03  5.23457e-02
 5.86028e+03  5.24121e-02
 5.86054e+03  5.17171e-02
 5.86080e+03  5.26063e-02
 5.86106e+03  5.07198e-02
 5.86132e+03  5.21362e-02
 5.86158e+03  5.14171e-02
 5.86184e+03  5.17679e-02
 5.86210e+03  5.09843e-02
 5.86237e+03  5.04331e-02
 5.86263e+03  5.05895e-02
 5.86289e+03  4.93887e-02
 5.86315e+03  5.05064e-02
 5.86341e+03  4.89684e-02
 5.86367e+03  4.93966e-02
 5.86393e+03  4.88407e-02
 5.86419e+03  4.86424e-02
 5.86446e+03  4.91036e-02
 5.86472e+03  4.92414e-02
 5.86498e+03  4.72404e-02
 5.86524e+03  4.85357e-02
 5.86550e+03  4.88051e-02
 5.86576e+03  4.75130e-02
 5.86602e+03  4.67667e-02
 5.86628e+03  4.73176e-02
 5.86654e+03  4.64872e-02
 5.86681e+03  4.69643e-02
 5.86707e+03  4.65626e-02
 5.86733e+03  4.60261e-02
 5.86759e+03  4.56738e-02
 5.86785e+03  4.60372e-02
 5.86811e+03  4.57590e-02
 5.86837e+03  4.55379e-02
 5.86863e+03  4.54650e-02
 5.86890e+03  4.53845e-02
 5.86916e+03  4.46524e-02
 5.86942e+03  4.48169e-02
 5.86968e+03  4.45294e-02
 5.86994e+03  4.46952e-02
 5.87020e+03  4.38139e-02
 5.87046e+03  4.42563e-02
 5.87072e+03  4.35963e-02
 5.87099e+03  4.34867e-02
 5.87125e+03  4.35002e-02
 5.87151e+03  4.29445e-02
 5.87177e+03  4.28711e-02
 5.87203e+03  4.27418e-02
 5.87229e+03  4.30399e-02
 5.87255e+03  4.23342e-02
 5.87281e+03  4.19885e-02
 5.87307e+03  4.27753e-02
 5.87334e+03  4.23098e-02
 5.87360e+03  4.16188e-02
 5.87386e+03  4.19403e-02
 5.87412e+03  4.10942e-02
 5.87438e+03  4.16950e-02
 5.87464e+03  4.20881e-02
 5.87490e+03  4.08271e-02
 5.87516e+03  4.07605e-02
 5.87543e+03  4.11445e-02
 5.87569e+03  4.00607e-02
 5.87595e+03  4.01155e-02
 5.87621e+03  3.97926e-02
 5.87647e+03  3.98000e-02
 5.87673e+03  4.00392e-02
 5.87699e+03  3.92202e-02
 5.87725e+03  3.93089e-02
 5.87752e+03  3.94420e-02
 5.87778e+03  3.93623e-02
 5.87804e+03  3.85566e-02
 5.87830e+03  3.91501e-02
 5.87856e+03  3.87286e-02
 5.87882e+03  3.84015e-02
 5.87908e+03  3.83482e-02
 5.87934e+03  3.86812e-02
 5.87960e+03  3.83556e-02
 5.87987e+03  3.73976e-02
 5.88013e+03  3.83232e-02
 5.88039e+03  3.78830e-02
 5.88065e+03  3.71779e-02
 5.88091e+03  3.64556e-02
 5.88117e+03  3.71875e-02
 5.88143e+03  3.62174e-02
 5.88169e+03  3.61745e-02
 5.88196e+03  3.66962e-02
 5.88222e+03  3.62212e-02
 5.88248e+03  3.58069e-02
 5.88274e+03  3.61565e-02
 5.88300e+03  3.59025e-02
 5.88326e+03  3.57146e-02
 5.88352e+03  3.60307e-02
 5.88378e+03  3.61595e-02
 5.88405e+03  3.53607e-02
 5.88431e+03  3.55570e-02
 5.88457e+03  3.46991e-02
 5.88483e+03  3.42130e-02
 5.88509e+03  3.49504e-02
 5.88535e+03  3.45217e-02
 5.88561e+03  3.42497e-02
 5.88587e+03  3.43845e-02
 5.88613e+03  3.34769e-02
 5.88640e+03  3.39970e-02
 5.88666e+03  3.46284e-02
 5.88692e+03  3.41075e-02
 5.88718e+03  3.41082e-02
 5.88744e+03  3.34106e-02
 5.88770e+03  3.38883e-02
 5.88796e+03  3.33002e-02
 5.88822e+03  3.36755e-02
 5.88849e+03  3.24240e-02
 5.88875e+03  3.28772e-02
 5.88901e+03  3.27857e-02
 5.88927e+03  3.26589e-02
 5.88953e+03  3.27521e-02
 5.88979e+03  3.19933e-02
 5.89005e+03  3.20442e-02
 5.89031e+03  3.18098e-02
 5.89058e+03  3.17242e-02
 5.89084e+03  3.20005e-02
 5.89110e+03  3.17523e-02
 5.89136e+03  3.18214e-02
 5.89162e+03  3.12638e-02
 5.89188e+03  3.14936e-02
 5.89214e+03  3.12214e-02
 5.89240e+03  3.14078e-02
 5.89267e+03  3.16726e-02
 5.89293e+03  3.04774e-02
 5.89319e+03  3.10891e-02
 5.89345e+03  3.02048e-02
 5.89371e+03  3.03164e-02
 5.89397e+03  3.06771e-02
 5.89423e+03  2.97198e-02
 5.89449e+03  2.96612e-02
 5.89475e+03  3.03187e-02
 5.89502e+03  2.90458e-02
 5.89528e+03  3.02059e-02
 5.89554e+03  2.96592e-02
 5.89580e+03  2.97142e-02
 5.89606e+03  3.00316e-02
 5.89632e+03  2.91987e-02
 5.89658e+03  2.90010e-02
 5.89684e+03  2.93278e-02
 5.89710e+03  2.94701e-02
 5.89737e+03  2.86924e-02
 5.89763e+03  2.83280e-02
 5.89789e+03  2.93369e-02
 5.89815e+03  2.78704e-02
 5.89841e+03  2.79045e-02
 5.89867e+03  2.80561e-02
 5.89893e+03  2.83169e-02
 5.89919e+03  2.86298e-02
 5.89946e+03  2.78473e-02
 5.89972e+03  2.79417e-02
 5.89998e+03  2.84634e-02
 5.90024e+03  2.74675e-02
 5.90050e+03  2.78808e-02
 5.90076e+03  2.67332e-02
 5.90102e+03  2.76443e-02
 5.90128e+03  2.71838e-02
 5.90155e+03  2.66591e-02
 5.90181e+03  2.70996e-02
 5.90207e+03  2.67189e-02
 5.90233e+03  2.65450e-02
 5.90259e+03  2.69666e-02
 5.90285e+03  2.60042e-02
 5.90311e+03  2.68864e-02
 5.90337e+03  2.62632e-02
 5.90364e+03  2.67657e-02
 5.90390e+03  2.60575e-02
 5.90416e+03  2.60795e-02
 5.90442e+03  2.61144e-02
 5.90468e+03  2.62021e-02
 5.90494e+03  2.61877e-02
 5.90520e+03  2.59750e-02
 5.90546e+03  2.57433e-02
 5.90572e+03  2.55746e-02
 5.90599e+03  2.50935e-02
 5.90625e+03  2.58236e-02
 5.90651e+03  2.54339e-02
 5.90677e+03  2.50211e-02
 5.90703e+03  2.50150e-02
 5.90729e+03  2.44298e-02
 5.90755e+03  2.41643e-02
 5.90781e+03  2.44661e-02
 5.90808e+03  2.51508e-02
 5.90834e+03  2.47908e-02
 5.90860e+03  2.42700e-02
 5.90886e+03  2.45115e-02
 5.90912e+03  2.38378e-02
 5.90938e+03  2.46415e-02
 5.90964e+03  2.48815e-02
 5.90990e+03  2.46909e-02
 5.91017e+03  2.36534e-02
 5.91043e+03  2.44251e-02
 5.91069e+03  2.35165e-02
 5.91095e+03  2.42364e-02
 5.91121e+03  2.38931e-02
 5.91147e+03  2.35010e-02
 5.91173e+03  2.34600e-02
 5.91199e+03  2.32060e-02
 5.91225e+03  2.28660e-02
 5.91252e+03  2.30655e-02
 5.91278e+03  2.32721e-02
 5.91304e+03  2.32464e-02
 5.91330e+03  2.29797e-02
 5.91356e+03  2.28744e-02
 5.91382e+03  2.26637e-02
 5.91408e+03  2.28683e-02
 5.91434e+03  2.22564e-02
 5.91461e+03  2.23804e-02
 5.91487e+03  2.23945e-02
 5.91513e+03  2.18666e-02
 5.91539e+03  2.19680e-02
 5.91565e+03  2.15746e-02
 5.91591e+03  2.13407e-02
 5.91617e+03  2.24923e-02
 5.91643e+03  2.13589e-02
 5.91670e+03  2.19858e-02
 5.91696e+03  2.16732e-02
 5.91722e+03  2.11343e-02
 5.91748e+03  2.12388e-02
 5.91774e+03  2.13722e-02
 5.91800e+03  2.16071e-02
 5.91826e+03  2.11585e-02
 5.91852e+03  2.14456e-02
 5.91878e+03  2.10252e-02
 5.91905e+03  2.08070e-02
 5.91931e+03  2.09302e-02
 5.91957e+03  2.13066e-02
 5.91983e+03  2.02065e-02
 5.92009e+03  2.06369e-02
 5.92035e+03  2.05884e-02
 5.92061e+03  2.11123e-02
 5.92087e+03  2.07216e-02
 5.92114e+03  2.02577e-02
 5.92140e+03  2.01472e-02
 5.92166e+03  2.00548e-02
 5.92192e+03  2.00591e-02
 5.92218e+03  2.04257e-02
 5.92244e+03  2.01287e-02
 5.92270e+03  1.97504e-02
 5.92296e+03  2.03573e-02
 5.92323e+03  1.99358e-02
 5.92349e+03  1.95869e-02
 5.92375e+03  2.00830e-02
 5.92401e+03  1.98239e-02
 5.92427e+03  1.94853e-02
 5.92453e+03  2.01330e-02
 5.92479e+03  1.97213e-02
 5.92505e+03  1.95208e-02
 5.92531e+03  1.87999e-02
 5.92558e+03  1.94169e-02
 5.92584e+03  1.90375e-02
 5.92610e+03  1.96808e-02
 5.92636e+03  1.87566e-02
 5.92662e+03  1.89096e-02
 5.92688e+03  1.95330e-02
 5.92714e+03  1.86267e-02
 5.92740e+03  1.87558e-02
 5.92767e+03  1.87983e-02
 5.92793e+03  1.84089e-02
 5.92819e+03  1.84756e-02
 5.92845e+03  1.83757e-02
 5.92871e+03  1.83251e-02
 5.92897e+03  1.76812e-02
 5.92923e+03  1.84309e-02
 5.92949e+03  1.86540e-02
 5.92976e+03  1.80747e-02
 5.93002e+03  1.74604e-02
 5.93028e+03  1.85899e-02
 5.93054e+03  1.89558e-02
 5.93080e+03  1.81081e-02
 5.93106e+03  1.83628e-02
 5.93132e+03  1.78299e-02
 5.93158e+03  1.75167e-02
 5.93184e+03  1.78102e-02
 5.93211e+03  1.79750e-02
 5.93237e+03  1.79140e-02
 5.93263e+03  1.77023e-02
 5.93289e+03  1.75393e-02
 5.93315e+03  1.85819e-01
