   7294.678      3.0230314E-03
   7294.939      3.0524649E-03
   7295.201      3.0892238E-03
   7295.462      3.1335934E-03
   7295.724      3.1860049E-03
   7295.985      3.2466361E-03
   7296.247      3.3148271E-03
   7296.508      3.3889513E-03
   7296.770      3.4667684E-03
   7297.031      3.5462477E-03
   7297.293      3.6258020E-03
   7297.555      3.7041712E-03
   7297.816      3.7795086E-03
   7298.078      3.8489359E-03
   7298.339      3.9097923E-03
   7298.601      3.9608851E-03
   7298.862      4.0042461E-03
   7299.124      4.0435670E-03
   7299.385      4.0818024E-03
   7299.646      4.1190195E-03
   7299.908      4.1516591E-03
   7300.169      4.1755261E-03
   7300.431      4.1888957E-03
   7300.692      4.1952557E-03
   7300.954      4.2028045E-03
   7301.215      4.2217267E-03
   7301.477      4.2592878E-03
   7301.739      4.3162936E-03
   7302.000      4.3870746E-03
   7302.262      4.4623851E-03
   7302.523      4.5345947E-03
   7302.785      4.6010148E-03
   7303.046      4.6647196E-03
   7303.308      4.7307224E-03
   7303.569      4.8025954E-03
   7303.831      4.8810109E-03
   7304.092      4.9641542E-03
   7304.354      5.0498862E-03
   7304.615      5.1363972E-03
   7304.877      5.2221953E-03
   7305.138      5.3043482E-03
   7305.400      5.3780973E-03
   7305.661      5.4382486E-03
   7305.923      5.4813316E-03
   7306.185      5.5074547E-03
   7306.446      5.5214507E-03
   7306.708      5.5313581E-03
   7306.969      5.5462657E-03
   7307.230      5.5736941E-03
   7307.492      5.6184428E-03
   7307.753      5.6821601E-03
   7308.015      5.7642059E-03
   7308.277      5.8630090E-03
   7308.538      5.9776120E-03
   7308.800      6.1070360E-03
   7309.061      6.2498180E-03
   7309.323      6.4017540E-03
   7309.584      6.5546324E-03
   7309.846      6.6983290E-03
   7310.107      6.8241712E-03
   7310.369      6.9281659E-03
   7310.630      7.0129652E-03
   7310.892      7.0858980E-03
   7311.153      7.1555320E-03
   7311.415      7.2293296E-03
   7311.677      7.3121623E-03
   7311.938      7.4068713E-03
   7312.200      7.5145159E-03
   7312.461      7.6343170E-03
   7312.723      7.7622761E-03
   7312.984      7.8921234E-03
   7313.246      8.0170287E-03
   7313.507      8.1334002E-03
   7313.769      8.2437024E-03
   7314.031      8.3545512E-03
   7314.292      8.4736021E-03
   7314.554      8.6054271E-03
   7314.815      8.7505858E-03
   7315.077      8.9064641E-03
   7315.338      9.0695824E-03
   7315.600      9.2361104E-03
   7315.861      9.4031254E-03
   7316.123      9.5683616E-03
   7316.385      9.7303838E-03
   7316.646      9.8891985E-03
   7316.908      1.0045463E-02
   7317.169      1.0199985E-02
   7317.431      1.0353841E-02
   7317.692      1.0508225E-02
   7317.954      1.0664037E-02
   7318.215      1.0823330E-02
   7318.477      1.0988776E-02
   7318.739      1.1163574E-02
   7319.000      1.1350853E-02
   7319.262      1.1552164E-02
   7319.523      1.1767592E-02
   7319.785      1.1995288E-02
   7320.046      1.2232414E-02
   7320.308      1.2475464E-02
   7320.569      1.2720029E-02
   7320.831      1.2962480E-02
   7321.093      1.3200289E-02
   7321.354      1.3433064E-02
   7321.616      1.3661204E-02
   7321.877      1.3885443E-02
   7322.139      1.4106275E-02
   7322.400      1.4324465E-02
   7322.662      1.4542457E-02
   7322.924      1.4763996E-02
   7323.186      1.4993175E-02
   7323.447      1.5232860E-02
   7323.708      1.5484132E-02
   7323.970      1.5746009E-02
   7324.231      1.6017813E-02
   7324.493      1.6299561E-02
   7324.755      1.6593307E-02
   7325.017      1.6901845E-02
   7325.278      1.7226892E-02
   7325.540      1.7567364E-02
   7325.801      1.7918071E-02
   7326.063      1.8271754E-02
   7326.324      1.8622251E-02
   7326.586      1.8967565E-02
   7326.848      1.9311944E-02
   7327.109      1.9664433E-02
   7327.371      2.0034570E-02
   7327.632      2.0427866E-02
   7327.894      2.0843102E-02
   7328.155      2.1273734E-02
   7328.417      2.1711564E-02
   7328.679      2.2150502E-02
   7328.940      2.2588070E-02
   7329.202      2.3024514E-02
   7329.463      2.3461467E-02
   7329.725      2.3901017E-02
   7329.987      2.4345132E-02
   7330.248      2.4796033E-02
   7330.510      2.5256416E-02
   7330.771      2.5729289E-02
   7331.033      2.6216507E-02
   7331.294      2.6719283E-02
   7331.556      2.7237557E-02
   7331.818      2.7771495E-02
   7332.080      2.8321095E-02
   7332.341      2.8885653E-02
   7332.603      2.9463086E-02
   7332.864      3.0050285E-02
   7333.126      3.0646089E-02
   7333.388      3.1252127E-02
   7333.649      3.1872727E-02
   7333.911      3.2512523E-02
   7334.172      3.3173915E-02
   7334.434      3.3857398E-02
   7334.695      3.4563374E-02
   7334.957      3.5293784E-02
   7335.219      3.6051780E-02
   7335.480      3.6839262E-02
   7335.742      3.7654109E-02
   7336.003      3.8489800E-02
   7336.265      3.9337140E-02
   7336.527      4.0188871E-02
   7336.789      4.1043241E-02
   7337.050      4.1903917E-02
   7337.312      4.2778172E-02
   7337.573      4.3672774E-02
   7337.835      4.4591729E-02
   7338.097      4.5536168E-02
   7338.358      4.6505425E-02
   7338.620      4.7498722E-02
   7338.881      4.8515934E-02
   7339.143      4.9558368E-02
   7339.405      5.0628543E-02
   7339.667      5.1728260E-02
   7339.928      5.2858159E-02
   7340.189      5.4017339E-02
   7340.451      5.5205289E-02
   7340.713      5.6423903E-02
   7340.975      5.7678491E-02
   7341.236      5.8976684E-02
   7341.498      6.0324647E-02
   7341.759      6.1723031E-02
   7342.021      6.3166179E-02
   7342.283      6.4643353E-02
   7342.544      6.6143513E-02
   7342.806      6.7660280E-02
   7343.067      6.9194160E-02
   7343.329      7.0751287E-02
   7343.591      7.2338551E-02
   7343.853      7.3959269E-02
   7344.114      7.5611874E-02
   7344.376      7.7292264E-02
   7344.637      7.8998975E-02
   7344.899      8.0737077E-02
   7345.161      8.2517907E-02
   7345.422      8.4356196E-02
   7345.684      8.6263180E-02
   7345.946      8.8241875E-02
   7346.208      9.0287037E-02
   7346.469      9.2388317E-02
   7346.730      9.4535299E-02
   7346.992      9.6722528E-02
   7347.254      9.8949924E-02
   7347.516      0.1012213    
   7347.777      0.1035404    
   7348.039      0.1059103    
   7348.300      0.1083333    
   7348.562      0.1108102    
   7348.824      0.1133418    
   7349.085      0.1159278    
   7349.347      0.1185666    
   7349.609      0.1212574    
   7349.871      0.1240027    
   7350.132      0.1268085    
   7350.394      0.1296837    
   7350.655      0.1326355    
   7350.917      0.1356664    
   7351.179      0.1387721    
   7351.440      0.1419455    
   7351.702      0.1451797    
   7351.964      0.1484726    
   7352.226      0.1518278    
   7352.487      0.1552520    
   7352.749      0.1587502    
   7353.010      0.1623217    
   7353.272      0.1659615    
   7353.534      0.1696644    
   7353.795      0.1734318    
   7354.057      0.1772718    
   7354.319      0.1811958    
   7354.581      0.1852095    
   7354.842      0.1893107    
   7355.104      0.1934907    
   7355.365      0.1977403    
   7355.627      0.2020561    
   7355.889      0.2064397    
   7356.150      0.2108937    
   7356.412      0.2154167    
   7356.674      0.2200050    
   7356.936      0.2246569    
   7357.197      0.2293796    
   7357.459      0.2341881    
   7357.721      0.2390971    
   7357.982      0.2441080    
   7358.244      0.2492026    
   7358.506      0.2543486    
   7358.767      0.2595155    
   7359.029      0.2646876    
   7359.291      0.2698702    
   7359.552      0.2750840    
   7359.814      0.2803553    
   7360.076      0.2857071    
   7360.337      0.2911534    
   7360.599      0.2966985    
   7360.861      0.3023350    
   7361.123      0.3080446    
   7361.384      0.3138045    
   7361.646      0.3195955    
   7361.908      0.3254073    
   7362.169      0.3312415    
   7362.431      0.3371044    
   7362.693      0.3429984    
   7362.955      0.3489151    
   7363.216      0.3548370    
   7363.478      0.3607440    
   7363.740      0.3666243    
   7364.001      0.3724765    
   7364.263      0.3783080    
   7364.524      0.3841286    
   7364.786      0.3899458    
   7365.048      0.3957641    
   7365.310      0.4015841    
   7365.571      0.4074094    
   7365.833      0.4132467    
   7366.095      0.4191071    
   7366.356      0.4249987    
   7366.618      0.4309208    
   7366.880      0.4368598    
   7367.142      0.4427897    
   7367.403      0.4486839    
   7367.665      0.4545227    
   7367.927      0.4602961    
   7368.188      0.4660026    
   7368.450      0.4716433    
   7368.712      0.4772207    
   7368.974      0.4827347    
   7369.235      0.4881851    
   7369.497      0.4935731    
   7369.759      0.4989037    
   7370.021      0.5041842    
   7370.282      0.5094188    
   7370.544      0.5146039    
   7370.806      0.5197240    
   7371.067      0.5247566    
   7371.329      0.5296801    
   7371.591      0.5344862    
   7371.853      0.5391828    
   7372.114      0.5437894    
   7372.376      0.5483309    
   7372.638      0.5528280    
   7372.899      0.5572938    
   7373.161      0.5617334    
   7373.423      0.5661427    
   7373.685      0.5705119    
   7373.946      0.5748265    
   7374.208      0.5790719    
   7374.470      0.5832421    
   7374.731      0.5873435    
   7374.994      0.5913891    
   7375.255      0.5953906    
   7375.517      0.5993450    
   7375.779      0.6032336    
   7376.041      0.6070279    
   7376.302      0.6107012    
   7376.564      0.6142411    
   7376.826      0.6176531    
   7377.087      0.6209604    
   7377.349      0.6241958    
   7377.611      0.6273943    
   7377.873      0.6305804    
   7378.134      0.6337590    
   7378.396      0.6369125    
   7378.658      0.6400132    
   7378.919      0.6430368    
   7379.181      0.6459762    
   7379.443      0.6488339    
   7379.705      0.6516138    
   7379.966      0.6543095    
   7380.229      0.6569061    
   7380.490      0.6593913    
   7380.752      0.6617682    
   7381.014      0.6640583    
   7381.275      0.6663005    
   7381.537      0.6685341    
   7381.799      0.6707850    
   7382.061      0.6730545    
   7382.322      0.6753241    
   7382.584      0.6775664    
   7382.846      0.6797577    
   7383.107      0.6818886    
   7383.369      0.6839589    
   7383.631      0.6859699    
   7383.893      0.6879157    
   7384.155      0.6897832    
   7384.417      0.6915581    
   7384.678      0.6932409    
   7384.940      0.6948590    
   7385.202      0.6964641    
   7385.463      0.6981097    
   7385.725      0.6998264    
   7385.987      0.7016034    
   7386.249      0.7034022    
   7386.511      0.7051804    
   7386.772      0.7069128    
   7387.034      0.7085985    
   7387.296      0.7102481    
   7387.558      0.7118666    
   7387.819      0.7134491    
   7388.081      0.7149854    
   7388.343      0.7164665    
   7388.605      0.7178904    
   7388.867      0.7192594    
   7389.128      0.7205776    
   7389.390      0.7218496    
   7389.652      0.7230870    
   7389.914      0.7243090    
   7390.175      0.7255443    
   7390.437      0.7268151    
   7390.699      0.7281300    
   7390.961      0.7294731    
   7391.223      0.7308088    
   7391.484      0.7320983    
   7391.746      0.7333176    
   7392.008      0.7344629    
   7392.270      0.7355484    
   7392.532      0.7365997    
   7392.793      0.7376426    
   7393.055      0.7386987    
   7393.317      0.7397783    
   7393.579      0.7408736    
   7393.840      0.7419572    
   7394.102      0.7429941    
   7394.364      0.7439559    
   7394.626      0.7448358    
   7394.888      0.7456471    
   7395.149      0.7464043    
   7395.411      0.7471134    
   7395.673      0.7477750    
   7395.935      0.7483995    
   7396.197      0.7490224    
   7396.458      0.7496977    
   7396.720      0.7504773    
   7396.982      0.7513826    
   7397.244      0.7523902    
   7397.506      0.7534421    
   7397.768      0.7544675    
   7398.029      0.7554102    
   7398.291      0.7562413    
   7398.553      0.7569606    
   7398.814      0.7575877    
   7399.077      0.7581483    
   7399.338      0.7586675    
   7399.600      0.7591637    
   7399.862      0.7596485    
   7400.124      0.7601255    
   7400.386      0.7605914    
   7400.647      0.7610339    
   7400.909      0.7614361    
   7401.171      0.7617815    
   7401.433      0.7620578    
   7401.695      0.7622659    
   7401.957      0.7624189    
   7402.218      0.7625412    
   7402.480      0.7626591    
   7402.742      0.7627894    
   7403.004      0.7629308    
   7403.266      0.7630629    
   7403.527      0.7631570    
   7403.789      0.7631885    
   7404.051      0.7631514    
   7404.313      0.7630668    
   7404.575      0.7629733    
   7404.836      0.7629134    
   7405.098      0.7629148    
   7405.360      0.7629782    
   7405.622      0.7630737    
   7405.884      0.7631522    
   7406.146      0.7631601    
   7406.407      0.7630574    
   7406.669      0.7628310    
   7406.931      0.7624921    
   7407.193      0.7620702    
   7407.455      0.7615962    
   7407.717      0.7610974    
   7407.979      0.7605913    
   7408.240      0.7600906    
   7408.502      0.7596009    
   7408.764      0.7591188    
   7409.026      0.7586371    
   7409.288      0.7581504    
   7409.549      0.7576689    
   7409.812      0.7572117    
   7410.073      0.7567999    
   7410.335      0.7564396    
   7410.597      0.7561186    
   7410.859      0.7558092    
   7411.121      0.7554865    
   7411.382      0.7551337    
   7411.644      0.7547461    
   7411.906      0.7543260    
   7412.168      0.7538794    
   7412.430      0.7534122    
   7412.691      0.7529268    
   7412.954      0.7524121    
   7413.215      0.7518477    
   7413.477      0.7512097    
   7413.739      0.7504937    
   7414.001      0.7497210    
   7414.263      0.7489382    
   7414.524      0.7481950    
   7414.787      0.7475206    
   7415.048      0.7469108    
   7415.310      0.7463306    
   7415.572      0.7457311    
   7415.834      0.7450674    
   7416.096      0.7443148    
   7416.357      0.7434717    
   7416.620      0.7425540    
   7416.881      0.7415816    
   7417.143      0.7405730    
   7417.405      0.7395415    
   7417.667      0.7385035    
   7417.929      0.7374802    
   7418.190      0.7365000    
   7418.453      0.7355922    
   7418.714      0.7347806    
   7418.976      0.7340684    
   7419.238      0.7334362    
   7419.500      0.7328398    
   7419.762      0.7322245    
   7420.024      0.7315418    
   7420.286      0.7307673    
   7420.547      0.7299116    
   7420.810      0.7290138    
   7421.071      0.7281238    
   7421.333      0.7272810    
   7421.595      0.7265051    
   7421.857      0.7257957    
   7422.119      0.7251422    
   7422.381      0.7245311    
   7422.643      0.7239491    
   7422.904      0.7233827    
   7423.167      0.7228155    
   7423.428      0.7222305    
   7423.690      0.7216138    
   7423.952      0.7209593    
   7424.214      0.7202738    
   7424.476      0.7195782    
   7424.738      0.7189064    
   7425.000      0.7182968    
   7425.261      0.7177813    
   7425.523      0.7173727    
   7425.785      0.7170594    
   7426.047      0.7168105    
   7426.309      0.7165854    
   7426.571      0.7163478    
   7426.833      0.7160718    
   7427.095      0.7157425    
   7427.356      0.7153520    
   7427.618      0.7148985    
   7427.880      0.7143851    
   7428.142      0.7138271    
   7428.404      0.7132574    
   7428.666      0.7127246    
   7428.928      0.7122830    
   7429.190      0.7119709    
   7429.452      0.7117957    
   7429.713      0.7117345    
   7429.976      0.7117451    
   7430.237      0.7117845    
   7430.500      0.7118211    
   7430.761      0.7118367    
   7431.023      0.7118245    
   7431.285      0.7117851    
   7431.547      0.7117200    
   7431.809      0.7116324    
   7432.071      0.7115253    
   7432.333      0.7113994    
   7432.595      0.7112544    
   7432.856      0.7110884    
   7433.118      0.7109087    
   7433.380      0.7107369    
   7433.642      0.7106119    
   7433.904      0.7105748    
   7434.166      0.7106495    
   7434.428      0.7108263    
   7434.690      0.7110568    
   7434.952      0.7112754    
   7435.214      0.7114256    
   7435.476      0.7114849    
   7435.738      0.7114761    
   7436.000      0.7114546    
   7436.261      0.7114841    
   7436.523      0.7116111    
   7436.785      0.7118487    
   7437.047      0.7121757    
   7437.309      0.7125441    
   7437.571      0.7128964    
   7437.833      0.7131810    
   7438.095      0.7133639    
   7438.357      0.7134325    
   7438.619      0.7133890    
   7438.881      0.7132428    
   7439.143      0.7130074    
   7439.404      0.7127000    
   7439.667      0.7123469    
   7439.928      0.7119739    
   7440.190      0.7116020    
   7440.452      0.7112346    
   7440.714      0.7108574    
   7440.976      0.7104446    
   7441.238      0.7099714    
   7441.500      0.7094244    
   7441.762      0.7088021    
   7442.024      0.7081111    
   7442.286      0.7073511    
   7442.548      0.7065129    
   7442.810      0.7055780    
   7443.072      0.7045346    
   7443.333      0.7033904    
   7443.596      0.7021731    
   7443.857      0.7009124    
   7444.120      0.6996186    
   7444.381      0.6982676    
   7444.643      0.6968089    
   7444.905      0.6951877    
   7445.167      0.6933683    
   7445.429      0.6913460    
   7445.691      0.6891465    
   7445.953      0.6868113    
   7446.215      0.6843828    
   7446.477      0.6818881    
   7446.739      0.6793311    
   7447.001      0.6766978    
   7447.263      0.6739599    
   7447.525      0.6710836    
   7447.787      0.6680335    
   7448.049      0.6647786    
   7448.311      0.6612969    
   7448.573      0.6575890    
   7448.834      0.6536800    
   7449.097      0.6496118    
   7449.358      0.6454295    
   7449.621      0.6411663    
   7449.882      0.6368384    
   7450.145      0.6324466    
   7450.406      0.6279772    
   7450.668      0.6234050    
   7450.930      0.6186995    
   7451.192      0.6138293    
   7451.454      0.6087711    
   7451.716      0.6035126    
   7451.978      0.5980516    
   7452.240      0.5923972    
   7452.502      0.5865670    
   7452.764      0.5805848    
   7453.026      0.5744776    
   7453.288      0.5682687    
   7453.550      0.5619728    
   7453.812      0.5555940    
   7454.074      0.5491274    
   7454.336      0.5425634    
   7454.598      0.5358973    
   7454.860      0.5291353    
   7455.122      0.5222934    
   7455.384      0.5153931    
   7455.646      0.5084499    
   7455.908      0.5014666    
   7456.170      0.4944327    
   7456.432      0.4873260    
   7456.694      0.4801228    
   7456.956      0.4728096    
   7457.218      0.4653910    
   7457.479      0.4578960    
   7457.742      0.4503721    
   7458.003      0.4428729    
   7458.266      0.4354430    
   7458.528      0.4281066    
   7458.790      0.4208636    
   7459.052      0.4136985    
   7459.313      0.4065885    
   7459.576      0.3995140    
   7459.837      0.3924630    
   7460.100      0.3854333    
   7460.362      0.3784319    
   7460.624      0.3714705    
   7460.886      0.3645616    
   7461.147      0.3577139    
   7461.410      0.3509279    
   7461.671      0.3441950    
   7461.934      0.3374997    
   7462.196      0.3308263    
   7462.458      0.3241674    
   7462.720      0.3175287    
   7462.981      0.3109315    
   7463.244      0.3044062    
   7463.505      0.2979849    
   7463.768      0.2916927    
   7464.030      0.2855430    
   7464.292      0.2795351    
   7464.554      0.2736585    
   7464.815      0.2678986    
   7465.078      0.2622445    
   7465.340      0.2566927    
   7465.602      0.2512431    
   7465.864      0.2458933    
   7466.125      0.2406337    
   7466.388      0.2354500    
   7466.650      0.2303286    
   7466.912      0.2252643    
   7467.174      0.2202622    
   7467.436      0.2153361    
   7467.698      0.2105019    
   7467.960      0.2057730    
   7468.222      0.2011564    
   7468.484      0.1966525    
   7468.746      0.1922567    
   7469.008      0.1879616    
   7469.270      0.1837596    
   7469.532      0.1796448    
   7469.794      0.1756151    
   7470.056      0.1716706    
   7470.318      0.1678108    
   7470.580      0.1640301    
   7470.842      0.1603190    
   7471.104      0.1566664    
   7471.366      0.1530681    
   7471.628      0.1495297    
   7471.890      0.1460665    
   7472.152      0.1426974    
   7472.414      0.1394363    
   7472.676      0.1362861    
   7472.938      0.1332382    
   7473.200      0.1302758    
   7473.462      0.1273830    
   7473.725      0.1245491    
   7473.986      0.1217705    
   7474.249      0.1190477    
   7474.510      0.1163817    
   7474.772      0.1137725    
   7475.035      0.1112197    
   7475.296      0.1087246    
   7475.559      0.1062904    
   7475.821      0.1039227    
   7476.083      0.1016261    
   7476.345      9.9401884E-02
   7476.607      9.7246803E-02
   7476.869      9.5151812E-02
   7477.131      9.3102664E-02
   7477.393      9.1082834E-02
   7477.655      8.9078233E-02
   7477.917      8.7084033E-02
   7478.179      8.5108429E-02
   7478.441      8.3170734E-02
   7478.703      8.1292801E-02
   7478.965      7.9488449E-02
   7479.228      7.7756099E-02
   7479.489      7.6081336E-02
   7479.751      7.4444145E-02
   7480.014      7.2830394E-02
   7480.275      7.1237028E-02
   7480.538      6.9670863E-02
   7480.800      6.8142265E-02
   7481.062      6.6658244E-02
   7481.324      6.5219812E-02
   7481.586      6.3823231E-02
   7481.848      6.2463813E-02
   7482.110      6.1138455E-02
   7482.372      5.9845824E-02
   7482.634      5.8585681E-02
   7482.896      5.7356510E-02
   7483.158      5.6155849E-02
   7483.420      5.4980878E-02
   7483.682      5.3829912E-02
   7483.944      5.2703749E-02
   7484.207      5.1603947E-02
   7484.468      5.0530538E-02
   7484.730      4.9480371E-02
   7484.993      4.8447810E-02
   7485.255      4.7428224E-02
   7485.517      4.6421990E-02
   7485.779      4.5435421E-02
   7486.041      4.4478305E-02
   7486.303      4.3559119E-02
   7486.565      4.2680215E-02
   7486.827      4.1836403E-02
   7487.089      4.1017123E-02
   7487.351      4.0212385E-02
   7487.613      3.9418388E-02
   7487.875      3.8639095E-02
   7488.138      3.7882868E-02
   7488.399      3.7155461E-02
   7488.662      3.6455367E-02
   7488.924      3.5772976E-02
   7489.186      3.5096433E-02
   7489.448      3.4417555E-02
   7489.710      3.3736616E-02
   7489.972      3.3061810E-02
   7490.234      3.2405019E-02
   7490.496      3.1776294E-02
   7490.758      3.1180279E-02
   7491.021      3.0615658E-02
   7491.283      3.0076481E-02
   7491.544      2.9554727E-02
   7491.807      2.9042093E-02
   7492.069      2.8531482E-02
   7492.331      2.8017839E-02
   7492.593      2.7499070E-02
   7492.855      2.6975967E-02
   7493.117      2.6450777E-02
   7493.379      2.5926508E-02
   7493.642      2.5406472E-02
   7493.903      2.4894705E-02
   7494.166      2.4396511E-02
   7494.428      2.3917250E-02
   7494.690      2.3460247E-02
   7494.952      2.3025414E-02
   7495.214      2.2609707E-02
   7495.476      2.2208769E-02
   7495.738      2.1819837E-02
   7496.000      2.1442359E-02
   7496.262      2.1076849E-02
   7496.524      2.0723656E-02
   7496.787      2.0381298E-02
   7497.049      2.0047206E-02
   7497.311      1.9717602E-02
   7497.573      1.9388961E-02
   7497.835      1.9058678E-02
   7498.097      1.8726498E-02
   7498.359      1.8394686E-02
   7498.622      1.8067276E-02
   7498.883      1.7749364E-02
   7499.146      1.7443476E-02
   7499.408      1.7148623E-02
   7499.670      1.6859839E-02
   7499.932      1.6571065E-02
   7500.194      1.6278127E-02
   7500.456      1.5982172E-02
   7500.718      1.5688898E-02
   7500.980      1.5407227E-02
   7501.243      1.5145501E-02
   7501.505      1.4907357E-02
   7501.767      1.4689906E-02
   7502.029      1.4484109E-02
   7502.291      1.4278127E-02
   7502.553      1.4062765E-02
   7502.815      1.3835005E-02
   7503.077      1.3599398E-02
   7503.339      1.3365461E-02
   7503.602      1.3143058E-02
   7503.864      1.2938504E-02
   7504.126      1.2751199E-02
   7504.388      1.2574510E-02
   7504.650      1.2398906E-02
   7504.912      1.2217895E-02
   7505.174      1.2030707E-02
   7505.437      1.1841701E-02
   7505.699      1.1655970E-02
   7505.961      1.1475224E-02
   7506.223      1.1296701E-02
   7506.485      1.1117028E-02
   7506.747      1.0935308E-02
   7507.009      1.0755384E-02
   7507.271      1.0583172E-02
   7507.534      1.0421569E-02
   7507.796      1.0267335E-02
   7508.058      1.0111775E-02
   7508.320      9.9456618E-03
   7508.582      9.7657079E-03
   7508.844      9.5774885E-03
   7509.106      9.3927793E-03
   7509.369      9.2235152E-03
   7509.631      9.0754610E-03
   7509.893      8.9470474E-03
   7510.155      8.8321399E-03
   7510.417      8.7246355E-03
   7510.679      8.6221360E-03
   7510.941      8.5244728E-03
   7511.204      8.4317122E-03
   7511.466      8.3415303E-03
   7511.728      8.2495566E-03
   7511.990      8.1509631E-03
   7512.252      8.0433302E-03
   7512.514      7.9281051E-03
   7512.776      7.8094197E-03
   7513.039      7.6920693E-03
   7513.301      7.5793080E-03
   7513.563      7.4707493E-03
   7513.825      7.3642391E-03
   7514.087      7.2581647E-03
   7514.350      7.1536391E-03
   7514.612      7.0546442E-03
   7514.874      6.9660670E-03
   7515.136      6.8898434E-03
   7515.398      6.8228128E-03
   7515.660      6.7569516E-03
   7515.922      6.6831075E-03
   7516.185      6.5960274E-03
   7516.447      6.4971657E-03
   7516.709      6.3948990E-03
   7516.971      6.2997104E-03
   7517.233      6.2196469E-03
   7517.496      6.1563049E-03
   7517.758      6.1054952E-03
   7518.020      6.0595735E-03
   7518.282      6.0110460E-03
   7518.544      5.9544197E-03
   7518.806      5.8875424E-03
   7519.068      5.8112354E-03
   7519.331      5.7291440E-03
   7519.593      5.6467513E-03
   7519.855      5.5695884E-03
   7520.117      5.5009630E-03
   7520.379      5.4398230E-03
   7520.642      5.3808531E-03
   7520.904      5.3175730E-03
   7521.166      5.2461657E-03
   7521.428      5.1680445E-03
   7521.690      5.0886800E-03
   7521.953      5.0145811E-03
   7522.215      4.9486724E-03
   7522.477      4.8888666E-03
   7522.739      4.8296414E-03
   7523.001      4.7659157E-03
   7523.263      4.6976171E-03
   7523.525      4.6301843E-03
   7523.788      4.5716693E-03
   7524.050      4.5277234E-03
   7524.312      4.4975351E-03
   7524.574      4.4739409E-03
   7524.836      4.4472166E-03
   7525.099      4.4095879E-03
   7525.361      4.3572681E-03
   7525.623      4.2906734E-03
   7525.885      4.2125382E-03
   7526.147      4.1268133E-03
   7526.410      4.0381746E-03
   7526.672      3.9524999E-03
   7526.934      3.8761524E-03
   7527.196      3.8156293E-03
   7527.458      3.7757044E-03
   7527.721      3.7572838E-03
   7527.983      3.7571574E-03
   7528.245      3.7680231E-03
   7528.507      3.7815648E-03
   7528.770      3.7903499E-03
   7529.032      3.7896615E-03
   7529.294      3.7771624E-03
   7529.556      3.7518884E-03
   7529.818      3.7131994E-03
   7530.081      3.6618595E-03
   7530.343      3.6010358E-03
   7530.605      3.5363883E-03
   7530.867      3.4740102E-03
   7531.129      3.4173257E-03
   7531.392      3.3655369E-03
   7531.654      3.3141212E-03
   7531.916      3.2581009E-03
   7532.178      3.1949615E-03
   7532.440      3.1270466E-03
   7532.703      3.0623171E-03
   7532.965      3.0108339E-03
   7533.227      2.9801137E-03
   7533.489      2.9716420E-03
   7533.751      2.9794818E-03
   7534.014      2.9946056E-03
   7534.276      3.0089181E-03
   7534.538      3.0192989E-03
   7534.800      3.0260447E-03
   7535.063      3.0300072E-03
   7535.325      3.0303998E-03
   7535.587      3.0238619E-03
   7535.849      3.0061968E-03
   7536.111      2.9748320E-03
   7536.374      2.9312714E-03
   7536.636      2.8809186E-03
   7536.898      2.8319163E-03
   7537.160      2.7913752E-03
   7537.422      2.7627731E-03
   7537.685      2.7442744E-03
   7537.947      2.7306417E-03
   7538.209      2.7155094E-03
   7538.472      2.6938710E-03
   7538.734      2.6635667E-03
   7538.996      2.6249387E-03
   7539.258      2.5800513E-03
   7539.521      2.5322575E-03
   7539.783      2.4855928E-03
   7540.045      2.4445555E-03
   7540.307      2.4120563E-03
   7540.569      2.3895151E-03
   7540.832      2.3763683E-03
   7541.094      2.3696807E-03
   7541.356      2.3655863E-03
   7541.618      2.3592934E-03
   7541.880      2.3470870E-03
   7542.143      2.3275851E-03
   7542.405      2.3029179E-03
   7542.667      2.2780015E-03
   7542.930      2.2591155E-03
   7543.192      2.2506705E-03
   7543.454      2.2538693E-03
   7543.716      2.2659053E-03
   7543.979      2.2812423E-03
   7544.241      2.2937115E-03
   7544.503      2.2978736E-03
   7544.765      2.2910235E-03
   7545.027      2.2735037E-03
   7545.290      2.2497394E-03
   7545.552      2.2260747E-03
   7545.814      2.2083265E-03
   7546.077      2.2001753E-03
   7546.339      2.2002405E-03
   7546.601      2.2034936E-03
   7546.863      2.2031043E-03
   7547.125      2.1936512E-03
   7547.388      2.1731900E-03
   7547.650      2.1438051E-03
   7547.912      2.1105888E-03
   7548.175      2.0794214E-03
   7548.437      2.0547891E-03
   7548.699      2.0386623E-03
   7548.961      2.0299931E-03
   7549.224      2.0248601E-03
   7549.486      2.0177581E-03
   7549.748      2.0042381E-03
   7550.010      1.9824686E-03
   7550.273      1.9536044E-03
   7550.535      1.9204874E-03
   7550.797      1.8860277E-03
   7551.060      1.8529447E-03
   7551.322      1.8247777E-03
   7551.584      1.8061256E-03
   7551.846      1.8005506E-03
   7552.109      1.8097630E-03
   7552.371      1.8314776E-03
   7552.633      1.8600646E-03
   7552.896      1.8867664E-03
   7553.158      1.9021482E-03
   7553.420      1.8982132E-03
   7553.682      1.8715861E-03
   7553.944      1.8248074E-03
   7554.207      1.7657951E-03
   7554.469      1.7047297E-03
   7554.731      1.6512722E-03
   7554.994      1.6122287E-03
   7555.256      1.5916022E-03
   7555.518      1.5905534E-03
   7555.781      1.6078764E-03
   7556.043      1.6395758E-03
   7556.305      1.6790662E-03
   7556.567      1.7191420E-03
   7556.830      1.7542721E-03
   7557.092      1.7823443E-03
   7557.354      1.8032595E-03
   7557.617      1.8162305E-03
   7557.879      1.8172585E-03
   7558.141      1.8006096E-03
   7558.403      1.7631577E-03
   7558.666      1.7089802E-03
   7558.928      1.6493245E-03
   7559.190      1.5980345E-03
   7559.453      1.5652118E-03
   7559.715      1.5532203E-03
   7559.977      1.5563712E-03
   7560.240      1.5651450E-03
   7560.502      1.5707529E-03
   7560.764      1.5683005E-03
   7561.026      1.5568787E-03
   7561.289      1.5381841E-03
   7561.551      1.5148988E-03
   7561.813      1.4899729E-03
   7562.076      1.4663251E-03
   7562.338      1.4467031E-03
   7562.600      1.4328108E-03
