3.50162e+03 1.85385e-02 
3.50368e+03 1.85385e-02 
3.50574e+03 1.85385e-02 
3.50780e+03 1.83128e-02 
3.50986e+03 1.88358e-02 
3.51192e+03 1.88358e-02 
3.51398e+03 1.88358e-02 
3.51604e+03 1.85663e-02 
3.51810e+03 1.88358e-02 
3.52016e+03 1.85663e-02 
3.52222e+03 1.82459e-02 
3.52428e+03 1.76227e-02 
3.52634e+03 1.82459e-02 
3.52840e+03 1.82459e-02 
3.53046e+03 1.82459e-02 
3.53252e+03 1.83269e-02 
3.53458e+03 1.92220e-02 
3.53664e+03 1.87146e-02 
3.53870e+03 1.92220e-02 
3.54076e+03 1.95077e-02 
3.54282e+03 1.95077e-02 
3.54488e+03 1.95077e-02 
3.54694e+03 2.02057e-02 
3.54900e+03 2.02057e-02 
3.55106e+03 2.04333e-02 
3.55312e+03 2.04333e-02 
3.55518e+03 1.88250e-02 
3.55724e+03 1.85724e-02 
3.55930e+03 1.88250e-02 
3.56136e+03 1.88250e-02 
3.56342e+03 1.91943e-02 
3.56548e+03 1.91943e-02 
3.56754e+03 2.02961e-02 
3.56960e+03 1.91943e-02 
3.57166e+03 1.97834e-02 
3.57372e+03 1.96453e-02 
3.57578e+03 1.96453e-02 
3.57784e+03 1.96453e-02 
3.57990e+03 1.97834e-02 
3.58196e+03 2.17663e-02 
3.58402e+03 2.17663e-02 
3.58608e+03 2.17663e-02 
3.58814e+03 2.09278e-02 
3.59020e+03 2.09278e-02 
3.59226e+03 2.09278e-02 
3.59432e+03 2.11780e-02 
3.59638e+03 2.13467e-02 
3.59844e+03 2.13467e-02 
3.60050e+03 2.11780e-02 
3.60256e+03 2.11780e-02 
3.60462e+03 2.20258e-02 
3.60668e+03 2.20258e-02 
3.60874e+03 2.20258e-02 
3.61080e+03 2.20258e-02 
3.61286e+03 2.26867e-02 
3.61492e+03 2.19233e-02 
3.61698e+03 2.19233e-02 
3.61904e+03 2.19233e-02 
3.62110e+03 2.22254e-02 
3.62316e+03 2.22254e-02 
3.62522e+03 2.22254e-02 
3.62728e+03 2.07963e-02 
3.62934e+03 2.22254e-02 
3.63140e+03 2.07963e-02 
3.63346e+03 2.07963e-02 
3.63552e+03 2.07334e-02 
3.63758e+03 2.07334e-02 
3.63964e+03 2.07334e-02 
3.64170e+03 2.34511e-02 
3.64376e+03 2.03377e-02 
3.64582e+03 2.32372e-02 
3.64788e+03 2.33536e-02 
3.64994e+03 2.32372e-02 
3.65200e+03 2.32372e-02 
3.65406e+03 2.32372e-02 
3.65612e+03 2.33536e-02 
3.65818e+03 2.31151e-02 
3.66024e+03 2.46282e-02 
3.66230e+03 2.42112e-02 
3.66436e+03 2.42112e-02 
3.66642e+03 2.36202e-02 
3.66848e+03 2.42112e-02 
3.67054e+03 2.42112e-02 
3.67260e+03 2.42457e-02 
3.67466e+03 2.42743e-02 
3.67672e+03 2.44171e-02 
3.67878e+03 2.44171e-02 
3.68084e+03 2.52142e-02 
3.68290e+03 2.52142e-02 
3.68496e+03 2.52142e-02 
3.68702e+03 2.52142e-02 
3.68908e+03 2.43528e-02 
3.69114e+03 2.39185e-02 
3.69320e+03 2.43528e-02 
3.69526e+03 2.39185e-02 
3.69732e+03 2.39185e-02 
3.69938e+03 2.39185e-02 
3.70144e+03 2.34593e-02 
3.70350e+03 2.34593e-02 
3.70556e+03 2.34593e-02 
3.70762e+03 2.34593e-02 
3.70968e+03 2.47666e-02 
3.71174e+03 2.63573e-02 
3.71380e+03 2.60949e-02 
3.71586e+03 2.60949e-02 
3.71792e+03 2.60949e-02 
3.71998e+03 2.60446e-02 
3.72204e+03 2.51376e-02 
3.72410e+03 2.50963e-02 
3.72616e+03 2.51376e-02 
3.72822e+03 2.50963e-02 
3.73028e+03 2.50963e-02 
3.73234e+03 2.55244e-02 
3.73440e+03 2.55244e-02 
3.73646e+03 2.55244e-02 
3.73852e+03 2.57149e-02 
3.74058e+03 2.72297e-02 
3.74264e+03 2.57149e-02 
3.74470e+03 2.72297e-02 
3.74676e+03 2.72297e-02 
3.74882e+03 2.74176e-02 
3.75088e+03 2.70536e-02 
3.75294e+03 2.70536e-02 
3.75500e+03 2.70536e-02 
3.75706e+03 2.67739e-02 
3.75912e+03 2.67739e-02 
3.76118e+03 2.71261e-02 
3.76324e+03 2.75498e-02 
3.76530e+03 2.75498e-02 
3.76736e+03 2.88591e-02 
3.76942e+03 2.88591e-02 
3.77148e+03 2.91017e-02 
3.77354e+03 2.88591e-02 
3.77560e+03 2.91017e-02 
3.77766e+03 3.10809e-02 
3.77972e+03 3.10809e-02 
3.78178e+03 2.93580e-02 
3.78384e+03 2.93580e-02 
3.78590e+03 2.91141e-02 
3.78796e+03 2.91141e-02 
3.79002e+03 2.91141e-02 
3.79208e+03 2.81710e-02 
3.79414e+03 2.91141e-02 
3.79620e+03 2.97475e-02 
3.79826e+03 2.81710e-02 
3.80032e+03 2.81710e-02 
3.80238e+03 2.97475e-02 
3.80444e+03 3.07541e-02 
3.80650e+03 2.92758e-02 
3.80856e+03 3.07541e-02 
3.81062e+03 3.07541e-02 
3.81268e+03 2.92758e-02 
3.81474e+03 2.92758e-02 
3.81680e+03 3.17932e-02 
3.81886e+03 2.92583e-02 
3.82092e+03 2.93232e-02 
3.82298e+03 3.06214e-02 
3.82504e+03 3.06214e-02 
3.82710e+03 2.97948e-02 
3.82916e+03 3.06214e-02 
3.83122e+03 3.14401e-02 
3.83328e+03 3.16872e-02 
3.83534e+03 3.16872e-02 
3.83740e+03 3.16872e-02 
3.83946e+03 3.16872e-02 
3.84152e+03 3.16872e-02 
3.84358e+03 3.16835e-02 
3.84564e+03 3.11290e-02 
3.84770e+03 3.27921e-02 
3.84976e+03 3.22486e-02 
3.85182e+03 3.22486e-02 
3.85388e+03 3.22486e-02 
3.85594e+03 3.34891e-02 
3.85800e+03 3.34891e-02 
3.86006e+03 3.59321e-02 
3.86212e+03 3.35452e-02 
3.86418e+03 3.60380e-02 
3.86624e+03 3.60380e-02 
3.86830e+03 3.55999e-02 
3.87036e+03 3.35452e-02 
3.87242e+03 3.30321e-02 
3.87448e+03 3.28594e-02 
3.87654e+03 3.28594e-02 
3.87860e+03 3.28594e-02 
3.88066e+03 3.44255e-02 
3.88272e+03 3.44255e-02 
3.88478e+03 3.46938e-02 
3.88684e+03 3.58604e-02 
3.88890e+03 3.58604e-02 
3.89096e+03 3.47013e-02 
3.89302e+03 3.57522e-02 
3.89508e+03 3.57522e-02 
3.89714e+03 3.57522e-02 
3.89920e+03 3.69257e-02 
3.90126e+03 3.69257e-02 
3.90332e+03 3.69345e-02 
3.90538e+03 3.79950e-02 
3.90744e+03 3.79950e-02 
3.90950e+03 3.81504e-02 
3.91156e+03 3.85212e-02 
3.91362e+03 3.96536e-02 
3.91568e+03 3.96536e-02 
3.91774e+03 3.96536e-02 
3.91980e+03 3.96536e-02 
3.92186e+03 3.87548e-02 
3.92392e+03 3.87548e-02 
3.92598e+03 3.87548e-02 
3.92804e+03 3.92456e-02 
3.93010e+03 4.12506e-02 
3.93216e+03 4.18613e-02 
3.93422e+03 4.14680e-02 
3.93628e+03 4.14680e-02 
3.93834e+03 4.27058e-02 
3.94040e+03 4.27202e-02 
3.94246e+03 4.27202e-02 
3.94452e+03 4.27202e-02 
3.94658e+03 4.27202e-02 
3.94864e+03 4.21335e-02 
3.95070e+03 4.21335e-02 
3.95276e+03 4.21335e-02 
3.95482e+03 4.34355e-02 
3.95688e+03 4.45752e-02 
3.95894e+03 4.46581e-02 
3.96100e+03 4.46581e-02 
3.96306e+03 4.46581e-02 
3.96512e+03 4.48506e-02 
3.96718e+03 4.48506e-02 
3.96924e+03 4.48506e-02 
3.97130e+03 4.64029e-02 
3.97336e+03 4.51983e-02 
3.97542e+03 4.54194e-02 
3.97748e+03 4.51983e-02 
3.97954e+03 4.54194e-02 
3.98160e+03 4.51983e-02 
3.98366e+03 4.54194e-02 
3.98572e+03 4.64374e-02 
3.98778e+03 4.81706e-02 
3.98984e+03 4.81706e-02 
3.99190e+03 4.86696e-02 
3.99396e+03 5.08439e-02 
3.99602e+03 5.12835e-02 
3.99808e+03 5.12835e-02 
4.00014e+03 5.12835e-02 
4.00220e+03 5.12835e-02 
4.00426e+03 5.16939e-02 
4.00632e+03 4.95548e-02 
4.00838e+03 5.16939e-02 
4.01044e+03 5.18881e-02 
4.01250e+03 5.16939e-02 
4.01456e+03 5.18881e-02 
4.01662e+03 5.50468e-02 
4.01868e+03 5.50468e-02 
4.02074e+03 5.68509e-02 
4.02280e+03 5.85997e-02 
4.02486e+03 5.85997e-02 
4.02692e+03 5.92642e-02 
4.02898e+03 6.07479e-02 
4.03104e+03 6.12726e-02 
4.03310e+03 6.26634e-02 
4.03516e+03 6.46190e-02 
4.03722e+03 6.46190e-02 
4.03928e+03 6.46190e-02 
4.04134e+03 6.80819e-02 
4.04340e+03 6.80819e-02 
4.04546e+03 6.51883e-02 
4.04752e+03 6.90200e-02 
4.04958e+03 6.91356e-02 
4.05164e+03 7.24028e-02 
4.05370e+03 7.30954e-02 
4.05576e+03 7.55581e-02 
4.05782e+03 8.08179e-02 
4.05988e+03 8.14837e-02 
4.06194e+03 8.15230e-02 
4.06400e+03 8.14837e-02 
4.06606e+03 8.15230e-02 
4.06812e+03 8.34313e-02 
4.07018e+03 8.84654e-02 
4.07224e+03 8.95392e-02 
4.07430e+03 9.14539e-02 
4.07636e+03 9.16218e-02 
4.07842e+03 9.78051e-02 
4.08048e+03 9.85621e-02 
4.08254e+03 1.02663e-01 
4.08460e+03 1.02913e-01 
4.08666e+03 1.08358e-01 
4.08872e+03 1.09296e-01 
4.09078e+03 1.12101e-01 
4.09284e+03 1.13217e-01 
4.09490e+03 1.14511e-01 
4.09696e+03 1.21475e-01 
4.09902e+03 1.23323e-01 
4.10108e+03 1.27123e-01 
4.10314e+03 1.31511e-01 
4.10520e+03 1.37741e-01 
4.10726e+03 1.40543e-01 
4.10932e+03 1.46289e-01 
4.11138e+03 1.47862e-01 
4.11344e+03 1.50917e-01 
4.11550e+03 1.54241e-01 
4.11756e+03 1.62688e-01 
4.11962e+03 1.65007e-01 
4.12168e+03 1.66965e-01 
4.12374e+03 1.72192e-01 
4.12580e+03 1.81439e-01 
4.12786e+03 1.82052e-01 
4.12992e+03 1.86075e-01 
4.13198e+03 1.91062e-01 
4.13404e+03 1.97053e-01 
4.13610e+03 2.06993e-01 
4.13816e+03 2.08381e-01 
4.14022e+03 2.08891e-01 
4.14228e+03 2.21894e-01 
4.14434e+03 2.22872e-01 
4.14640e+03 2.33361e-01 
4.14846e+03 2.33766e-01 
4.15052e+03 2.37072e-01 
4.15258e+03 2.43740e-01 
4.15464e+03 2.45061e-01 
4.15670e+03 2.51462e-01 
4.15876e+03 2.56673e-01 
4.16082e+03 2.64168e-01 
4.16288e+03 2.66870e-01 
4.16494e+03 2.70872e-01 
4.16700e+03 2.78994e-01 
4.16906e+03 2.80057e-01 
4.17112e+03 2.83003e-01 
4.17318e+03 2.89130e-01 
4.17524e+03 2.93122e-01 
4.17730e+03 3.00567e-01 
4.17936e+03 3.01754e-01 
4.18142e+03 3.06234e-01 
4.18348e+03 3.11190e-01 
4.18554e+03 3.14299e-01 
4.18760e+03 3.17792e-01 
4.18966e+03 3.23970e-01 
4.19172e+03 3.28989e-01 
4.19378e+03 3.29410e-01 
4.19584e+03 3.33482e-01 
4.19790e+03 3.34752e-01 
4.19996e+03 3.43244e-01 
4.20202e+03 3.47365e-01 
4.20408e+03 3.50284e-01 
4.20614e+03 3.54404e-01 
4.20820e+03 3.56838e-01 
4.21026e+03 3.58482e-01 
4.21232e+03 3.62607e-01 
4.21438e+03 3.64003e-01 
4.21644e+03 3.67290e-01 
4.21850e+03 3.69065e-01 
4.22056e+03 3.72302e-01 
4.22262e+03 3.71298e-01 
4.22468e+03 3.73440e-01 
4.22674e+03 3.73741e-01 
4.22880e+03 3.76752e-01 
4.23086e+03 3.78758e-01 
4.23292e+03 3.82987e-01 
4.23498e+03 3.83127e-01 
4.23704e+03 3.87188e-01 
4.23910e+03 3.91829e-01 
4.24116e+03 3.92115e-01 
4.24322e+03 3.92373e-01 
4.24528e+03 3.94619e-01 
4.24734e+03 3.97486e-01 
4.24940e+03 3.99332e-01 
4.25146e+03 3.99591e-01 
4.25352e+03 4.01236e-01 
4.25558e+03 4.01538e-01 
4.25764e+03 4.03757e-01 
4.25970e+03 4.06119e-01 
4.26176e+03 4.07212e-01 
4.26382e+03 4.09934e-01 
4.26588e+03 4.09934e-01 
4.26794e+03 4.11641e-01 
4.27000e+03 4.12933e-01 
4.27206e+03 4.13432e-01 
4.27412e+03 4.13432e-01 
4.27618e+03 4.15687e-01 
4.27824e+03 4.17734e-01 
4.28030e+03 4.18310e-01 
4.28236e+03 4.19469e-01 
4.28442e+03 4.19469e-01 
4.28648e+03 4.22994e-01 
4.28854e+03 4.22994e-01 
4.29060e+03 4.23137e-01 
4.29266e+03 4.28021e-01 
4.29472e+03 4.28400e-01 
4.29678e+03 4.30202e-01 
4.29884e+03 4.30202e-01 
4.30090e+03 4.30202e-01 
4.30296e+03 4.33939e-01 
4.30502e+03 4.33939e-01 
4.30708e+03 4.35194e-01 
4.30914e+03 4.37238e-01 
4.31120e+03 4.38196e-01 
4.31326e+03 4.40696e-01 
4.31532e+03 4.42106e-01 
4.31738e+03 4.42845e-01 
4.31944e+03 4.43102e-01 
4.32150e+03 4.43948e-01 
4.32356e+03 4.44793e-01 
4.32562e+03 4.45255e-01 
4.32768e+03 4.45650e-01 
4.32974e+03 4.45650e-01 
4.33180e+03 4.47874e-01 
4.33386e+03 4.47874e-01 
4.33592e+03 4.48568e-01 
4.33798e+03 4.48568e-01 
4.34004e+03 4.52301e-01 
4.34210e+03 4.52301e-01 
4.34416e+03 4.53157e-01 
4.34622e+03 4.53861e-01 
4.34828e+03 4.56995e-01 
4.35034e+03 4.56995e-01 
4.35240e+03 4.57682e-01 
4.35446e+03 4.56995e-01 
4.35652e+03 4.56995e-01 
4.35858e+03 4.61871e-01 
4.36064e+03 4.61871e-01 
4.36270e+03 4.61871e-01 
4.36476e+03 4.61871e-01 
4.36682e+03 4.61871e-01 
4.36888e+03 4.62412e-01 
4.37094e+03 4.63063e-01 
4.37300e+03 4.63063e-01 
4.37506e+03 4.63323e-01 
4.37712e+03 4.63990e-01 
4.37918e+03 4.66822e-01 
4.38124e+03 4.66848e-01 
4.38330e+03 4.66992e-01 
4.38536e+03 4.66992e-01 
4.38742e+03 4.68114e-01 
4.38948e+03 4.69448e-01 
4.39154e+03 4.75268e-01 
4.39360e+03 4.75268e-01 
4.39566e+03 4.75268e-01 
4.39772e+03 4.74138e-01 
4.39978e+03 4.74138e-01 
4.40184e+03 4.70697e-01 
4.40390e+03 4.70697e-01 
4.40596e+03 4.74920e-01 
4.40802e+03 4.74953e-01 
4.41008e+03 4.75228e-01 
4.41214e+03 4.75438e-01 
4.41420e+03 4.78242e-01 
4.41626e+03 4.77364e-01 
4.41832e+03 4.75438e-01 
4.42038e+03 4.77364e-01 
4.42244e+03 4.78805e-01 
4.42450e+03 4.81408e-01 
4.42656e+03 4.81408e-01 
4.42862e+03 4.81408e-01 
4.43068e+03 4.82956e-01 
4.43274e+03 4.82956e-01 
4.43480e+03 4.83393e-01 
4.43686e+03 4.83833e-01 
4.43892e+03 4.84546e-01 
4.44098e+03 4.84546e-01 
4.44304e+03 4.84913e-01 
4.44510e+03 4.84913e-01 
4.44716e+03 4.84546e-01 
4.44922e+03 4.84913e-01 
4.45128e+03 4.84913e-01 
4.45334e+03 4.84011e-01 
4.45540e+03 4.84266e-01 
4.45746e+03 4.84966e-01 
4.45952e+03 4.86431e-01 
4.46158e+03 4.86431e-01 
4.46364e+03 4.87888e-01 
4.46570e+03 4.89039e-01 
4.46776e+03 4.88624e-01 
4.46982e+03 4.89039e-01 
4.47188e+03 4.89039e-01 
4.47394e+03 4.89039e-01 
4.47600e+03 4.90072e-01 
4.47806e+03 4.90072e-01 
4.48012e+03 4.89979e-01 
4.48218e+03 4.89979e-01 
4.48424e+03 4.89979e-01 
4.48630e+03 4.89979e-01 
4.48836e+03 4.90016e-01 
4.49042e+03 4.92375e-01 
4.49248e+03 4.92375e-01 
4.49454e+03 4.92183e-01 
4.49660e+03 4.90920e-01 
4.49866e+03 4.91291e-01 
4.50072e+03 4.90920e-01 
4.50278e+03 4.90320e-01 
4.50484e+03 4.89763e-01 
4.50690e+03 4.87053e-01 
4.50896e+03 4.87053e-01 
4.51102e+03 4.89677e-01 
4.51308e+03 4.89763e-01 
4.51514e+03 4.91784e-01 
4.51720e+03 4.91893e-01 
4.51926e+03 4.92051e-01 
4.52132e+03 4.92933e-01 
4.52338e+03 4.92051e-01 
4.52544e+03 4.92933e-01 
4.52750e+03 4.92933e-01 
4.52956e+03 4.92933e-01 
4.53162e+03 4.93535e-01 
4.53368e+03 4.93535e-01 
4.53574e+03 4.95274e-01 
4.53780e+03 4.94023e-01 
4.53986e+03 4.94023e-01 
4.54192e+03 4.94023e-01 
4.54398e+03 4.94023e-01 
4.54604e+03 4.92558e-01 
4.54810e+03 4.92558e-01 
4.55016e+03 4.94252e-01 
4.55222e+03 4.93474e-01 
4.55428e+03 4.94252e-01 
4.55634e+03 4.94252e-01 
4.55840e+03 4.93508e-01 
4.56046e+03 4.93474e-01 
4.56252e+03 4.93192e-01 
4.56458e+03 4.92404e-01 
4.56664e+03 4.92404e-01 
4.56870e+03 4.92404e-01 
4.57076e+03 4.92373e-01 
4.57282e+03 4.90829e-01 
4.57488e+03 4.92373e-01 
4.57694e+03 4.92667e-01 
4.57900e+03 4.92667e-01 
4.58106e+03 4.95236e-01 
4.58312e+03 4.95236e-01 
4.58518e+03 4.95310e-01 
4.58724e+03 4.95236e-01 
4.58930e+03 4.94437e-01 
4.59136e+03 4.93188e-01 
4.59342e+03 4.94437e-01 
4.59548e+03 4.93188e-01 
4.59754e+03 4.93188e-01 
4.59960e+03 4.93188e-01 
4.60166e+03 4.93187e-01 
4.60372e+03 4.93056e-01 
4.60578e+03 4.93056e-01 
4.60784e+03 4.93040e-01 
4.60990e+03 4.90834e-01 
4.61196e+03 4.89437e-01 
4.61402e+03 4.90834e-01 
4.61608e+03 4.89437e-01 
4.61814e+03 4.89160e-01 
4.62020e+03 4.89418e-01 
4.62226e+03 4.89418e-01 
4.62432e+03 4.89160e-01 
4.62638e+03 4.88102e-01 
4.62844e+03 4.87724e-01 
4.63050e+03 4.87581e-01 
4.63256e+03 4.87581e-01 
4.63462e+03 4.87724e-01 
4.63668e+03 4.87724e-01 
4.63874e+03 4.88017e-01 
4.64080e+03 4.89646e-01 
4.64286e+03 4.88017e-01 
4.64492e+03 4.86999e-01 
4.64698e+03 4.88017e-01 
4.64904e+03 4.86955e-01 
4.65110e+03 4.86955e-01 
4.65316e+03 4.86955e-01 
4.65522e+03 4.84250e-01 
4.65728e+03 4.84250e-01 
4.65934e+03 4.84276e-01 
4.66140e+03 4.84276e-01 
4.66346e+03 4.84276e-01 
4.66552e+03 4.84276e-01 
4.66758e+03 4.81912e-01 
4.66964e+03 4.78940e-01 
4.67170e+03 4.78940e-01 
4.67376e+03 4.78890e-01 
4.67582e+03 4.78264e-01 
4.67788e+03 4.78264e-01 
4.67994e+03 4.78340e-01 
4.68200e+03 4.78340e-01 
4.68406e+03 4.78395e-01 
4.68612e+03 4.78395e-01 
4.68818e+03 4.78340e-01 
4.69024e+03 4.78266e-01 
4.69230e+03 4.73362e-01 
4.69436e+03 4.71945e-01 
4.69642e+03 4.71945e-01 
4.69848e+03 4.71945e-01 
4.70054e+03 4.70653e-01 
4.70260e+03 4.68527e-01 
4.70466e+03 4.67663e-01 
4.70672e+03 4.67500e-01 
4.70878e+03 4.67500e-01 
4.71084e+03 4.64203e-01 
4.71290e+03 4.64137e-01 
4.71496e+03 4.63913e-01 
4.71702e+03 4.62563e-01 
4.71908e+03 4.62220e-01 
4.72114e+03 4.61205e-01 
4.72320e+03 4.61205e-01 
4.72526e+03 4.60833e-01 
4.72732e+03 4.58392e-01 
4.72938e+03 4.57610e-01 
4.73144e+03 4.57550e-01 
4.73350e+03 4.56706e-01 
4.73556e+03 4.55869e-01 
4.73762e+03 4.55557e-01 
4.73968e+03 4.55166e-01 
4.74174e+03 4.51766e-01 
4.74380e+03 4.50655e-01 
4.74586e+03 4.49906e-01 
4.74792e+03 4.48376e-01 
4.74998e+03 4.47266e-01 
4.75204e+03 4.45045e-01 
4.75410e+03 4.44995e-01 
4.75616e+03 4.43444e-01 
4.75822e+03 4.42528e-01 
4.76028e+03 4.42528e-01 
4.76234e+03 4.42244e-01 
4.76440e+03 4.42244e-01 
4.76646e+03 4.38028e-01 
4.76852e+03 4.34177e-01 
4.77058e+03 4.34135e-01 
4.77264e+03 4.34135e-01 
4.77470e+03 4.33841e-01 
4.77676e+03 4.33471e-01 
4.77882e+03 4.33209e-01 
4.78088e+03 4.32991e-01 
4.78294e+03 4.28863e-01 
4.78500e+03 4.27303e-01 
4.78706e+03 4.24977e-01 
4.78912e+03 4.24977e-01 
4.79118e+03 4.24791e-01 
4.79324e+03 4.23180e-01 
4.79530e+03 4.19502e-01 
4.79736e+03 4.18146e-01 
4.79942e+03 4.16376e-01 
4.80148e+03 4.16297e-01 
4.80354e+03 4.15439e-01 
4.80560e+03 4.13341e-01 
4.80766e+03 4.12478e-01 
4.80972e+03 4.12448e-01 
4.81178e+03 4.09999e-01 
4.81384e+03 4.08674e-01 
4.81590e+03 4.06249e-01 
4.81796e+03 4.05708e-01 
4.82002e+03 4.03934e-01 
4.82208e+03 4.02415e-01 
4.82414e+03 4.01232e-01 
4.82620e+03 3.99291e-01 
4.82826e+03 3.97161e-01 
4.83032e+03 3.94645e-01 
4.83238e+03 3.93837e-01 
4.83444e+03 3.92571e-01 
4.83650e+03 3.92279e-01 
4.83856e+03 3.91121e-01 
4.84062e+03 3.90038e-01 
4.84268e+03 3.88548e-01 
4.84474e+03 3.87219e-01 
4.84680e+03 3.85622e-01 
4.84886e+03 3.80384e-01 
4.85092e+03 3.79787e-01 
4.85298e+03 3.79684e-01 
4.85504e+03 3.76970e-01 
4.85710e+03 3.76834e-01 
4.85916e+03 3.73587e-01 
4.86122e+03 3.71719e-01 
4.86328e+03 3.71072e-01 
4.86534e+03 3.68933e-01 
4.86740e+03 3.68212e-01 
4.86946e+03 3.67875e-01 
4.87152e+03 3.66794e-01 
4.87358e+03 3.63938e-01 
4.87564e+03 3.60873e-01 
4.87770e+03 3.60873e-01 
4.87976e+03 3.60258e-01 
4.88182e+03 3.60258e-01 
4.88388e+03 3.55536e-01 
4.88594e+03 3.55157e-01 
4.88800e+03 3.54164e-01 
4.89006e+03 3.53677e-01 
4.89212e+03 3.49371e-01 
4.89418e+03 3.47492e-01 
4.89624e+03 3.45887e-01 
4.89830e+03 3.45720e-01 
4.90036e+03 3.45177e-01 
4.90242e+03 3.42594e-01 
4.90448e+03 3.38925e-01 
4.90654e+03 3.38629e-01 
4.90860e+03 3.38585e-01 
4.91066e+03 3.36451e-01 
4.91272e+03 3.36300e-01 
4.91478e+03 3.32580e-01 
4.91684e+03 3.30004e-01 
4.91890e+03 3.29359e-01 
4.92096e+03 3.27421e-01 
4.92302e+03 3.26466e-01 
4.92508e+03 3.25912e-01 
4.92714e+03 3.22870e-01 
4.92920e+03 3.22870e-01 
4.93126e+03 3.22054e-01 
4.93332e+03 3.21786e-01 
4.93538e+03 3.17734e-01 
4.93744e+03 3.16582e-01 
4.93950e+03 3.15110e-01 
4.94156e+03 3.14459e-01 
4.94362e+03 3.13778e-01 
4.94568e+03 3.11558e-01 
4.94774e+03 3.10336e-01 
4.94980e+03 3.09910e-01 
4.95186e+03 3.09053e-01 
4.95392e+03 3.06632e-01 
4.95598e+03 3.06013e-01 
4.95804e+03 3.04473e-01 
4.96010e+03 3.04131e-01 
4.96216e+03 3.03722e-01 
4.96422e+03 2.99643e-01 
4.96628e+03 2.99306e-01 
4.96834e+03 2.99223e-01 
4.97040e+03 2.97722e-01 
4.97246e+03 2.96558e-01 
4.97452e+03 2.95772e-01 
4.97658e+03 2.94407e-01 
4.97864e+03 2.92649e-01 
4.98070e+03 2.90742e-01 
4.98276e+03 2.89619e-01 
4.98482e+03 2.89090e-01 
4.98688e+03 2.88700e-01 
4.98894e+03 2.86608e-01 
4.99100e+03 2.85376e-01 
4.99306e+03 2.83206e-01 
4.99512e+03 2.83026e-01 
4.99718e+03 2.81705e-01 
4.99924e+03 2.80056e-01 
5.00130e+03 2.80031e-01 
5.00336e+03 2.79127e-01 
5.00542e+03 2.76731e-01 
5.00748e+03 2.75747e-01 
5.00954e+03 2.72480e-01 
5.01160e+03 2.72203e-01 
5.01366e+03 2.72151e-01 
5.01572e+03 2.70002e-01 
5.01778e+03 2.68043e-01 
5.01984e+03 2.67994e-01 
5.02190e+03 2.65317e-01 
5.02396e+03 2.64973e-01 
5.02602e+03 2.61640e-01 
5.02808e+03 2.58373e-01 
5.03014e+03 2.57928e-01 
5.03220e+03 2.56315e-01 
5.03426e+03 2.55653e-01 
5.03632e+03 2.55547e-01 
5.03838e+03 2.53239e-01 
5.04044e+03 2.50646e-01 
5.04250e+03 2.49419e-01 
5.04456e+03 2.48384e-01 
5.04662e+03 2.46734e-01 
5.04868e+03 2.44695e-01 
5.05074e+03 2.41567e-01 
5.05280e+03 2.41080e-01 
5.05486e+03 2.38867e-01 
5.05692e+03 2.37817e-01 
5.05898e+03 2.34822e-01 
5.06104e+03 2.34744e-01 
5.06310e+03 2.34076e-01 
5.06516e+03 2.31625e-01 
5.06722e+03 2.30394e-01 
5.06928e+03 2.27443e-01 
5.07134e+03 2.24551e-01 
5.07340e+03 2.22614e-01 
5.07546e+03 2.22545e-01 
5.07752e+03 2.20083e-01 
5.07958e+03 2.17123e-01 
5.08164e+03 2.16670e-01 
5.08370e+03 2.15902e-01 
5.08576e+03 2.13644e-01 
5.08782e+03 2.13589e-01 
5.08988e+03 2.11053e-01 
5.09194e+03 2.10438e-01 
5.09400e+03 2.08795e-01 
5.09606e+03 2.06518e-01 
5.09812e+03 2.06040e-01 
5.10018e+03 2.05151e-01 
5.10224e+03 2.02883e-01 
5.10430e+03 2.00341e-01 
5.10636e+03 2.00285e-01 
5.10842e+03 1.99235e-01 
5.11048e+03 1.96182e-01 
5.11254e+03 1.95625e-01 
5.11460e+03 1.94189e-01 
5.11666e+03 1.93853e-01 
5.11872e+03 1.92276e-01 
5.12078e+03 1.90308e-01 
5.12284e+03 1.88403e-01 
5.12490e+03 1.86333e-01 
5.12696e+03 1.86094e-01 
5.12902e+03 1.85101e-01 
5.13108e+03 1.84726e-01 
5.13314e+03 1.80746e-01 
5.13520e+03 1.80548e-01 
5.13726e+03 1.80292e-01 
5.13932e+03 1.77303e-01 
5.14138e+03 1.76925e-01 
5.14344e+03 1.74039e-01 
5.14550e+03 1.73683e-01 
5.14756e+03 1.72706e-01 
5.14962e+03 1.69808e-01 
5.15168e+03 1.69212e-01 
5.15374e+03 1.67485e-01 
5.15580e+03 1.66710e-01 
5.15786e+03 1.66170e-01 
5.15992e+03 1.63767e-01 
5.16198e+03 1.62352e-01 
5.16404e+03 1.60565e-01 
5.16610e+03 1.60387e-01 
5.16816e+03 1.59705e-01 
5.17022e+03 1.57892e-01 
5.17228e+03 1.55390e-01 
5.17434e+03 1.54308e-01 
5.17640e+03 1.53447e-01 
5.17846e+03 1.52397e-01 
5.18052e+03 1.50452e-01 
5.18258e+03 1.49221e-01 
5.18464e+03 1.48604e-01 
5.18670e+03 1.46911e-01 
5.18876e+03 1.45903e-01 
5.19082e+03 1.44521e-01 
5.19288e+03 1.43435e-01 
5.19494e+03 1.41277e-01 
5.19700e+03 1.40291e-01 
5.19906e+03 1.39368e-01 
5.20112e+03 1.37520e-01 
5.20318e+03 1.37414e-01 
5.20524e+03 1.34020e-01 
5.20730e+03 1.33939e-01 
5.20936e+03 1.31237e-01 
5.21142e+03 1.30734e-01 
5.21348e+03 1.29331e-01 
5.21554e+03 1.27723e-01 
5.21760e+03 1.26266e-01 
5.21966e+03 1.25834e-01 
5.22172e+03 1.25314e-01 
5.22378e+03 1.22186e-01 
5.22584e+03 1.21640e-01 
5.22790e+03 1.21260e-01 
5.22996e+03 1.18773e-01 
5.23202e+03 1.17876e-01 
5.23408e+03 1.17206e-01 
5.23614e+03 1.16054e-01 
5.23820e+03 1.15351e-01 
5.24026e+03 1.13605e-01 
5.24232e+03 1.12844e-01 
5.24438e+03 1.11254e-01 
5.24644e+03 1.10305e-01 
5.24850e+03 1.09592e-01 
5.25056e+03 1.06674e-01 
5.25262e+03 1.06148e-01 
5.25468e+03 1.05809e-01 
5.25674e+03 1.04433e-01 
5.25880e+03 1.03990e-01 
5.26086e+03 1.03438e-01 
5.26292e+03 1.01430e-01 
5.26498e+03 1.01157e-01 
5.26704e+03 9.89526e-02 
5.26910e+03 9.88558e-02 
5.27116e+03 9.84354e-02 
5.27322e+03 9.71491e-02 
5.27528e+03 9.67056e-02 
5.27734e+03 9.48194e-02 
5.27940e+03 9.45465e-02 
5.28146e+03 9.38952e-02 
5.28352e+03 9.27528e-02 
5.28558e+03 9.10738e-02 
5.28764e+03 9.04195e-02 
5.28970e+03 8.99972e-02 
5.29176e+03 8.91387e-02 
5.29382e+03 8.87263e-02 
5.29588e+03 8.76529e-02 
5.29794e+03 8.73826e-02 
5.30000e+03 8.57501e-02 
5.30206e+03 8.55286e-02 
5.30412e+03 8.41506e-02 
5.30618e+03 8.39970e-02 
5.30824e+03 8.30944e-02 
5.31030e+03 8.22512e-02 
5.31236e+03 8.18974e-02 
5.31442e+03 8.14612e-02 
5.31648e+03 8.12361e-02 
5.31854e+03 8.06907e-02 
5.32060e+03 7.97498e-02 
5.32266e+03 7.90161e-02 
5.32472e+03 7.87363e-02 
5.32678e+03 7.87363e-02 
5.32884e+03 7.86264e-02 
5.33090e+03 7.86264e-02 
5.33296e+03 7.79444e-02 
5.33502e+03 7.58810e-02 
5.33708e+03 7.57901e-02 
5.33914e+03 7.57901e-02 
5.34120e+03 7.54807e-02 
5.34326e+03 7.48560e-02 
5.34532e+03 7.47158e-02 
5.34738e+03 7.46484e-02 
5.34944e+03 7.39991e-02 
5.35150e+03 7.37361e-02 
5.35356e+03 7.29795e-02 
5.35562e+03 7.24283e-02 
5.35768e+03 7.24180e-02 
5.35974e+03 7.19966e-02 
5.36180e+03 7.21148e-02 
5.36386e+03 7.15610e-02 
5.36592e+03 7.15552e-02 
5.36798e+03 7.15552e-02 
5.37004e+03 7.15552e-02 
5.37210e+03 7.13289e-02 
5.37416e+03 7.09248e-02 
5.37622e+03 7.08064e-02 
5.37828e+03 7.03393e-02 
5.38034e+03 7.02465e-02 
5.38240e+03 7.00329e-02 
5.38446e+03 7.00171e-02 
5.38652e+03 6.99844e-02 
5.38858e+03 6.96608e-02 
5.39064e+03 6.92557e-02 
5.39270e+03 6.92557e-02 
5.39476e+03 6.90922e-02 
5.39682e+03 6.92557e-02 
5.39888e+03 6.92557e-02 
5.40094e+03 6.93469e-02 
5.40300e+03 6.91023e-02 
5.40506e+03 6.91023e-02 
5.40712e+03 6.86326e-02 
5.40918e+03 6.86326e-02 
5.41124e+03 6.86326e-02 
5.41330e+03 6.86326e-02 
5.41536e+03 6.86356e-02 
5.41742e+03 6.86356e-02 
5.41948e+03 6.88178e-02 
5.42154e+03 6.88178e-02 
5.42360e+03 6.92863e-02 
5.42566e+03 6.94176e-02 
5.42772e+03 6.96237e-02 
5.42978e+03 6.96237e-02 
5.43184e+03 6.96237e-02 
5.43390e+03 6.98184e-02 
5.43596e+03 7.01782e-02 
5.43802e+03 7.01782e-02 
5.44008e+03 7.01782e-02 
5.44214e+03 7.02619e-02 
5.44420e+03 7.04422e-02 
5.44626e+03 7.05276e-02 
5.44832e+03 7.06777e-02 
5.45038e+03 7.11518e-02 
5.45244e+03 7.11518e-02 
5.45450e+03 7.12133e-02 
5.45656e+03 7.17822e-02 
5.45862e+03 7.22287e-02 
5.46068e+03 7.26911e-02 
5.46274e+03 7.26911e-02 
5.46480e+03 7.28543e-02 
5.46686e+03 7.30758e-02 
5.46892e+03 7.32356e-02 
5.47098e+03 7.43844e-02 
5.47304e+03 7.44184e-02 
5.47510e+03 7.45575e-02 
5.47716e+03 7.57614e-02 
5.47922e+03 7.61466e-02 
5.48128e+03 7.61466e-02 
5.48334e+03 7.64246e-02 
5.48540e+03 7.64877e-02 
5.48746e+03 7.67925e-02 
5.48952e+03 7.69635e-02 
5.49158e+03 7.80680e-02 
5.49364e+03 7.83494e-02 
5.49570e+03 7.85386e-02 
5.49776e+03 7.91752e-02 
5.49982e+03 7.94429e-02 
5.50188e+03 7.97957e-02 
5.50394e+03 8.09344e-02 
5.50600e+03 8.16139e-02 
5.50806e+03 8.22529e-02 
5.51012e+03 8.22529e-02 
5.51218e+03 8.22838e-02 
5.51424e+03 8.22838e-02 
5.51630e+03 8.26310e-02 
5.51836e+03 8.29002e-02 
5.52042e+03 8.36509e-02 
5.52248e+03 8.37310e-02 
5.52454e+03 8.46561e-02 
5.52660e+03 8.46600e-02 
5.52866e+03 8.51754e-02 
5.53072e+03 8.56489e-02 
5.53278e+03 8.61081e-02 
5.53484e+03 8.61854e-02 
5.53690e+03 8.73040e-02 
5.53896e+03 8.73204e-02 
5.54102e+03 8.75072e-02 
5.54308e+03 8.77439e-02 
5.54514e+03 8.79575e-02 
5.54720e+03 8.81110e-02 
5.54926e+03 8.81110e-02 
5.55132e+03 8.84818e-02 
5.55338e+03 8.87950e-02 
5.55544e+03 8.87950e-02 
5.55750e+03 8.87950e-02 
5.55956e+03 8.90741e-02 
5.56162e+03 8.91536e-02 
5.56368e+03 8.91617e-02 
5.56574e+03 8.91617e-02 
5.56780e+03 8.91536e-02 
5.56986e+03 8.91536e-02 
5.57192e+03 8.95844e-02 
5.57398e+03 8.97331e-02 
5.57604e+03 8.97331e-02 
5.57810e+03 8.97331e-02 
5.58016e+03 8.94843e-02 
5.58222e+03 8.94492e-02 
5.58428e+03 8.93570e-02 
5.58634e+03 8.92580e-02 
5.58840e+03 8.92580e-02 
5.59046e+03 8.83994e-02 
5.59252e+03 8.82514e-02 
5.59458e+03 8.82514e-02 
5.59664e+03 8.80599e-02 
5.59870e+03 8.79985e-02 
5.60076e+03 8.79763e-02 
5.60282e+03 8.66294e-02 
5.60488e+03 8.64116e-02 
5.60694e+03 8.62028e-02 
5.60900e+03 8.60542e-02 
5.61106e+03 8.60542e-02 
5.61312e+03 8.60052e-02 
5.61518e+03 8.59931e-02 
5.61724e+03 8.54471e-02 
5.61930e+03 8.46639e-02 
5.62136e+03 8.42830e-02 
5.62342e+03 8.40677e-02 
5.62548e+03 8.39003e-02 
5.62754e+03 8.29882e-02 
5.62960e+03 8.23640e-02 
5.63166e+03 8.13949e-02 
5.63372e+03 8.13225e-02 
5.63578e+03 8.06094e-02 
5.63784e+03 8.01981e-02 
5.63990e+03 7.91795e-02 
5.64196e+03 7.86601e-02 
5.64402e+03 7.86284e-02 
5.64608e+03 7.79558e-02 
5.64814e+03 7.71180e-02 
5.65020e+03 7.66041e-02 
5.65226e+03 7.61825e-02 
5.65432e+03 7.54210e-02 
5.65638e+03 7.49763e-02 
5.65844e+03 7.38472e-02 
5.66050e+03 7.36890e-02 
5.66256e+03 7.20835e-02 
5.66462e+03 7.18135e-02 
5.66668e+03 7.13946e-02 
5.66874e+03 7.02382e-02 
5.67080e+03 6.97985e-02 
5.67286e+03 6.97316e-02 
5.67492e+03 6.88764e-02 
5.67698e+03 6.75211e-02 
5.67904e+03 6.72605e-02 
5.68110e+03 6.61926e-02 
5.68316e+03 6.56534e-02 
5.68522e+03 6.50275e-02 
5.68728e+03 6.37276e-02 
5.68934e+03 6.29298e-02 
5.69140e+03 6.26156e-02 
5.69346e+03 6.18283e-02 
5.69552e+03 6.06812e-02 
5.69758e+03 5.94610e-02 
5.69964e+03 5.89695e-02 
5.70170e+03 5.82107e-02 
5.70376e+03 5.80835e-02 
5.70582e+03 5.61281e-02 
5.70788e+03 5.57767e-02 
5.70994e+03 5.50723e-02 
5.71200e+03 5.44428e-02 
5.71406e+03 5.30234e-02 
5.71612e+03 5.24989e-02 
5.71818e+03 5.17106e-02 
5.72024e+03 5.13387e-02 
5.72230e+03 5.03365e-02 
5.72436e+03 4.97732e-02 
5.72642e+03 4.85620e-02 
5.72848e+03 4.78572e-02 
5.73054e+03 4.64999e-02 
5.73260e+03 4.60653e-02 
5.73466e+03 4.47734e-02 
5.73672e+03 4.44418e-02 
5.73878e+03 4.40840e-02 
5.74084e+03 4.32748e-02 
5.74290e+03 4.19725e-02 
5.74496e+03 4.17171e-02 
5.74702e+03 4.03766e-02 
5.74908e+03 3.99030e-02 
5.75114e+03 3.91849e-02 
5.75320e+03 3.86299e-02 
5.75526e+03 3.82542e-02 
5.75732e+03 3.64004e-02 
5.75938e+03 3.62662e-02 
5.76144e+03 3.56273e-02 
5.76350e+03 3.47851e-02 
5.76556e+03 3.38048e-02 
5.76762e+03 3.35523e-02 
5.76968e+03 3.27668e-02 
5.77174e+03 3.19402e-02 
5.77380e+03 3.13895e-02 
5.77586e+03 3.13726e-02 
5.77792e+03 2.97719e-02 
5.77998e+03 2.94916e-02 
5.78204e+03 2.90493e-02 
5.78410e+03 2.81226e-02 
5.78616e+03 2.75151e-02 
5.78822e+03 2.67934e-02 
5.79028e+03 2.66134e-02 
5.79234e+03 2.55928e-02 
5.79440e+03 2.53526e-02 
5.79646e+03 2.45297e-02 
5.79852e+03 2.43371e-02 
5.80058e+03 2.37612e-02 
5.80264e+03 2.31070e-02 
5.80470e+03 2.24372e-02 
5.80676e+03 2.23128e-02 
5.80882e+03 2.15870e-02 
5.81088e+03 2.12190e-02 
5.81294e+03 2.03911e-02 
5.81500e+03 2.02001e-02 
5.81706e+03 1.99115e-02 
5.81912e+03 1.98220e-02 
5.82118e+03 1.93597e-02 
5.82324e+03 1.92030e-02 
5.82530e+03 1.82236e-02 
5.82736e+03 1.80851e-02 
5.82942e+03 1.77167e-02 
5.83148e+03 1.73757e-02 
5.83354e+03 1.70477e-02 
5.83560e+03 1.64152e-02 
5.83766e+03 1.62746e-02 
5.83972e+03 1.60072e-02 
5.84178e+03 1.54665e-02 
5.84384e+03 1.54585e-02 
5.84590e+03 1.51966e-02 
5.84796e+03 1.48503e-02 
5.85002e+03 1.45605e-02 
5.85208e+03 1.44061e-02 
5.85414e+03 1.40676e-02 
5.85620e+03 1.34798e-02 
5.85826e+03 1.33549e-02 
5.86032e+03 1.33127e-02 
5.86238e+03 1.31142e-02 
5.86444e+03 1.29938e-02 
5.86650e+03 1.26306e-02 
5.86856e+03 1.25993e-02 
5.87062e+03 1.24803e-02 
5.87268e+03 1.21731e-02 
5.87474e+03 1.18257e-02 
5.87680e+03 1.17867e-02 
5.87886e+03 1.17369e-02 
5.88092e+03 1.14816e-02 
5.88298e+03 1.14816e-02 
5.88504e+03 1.13127e-02 
5.88710e+03 1.11588e-02 
5.88916e+03 1.09817e-02 
5.89122e+03 1.08976e-02 
5.89328e+03 1.08025e-02 
5.89534e+03 1.06371e-02 
5.89740e+03 1.02601e-02 
5.89946e+03 1.02027e-02 
5.90152e+03 1.01417e-02 
5.90358e+03 1.01354e-02 
5.90564e+03 1.01354e-02 
5.90770e+03 1.01331e-02 
5.90976e+03 9.95004e-03 
5.91182e+03 9.83393e-03 
5.91388e+03 9.83393e-03 
5.91594e+03 9.72502e-03 
5.91800e+03 9.72165e-03 
5.92006e+03 9.72165e-03 
5.92212e+03 9.71853e-03 
5.92418e+03 9.45417e-03 
5.92624e+03 9.45417e-03 
5.92830e+03 9.44130e-03 
5.93036e+03 9.44130e-03 
5.93242e+03 9.36062e-03 
5.93448e+03 9.36062e-03 
5.93654e+03 9.25594e-03 
5.93860e+03 9.25594e-03 
5.94066e+03 9.22602e-03 
5.94272e+03 9.17201e-03 
5.94478e+03 9.12907e-03 
5.94684e+03 9.12907e-03 
5.94890e+03 9.12907e-03 
5.95096e+03 9.04018e-03 
5.95302e+03 9.01099e-03 
5.95508e+03 8.96729e-03 
5.95714e+03 8.84480e-03 
5.95920e+03 8.70150e-03 
5.96126e+03 8.61320e-03 
5.96332e+03 8.56305e-03 
5.96538e+03 8.56305e-03 
5.96744e+03 8.57213e-03 
5.96950e+03 8.57213e-03 
5.97156e+03 8.57213e-03 
5.97362e+03 8.57213e-03 
5.97568e+03 8.57213e-03 
5.97774e+03 8.48609e-03 
5.97980e+03 8.48609e-03 
5.98186e+03 8.48609e-03 
5.98392e+03 8.48609e-03 
5.98598e+03 8.39659e-03 
5.98804e+03 8.39659e-03 
5.99010e+03 8.31963e-03 
5.99216e+03 8.25070e-03 
5.99422e+03 8.25070e-03 
5.99628e+03 8.22247e-03 
5.99834e+03 8.22247e-03 
6.00040e+03 8.07980e-03 
6.00246e+03 8.07846e-03 
6.00452e+03 8.04183e-03 
6.00658e+03 7.97263e-03 
6.00864e+03 8.04183e-03 
6.01070e+03 8.04264e-03 
6.01276e+03 7.97992e-03 
6.01482e+03 7.97992e-03 
6.01688e+03 7.97992e-03 
6.01894e+03 7.92182e-03 
6.02100e+03 7.74989e-03 
6.02306e+03 7.74989e-03 
6.02512e+03 7.58392e-03 
6.02718e+03 7.58392e-03 
6.02924e+03 7.66831e-03 
6.03130e+03 7.66831e-03 
6.03336e+03 7.55531e-03 
6.03542e+03 7.55531e-03 
6.03748e+03 7.55531e-03 
6.03954e+03 7.44143e-03 
6.04160e+03 7.23961e-03 
6.04366e+03 7.18789e-03 
6.04572e+03 7.14375e-03 
6.04778e+03 7.10350e-03 
6.04984e+03 7.10350e-03 
6.05190e+03 7.12099e-03 
6.05396e+03 7.10350e-03 
6.05602e+03 7.07903e-03 
6.05808e+03 7.03852e-03 
6.06014e+03 6.84397e-03 
6.06220e+03 6.84397e-03 
6.06426e+03 6.80876e-03 
6.06632e+03 6.72771e-03 
6.06838e+03 6.72284e-03 
6.07044e+03 6.66781e-03 
6.07250e+03 6.66111e-03 
6.07456e+03 6.66111e-03 
6.07662e+03 6.66878e-03 
6.07868e+03 6.66878e-03 
6.08074e+03 6.66878e-03 
6.08280e+03 6.66878e-03 
6.08486e+03 6.46328e-03 
6.08692e+03 6.34803e-03 
6.08898e+03 6.21453e-03 
6.09104e+03 6.21453e-03 
6.09310e+03 5.96738e-03 
6.09516e+03 5.93153e-03 
6.09722e+03 5.93153e-03 
6.09928e+03 5.93153e-03 
6.10134e+03 6.11028e-03 
6.10340e+03 6.11028e-03 
6.10546e+03 6.11028e-03 
6.10752e+03 5.88499e-03 
6.10958e+03 5.82501e-03 
6.11164e+03 5.78863e-03 
6.11370e+03 5.74528e-03 
6.11576e+03 5.74528e-03 
6.11782e+03 5.64064e-03 
6.11988e+03 5.60971e-03 
6.12194e+03 5.46848e-03 
6.12400e+03 5.46848e-03 
6.12606e+03 5.44707e-03 
6.12812e+03 5.31156e-03 
6.13018e+03 5.25626e-03 
6.13224e+03 5.31156e-03 
6.13430e+03 5.25626e-03 
6.13636e+03 5.24237e-03 
6.13842e+03 5.23482e-03 
6.14048e+03 5.20660e-03 
6.14254e+03 5.16335e-03 
6.14460e+03 5.07045e-03 
6.14666e+03 5.06430e-03 
6.14872e+03 4.95986e-03 
6.15078e+03 4.89162e-03 
6.15284e+03 4.87940e-03 
6.15490e+03 4.87344e-03 
6.15696e+03 4.78829e-03 
6.15902e+03 4.78829e-03 
6.16108e+03 4.75896e-03 
6.16314e+03 4.75896e-03 
6.16520e+03 4.60798e-03 
6.16726e+03 4.58981e-03 
6.16932e+03 4.58981e-03 
6.17138e+03 4.58981e-03 
6.17344e+03 4.58981e-03 
6.17550e+03 4.58981e-03 
6.17756e+03 4.47558e-03 
6.17962e+03 4.36923e-03 
6.18168e+03 4.25287e-03 
6.18374e+03 4.32462e-03 
6.18580e+03 4.25287e-03 
6.18786e+03 4.20267e-03 
6.18992e+03 4.13329e-03 
6.19198e+03 4.13329e-03 
6.19404e+03 4.01603e-03 
6.19610e+03 3.95466e-03 
6.19816e+03 3.91305e-03 
6.20022e+03 3.88526e-03 
6.20228e+03 3.85332e-03 
6.20434e+03 3.80224e-03 
6.20640e+03 3.73376e-03 
6.20846e+03 3.73376e-03 
6.21052e+03 3.73376e-03 
6.21258e+03 3.71751e-03 
6.21464e+03 3.62690e-03 
6.21670e+03 3.53293e-03 
6.21876e+03 3.52178e-03 
6.22082e+03 3.49629e-03 
6.22288e+03 3.52178e-03 
6.22494e+03 3.49629e-03 
6.22700e+03 3.26342e-03 
6.22906e+03 3.26342e-03 
6.23112e+03 3.22639e-03 
6.23318e+03 3.22639e-03 
6.23524e+03 3.19497e-03 
6.23730e+03 3.17173e-03 
6.23936e+03 3.09428e-03 
6.24142e+03 3.04795e-03 
6.24348e+03 3.04626e-03 
6.24554e+03 3.01656e-03 
6.24760e+03 2.94497e-03 
6.24966e+03 2.80992e-03 
6.25172e+03 2.80992e-03 
6.25378e+03 2.80184e-03 
6.25584e+03 2.80184e-03 
6.25790e+03 2.88601e-03 
6.25996e+03 2.88601e-03 
6.26202e+03 2.83769e-03 
6.26408e+03 2.83769e-03 
6.26614e+03 2.63300e-03 
6.26820e+03 2.45841e-03 
6.27026e+03 2.45841e-03 
6.27232e+03 2.49176e-03 
6.27438e+03 2.49176e-03 
6.27644e+03 2.45004e-03 
6.27850e+03 2.38286e-03 
6.28056e+03 2.38286e-03 
6.28262e+03 2.38147e-03 
6.28468e+03 2.38147e-03 
6.28674e+03 2.37996e-03 
6.28880e+03 2.31439e-03 
6.29086e+03 2.28972e-03 
6.29292e+03 2.28205e-03 
6.29498e+03 2.20798e-03 
6.29704e+03 2.18697e-03 
6.29910e+03 2.18697e-03 
6.30116e+03 2.16124e-03 
6.30322e+03 2.13225e-03 
6.30528e+03 2.13225e-03 
6.30734e+03 2.13225e-03 
6.30940e+03 2.08667e-03 
6.31146e+03 2.05523e-03 
6.31352e+03 2.04069e-03 
6.31558e+03 2.04069e-03 
