 5.15025e+03  1.82172e-03
 5.15051e+03  1.57345e-03
 5.15077e+03  1.42000e-03
 5.15103e+03  2.14943e-03
 5.15129e+03  1.95817e-03
 5.15155e+03  2.09931e-03
 5.15181e+03  1.60119e-03
 5.15207e+03  1.84396e-03
 5.15233e+03  1.83564e-03
 5.15259e+03  1.92275e-03
 5.15285e+03  1.83301e-03
 5.15311e+03  1.96727e-03
 5.15337e+03  1.81081e-03
 5.15363e+03  1.49914e-03
 5.15389e+03  1.89521e-03
 5.15415e+03  1.63627e-03
 5.15441e+03  1.69030e-03
 5.15467e+03  1.71397e-03
 5.15493e+03  1.70601e-03
 5.15519e+03  1.43975e-03
 5.15545e+03  1.73853e-03
 5.15571e+03  1.98726e-03
 5.15597e+03  1.98562e-03
 5.15623e+03  1.70829e-03
 5.15649e+03  1.82806e-03
 5.15675e+03  1.86758e-03
 5.15701e+03  2.00694e-03
 5.15727e+03  2.01786e-03
 5.15753e+03  1.58923e-03
 5.15779e+03  2.01504e-03
 5.15805e+03  1.93786e-03
 5.15831e+03  1.97014e-03
 5.15857e+03  2.09301e-03
 5.15883e+03  1.73976e-03
 5.15909e+03  1.82762e-03
 5.15935e+03  1.72687e-03
 5.15961e+03  1.77490e-03
 5.15987e+03  1.93772e-03
 5.16013e+03  2.01286e-03
 5.16039e+03  1.94561e-03
 5.16065e+03  1.99153e-03
 5.16091e+03  1.94606e-03
 5.16117e+03  1.91832e-03
 5.16143e+03  1.69808e-03
 5.16169e+03  2.04762e-03
 5.16195e+03  1.80157e-03
 5.16221e+03  2.13266e-03
 5.16247e+03  2.04675e-03
 5.16273e+03  2.10219e-03
 5.16299e+03  1.90237e-03
 5.16325e+03  2.08456e-03
 5.16351e+03  2.08873e-03
 5.16377e+03  1.99636e-03
 5.16403e+03  1.80833e-03
 5.16429e+03  1.98127e-03
 5.16455e+03  1.63619e-03
 5.16481e+03  2.23809e-03
 5.16507e+03  2.01435e-03
 5.16533e+03  1.95564e-03
 5.16559e+03  2.10578e-03
 5.16585e+03  1.89371e-03
 5.16611e+03  2.27080e-03
 5.16637e+03  2.18680e-03
 5.16663e+03  2.00584e-03
 5.16689e+03  1.80114e-03
 5.16715e+03  2.16574e-03
 5.16741e+03  2.29695e-03
 5.16767e+03  2.40593e-03
 5.16793e+03  2.08685e-03
 5.16819e+03  2.16008e-03
 5.16845e+03  2.04892e-03
 5.16871e+03  2.24153e-03
 5.16897e+03  2.19025e-03
 5.16923e+03  2.22676e-03
 5.16949e+03  2.33388e-03
 5.16975e+03  2.05948e-03
 5.17001e+03  2.33861e-03
 5.17027e+03  2.07667e-03
 5.17053e+03  2.42866e-03
 5.17079e+03  2.13065e-03
 5.17105e+03  1.99740e-03
 5.17131e+03  2.23875e-03
 5.17157e+03  2.78912e-03
 5.17183e+03  2.01773e-03
 5.17209e+03  2.16547e-03
 5.17235e+03  2.31765e-03
 5.17261e+03  2.29845e-03
 5.17287e+03  2.48272e-03
 5.17313e+03  2.67359e-03
 5.17339e+03  2.11579e-03
 5.17365e+03  2.48622e-03
 5.17391e+03  2.14962e-03
 5.17417e+03  2.33481e-03
 5.17443e+03  2.39393e-03
 5.17469e+03  2.19858e-03
 5.17495e+03  2.44907e-03
 5.17521e+03  2.12388e-03
 5.17547e+03  2.42330e-03
 5.17573e+03  2.17909e-03
 5.17599e+03  2.56129e-03
 5.17625e+03  2.24809e-03
 5.17651e+03  2.58777e-03
 5.17677e+03  2.12648e-03
 5.17703e+03  2.44657e-03
 5.17729e+03  2.47317e-03
 5.17755e+03  2.67569e-03
 5.17781e+03  2.47845e-03
 5.17807e+03  2.32530e-03
 5.17833e+03  2.53919e-03
 5.17859e+03  2.33427e-03
 5.17885e+03  2.61152e-03
 5.17911e+03  2.53173e-03
 5.17937e+03  2.46953e-03
 5.17963e+03  2.62884e-03
 5.17989e+03  2.37471e-03
 5.18015e+03  2.43197e-03
 5.18041e+03  2.33446e-03
 5.18067e+03  2.62537e-03
 5.18093e+03  2.73229e-03
 5.18119e+03  2.60726e-03
 5.18145e+03  2.95332e-03
 5.18171e+03  2.54044e-03
 5.18197e+03  2.52951e-03
 5.18223e+03  2.62625e-03
 5.18249e+03  2.76484e-03
 5.18275e+03  2.56041e-03
 5.18301e+03  2.93827e-03
 5.18327e+03  2.66850e-03
 5.18353e+03  2.72709e-03
 5.18379e+03  3.02587e-03
 5.18405e+03  3.00036e-03
 5.18431e+03  2.84346e-03
 5.18457e+03  2.92150e-03
 5.18483e+03  2.66343e-03
 5.18509e+03  2.64960e-03
 5.18535e+03  2.75068e-03
 5.18561e+03  2.97973e-03
 5.18587e+03  2.76858e-03
 5.18613e+03  3.00243e-03
 5.18639e+03  2.79068e-03
 5.18665e+03  2.54214e-03
 5.18691e+03  2.96942e-03
 5.18717e+03  2.79857e-03
 5.18743e+03  2.93460e-03
 5.18769e+03  2.77245e-03
 5.18795e+03  2.85861e-03
 5.18821e+03  3.11447e-03
 5.18847e+03  2.99498e-03
 5.18873e+03  3.00884e-03
 5.18899e+03  2.75698e-03
 5.18925e+03  2.92392e-03
 5.18951e+03  3.25268e-03
 5.18977e+03  3.15509e-03
 5.19003e+03  2.91367e-03
 5.19029e+03  3.19579e-03
 5.19055e+03  3.18136e-03
 5.19081e+03  3.22555e-03
 5.19107e+03  3.00817e-03
 5.19133e+03  2.91631e-03
 5.19159e+03  3.19328e-03
 5.19185e+03  3.04987e-03
 5.19211e+03  3.09084e-03
 5.19237e+03  3.28076e-03
 5.19263e+03  3.10415e-03
 5.19289e+03  2.89973e-03
 5.19315e+03  3.12000e-03
 5.19341e+03  3.35763e-03
 5.19367e+03  3.29308e-03
 5.19393e+03  3.32515e-03
 5.19419e+03  3.58455e-03
 5.19445e+03  3.63627e-03
 5.19471e+03  3.35350e-03
 5.19497e+03  3.36596e-03
 5.19523e+03  3.54482e-03
 5.19549e+03  3.70797e-03
 5.19575e+03  3.57638e-03
 5.19601e+03  3.29243e-03
 5.19627e+03  3.51413e-03
 5.19653e+03  3.57187e-03
 5.19679e+03  3.91052e-03
 5.19705e+03  3.51666e-03
 5.19731e+03  3.80822e-03
 5.19757e+03  3.37393e-03
 5.19783e+03  3.59480e-03
 5.19809e+03  3.74022e-03
 5.19835e+03  3.35981e-03
 5.19861e+03  3.59789e-03
 5.19887e+03  3.92396e-03
 5.19913e+03  3.69878e-03
 5.19939e+03  3.66889e-03
 5.19965e+03  3.62759e-03
 5.19991e+03  3.60552e-03
 5.20017e+03  3.97199e-03
 5.20043e+03  3.99282e-03
 5.20069e+03  3.60837e-03
 5.20095e+03  3.66250e-03
 5.20121e+03  3.82023e-03
 5.20147e+03  3.86609e-03
 5.20173e+03  4.04111e-03
 5.20199e+03  3.97028e-03
 5.20225e+03  3.69528e-03
 5.20251e+03  4.16177e-03
 5.20277e+03  4.05281e-03
 5.20303e+03  4.01821e-03
 5.20329e+03  4.06167e-03
 5.20355e+03  4.26254e-03
 5.20381e+03  3.88933e-03
 5.20407e+03  4.38741e-03
 5.20433e+03  4.26539e-03
 5.20459e+03  4.34276e-03
 5.20485e+03  3.91146e-03
 5.20511e+03  4.20669e-03
 5.20537e+03  4.39668e-03
 5.20563e+03  4.22611e-03
 5.20589e+03  4.27657e-03
 5.20615e+03  4.36065e-03
 5.20641e+03  4.35702e-03
 5.20667e+03  4.55610e-03
 5.20693e+03  4.62913e-03
 5.20719e+03  4.63076e-03
 5.20745e+03  4.64929e-03
 5.20771e+03  4.66794e-03
 5.20797e+03  4.44562e-03
 5.20823e+03  4.58265e-03
 5.20849e+03  4.64041e-03
 5.20875e+03  4.72232e-03
 5.20901e+03  5.02905e-03
 5.20927e+03  4.46958e-03
 5.20953e+03  4.89635e-03
 5.20979e+03  4.58522e-03
 5.21005e+03  5.07233e-03
 5.21031e+03  4.90583e-03
 5.21057e+03  4.70127e-03
 5.21083e+03  4.81501e-03
 5.21109e+03  4.83449e-03
 5.21135e+03  4.99553e-03
 5.21161e+03  4.87383e-03
 5.21187e+03  5.08913e-03
 5.21213e+03  4.95121e-03
 5.21239e+03  4.88738e-03
 5.21265e+03  4.91523e-03
 5.21291e+03  4.93250e-03
 5.21317e+03  5.22440e-03
 5.21343e+03  5.02334e-03
 5.21369e+03  5.07038e-03
 5.21395e+03  5.33954e-03
 5.21421e+03  5.22667e-03
 5.21447e+03  5.38408e-03
 5.21473e+03  5.39317e-03
 5.21499e+03  5.35364e-03
 5.21525e+03  5.42245e-03
 5.21551e+03  5.47831e-03
 5.21577e+03  5.42947e-03
 5.21603e+03  5.83886e-03
 5.21629e+03  5.34084e-03
 5.21655e+03  5.70459e-03
 5.21681e+03  5.44982e-03
 5.21707e+03  5.79562e-03
 5.21733e+03  5.90360e-03
 5.21759e+03  6.03965e-03
 5.21785e+03  6.17716e-03
 5.21811e+03  5.57734e-03
 5.21837e+03  5.81066e-03
 5.21863e+03  6.20524e-03
 5.21889e+03  6.05622e-03
 5.21915e+03  5.73334e-03
 5.21941e+03  5.92661e-03
 5.21967e+03  5.98722e-03
 5.21993e+03  6.24316e-03
 5.22019e+03  6.33034e-03
 5.22045e+03  6.56236e-03
 5.22071e+03  6.24668e-03
 5.22097e+03  6.76511e-03
 5.22123e+03  6.94776e-03
 5.22149e+03  6.58695e-03
 5.22175e+03  6.54573e-03
 5.22201e+03  6.55430e-03
 5.22227e+03  6.74427e-03
 5.22253e+03  6.36695e-03
 5.22279e+03  6.59732e-03
 5.22305e+03  7.01245e-03
 5.22331e+03  6.73677e-03
 5.22357e+03  6.90434e-03
 5.22383e+03  6.82792e-03
 5.22409e+03  6.62295e-03
 5.22435e+03  6.67847e-03
 5.22461e+03  7.24869e-03
 5.22487e+03  7.11412e-03
 5.22513e+03  7.29998e-03
 5.22539e+03  7.18547e-03
 5.22565e+03  7.24660e-03
 5.22591e+03  7.37340e-03
 5.22617e+03  7.56266e-03
 5.22643e+03  7.12206e-03
 5.22669e+03  7.46917e-03
 5.22695e+03  7.53918e-03
 5.22721e+03  7.85858e-03
 5.22747e+03  7.64599e-03
 5.22773e+03  7.84473e-03
 5.22799e+03  7.64706e-03
 5.22825e+03  8.19341e-03
 5.22851e+03  8.11184e-03
 5.22877e+03  8.02485e-03
 5.22903e+03  8.34970e-03
 5.22929e+03  7.87557e-03
 5.22955e+03  8.24884e-03
 5.22981e+03  8.23988e-03
 5.23007e+03  8.36756e-03
 5.23033e+03  8.27821e-03
 5.23059e+03  8.96064e-03
 5.23085e+03  8.68197e-03
 5.23111e+03  9.27260e-03
 5.23137e+03  8.88179e-03
 5.23163e+03  8.92962e-03
 5.23189e+03  9.16151e-03
 5.23215e+03  9.42597e-03
 5.23241e+03  9.46084e-03
 5.23267e+03  9.75031e-03
 5.23293e+03  9.67221e-03
 5.23319e+03  9.66192e-03
 5.23345e+03  9.85069e-03
 5.23371e+03  9.64457e-03
 5.23397e+03  9.82125e-03
 5.23423e+03  9.61317e-03
 5.23449e+03  1.05221e-02
 5.23475e+03  1.01364e-02
 5.23501e+03  1.06715e-02
 5.23527e+03  1.00247e-02
 5.23553e+03  1.02990e-02
 5.23579e+03  1.06985e-02
 5.23605e+03  1.03759e-02
 5.23631e+03  1.06475e-02
 5.23657e+03  1.03638e-02
 5.23683e+03  1.09417e-02
 5.23709e+03  1.07993e-02
 5.23735e+03  1.10438e-02
 5.23761e+03  1.14011e-02
 5.23787e+03  1.12584e-02
 5.23813e+03  1.13700e-02
 5.23839e+03  1.20197e-02
 5.23865e+03  1.15803e-02
 5.23891e+03  1.13872e-02
 5.23917e+03  1.19561e-02
 5.23943e+03  1.23326e-02
 5.23969e+03  1.25787e-02
 5.23995e+03  1.22853e-02
 5.24021e+03  1.21438e-02
 5.24047e+03  1.26536e-02
 5.24073e+03  1.29118e-02
 5.24099e+03  1.28047e-02
 5.24125e+03  1.23418e-02
 5.24151e+03  1.30808e-02
 5.24177e+03  1.31671e-02
 5.24203e+03  1.35595e-02
 5.24229e+03  1.34331e-02
 5.24255e+03  1.36393e-02
 5.24281e+03  1.34670e-02
 5.24307e+03  1.36503e-02
 5.24333e+03  1.49148e-02
 5.24359e+03  1.42368e-02
 5.24385e+03  1.42520e-02
 5.24411e+03  1.47044e-02
 5.24437e+03  1.47618e-02
 5.24463e+03  1.53144e-02
 5.24489e+03  1.47890e-02
 5.24515e+03  1.48700e-02
 5.24541e+03  1.48759e-02
 5.24567e+03  1.58755e-02
 5.24593e+03  1.57393e-02
 5.24619e+03  1.63207e-02
 5.24645e+03  1.57818e-02
 5.24671e+03  1.61620e-02
 5.24697e+03  1.69463e-02
 5.24723e+03  1.75892e-02
 5.24749e+03  1.63106e-02
 5.24775e+03  1.70665e-02
 5.24801e+03  1.76959e-02
 5.24827e+03  1.75110e-02
 5.24853e+03  1.73386e-02
 5.24879e+03  1.73383e-02
 5.24905e+03  1.79909e-02
 5.24931e+03  1.88288e-02
 5.24957e+03  1.89416e-02
 5.24983e+03  1.90064e-02
 5.25009e+03  1.83051e-02
 5.25035e+03  1.90700e-02
 5.25061e+03  2.07776e-02
 5.25087e+03  1.98436e-02
 5.25113e+03  1.97482e-02
 5.25139e+03  2.01564e-02
 5.25165e+03  2.07675e-02
 5.25191e+03  2.14806e-02
 5.25217e+03  2.11433e-02
 5.25243e+03  2.16653e-02
 5.25269e+03  2.10870e-02
 5.25295e+03  2.23594e-02
 5.25321e+03  2.19836e-02
 5.25347e+03  2.28537e-02
 5.25373e+03  2.20328e-02
 5.25399e+03  2.30580e-02
 5.25425e+03  2.37158e-02
 5.25451e+03  2.39004e-02
 5.25477e+03  2.40870e-02
 5.25503e+03  2.38004e-02
 5.25529e+03  2.46038e-02
 5.25555e+03  2.50706e-02
 5.25581e+03  2.54882e-02
 5.25607e+03  2.49301e-02
 5.25633e+03  2.59147e-02
 5.25659e+03  2.68413e-02
 5.25685e+03  2.65598e-02
 5.25711e+03  2.76328e-02
 5.25737e+03  2.71904e-02
 5.25763e+03  2.75304e-02
 5.25789e+03  2.80630e-02
 5.25815e+03  2.96868e-02
 5.25841e+03  2.84396e-02
 5.25867e+03  2.90789e-02
 5.25893e+03  2.95529e-02
 5.25919e+03  3.03601e-02
 5.25945e+03  3.15386e-02
 5.25971e+03  3.10222e-02
 5.25997e+03  3.07262e-02
 5.26023e+03  3.03195e-02
 5.26049e+03  3.19972e-02
 5.26075e+03  3.35130e-02
 5.26101e+03  3.30858e-02
 5.26127e+03  3.32637e-02
 5.26153e+03  3.48508e-02
 5.26179e+03  3.56265e-02
 5.26205e+03  3.56188e-02
 5.26231e+03  3.58015e-02
 5.26257e+03  3.52902e-02
 5.26283e+03  3.69461e-02
 5.26309e+03  3.81372e-02
 5.26335e+03  3.84221e-02
 5.26361e+03  3.78312e-02
 5.26387e+03  3.86824e-02
 5.26413e+03  3.96164e-02
 5.26439e+03  3.97568e-02
 5.26465e+03  4.07933e-02
 5.26491e+03  4.11908e-02
 5.26517e+03  4.15578e-02
 5.26543e+03  2.58503e-02
 5.26569e+03  3.76077e-02
 5.26595e+03  4.24790e-02
 5.26621e+03  4.32025e-02
 5.26647e+03  4.45649e-02
 5.26673e+03  4.74339e-02
 5.26699e+03  4.77834e-02
 5.26725e+03  4.76582e-02
 5.26751e+03  4.72947e-02
 5.26777e+03  4.94166e-02
 5.26803e+03  5.11329e-02
 5.26829e+03  5.27027e-02
 5.26855e+03  5.13464e-02
 5.26881e+03  5.15950e-02
 5.26907e+03  5.39148e-02
 5.26933e+03  5.67974e-02
 5.26959e+03  5.69593e-02
 5.26985e+03  5.56772e-02
 5.27011e+03  5.60735e-02
 5.27037e+03  5.78370e-02
 5.27063e+03  6.01380e-02
 5.27089e+03  6.14274e-02
 5.27115e+03  6.05036e-02
 5.27141e+03  6.11881e-02
 5.27167e+03  6.34487e-02
 5.27193e+03  6.55189e-02
 5.27219e+03  6.67627e-02
 5.27245e+03  6.52730e-02
 5.27271e+03  6.66158e-02
 5.27297e+03  7.11706e-02
 5.27323e+03  7.23957e-02
 5.27349e+03  7.13492e-02
 5.27375e+03  7.06092e-02
 5.27401e+03  7.41384e-02
 5.27427e+03  7.77936e-02
 5.27453e+03  7.83070e-02
 5.27479e+03  7.77671e-02
 5.27505e+03  7.76829e-02
 5.27531e+03  8.07841e-02
 5.27557e+03  8.29627e-02
 5.27583e+03  8.50286e-02
 5.27609e+03  8.36727e-02
 5.27635e+03  8.56496e-02
 5.27661e+03  8.92150e-02
 5.27687e+03  9.21035e-02
 5.27713e+03  9.34625e-02
 5.27739e+03  9.19325e-02
 5.27765e+03  9.49603e-02
 5.27791e+03  9.84722e-02
 5.27817e+03  1.02612e-01
 5.27843e+03  1.01071e-01
 5.27869e+03  1.01038e-01
 5.27895e+03  1.03119e-01
 5.27921e+03  1.07937e-01
 5.27947e+03  1.10927e-01
 5.27973e+03  1.11581e-01
 5.27999e+03  1.09814e-01
 5.28025e+03  1.14944e-01
 5.28051e+03  1.20230e-01
 5.28077e+03  1.22345e-01
 5.28103e+03  1.20589e-01
 5.28129e+03  1.21680e-01
 5.28155e+03  1.27378e-01
 5.28181e+03  1.31323e-01
 5.28207e+03  1.34273e-01
 5.28233e+03  1.32531e-01
 5.28259e+03  1.33431e-01
 5.28285e+03  1.40245e-01
 5.28311e+03  1.44636e-01
 5.28337e+03  1.46534e-01
 5.28363e+03  1.46533e-01
 5.28389e+03  1.48929e-01
 5.28415e+03  1.55387e-01
 5.28441e+03  1.61029e-01
 5.28467e+03  1.60735e-01
 5.28493e+03  1.61667e-01
 5.28519e+03  1.63823e-01
 5.28545e+03  1.72813e-01
 5.28571e+03  1.76975e-01
 5.28597e+03  1.77789e-01
 5.28623e+03  1.77718e-01
 5.28649e+03  1.83394e-01
 5.28675e+03  1.91265e-01
 5.28701e+03  1.95530e-01
 5.28727e+03  1.95500e-01
 5.28753e+03  1.95367e-01
 5.28779e+03  2.03383e-01
 5.28805e+03  2.13322e-01
 5.28831e+03  2.15538e-01
 5.28857e+03  2.14091e-01
 5.28883e+03  2.18529e-01
 5.28909e+03  2.26610e-01
 5.28935e+03  2.33627e-01
 5.28961e+03  2.38506e-01
 5.28987e+03  2.36524e-01
 5.29013e+03  2.41799e-01
 5.29039e+03  2.50844e-01
 5.29065e+03  2.59822e-01
 5.29091e+03  2.62931e-01
 5.29117e+03  2.61103e-01
 5.29143e+03  2.68760e-01
 5.29169e+03  2.77871e-01
 5.29195e+03  2.87014e-01
 5.29221e+03  2.90297e-01
 5.29247e+03  2.86859e-01
 5.29273e+03  2.98047e-01
 5.29299e+03  3.06452e-01
 5.29325e+03  3.17207e-01
 5.29351e+03  3.16380e-01
 5.29377e+03  3.20259e-01
 5.29403e+03  3.27520e-01
 5.29429e+03  3.40360e-01
 5.29455e+03  3.50709e-01
 5.29481e+03  3.46112e-01
 5.29507e+03  3.51513e-01
 5.29533e+03  3.63780e-01
 5.29559e+03  3.73362e-01
 5.29585e+03  3.79790e-01
 5.29611e+03  3.80575e-01
 5.29637e+03  3.85505e-01
 5.29663e+03  3.99449e-01
 5.29689e+03  4.12264e-01
 5.29715e+03  4.15696e-01
 5.29741e+03  4.14436e-01
 5.29767e+03  4.21736e-01
 5.29793e+03  4.37439e-01
 5.29819e+03  4.49000e-01
 5.29845e+03  4.54118e-01
 5.29871e+03  4.49250e-01
 5.29897e+03  4.60921e-01
 5.29923e+03  4.73569e-01
 5.29949e+03  4.83497e-01
 5.29975e+03  4.86543e-01
 5.30001e+03  4.88839e-01
 5.30027e+03  4.96402e-01
 5.30053e+03  5.14595e-01
 5.30079e+03  5.22822e-01
 5.30105e+03  5.22884e-01
 5.30131e+03  5.26844e-01
 5.30157e+03  5.38870e-01
 5.30183e+03  5.53210e-01
 5.30209e+03  5.58754e-01
 5.30235e+03  5.57568e-01
 5.30261e+03  5.65834e-01
 5.30287e+03  5.76528e-01
 5.30313e+03  5.91989e-01
 5.30339e+03  5.94833e-01
 5.30365e+03  5.94267e-01
 5.30391e+03  5.96216e-01
 5.30417e+03  6.09212e-01
 5.30443e+03  6.20242e-01
 5.30469e+03  6.25641e-01
 5.30495e+03  6.19747e-01
 5.30521e+03  6.28916e-01
 5.30547e+03  6.40006e-01
 5.30573e+03  6.50074e-01
 5.30599e+03  6.49541e-01
 5.30625e+03  6.54514e-01
 5.30651e+03  6.58078e-01
 5.30677e+03  6.65262e-01
 5.30703e+03  6.70032e-01
 5.30729e+03  6.76723e-01
 5.30755e+03  6.75380e-01
 5.30781e+03  6.76263e-01
 5.30807e+03  6.89098e-01
 5.30833e+03  6.93136e-01
 5.30859e+03  6.94177e-01
 5.30885e+03  6.92119e-01
 5.30911e+03  6.96254e-01
 5.30937e+03  7.07193e-01
 5.30963e+03  7.09197e-01
 5.30989e+03  7.07493e-01
 5.31015e+03  7.04270e-01
 5.31041e+03  7.09182e-01
 5.31067e+03  7.15946e-01
 5.31093e+03  7.20598e-01
 5.31119e+03  7.16641e-01
 5.31145e+03  7.11015e-01
 5.31171e+03  7.19332e-01
 5.31197e+03  7.19567e-01
 5.31223e+03  7.20849e-01
 5.31249e+03  7.23250e-01
 5.31275e+03  7.18607e-01
 5.31301e+03  7.19112e-01
 5.31327e+03  7.19335e-01
 5.31353e+03  7.19460e-01
 5.31379e+03  7.20015e-01
 5.31405e+03  7.14212e-01
 5.31431e+03  7.19452e-01
 5.31457e+03  7.13071e-01
 5.31483e+03  7.16657e-01
 5.31509e+03  7.09621e-01
 5.31535e+03  7.08763e-01
 5.31561e+03  7.06070e-01
 5.31587e+03  7.11008e-01
 5.31613e+03  7.10566e-01
 5.31639e+03  7.08933e-01
 5.31665e+03  7.00334e-01
 5.31691e+03  6.98424e-01
 5.31717e+03  6.99697e-01
 5.31743e+03  7.03285e-01
 5.31769e+03  6.96445e-01
 5.31795e+03  6.91304e-01
 5.31821e+03  6.90443e-01
 5.31847e+03  6.90462e-01
 5.31873e+03  6.88875e-01
 5.31899e+03  6.85411e-01
 5.31925e+03  6.77521e-01
 5.31951e+03  6.72373e-01
 5.31977e+03  6.82482e-01
 5.32003e+03  6.75599e-01
 5.32029e+03  6.69168e-01
 5.32055e+03  6.62355e-01
 5.32081e+03  6.62539e-01
 5.32107e+03  6.67597e-01
 5.32133e+03  6.69194e-01
 5.32159e+03  6.57467e-01
 5.32185e+03  6.48742e-01
 5.32211e+03  6.50108e-01
 5.32237e+03  6.52410e-01
 5.32263e+03  6.51148e-01
 5.32289e+03  6.42519e-01
 5.32315e+03  6.40539e-01
 5.32341e+03  6.34591e-01
 5.32367e+03  6.42642e-01
 5.32393e+03  6.37304e-01
 5.32419e+03  6.25226e-01
 5.32445e+03  6.20012e-01
 5.32471e+03  6.22801e-01
 5.32497e+03  6.28112e-01
 5.32523e+03  6.25297e-01
 5.32549e+03  6.13301e-01
 5.32575e+03  6.08461e-01
 5.32601e+03  6.10314e-01
 5.32627e+03  6.15701e-01
 5.32653e+03  6.09741e-01
 5.32679e+03  6.00651e-01
 5.32705e+03  5.99007e-01
 5.32731e+03  5.98655e-01
 5.32757e+03  6.05009e-01
 5.32783e+03  5.96457e-01
 5.32809e+03  5.87831e-01
 5.32835e+03  5.86702e-01
 5.32861e+03  5.87264e-01
 5.32887e+03  5.87844e-01
 5.32913e+03  5.86467e-01
 5.32939e+03  5.77951e-01
 5.32965e+03  5.72446e-01
 5.32991e+03  5.77537e-01
 5.33017e+03  5.80227e-01
 5.33043e+03  5.73373e-01
 5.33069e+03  5.64200e-01
 5.33095e+03  5.65805e-01
 5.33121e+03  5.69874e-01
 5.33147e+03  5.72516e-01
 5.33173e+03  5.63493e-01
 5.33199e+03  5.57970e-01
 5.33225e+03  5.53925e-01
 5.33251e+03  5.63543e-01
 5.33277e+03  5.61926e-01
 5.33303e+03  5.54988e-01
 5.33329e+03  5.49578e-01
 5.33355e+03  5.45021e-01
 5.33381e+03  5.53752e-01
 5.33407e+03  5.52589e-01
 5.33433e+03  5.42792e-01
 5.33459e+03  5.40602e-01
 5.33485e+03  5.41224e-01
 5.33511e+03  5.46157e-01
 5.33537e+03  5.46737e-01
 5.33563e+03  5.36140e-01
 5.33589e+03  5.32628e-01
 5.33615e+03  5.37846e-01
 5.33641e+03  5.39178e-01
 5.33667e+03  5.36040e-01
 5.33693e+03  5.28716e-01
 5.33719e+03  5.28082e-01
 5.33745e+03  5.30940e-01
 5.33771e+03  5.37528e-01
 5.33797e+03  5.29141e-01
 5.33823e+03  5.23784e-01
 5.33849e+03  5.21738e-01
 5.33875e+03  5.22331e-01
 5.33901e+03  5.28103e-01
 5.33927e+03  5.23321e-01
 5.33953e+03  5.19287e-01
 5.33979e+03  5.14327e-01
 5.34005e+03  5.22887e-01
 5.34031e+03  5.25962e-01
 5.34057e+03  5.23552e-01
 5.34083e+03  5.13083e-01
 5.34109e+03  5.13864e-01
 5.34135e+03  5.15583e-01
 5.34161e+03  5.21334e-01
 5.34187e+03  5.15168e-01
 5.34213e+03  5.08405e-01
 5.34239e+03  5.12292e-01
 5.34265e+03  5.14200e-01
 5.34291e+03  5.17890e-01
 5.34317e+03  5.13390e-01
 5.34343e+03  5.07533e-01
 5.34369e+03  5.08088e-01
 5.34395e+03  5.14949e-01
 5.34421e+03  5.17190e-01
 5.34447e+03  5.11015e-01
 5.34473e+03  5.06382e-01
 5.34499e+03  5.06603e-01
 5.34525e+03  5.11159e-01
 5.34551e+03  5.14375e-01
 5.34577e+03  5.12799e-01
 5.34603e+03  5.04456e-01
 5.34629e+03  5.04969e-01
 5.34655e+03  5.13251e-01
 5.34681e+03  5.17995e-01
 5.34707e+03  5.08432e-01
 5.34733e+03  5.04847e-01
 5.34759e+03  5.07230e-01
 5.34785e+03  5.11391e-01
 5.34811e+03  5.14787e-01
 5.34837e+03  5.08805e-01
 5.34863e+03  5.04463e-01
 5.34889e+03  5.07813e-01
 5.34915e+03  5.12460e-01
 5.34941e+03  5.13256e-01
 5.34967e+03  5.09148e-01
 5.34993e+03  5.06156e-01
 5.35019e+03  5.10059e-01
 5.35045e+03  5.16585e-01
 5.35071e+03  5.16410e-01
 5.35097e+03  5.10846e-01
 5.35123e+03  5.07631e-01
 5.35149e+03  5.08931e-01
 5.35175e+03  5.16048e-01
 5.35201e+03  5.19103e-01
 5.35227e+03  5.10314e-01
 5.35253e+03  5.08811e-01
 5.35279e+03  5.12357e-01
 5.35305e+03  5.19341e-01
 5.35331e+03  5.19098e-01
 5.35357e+03  5.13072e-01
 5.35383e+03  5.09790e-01
 5.35409e+03  5.17314e-01
 5.35435e+03  5.22660e-01
 5.35461e+03  5.18814e-01
 5.35487e+03  5.16185e-01
 5.35513e+03  5.12814e-01
 5.35539e+03  5.19477e-01
 5.35565e+03  5.25934e-01
 5.35591e+03  5.22949e-01
 5.35617e+03  5.17580e-01
 5.35643e+03  5.17302e-01
 5.35669e+03  5.23965e-01
 5.35695e+03  5.27596e-01
 5.35721e+03  5.27003e-01
 5.35747e+03  5.26519e-01
 5.35773e+03  5.23297e-01
 5.35799e+03  5.27233e-01
 5.35825e+03  5.34399e-01
 5.35851e+03  5.30622e-01
 5.35877e+03  5.27418e-01
 5.35903e+03  5.22777e-01
 5.35929e+03  5.34047e-01
 5.35955e+03  5.35348e-01
 5.35981e+03  5.37735e-01
 5.36007e+03  5.29572e-01
 5.36033e+03  5.32565e-01
 5.36059e+03  5.41590e-01
 5.36085e+03  5.47352e-01
 5.36111e+03  5.41342e-01
 5.36137e+03  5.35174e-01
 5.36163e+03  5.40056e-01
 5.36189e+03  5.46646e-01
 5.36215e+03  5.49559e-01
 5.36241e+03  5.48143e-01
 5.36267e+03  5.42878e-01
 5.36293e+03  5.46531e-01
 5.36319e+03  5.49836e-01
 5.36345e+03  5.57361e-01
 5.36371e+03  5.54903e-01
 5.36397e+03  5.45965e-01
 5.36423e+03  5.51615e-01
 5.36449e+03  5.60680e-01
 5.36475e+03  5.61602e-01
 5.36501e+03  5.58065e-01
 5.36527e+03  5.55488e-01
 5.36553e+03  5.56787e-01
 5.36579e+03  5.62610e-01
 5.36605e+03  5.68688e-01
 5.36631e+03  5.66823e-01
 5.36657e+03  5.60321e-01
 5.36683e+03  5.64123e-01
 5.36709e+03  5.72659e-01
 5.36735e+03  5.78679e-01
 5.36761e+03  5.72368e-01
 5.36787e+03  5.66641e-01
 5.36813e+03  5.71875e-01
 5.36839e+03  5.77516e-01
 5.36865e+03  5.82982e-01
 5.36891e+03  5.80532e-01
 5.36917e+03  5.75990e-01
 5.36943e+03  5.83158e-01
 5.36969e+03  5.88385e-01
 5.36995e+03  5.88489e-01
 5.37021e+03  5.90789e-01
 5.37047e+03  5.82950e-01
 5.37073e+03  5.86726e-01
 5.37099e+03  5.96970e-01
 5.37125e+03  5.99827e-01
 5.37151e+03  5.99637e-01
 5.37177e+03  5.91515e-01
 5.37203e+03  5.97369e-01
 5.37229e+03  6.04666e-01
 5.37255e+03  6.06019e-01
 5.37281e+03  6.01011e-01
 5.37307e+03  6.02742e-01
 5.37333e+03  6.07328e-01
 5.37359e+03  6.12862e-01
 5.37385e+03  6.18034e-01
 5.37411e+03  6.12303e-01
 5.37437e+03  6.06172e-01
 5.37463e+03  6.15448e-01
 5.37489e+03  6.21228e-01
 5.37515e+03  6.22448e-01
 5.37541e+03  6.17048e-01
 5.37567e+03  6.14985e-01
 5.37593e+03  6.22577e-01
 5.37619e+03  6.29519e-01
 5.37645e+03  6.31585e-01
 5.37671e+03  6.29586e-01
 5.37697e+03  6.26844e-01
 5.37723e+03  6.32401e-01
 5.37749e+03  6.41309e-01
 5.37775e+03  6.37209e-01
 5.37801e+03  6.33597e-01
 5.37827e+03  6.36833e-01
 5.37853e+03  6.41596e-01
 5.37879e+03  6.45488e-01
 5.37905e+03  6.49122e-01
 5.37931e+03  6.47260e-01
 5.37957e+03  6.42978e-01
 5.37983e+03  6.49933e-01
 5.38009e+03  6.54656e-01
 5.38035e+03  6.53637e-01
 5.38061e+03  6.52571e-01
 5.38087e+03  6.51856e-01
 5.38113e+03  6.55886e-01
 5.38139e+03  6.65782e-01
 5.38165e+03  6.64326e-01
 5.38191e+03  6.61639e-01
 5.38217e+03  6.60648e-01
 5.38243e+03  6.65889e-01
 5.38269e+03  6.69727e-01
 5.38295e+03  6.71459e-01
 5.38321e+03  6.64159e-01
 5.38347e+03  6.64515e-01
 5.38373e+03  6.71878e-01
 5.38399e+03  6.81386e-01
 5.38425e+03  6.79546e-01
 5.38451e+03  6.74633e-01
 5.38477e+03  6.75617e-01
 5.38503e+03  6.80609e-01
 5.38529e+03  6.83541e-01
 5.38555e+03  6.85696e-01
 5.38581e+03  6.82458e-01
 5.38607e+03  6.81567e-01
 5.38633e+03  6.88656e-01
 5.38659e+03  6.92519e-01
 5.38685e+03  6.91106e-01
 5.38711e+03  6.91212e-01
 5.38737e+03  6.87343e-01
 5.38763e+03  6.93262e-01
 5.38789e+03  6.96289e-01
 5.38815e+03  6.94893e-01
 5.38841e+03  6.93045e-01
 5.38867e+03  6.94832e-01
 5.38893e+03  7.04193e-01
 5.38919e+03  7.03792e-01
 5.38945e+03  7.04286e-01
 5.38971e+03  6.97953e-01
 5.38997e+03  6.99622e-01
 5.39023e+03  7.02574e-01
 5.39049e+03  7.07812e-01
 5.39075e+03  7.04770e-01
 5.39101e+03  7.06258e-01
 5.39127e+03  7.04725e-01
 5.39153e+03  7.08276e-01
 5.39179e+03  7.11067e-01
 5.39205e+03  7.13288e-01
 5.39231e+03  7.09253e-01
 5.39257e+03  7.08875e-01
 5.39283e+03  7.17284e-01
 5.39309e+03  7.17765e-01
 5.39335e+03  7.15273e-01
 5.39361e+03  7.12022e-01
 5.39387e+03  7.12490e-01
 5.39413e+03  7.15912e-01
 5.39439e+03  7.21355e-01
 5.39465e+03  7.11780e-01
 5.39491e+03  7.15295e-01
 5.39517e+03  7.13473e-01
 5.39543e+03  7.17149e-01
 5.39569e+03  7.16559e-01
 5.39595e+03  7.14941e-01
 5.39621e+03  7.10746e-01
 5.39647e+03  7.17417e-01
 5.39673e+03  7.17616e-01
 5.39699e+03  7.17884e-01
 5.39725e+03  7.12983e-01
 5.39751e+03  7.15829e-01
 5.39777e+03  7.15805e-01
 5.39803e+03  7.23000e-01
 5.39829e+03  7.17862e-01
 5.39855e+03  7.17794e-01
 5.39881e+03  7.13298e-01
 5.39907e+03  7.19990e-01
 5.39933e+03  7.16971e-01
 5.39959e+03  7.16350e-01
 5.39985e+03  7.11832e-01
 5.40011e+03  7.16642e-01
 5.40037e+03  7.13355e-01
 5.40063e+03  7.18565e-01
 5.40089e+03  7.13609e-01
 5.40115e+03  7.15703e-01
 5.40141e+03  7.13280e-01
 5.40167e+03  7.12398e-01
 5.40193e+03  7.12608e-01
 5.40219e+03  7.13744e-01
 5.40245e+03  7.07484e-01
 5.40271e+03  7.00775e-01
 5.40297e+03  7.09019e-01
 5.40323e+03  7.12211e-01
 5.40349e+03  7.08852e-01
 5.40375e+03  7.01052e-01
 5.40401e+03  6.99325e-01
 5.40427e+03  7.06566e-01
 5.40453e+03  7.01168e-01
 5.40479e+03  7.01744e-01
 5.40505e+03  6.96649e-01
 5.40531e+03  6.98787e-01
 5.40557e+03  7.00930e-01
 5.40583e+03  6.99862e-01
 5.40609e+03  6.92449e-01
 5.40635e+03  6.90025e-01
 5.40661e+03  6.91008e-01
 5.40687e+03  6.91692e-01
 5.40713e+03  6.90197e-01
 5.40739e+03  6.84267e-01
 5.40765e+03  6.82672e-01
 5.40791e+03  6.81304e-01
 5.40817e+03  6.81533e-01
 5.40843e+03  6.85438e-01
 5.40869e+03  6.79363e-01
 5.40895e+03  6.73424e-01
 5.40921e+03  6.76026e-01
 5.40947e+03  6.77802e-01
 5.40973e+03  6.74286e-01
 5.40999e+03  6.66068e-01
 5.41025e+03  6.70200e-01
 5.41051e+03  6.63283e-01
 5.41077e+03  6.68551e-01
 5.41103e+03  6.66755e-01
 5.41129e+03  6.59664e-01
 5.41155e+03  6.54403e-01
 5.41181e+03  6.56621e-01
 5.41207e+03  6.56101e-01
 5.41233e+03  6.53832e-01
 5.41259e+03  6.50022e-01
 5.41285e+03  6.41915e-01
 5.41311e+03  6.45433e-01
 5.41337e+03  6.47527e-01
 5.41363e+03  6.45123e-01
 5.41389e+03  6.38500e-01
 5.41415e+03  6.33542e-01
 5.41441e+03  6.31891e-01
 5.41467e+03  6.29891e-01
 5.41493e+03  6.30436e-01
 5.41519e+03  6.24690e-01
 5.41545e+03  6.20336e-01
 5.41571e+03  6.19911e-01
 5.41597e+03  6.20728e-01
 5.41623e+03  6.16568e-01
 5.41649e+03  6.12293e-01
 5.41675e+03  6.08336e-01
 5.41701e+03  6.06576e-01
 5.41727e+03  6.08364e-01
 5.41753e+03  6.08543e-01
 5.41779e+03  6.00149e-01
 5.41805e+03  5.94144e-01
 5.41831e+03  5.93387e-01
 5.41857e+03  5.94845e-01
 5.41883e+03  5.91682e-01
 5.41909e+03  5.87135e-01
 5.41935e+03  5.80092e-01
 5.41961e+03  5.79558e-01
 5.41987e+03  5.77883e-01
 5.42013e+03  5.79347e-01
 5.42039e+03  5.73386e-01
 5.42065e+03  5.65179e-01
 5.42091e+03  5.64854e-01
 5.42117e+03  5.67315e-01
 5.42143e+03  5.60582e-01
 5.42169e+03  5.56827e-01
 5.42195e+03  5.50335e-01
 5.42221e+03  5.48894e-01
 5.42247e+03  5.47502e-01
 5.42273e+03  5.47621e-01
 5.42299e+03  5.43323e-01
 5.42325e+03  5.33021e-01
 5.42351e+03  5.37487e-01
 5.42377e+03  5.38749e-01
 5.42403e+03  5.34082e-01
 5.42429e+03  5.25469e-01
 5.42455e+03  5.22225e-01
 5.42481e+03  5.17862e-01
 5.42507e+03  5.22264e-01
 5.42533e+03  5.18558e-01
 5.42559e+03  5.10024e-01
 5.42585e+03  5.05222e-01
 5.42611e+03  5.01746e-01
 5.42637e+03  5.03261e-01
 5.42663e+03  5.01045e-01
 5.42689e+03  4.95475e-01
 5.42715e+03  4.88323e-01
 5.42741e+03  4.90750e-01
 5.42767e+03  4.88971e-01
 5.42793e+03  4.86533e-01
 5.42819e+03  4.81588e-01
 5.42845e+03  4.74111e-01
 5.42871e+03  4.70415e-01
 5.42897e+03  4.73989e-01
 5.42923e+03  4.70866e-01
 5.42949e+03  4.63613e-01
 5.42975e+03  4.57924e-01
 5.43001e+03  4.58300e-01
 5.43027e+03  4.56324e-01
 5.43053e+03  4.54664e-01
 5.43079e+03  4.48758e-01
 5.43105e+03  4.40794e-01
 5.43131e+03  4.36153e-01
 5.43157e+03  4.42300e-01
 5.43183e+03  4.40820e-01
 5.43209e+03  4.29883e-01
 5.43235e+03  4.25690e-01
 5.43261e+03  4.23467e-01
 5.43287e+03  4.25402e-01
 5.43313e+03  4.23105e-01
 5.43339e+03  4.19706e-01
 5.43365e+03  4.11190e-01
 5.43391e+03  4.06804e-01
 5.43417e+03  4.07166e-01
 5.43443e+03  4.09435e-01
 5.43469e+03  4.00313e-01
 5.43495e+03  3.92747e-01
 5.43521e+03  3.89687e-01
 5.43547e+03  3.92048e-01
 5.43573e+03  3.90942e-01
 5.43599e+03  3.83917e-01
 5.43625e+03  3.79526e-01
 5.43651e+03  3.74573e-01
 5.43677e+03  3.79044e-01
 5.43703e+03  3.76433e-01
 5.43729e+03  3.69311e-01
 5.43755e+03  3.63150e-01
 5.43781e+03  3.58044e-01
 5.43807e+03  3.60843e-01
 5.43833e+03  3.58999e-01
 5.43859e+03  3.53808e-01
 5.43885e+03  3.46269e-01
 5.43911e+03  3.41920e-01
 5.43937e+03  3.44435e-01
 5.43963e+03  3.43149e-01
 5.43989e+03  3.39610e-01
 5.44015e+03  3.33065e-01
 5.44041e+03  3.27470e-01
 5.44067e+03  3.26208e-01
 5.44093e+03  3.31201e-01
 5.44119e+03  3.23717e-01
 5.44145e+03  3.18695e-01
 5.44171e+03  3.13588e-01
 5.44197e+03  3.14220e-01
 5.44223e+03  3.13560e-01
 5.44249e+03  3.09789e-01
 5.44275e+03  3.04247e-01
 5.44301e+03  2.98983e-01
 5.44327e+03  2.96917e-01
 5.44353e+03  2.99997e-01
 5.44379e+03  2.96371e-01
 5.44405e+03  2.89652e-01
 5.44431e+03  2.84891e-01
 5.44457e+03  2.84245e-01
 5.44483e+03  2.85599e-01
 5.44509e+03  2.83186e-01
 5.44535e+03  2.75557e-01
 5.44561e+03  2.70921e-01
 5.44587e+03  2.69044e-01
 5.44613e+03  2.70709e-01
 5.44639e+03  2.68264e-01
 5.44665e+03  2.63340e-01
 5.44691e+03  2.58268e-01
 5.44717e+03  2.56115e-01
 5.44743e+03  2.57631e-01
 5.44769e+03  2.54492e-01
 5.44795e+03  2.50009e-01
 5.44821e+03  2.43777e-01
 5.44847e+03  2.44801e-01
 5.44873e+03  2.45030e-01
 5.44899e+03  2.41514e-01
 5.44925e+03  2.36469e-01
 5.44951e+03  2.32172e-01
 5.44977e+03  2.30670e-01
 5.45003e+03  2.31547e-01
 5.45029e+03  2.30072e-01
 5.45055e+03  2.27299e-01
 5.45081e+03  2.20883e-01
 5.45107e+03  2.19601e-01
 5.45133e+03  2.17702e-01
 5.45159e+03  2.17248e-01
 5.45185e+03  2.14088e-01
 5.45211e+03  2.08731e-01
 5.45237e+03  2.05793e-01
 5.45263e+03  2.08349e-01
 5.45289e+03  2.06564e-01
 5.45315e+03  2.03336e-01
 5.45341e+03  1.97834e-01
 5.45367e+03  1.97160e-01
 5.45393e+03  1.94958e-01
 5.45419e+03  1.96948e-01
 5.45445e+03  1.91656e-01
 5.45471e+03  1.86972e-01
 5.45497e+03  1.86675e-01
 5.45523e+03  1.84628e-01
 5.45549e+03  1.84612e-01
 5.45575e+03  1.80633e-01
 5.45601e+03  1.76526e-01
 5.45627e+03  1.74580e-01
 5.45653e+03  1.73395e-01
 5.45679e+03  1.74668e-01
 5.45705e+03  1.72816e-01
 5.45731e+03  1.68120e-01
 5.45757e+03  1.65208e-01
 5.45783e+03  1.64123e-01
 5.45809e+03  1.65167e-01
 5.45835e+03  1.61697e-01
 5.45861e+03  1.57706e-01
 5.45887e+03  1.56203e-01
 5.45913e+03  1.54995e-01
 5.45939e+03  1.55782e-01
 5.45965e+03  1.53650e-01
 5.45991e+03  1.50618e-01
 5.46017e+03  1.45013e-01
 5.46043e+03  1.44218e-01
 5.46069e+03  1.45989e-01
 5.46095e+03  1.44833e-01
 5.46121e+03  1.40950e-01
 5.46147e+03  1.37303e-01
 5.46173e+03  1.36930e-01
 5.46199e+03  1.35835e-01
 5.46225e+03  1.36706e-01
 5.46251e+03  1.33759e-01
 5.46277e+03  1.29541e-01
 5.46303e+03  1.30644e-01
 5.46329e+03  1.28281e-01
 5.46355e+03  1.28570e-01
 5.46381e+03  1.24506e-01
 5.46407e+03  1.22032e-01
 5.46433e+03  1.20502e-01
 5.46459e+03  1.21837e-01
 5.46485e+03  1.22495e-01
 5.46511e+03  1.18293e-01
 5.46537e+03  1.16205e-01
 5.46563e+03  1.14267e-01
 5.46589e+03  1.14704e-01
 5.46615e+03  1.13394e-01
 5.46641e+03  1.13108e-01
 5.46667e+03  1.08730e-01
 5.46693e+03  1.08073e-01
 5.46719e+03  1.07266e-01
 5.46745e+03  1.06931e-01
 5.46771e+03  1.04959e-01
 5.46797e+03  1.02692e-01
 5.46823e+03  1.00639e-01
 5.46849e+03  1.01336e-01
 5.46875e+03  1.00293e-01
 5.46901e+03  9.86964e-02
 5.46927e+03  9.61033e-02
 5.46953e+03  9.53349e-02
 5.46979e+03  9.37687e-02
 5.47005e+03  9.38729e-02
 5.47031e+03  9.34217e-02
 5.47057e+03  9.11951e-02
 5.47083e+03  8.84485e-02
 5.47109e+03  8.81698e-02
 5.47135e+03  8.80653e-02
 5.47161e+03  8.78559e-02
 5.47187e+03  8.61993e-02
 5.47213e+03  8.36420e-02
 5.47239e+03  8.29930e-02
 5.47265e+03  8.31411e-02
 5.47291e+03  8.29073e-02
 5.47317e+03  8.06021e-02
 5.47343e+03  7.86850e-02
 5.47369e+03  7.86183e-02
 5.47395e+03  7.77834e-02
 5.47421e+03  7.75372e-02
 5.47447e+03  7.61708e-02
 5.47473e+03  7.48022e-02
 5.47499e+03  7.29594e-02
 5.47525e+03  7.25173e-02
 5.47551e+03  7.33326e-02
 5.47577e+03  7.14931e-02
 5.47603e+03  6.97794e-02
 5.47629e+03  6.89178e-02
 5.47655e+03  6.86396e-02
 5.47681e+03  6.87160e-02
 5.47707e+03  6.74454e-02
 5.47733e+03  6.55437e-02
 5.47759e+03  6.42751e-02
 5.47785e+03  6.41749e-02
 5.47811e+03  6.54895e-02
 5.47837e+03  6.36937e-02
 5.47863e+03  6.23329e-02
 5.47889e+03  6.10292e-02
 5.47915e+03  6.02241e-02
 5.47941e+03  6.04666e-02
 5.47967e+03  6.04049e-02
 5.47993e+03  5.90028e-02
 5.48019e+03  5.74453e-02
 5.48045e+03  5.77524e-02
 5.48071e+03  5.79723e-02
 5.48097e+03  5.70711e-02
 5.48123e+03  5.45277e-02
 5.48149e+03  5.34964e-02
 5.48175e+03  5.32709e-02
 5.48201e+03  5.39431e-02
 5.48227e+03  5.33021e-02
 5.48253e+03  5.22087e-02
 5.48279e+03  5.10475e-02
 5.48305e+03  5.04497e-02
 5.48331e+03  4.99327e-02
 5.48357e+03  5.04046e-02
 5.48383e+03  4.95193e-02
 5.48409e+03  4.76617e-02
 5.48435e+03  4.66966e-02
 5.48461e+03  4.71479e-02
 5.48487e+03  4.64630e-02
 5.48513e+03  4.60812e-02
 5.48539e+03  4.50418e-02
 5.48565e+03  4.45509e-02
 5.48591e+03  4.38429e-02
 5.48617e+03  4.41047e-02
 5.48643e+03  4.35431e-02
 5.48669e+03  4.30435e-02
 5.48695e+03  4.20533e-02
 5.48721e+03  4.14167e-02
 5.48747e+03  4.20096e-02
 5.48773e+03  4.10637e-02
 5.48799e+03  4.03392e-02
 5.48825e+03  3.94973e-02
 5.48851e+03  3.96363e-02
 5.48877e+03  3.89264e-02
 5.48903e+03  3.86786e-02
 5.48929e+03  3.73945e-02
 5.48955e+03  3.71779e-02
 5.48981e+03  3.69628e-02
 5.49007e+03  3.79185e-02
 5.49033e+03  3.69487e-02
 5.49059e+03  3.59271e-02
 5.49085e+03  3.48682e-02
 5.49111e+03  3.53524e-02
 5.49137e+03  3.51366e-02
 5.49163e+03  3.49696e-02
 5.49189e+03  3.50214e-02
 5.49215e+03  3.39282e-02
 5.49241e+03  3.23803e-02
 5.49267e+03  3.24278e-02
 5.49293e+03  3.32982e-02
 5.49319e+03  3.23161e-02
 5.49345e+03  3.11294e-02
 5.49371e+03  3.15032e-02
 5.49397e+03  3.06091e-02
 5.49423e+03  3.12328e-02
 5.49449e+03  3.03266e-02
 5.49475e+03  2.95526e-02
 5.49501e+03  2.93987e-02
 5.49527e+03  2.87732e-02
 5.49553e+03  2.93619e-02
 5.49579e+03  2.86980e-02
 5.49605e+03  2.79969e-02
 5.49631e+03  2.80825e-02
 5.49657e+03  2.69071e-02
 5.49683e+03  2.75035e-02
 5.49709e+03  2.69382e-02
 5.49735e+03  2.70917e-02
 5.49761e+03  2.61273e-02
 5.49787e+03  2.55109e-02
 5.49813e+03  2.58768e-02
 5.49839e+03  2.56743e-02
 5.49865e+03  2.49812e-02
 5.49891e+03  2.44601e-02
 5.49917e+03  2.37792e-02
 5.49943e+03  2.36501e-02
 5.49969e+03  2.45033e-02
 5.49995e+03  2.47621e-02
 5.50021e+03  2.35897e-02
 5.50047e+03  2.29926e-02
 5.50073e+03  2.32879e-02
 5.50099e+03  2.27298e-02
 5.50125e+03  2.26650e-02
 5.50151e+03  2.20916e-02
 5.50177e+03  2.13469e-02
 5.50203e+03  2.15343e-02
 5.50229e+03  2.19222e-02
 5.50255e+03  2.16759e-02
 5.50281e+03  2.12579e-02
 5.50307e+03  2.04592e-02
 5.50333e+03  2.02668e-02
 5.50359e+03  2.05802e-02
 5.50385e+03  2.04050e-02
 5.50411e+03  1.99403e-02
 5.50437e+03  1.93667e-02
 5.50463e+03  1.96850e-02
 5.50489e+03  1.89058e-02
 5.50515e+03  1.98115e-02
 5.50541e+03  1.84675e-02
 5.50567e+03  1.90839e-02
 5.50593e+03  1.87144e-02
 5.50619e+03  1.82868e-02
 5.50645e+03  1.79314e-02
 5.50671e+03  1.78579e-02
 5.50697e+03  1.80749e-02
 5.50723e+03  1.72534e-02
 5.50749e+03  1.71756e-02
 5.50775e+03  1.74867e-02
 5.50801e+03  1.74352e-02
 5.50827e+03  1.66134e-02
 5.50853e+03  1.67282e-02
 5.50879e+03  1.63104e-02
 5.50905e+03  1.64793e-02
 5.50931e+03  1.65358e-02
 5.50957e+03  1.65554e-02
 5.50983e+03  1.52981e-02
 5.51009e+03  1.53318e-02
 5.51035e+03  1.56062e-02
 5.51061e+03  1.56340e-02
 5.51087e+03  1.53977e-02
 5.51113e+03  1.52296e-02
 5.51139e+03  1.44830e-02
 5.51165e+03  1.45071e-02
 5.51191e+03  1.48707e-02
 5.51217e+03  1.43350e-02
 5.51243e+03  1.40600e-02
 5.51269e+03  1.35613e-02
 5.51295e+03  1.38097e-02
 5.51321e+03  1.41951e-02
 5.51347e+03  1.37311e-02
 5.51373e+03  1.32932e-02
 5.51399e+03  1.33492e-02
 5.51425e+03  1.26973e-02
 5.51451e+03  1.32071e-02
 5.51477e+03  1.32864e-02
 5.51503e+03  1.25463e-02
 5.51529e+03  1.25424e-02
 5.51555e+03  1.27362e-02
 5.51581e+03  1.22851e-02
 5.51607e+03  1.21886e-02
 5.51633e+03  1.24132e-02
 5.51659e+03  1.17237e-02
 5.51685e+03  1.18022e-02
 5.51711e+03  1.21829e-02
 5.51737e+03  1.17949e-02
 5.51763e+03  1.19438e-02
 5.51789e+03  1.16231e-02
 5.51815e+03  1.14841e-02
 5.51841e+03  1.11818e-02
 5.51867e+03  1.11284e-02
 5.51893e+03  1.09483e-02
 5.51919e+03  1.12286e-02
 5.51945e+03  1.12772e-02
 5.51971e+03  1.05887e-02
 5.51997e+03  1.04111e-02
 5.52023e+03  1.04956e-02
 5.52049e+03  1.10899e-02
 5.52075e+03  1.02589e-02
 5.52101e+03  9.90747e-03
 5.52127e+03  1.00661e-02
 5.52153e+03  1.04150e-02
 5.52179e+03  1.00161e-02
 5.52205e+03  9.68997e-03
 5.52231e+03  1.00428e-02
 5.52257e+03  1.00194e-02
 5.52283e+03  9.72039e-03
 5.52309e+03  9.65642e-03
 5.52335e+03  9.52952e-03
 5.52361e+03  9.00861e-03
 5.52387e+03  8.81899e-03
 5.52413e+03  9.21688e-03
 5.52439e+03  9.38724e-03
 5.52465e+03  8.84869e-03
 5.52491e+03  8.80865e-03
 5.52517e+03  8.99021e-03
 5.52543e+03  8.72563e-03
 5.52569e+03  8.79658e-03
 5.52595e+03  8.59391e-03
 5.52621e+03  8.38081e-03
 5.52647e+03  8.17686e-03
 5.52673e+03  8.49132e-03
 5.52699e+03  8.49777e-03
 5.52725e+03  7.91379e-03
 5.52751e+03  7.73818e-03
 5.52777e+03  7.92469e-03
 5.52803e+03  7.88823e-03
 5.52829e+03  7.81161e-03
 5.52855e+03  7.66812e-03
 5.52881e+03  7.84739e-03
 5.52907e+03  7.71446e-03
 5.52933e+03  7.71563e-03
 5.52959e+03  7.51543e-03
 5.52985e+03  7.57223e-03
 5.53011e+03  7.34515e-03
 5.53037e+03  7.40692e-03
 5.53063e+03  7.48637e-03
 5.53089e+03  7.17688e-03
 5.53115e+03  6.96966e-03
 5.53141e+03  7.25209e-03
 5.53167e+03  6.86752e-03
 5.53193e+03  6.78746e-03
 5.53219e+03  6.72027e-03
 5.53245e+03  6.96820e-03
 5.53271e+03  6.97772e-03
 5.53297e+03  6.68245e-03
 5.53323e+03  6.61540e-03
 5.53349e+03  6.71436e-03
 5.53375e+03  6.39269e-03
 5.53401e+03  6.70595e-03
 5.53427e+03  6.42460e-03
 5.53453e+03  6.41443e-03
 5.53479e+03  6.05617e-03
 5.53505e+03  6.37390e-03
 5.53531e+03  6.45263e-03
 5.53557e+03  6.22218e-03
 5.53583e+03  6.10649e-03
 5.53609e+03  5.96449e-03
 5.53635e+03  6.18960e-03
 5.53661e+03  6.27334e-03
 5.53687e+03  6.37074e-03
 5.53713e+03  5.57069e-03
 5.53739e+03  6.07024e-03
 5.53765e+03  5.59658e-03
 5.53791e+03  5.87690e-03
 5.53817e+03  5.50518e-03
 5.53843e+03  5.43122e-03
 5.53869e+03  5.48478e-03
 5.53895e+03  5.56326e-03
 5.53921e+03  5.73046e-03
 5.53947e+03  5.47855e-03
 5.53973e+03  5.56789e-03
 5.53999e+03  5.51304e-03
 5.54025e+03  5.15682e-03
 5.54051e+03  5.35841e-03
 5.54077e+03  5.14380e-03
 5.54103e+03  5.31265e-03
 5.54129e+03  5.04820e-03
 5.54155e+03  5.34849e-03
 5.54181e+03  5.14538e-03
 5.54207e+03  5.17692e-03
 5.54233e+03  4.68581e-03
 5.54259e+03  4.93814e-03
 5.54285e+03  4.94978e-03
 5.54311e+03  5.11706e-03
 5.54337e+03  4.96642e-03
 5.54363e+03  4.74966e-03
 5.54389e+03  4.87990e-03
 5.54415e+03  4.46682e-03
 5.54441e+03  4.76511e-03
 5.54467e+03  4.98895e-03
 5.54493e+03  5.02349e-03
 5.54519e+03  4.51492e-03
 5.54545e+03  4.88357e-03
 5.54571e+03  4.57906e-03
 5.54597e+03  4.78428e-03
 5.54623e+03  4.64096e-03
 5.54649e+03  4.39954e-03
 5.54675e+03  4.26770e-03
 5.54701e+03  4.24057e-03
 5.54727e+03  4.27170e-03
 5.54753e+03  4.32664e-03
 5.54779e+03  4.43314e-03
 5.54805e+03  4.46191e-03
 5.54831e+03  4.54773e-03
 5.54857e+03  4.31819e-03
 5.54883e+03  4.08277e-03
 5.54909e+03  4.47114e-03
 5.54935e+03  4.28230e-03
 5.54961e+03  4.04750e-03
 5.54987e+03  4.24058e-03
 5.55013e+03  4.21183e-03
 5.55039e+03  4.28136e-03
 5.55065e+03  4.29248e-03
 5.55091e+03  3.99264e-03
 5.55117e+03  4.08705e-03
 5.55143e+03  4.08480e-03
 5.55169e+03  3.94945e-03
 5.55195e+03  4.24600e-03
 5.55221e+03  4.07933e-03
 5.55247e+03  3.97414e-03
 5.55273e+03  3.73999e-03
 5.55299e+03  3.58508e-03
 5.55325e+03  3.69383e-03
 5.55351e+03  4.03107e-03
 5.55377e+03  3.65419e-03
 5.55403e+03  3.34281e-03
 5.55429e+03  3.75353e-03
 5.55455e+03  3.42135e-03
 5.55481e+03  3.71470e-03
 5.55507e+03  3.18211e-03
 5.55533e+03  3.44170e-03
 5.55559e+03  3.53638e-03
 5.55585e+03  3.30737e-03
 5.55611e+03  3.37787e-03
 5.55637e+03  3.64590e-03
 5.55663e+03  3.37635e-03
 5.55689e+03  3.39302e-03
 5.55715e+03  3.47761e-03
 5.55741e+03  3.21746e-03
 5.55767e+03  3.55859e-03
 5.55793e+03  3.18055e-03
 5.55819e+03  3.35016e-03
 5.55845e+03  3.32156e-03
 5.55871e+03  3.60125e-03
 5.55897e+03  3.23773e-03
 5.55923e+03  3.33053e-03
 5.55949e+03  3.14461e-03
 5.55975e+03  3.12974e-03
 5.56001e+03  3.07544e-03
 5.56027e+03  3.27190e-03
 5.56053e+03  2.95227e-03
 5.56079e+03  3.24231e-03
 5.56105e+03  2.85159e-03
 5.56131e+03  3.08584e-03
 5.56157e+03  3.24471e-03
 5.56183e+03  3.22453e-03
 5.56209e+03  3.13752e-03
 5.56235e+03  2.89271e-03
 5.56261e+03  2.73119e-03
 5.56287e+03  2.97095e-03
 5.56313e+03  3.22724e-03
 5.56339e+03  2.67036e-03
 5.56365e+03  2.74998e-03
 5.56391e+03  3.03322e-03
 5.56417e+03  2.63536e-03
 5.56443e+03  2.84325e-03
 5.56469e+03  2.92760e-03
 5.56495e+03  2.72013e-03
 5.56521e+03  2.93430e-03
 5.56547e+03  2.94880e-03
 5.56573e+03  3.17726e-03
 5.56599e+03  2.89903e-03
 5.56625e+03  2.53491e-03
 5.56651e+03  2.74073e-03
 5.56677e+03  2.60671e-03
 5.56703e+03  2.52243e-03
 5.56729e+03  2.49541e-03
 5.56755e+03  2.91922e-03
 5.56781e+03  2.21600e-03
 5.56807e+03  2.47168e-03
 5.56833e+03  2.48368e-03
 5.56859e+03  2.38676e-03
 5.56885e+03  2.85327e-03
 5.56911e+03  2.83278e-03
 5.56937e+03  2.66271e-03
 5.56963e+03  2.97252e-03
 5.56989e+03  2.52625e-03
 5.57015e+03  2.45086e-03
 5.57041e+03  2.42211e-03
 5.57067e+03  2.37283e-03
 5.57093e+03  2.52491e-03
 5.57119e+03  2.57538e-03
 5.57145e+03  2.25469e-03
 5.57171e+03  2.43681e-03
 5.57197e+03  2.56619e-03
 5.57223e+03  2.14496e-03
 5.57249e+03  2.32356e-03
 5.57275e+03  2.37597e-03
 5.57301e+03  2.27656e-03
 5.57327e+03  2.53053e-03
 5.57353e+03  2.07659e-03
 5.57379e+03  2.02666e-03
 5.57405e+03  2.44499e-03
 5.57431e+03  2.09546e-03
 5.57457e+03  1.99636e-03
 5.57483e+03  2.04478e-03
 5.57509e+03  2.53171e-03
 5.57535e+03  2.39541e-03
 5.57561e+03  2.49430e-03
 5.57587e+03  2.07712e-03
 5.57613e+03  2.26845e-03
 5.57639e+03  2.52384e-03
 5.57665e+03  2.25243e-03
 5.57691e+03  2.32511e-03
 5.57717e+03  2.40511e-03
 5.57743e+03  1.70943e-03
 5.57769e+03  2.05738e-03
 5.57795e+03  2.34245e-03
 5.57821e+03  2.13193e-03
 5.57847e+03  2.18719e-03
 5.57873e+03  1.96955e-03
 5.57899e+03  2.01339e-03
 5.57925e+03  2.07523e-03
 5.57951e+03  1.92142e-03
 5.57977e+03  2.05087e-03
 5.58003e+03  2.13676e-03
 5.58029e+03  2.01912e-03
 5.58055e+03  1.99026e-03
 5.58081e+03  2.40022e-03
 5.58107e+03  2.15977e-03
 5.58133e+03  2.22450e-03
 5.58159e+03  1.93667e-03
 5.58185e+03  2.33962e-03
 5.58211e+03  1.82391e-03
 5.58237e+03  1.91660e-03
 5.58263e+03  2.03196e-03
 5.58289e+03  2.10189e-03
 5.58315e+03  1.91483e-03
 5.58341e+03  1.65693e-03
 5.58367e+03  1.78259e-03
 5.58393e+03  2.03778e-03
 5.58419e+03  2.09926e-03
 5.58445e+03  2.05990e-03
 5.58471e+03  1.94433e-03
 5.58497e+03  1.84509e-03
 5.58523e+03  1.97789e-03
 5.58549e+03  1.98077e-03
 5.58575e+03  1.63981e-03
 5.58601e+03  1.78939e-03
 5.58627e+03  1.85052e-03
 5.58653e+03  1.77504e-03
 5.58679e+03  1.47279e-03
 5.58705e+03  1.75991e-03
 5.58731e+03  1.83443e-03
 5.58757e+03  1.78644e-03
 5.58783e+03  1.79214e-03
 5.58809e+03  1.66129e-03
 5.58835e+03  1.73904e-03
 5.58861e+03  1.60893e-03
 5.58887e+03  1.68681e-03
 5.58913e+03  1.35622e-03
 5.58939e+03  2.08123e-03
 5.58965e+03  1.57407e-03
 5.58991e+03  1.80872e-03
 5.59017e+03  1.77892e-03
 5.59043e+03  1.81686e-03
 5.59069e+03  1.89723e-03
 5.59095e+03  1.85467e-03
 5.59121e+03  1.76002e-03
 5.59147e+03  1.35929e-03
 5.59173e+03  1.59518e-03
 5.59199e+03  1.66037e-03
 5.59225e+03  1.55320e-03
 5.59251e+03  1.39270e-03
 5.59277e+03  1.57126e-03
 5.59303e+03  1.69507e-03
 5.59329e+03  1.85395e-03
 5.59355e+03  1.87882e-03
 5.59381e+03  1.49382e-03
 5.59407e+03  1.41942e-03
 5.59433e+03  1.62616e-03
 5.59459e+03  1.55800e-03
 5.59485e+03  1.71894e-03
 5.59511e+03  1.79405e-03
 5.59537e+03  1.50220e-03
 5.59563e+03  1.27556e-03
 5.59589e+03  1.64853e-03
 5.59615e+03  1.57195e-03
 5.59641e+03  1.84873e-03
 5.59667e+03  1.58934e-03
 5.59693e+03  1.30029e-03
 5.59719e+03  1.48024e-03
 5.59745e+03  1.14971e-03
 5.59771e+03  1.60698e-03
 5.59797e+03  1.75934e-03
 5.59823e+03  1.45797e-03
 5.59849e+03  1.66435e-03
 5.59875e+03  1.50386e-03
 5.59901e+03  1.60125e-03
 5.59927e+03  1.49541e-03
 5.59953e+03  1.53523e-03
 5.59979e+03  1.43901e-03
 5.60005e+03  1.69353e-03
