750.0 		-0.00010354
749.8 		-9.23E-05
749.6 		-0.000208122
749.4 		-0.000224298
749.2 		-0.000156579
749.0 		-7.92E-06
748.8 		-0.000139048
748.6 		-0.000288689
748.4 		-0.000170541
748.2 		-0.000183247
748.0 		-0.000244555
747.8 		-0.000207269
747.6 		-0.000116777
747.4 		-0.000147224
747.2 		-8.81E-05
747.0 		-0.000186488
746.8 		-0.00010524
746.6 		-0.00018164
746.4 		-0.000259604
746.2 		-6.57E-05
746.0 		-0.000239221
745.8 		-8.20E-05
745.6 		-3.82E-05
745.4 		-0.000180341
745.2 		-0.000141726
745.0 		-0.000241121
744.8 		5.67E-06
744.6 		-0.000105659
744.4 		-3.73E-05
744.2 		-0.000222384
744.0 		-0.000142496
743.8 		-0.000204585
743.6 		-8.95E-05
743.4 		-0.00022988
743.2 		-8.58E-05
743.0 		-0.000127068
742.8 		-0.000169767
742.6 		-0.000142141
742.4 		-0.000126704
742.2 		-0.000215112
742.0 		-0.000257119
741.8 		-9.01E-05
741.6 		-0.000120783
741.4 		-0.00022904
741.2 		-0.00021272
741.0 		-0.000160713
740.8 		-0.000217236
740.6 		-4.94E-05
740.4 		-0.000226437
740.2 		-0.000116072
740.0 		-0.000235175
739.8 		-0.000213659
739.6 		-0.000216913
739.4 		-0.000153777
739.2 		-0.000174909
739.0 		-0.000227125
738.8 		-0.000111171
738.6 		-0.000120062
738.4 		-0.000177388
738.2 		-0.000156706
738.0 		-0.000104543
737.8 		-0.000185912
737.6 		-0.000211842
737.4 		-0.000210925
737.2 		-7.42E-05
737.0 		-0.000120919
736.8 		-0.000128344
736.6 		-9.91E-05
736.4 		-0.00014318
736.2 		-2.53E-05
736.0 		-0.000100389
735.8 		-4.17E-05
735.6 		-0.000243877
735.4 		-0.000254472
735.2 		-0.000201821
735.0 		-0.000134704
734.8 		-9.61E-05
734.6 		-0.000139637
734.4 		-0.000133631
734.2 		-0.000172491
734.0 		-0.000113927
733.8 		-0.000140649
733.6 		-0.000115089
733.4 		-0.000204633
733.2 		-0.000200473
733.0 		-0.000237639
732.8 		-0.000189227
732.6 		-0.000186974
732.4 		-0.000207827
732.2 		-0.000189046
732.0 		-0.000111038
731.8 		-2.11E-05
731.6 		-0.000135156
731.4 		-0.000109437
731.2 		-0.000171399
731.0 		-0.000104986
730.8 		-3.65E-05
730.6 		-0.000127471
730.4 		-0.000108384
730.2 		-0.000111748
730.0 		-0.000161035
729.8 		-0.000156775
729.6 		-7.12E-05
729.4 		2.41E-05
729.2 		-8.97E-05
729.0 		-9.25E-05
728.8 		-3.86E-05
728.6 		-5.95E-05
728.4 		1.35E-05
728.2 		-8.41E-05
728.0 		-8.53E-05
727.8 		-0.000139583
727.6 		3.84E-05
727.4 		-1.44E-05
727.2 		5.58E-05
727.0 		-1.29E-05
726.8 		4.59E-05
726.6 		0.000105213
726.4 		-2.76E-05
726.2 		7.69E-05
726.0 		-1.10E-05
725.8 		1.82E-05
725.6 		5.37E-06
725.4 		9.30E-05
725.2 		2.84E-05
725.0 		5.88E-05
724.8 		0.000117955
724.6 		0.000170835
724.4 		6.97E-05
724.2 		0.000236267
724.0 		0.000128162
723.8 		0.000151151
723.6 		0.000153813
723.4 		0.000304221
723.2 		0.000225785
723.0 		0.000134431
722.8 		0.000193858
722.6 		0.000172929
722.4 		0.000201786
722.2 		0.000268312
722.0 		0.000329762
721.8 		0.000281508
721.6 		0.000432184
721.4 		0.00028551
721.2 		0.000337503
721.0 		0.000421888
720.8 		0.000422166
720.6 		0.000523307
720.4 		0.000374686
720.2 		0.000393921
720.0 		0.000555107
719.8 		0.000596301
719.6 		0.000578961
719.4 		0.000687573
719.2 		0.000697598
719.0 		0.00078831
718.8 		0.000902427
718.6 		0.000793501
718.4 		0.00079914
718.2 		0.000919293
718.0 		0.000972433
717.8 		0.000984745
717.6 		0.001126724
717.4 		0.00097161
717.2 		0.001090788
717.0 		0.001124977
716.8 		0.001244369
716.6 		0.001186366
716.4 		0.001266379
716.2 		0.001379531
716.0 		0.001352568
715.8 		0.001445034
715.6 		0.001443747
715.4 		0.001545367
715.2 		0.001621319
715.0 		0.001688554
714.8 		0.001672066
714.6 		0.001736198
714.4 		0.001788873
714.2 		0.001858876
714.0 		0.001856239
713.8 		0.00197992
713.6 		0.001999515
713.4 		0.00205912
713.2 		0.002092687
713.0 		0.002151521
712.8 		0.002156945
712.6 		0.002228381
712.4 		0.002285086
712.2 		0.002334066
712.0 		0.002455077
711.8 		0.002483396
711.6 		0.002589999
711.4 		0.00272129
711.2 		0.00291092
711.0 		0.002771713
710.8 		0.002851319
710.6 		0.002997963
710.4 		0.003050523
710.2 		0.003163751
710.0 		0.003251108
709.8 		0.00343254
709.6 		0.003424538
709.4 		0.003441128
709.2 		0.003686199
709.0 		0.003668746
708.8 		0.00380599
708.6 		0.003982785
708.4 		0.004164693
708.2 		0.00421201
708.0 		0.00436204
707.8 		0.004504273
707.6 		0.004656249
707.4 		0.004767683
707.2 		0.004960191
707.0 		0.005022339
706.8 		0.005282621
706.6 		0.005473796
706.4 		0.005609662
706.2 		0.005865926
706.0 		0.006054929
705.8 		0.006209544
705.6 		0.006442083
705.4 		0.006701652
705.2 		0.006780867
705.0 		0.007001983
704.8 		0.007359112
704.6 		0.007630428
704.4 		0.008039402
704.2 		0.008306648
704.0 		0.00848218
703.8 		0.008991986
703.6 		0.009241944
703.4 		0.009632781
703.2 		0.010000343
703.0 		0.010502902
702.8 		0.010879466
702.6 		0.011324005
702.4 		0.011625473
702.2 		0.012200015
702.0 		0.012843125
701.8 		0.013227086
701.6 		0.013980412
701.4 		0.014488162
701.2 		0.015167563
701.0 		0.01584222
700.8 		0.016563483
700.6 		0.017376613
700.4 		0.018057387
700.2 		0.018856453
700.0 		0.019856518
699.8 		0.020658406
699.6 		0.021757029
699.4 		0.022955155
699.2 		0.024107855
699.0 		0.025111364
698.8 		0.026541172
698.6 		0.027890334
698.4 		0.029462142
698.2 		0.031018941
698.0 		0.032855459
697.8 		0.034497473
697.6 		0.036362346
697.4 		0.03831365
697.2 		0.040744677
697.0 		0.04323107
696.8 		0.045592099
696.6 		0.048300758
696.4 		0.051297061
696.2 		0.054547586
696.0 		0.057779819
695.8 		0.061617892
695.6 		0.065738387
695.4 		0.070116706
695.2 		0.074132271
695.0 		0.079452209
694.8 		0.084817961
694.6 		0.090423152
694.4 		0.096438594
694.2 		0.103415526
694.0 		0.110994771
693.8 		0.11908716
693.6 		0.127764553
693.4 		0.136889622
693.2 		0.148244277
693.0 		0.15957439
692.8 		0.172217518
692.6 		0.185442105
692.4 		0.200857505
692.2 		0.217261672
692.0 		0.235964149
691.8 		0.256254762
691.6 		0.278152525
691.4 		0.303800374
691.2 		0.330242097
691.0 		0.362434804
690.8 		0.39682886
690.6 		0.436790019
690.4 		0.47814095
690.2 		0.526100338
690.0 		0.580079556
689.8 		0.640709043
689.6 		0.707980692
689.4 		0.782690764
689.2 		0.869540691
689.0 		0.96541971
688.8 		1.074757695
688.6 		1.199671268
688.4 		1.349117994
688.2 		1.509091616
688.0 		1.704255342
687.8 		1.920532942
687.6 		2.172023535
687.4 		2.459289074
687.2 		2.797752619
687.0 		3.18783474
686.8 		3.63807559
686.6 		4.17730093
686.4 		4.804199219
686.2 		5.525144577
686.0 		6.392279148
685.8 		7.446238995
685.6 		8.650719643
685.4 		10.14113045
685.2 		11.84835052
685.0 		13.82355976
684.8 		16.19154358
684.6 		19.04218292
684.4 		22.26018333
684.2 		26.02249336
684.0 		30.4321022
683.8 		35.28335953
683.6 		40.67921829
683.4 		46.37750244
683.2 		52.65122223
683.0 		58.77254105
682.8 		64.98017883
682.6 		70.7299881
682.4 		75.83557129
682.2 		80.21568298
682.0 		83.94261169
681.8 		86.81034851
681.6 		88.94660187
681.4 		90.49456024
681.2 		91.47650909
681.0 		92.06383514
680.8 		92.34365082
680.6 		92.47042847
680.4 		92.45490265
680.2 		92.36541748
680.0 		92.28042603
679.8 		92.19049072
679.6 		92.13698578
679.4 		92.13787842
679.2 		92.15077972
679.0 		92.24572754
678.8 		92.30285645
678.6 		92.39196014
678.4 		92.49465942
678.2 		92.59492493
678.0 		92.67990112
677.8 		92.79983521
677.6 		92.84358978
677.4 		92.87353516
677.2 		92.89996338
677.0 		92.9050293
676.8 		92.88780212
676.6 		92.86082458
676.4 		92.8049469
676.2 		92.68479156
676.0 		92.5044632
675.8 		92.21038818
675.6 		91.81236267
675.4 		91.18171692
675.2 		90.29150391
675.0 		88.98002625
674.8 		87.25259399
674.6 		84.97601318
674.4 		82.12240601
674.2 		78.51048279
674.0 		74.27503204
673.8 		69.48832703
673.6 		64.08907318
673.4 		58.54500961
673.2 		52.79076004
673.0 		47.08351135
672.8 		41.45092392
672.6 		36.34420776
672.4 		31.47846985
672.2 		27.16917038
672.0 		23.35816956
671.8 		20.07997704
671.6 		17.19957542
671.4 		14.77020264
671.2 		12.63469601
671.0 		10.82900906
670.8 		9.322879791
670.6 		8.015213966
670.4 		6.924095631
670.2 		5.952292442
670.0 		5.157134533
669.8 		4.454061985
669.6 		3.866485834
669.4 		3.372833252
669.2 		2.948311806
669.0 		2.580466032
668.8 		2.271976233
668.6 		2.00513649
668.4 		1.768137097
668.2 		1.566724658
668.0 		1.389070749
667.8 		1.235416889
667.6 		1.099090457
667.4 		0.983797193
667.2 		0.879276991
667.0 		0.790014982
666.8 		0.709764302
666.6 		0.63994205
666.4 		0.578728437
666.2 		0.524205923
666.0 		0.476275533
665.8 		0.431206673
665.6 		0.393104196
665.4 		0.357732475
665.2 		0.327113003
665.0 		0.29855907
664.8 		0.273273855
664.6 		0.249700278
664.4 		0.229152009
664.2 		0.210714176
664.0 		0.194372952
663.8 		0.178668365
663.6 		0.164659455
663.4 		0.152524546
663.2 		0.140436694
663.0 		0.13012144
662.8 		0.120796554
662.6 		0.111762449
662.4 		0.103563339
662.2 		0.09625981
662.0 		0.089559712
661.8 		0.083729886
661.6 		0.078005753
661.4 		0.072915629
661.2 		0.068146996
661.0 		0.063851357
660.8 		0.059791822
660.6 		0.056145702
660.4 		0.052681398
660.2 		0.049488153
660.0 		0.046430454
659.8 		0.04379895
659.6 		0.041237134
659.4 		0.03871803
659.2 		0.036631253
659.0 		0.034644406
658.8 		0.032780685
658.6 		0.030929625
658.4 		0.029339433
658.2 		0.027930737
658.0 		0.026383214
657.8 		0.024967806
657.6 		0.023622984
657.4 		0.022622485
657.2 		0.0214165
657.0 		0.020262649
656.8 		0.019362006
656.6 		0.01833272
656.4 		0.017608639
656.2 		0.016809277
656.0 		0.015987229
655.8 		0.015143367
655.6 		0.014520508
655.4 		0.013878495
655.2 		0.013241868
655.0 		0.01274361
654.8 		0.012256489
654.6 		0.01169787
654.4 		0.011158886
654.2 		0.01062795
654.0 		0.010298982
653.8 		0.00980452
653.6 		0.009507658
653.4 		0.009136953
653.2 		0.008727212
653.0 		0.008373994
652.8 		0.008135162
652.6 		0.007796891
652.4 		0.007470537
652.2 		0.007124811
652.0 		0.006999497
651.8 		0.006860316
651.6 		0.006465619
651.4 		0.006202499
651.2 		0.006022173
651.0 		0.005785663
650.8 		0.005735027
650.6 		0.005510887
650.4 		0.005232029
650.2 		0.005035243
650.0 		0.004906007
649.8 		0.004655406
649.6 		0.004623442
649.4 		0.00444322
649.2 		0.004313952
649.0 		0.004131341
648.8 		0.004088992
648.6 		0.003963139
648.4 		0.003802132
648.2 		0.003792123
648.0 		0.003637027
647.8 		0.003510131
647.6 		0.003411131
647.4 		0.003376984
647.2 		0.003373508
647.0 		0.003164779
646.8 		0.003122675
646.6 		0.002969048
646.4 		0.002934244
646.2 		0.002836641
646.0 		0.002779641
645.8 		0.002570998
645.6 		0.00263808
645.4 		0.002573181
645.2 		0.002547288
645.0 		0.002376087
644.8 		0.002487687
644.6 		0.002410397
644.4 		0.002330313
644.2 		0.002148213
644.0 		0.002214292
643.8 		0.002087966
643.6 		0.002131478
643.4 		0.00207005
643.2 		0.002022804
643.0 		0.002014619
642.8 		0.001922937
642.6 		0.001769035
642.4 		0.001806374
642.2 		0.001838342
642.0 		0.001799502
641.8 		0.001725128
641.6 		0.001721872
641.4 		0.001706797
641.2 		0.00166305
641.0 		0.001628776
640.8 		0.001677873
640.6 		0.001606116
640.4 		0.00151664
640.2 		0.001441831
640.0 		0.001638851
639.8 		0.001609412
639.6 		0.00151369
639.4 		0.001330552
639.2 		0.001406542
639.0 		0.001455882
638.8 		0.001448127
638.6 		0.001289554
638.4 		0.00138174
638.2 		0.001283964
638.0 		0.001356739
637.8 		0.001264045
637.6 		0.001239118
637.4 		0.001299436
637.2 		0.00124015
637.0 		0.001222329
636.8 		0.001245502
636.6 		0.001222603
636.4 		0.001209793
636.2 		0.00128953
636.0 		0.001218434
635.8 		0.001274641
635.6 		0.001180754
635.4 		0.001213763
635.2 		0.001011654
635.0 		0.00109279
634.8 		0.001111166
634.6 		0.001175048
634.4 		0.001020069
634.2 		0.001071737
634.0 		0.0011744
633.8 		0.001097279
633.6 		0.00121666
633.4 		0.001134356
633.2 		0.000993482
633.0 		0.001121772
632.8 		0.001084814
632.6 		0.001084324
632.4 		0.001041442
632.2 		0.001010164
632.0 		0.001040169
631.8 		0.001115133
631.6 		0.000976432
631.4 		0.000986497
631.2 		0.000959273
631.0 		0.001089999
630.8 		0.001042396
630.6 		0.000973441
630.4 		0.001145994
630.2 		0.001188132
630.0 		0.001079326
629.8 		0.001239596
629.6 		0.001112902
629.4 		0.00104955
629.2 		0.001127017
629.0 		0.000960985
628.8 		0.000954219
628.6 		0.000980137
628.4 		0.001103315
628.2 		0.001073291
628.0 		0.001004978
627.8 		0.000954433
627.6 		0.001077812
627.4 		0.001090344
627.2 		0.000999425
627.0 		0.000969917
626.8 		0.000905688
626.6 		0.000965763
626.4 		0.000965069
626.2 		0.000962288
626.0 		0.000746387
625.8 		0.000825291
625.6 		0.000821483
625.4 		0.000837714
625.2 		0.000830201
625.0 		0.000709049
624.8 		0.000804982
624.6 		0.000706206
624.4 		0.000702683
624.2 		0.000695972
624.0 		0.000613508
623.8 		0.000566134
623.6 		0.000650999
623.4 		0.000529672
623.2 		0.000504015
623.0 		0.000590262
622.8 		0.000343968
622.6 		0.000431411
622.4 		0.000344444
622.2 		0.00047854
622.0 		0.000455873
621.8 		0.000328492
621.6 		0.000395322
621.4 		0.000201173
621.2 		0.0002792
621.0 		0.000268613
620.8 		0.000338464
620.6 		0.000184594
620.4 		0.000273559
620.2 		0.000207188
620.0 		0.000195634
619.8 		0.000249243
619.6 		0.000173048
619.4 		0.000190766
619.2 		0.000113736
619.0 		0.00025902
618.8 		8.47E-05
618.6 		0.000258567
618.4 		0.000132183
618.2 		0.000168269
618.0 		0.000219724
617.8 		0.000190536
617.6 		0.00018968
617.4 		5.25E-05
617.2 		0.000106061
617.0 		0.000137878
616.8 		8.78E-05
616.6 		5.20E-05
616.4 		8.70E-05
616.2 		9.94E-05
616.0 		4.43E-05
615.8 		0.000187047
615.6 		5.33E-05
615.4 		-4.09E-06
615.2 		-3.51E-06
615.0 		3.37E-05
614.8 		3.71E-06
614.6 		8.37E-05
614.4 		0.000107106
614.2 		-4.39E-05
614.0 		1.89E-05
613.8 		5.91E-05
613.6 		-4.76E-05
613.4 		-7.28E-05
613.2 		-6.25E-05
613.0 		2.94E-05
612.8 		-4.97E-05
612.6 		3.78E-05
612.4 		-3.16E-05
612.2 		-0.000109981
612.0 		-3.61E-05
611.8 		1.92E-05
611.6 		4.32E-05
611.4 		1.24E-06
611.2 		-9.10E-05
611.0 		-8.53E-05
610.8 		-7.80E-05
610.6 		-4.66E-05
610.4 		-8.55E-06
610.2 		6.08E-05
610.0 		1.38E-05
609.8 		8.33E-05
609.6 		-6.32E-05
609.4 		3.68E-05
609.2 		9.40E-05
609.0 		1.13E-05
608.8 		3.94E-05
608.6 		-3.72E-05
608.4 		1.26E-07
608.2 		-6.71E-06
608.0 		-3.10E-05
607.8 		-9.26E-05
607.6 		1.45E-05
607.4 		-2.51E-05
607.2 		-1.39E-05
607.0 		0.000127692
606.8 		3.64E-05
606.6 		-5.00E-06
606.4 		1.06E-05
606.2 		1.70E-05
606.0 		-8.64E-05
605.8 		-1.31E-05
605.6 		-0.000133706
605.4 		-2.47E-05
605.2 		7.11E-05
605.0 		-5.54E-05
604.8 		-1.58E-05
604.6 		-2.11E-05
604.4 		-9.78E-05
604.2 		-0.000102257
604.0 		-0.000203962
603.8 		4.22E-05
603.6 		1.19E-05
603.4 		-5.52E-05
603.2 		-6.84E-05
603.0 		-9.15E-05
602.8 		-2.77E-05
602.6 		-6.02E-05
602.4 		-5.79E-05
602.2 		-5.26E-05
602.0 		2.87E-06
601.8 		-7.29E-05
601.6 		-7.37E-05
601.4 		-1.61E-05
601.2 		2.42E-05
601.0 		-0.000136202
600.8 		4.94E-05
600.6 		-5.07E-05
600.4 		-4.47E-05
600.2 		-0.000123463
600.0 		-0.000107934
