 5.40008e+03  1.52432e-03
 5.40034e+03  1.54414e-03
 5.40060e+03  1.52084e-03
 5.40087e+03  1.59376e-03
 5.40113e+03  1.66859e-03
 5.40139e+03  1.63806e-03
 5.40165e+03  1.51921e-03
 5.40191e+03  1.51946e-03
 5.40217e+03  1.57383e-03
 5.40243e+03  1.51403e-03
 5.40269e+03  1.56026e-03
 5.40295e+03  1.35003e-03
 5.40321e+03  1.52915e-03
 5.40347e+03  1.66186e-03
 5.40373e+03  1.38546e-03
 5.40399e+03  1.35398e-03
 5.40425e+03  1.78472e-03
 5.40452e+03  1.47811e-03
 5.40478e+03  1.69638e-03
 5.40504e+03  1.71888e-03
 5.40530e+03  1.48433e-03
 5.40556e+03  1.32378e-03
 5.40582e+03  1.47570e-03
 5.40608e+03  1.57973e-03
 5.40634e+03  1.50688e-03
 5.40660e+03  1.69359e-03
 5.40686e+03  1.65050e-03
 5.40712e+03  1.45748e-03
 5.40738e+03  1.81204e-03
 5.40764e+03  1.78369e-03
 5.40790e+03  1.73932e-03
 5.40816e+03  1.68169e-03
 5.40843e+03  1.59156e-03
 5.40869e+03  1.51249e-03
 5.40895e+03  1.74431e-03
 5.40921e+03  1.60169e-03
 5.40947e+03  1.51654e-03
 5.40973e+03  1.88172e-03
 5.40999e+03  1.55204e-03
 5.41025e+03  1.73371e-03
 5.41051e+03  1.52029e-03
 5.41077e+03  1.75532e-03
 5.41103e+03  1.85586e-03
 5.41129e+03  1.76881e-03
 5.41155e+03  1.53732e-03
 5.41181e+03  1.84501e-03
 5.41208e+03  1.78560e-03
 5.41234e+03  1.95899e-03
 5.41260e+03  1.81431e-03
 5.41286e+03  1.71180e-03
 5.41312e+03  1.89277e-03
 5.41338e+03  1.96055e-03
 5.41364e+03  1.74866e-03
 5.41390e+03  1.92114e-03
 5.41416e+03  1.71023e-03
 5.41442e+03  1.67140e-03
 5.41468e+03  1.70152e-03
 5.41494e+03  1.68906e-03
 5.41520e+03  1.89019e-03
 5.41546e+03  1.72431e-03
 5.41573e+03  1.95735e-03
 5.41599e+03  1.98942e-03
 5.41625e+03  1.90340e-03
 5.41651e+03  1.93115e-03
 5.41677e+03  1.78061e-03
 5.41703e+03  2.02032e-03
 5.41729e+03  1.83622e-03
 5.41755e+03  2.01398e-03
 5.41781e+03  1.80172e-03
 5.41807e+03  1.70705e-03
 5.41833e+03  1.94076e-03
 5.41859e+03  1.76766e-03
 5.41885e+03  2.12158e-03
 5.41911e+03  1.99644e-03
 5.41938e+03  2.12488e-03
 5.41964e+03  1.99893e-03
 5.41990e+03  1.90970e-03
 5.42016e+03  2.10239e-03
 5.42042e+03  2.14121e-03
 5.42068e+03  1.83197e-03
 5.42094e+03  2.19565e-03
 5.42120e+03  2.16764e-03
 5.42146e+03  2.00447e-03
 5.42172e+03  2.15330e-03
 5.42198e+03  1.76472e-03
 5.42224e+03  2.04218e-03
 5.42250e+03  1.87300e-03
 5.42276e+03  2.26215e-03
 5.42302e+03  2.07984e-03
 5.42329e+03  2.19911e-03
 5.42355e+03  2.20681e-03
 5.42381e+03  2.25659e-03
 5.42407e+03  2.17913e-03
 5.42433e+03  2.46046e-03
 5.42459e+03  2.20127e-03
 5.42485e+03  2.29102e-03
 5.42511e+03  2.22030e-03
 5.42537e+03  2.09683e-03
 5.42563e+03  2.29841e-03
 5.42589e+03  2.39193e-03
 5.42615e+03  2.24937e-03
 5.42641e+03  2.18558e-03
 5.42667e+03  2.34111e-03
 5.42694e+03  2.19656e-03
 5.42720e+03  2.31423e-03
 5.42746e+03  2.35012e-03
 5.42772e+03  2.06521e-03
 5.42798e+03  2.14127e-03
 5.42824e+03  2.22928e-03
 5.42850e+03  2.17870e-03
 5.42876e+03  2.35338e-03
 5.42902e+03  2.46091e-03
 5.42928e+03  2.35882e-03
 5.42954e+03  2.44156e-03
 5.42980e+03  2.36598e-03
 5.43006e+03  2.36536e-03
 5.43032e+03  2.55211e-03
 5.43058e+03  2.36634e-03
 5.43085e+03  2.57489e-03
 5.43111e+03  2.51435e-03
 5.43137e+03  2.29918e-03
 5.43163e+03  2.46372e-03
 5.43189e+03  2.46152e-03
 5.43215e+03  2.52310e-03
 5.43241e+03  2.55622e-03
 5.43267e+03  2.53917e-03
 5.43293e+03  2.47882e-03
 5.43319e+03  2.46329e-03
 5.43345e+03  2.47813e-03
 5.43371e+03  2.48197e-03
 5.43397e+03  2.46765e-03
 5.43423e+03  2.22396e-03
 5.43450e+03  2.73331e-03
 5.43476e+03  2.43987e-03
 5.43502e+03  2.69043e-03
 5.43528e+03  2.73361e-03
 5.43554e+03  2.80532e-03
 5.43580e+03  2.59025e-03
 5.43606e+03  2.71869e-03
 5.43632e+03  2.45088e-03
 5.43658e+03  2.53663e-03
 5.43684e+03  2.73695e-03
 5.43710e+03  2.74587e-03
 5.43736e+03  2.94003e-03
 5.43762e+03  2.83181e-03
 5.43788e+03  2.99047e-03
 5.43815e+03  2.75579e-03
 5.43841e+03  2.96953e-03
 5.43867e+03  2.77872e-03
 5.43893e+03  2.72692e-03
 5.43919e+03  2.93663e-03
 5.43945e+03  3.19951e-03
 5.43971e+03  2.88907e-03
 5.43997e+03  2.87446e-03
 5.44023e+03  2.87905e-03
 5.44049e+03  2.94793e-03
 5.44075e+03  2.78145e-03
 5.44101e+03  2.96542e-03
 5.44127e+03  3.15709e-03
 5.44153e+03  2.96027e-03
 5.44179e+03  2.97615e-03
 5.44206e+03  3.05421e-03
 5.44232e+03  2.99445e-03
 5.44258e+03  3.15919e-03
 5.44284e+03  3.02392e-03
 5.44310e+03  2.89869e-03
 5.44336e+03  2.97593e-03
 5.44362e+03  2.90301e-03
 5.44388e+03  3.10844e-03
 5.44414e+03  3.04496e-03
 5.44440e+03  2.99483e-03
 5.44466e+03  3.18491e-03
 5.44492e+03  3.11310e-03
 5.44518e+03  3.10831e-03
 5.44544e+03  3.15933e-03
 5.44571e+03  3.26857e-03
 5.44597e+03  3.27847e-03
 5.44623e+03  3.28256e-03
 5.44649e+03  3.48872e-03
 5.44675e+03  3.38011e-03
 5.44701e+03  3.59923e-03
 5.44727e+03  3.15109e-03
 5.44753e+03  3.19572e-03
 5.44779e+03  3.39906e-03
 5.44805e+03  3.42415e-03
 5.44831e+03  3.33984e-03
 5.44857e+03  3.52058e-03
 5.44883e+03  3.62049e-03
 5.44909e+03  3.38862e-03
 5.44936e+03  3.32028e-03
 5.44962e+03  3.37590e-03
 5.44988e+03  3.47376e-03
 5.45014e+03  3.43567e-03
 5.45040e+03  3.53189e-03
 5.45066e+03  3.59475e-03
 5.45092e+03  3.58686e-03
 5.45118e+03  3.68566e-03
 5.45144e+03  3.87624e-03
 5.45170e+03  3.68249e-03
 5.45196e+03  3.72890e-03
 5.45222e+03  3.79848e-03
 5.45248e+03  3.57366e-03
 5.45274e+03  3.79964e-03
 5.45300e+03  3.77391e-03
 5.45327e+03  3.66171e-03
 5.45353e+03  3.57157e-03
 5.45379e+03  3.93776e-03
 5.45405e+03  3.83931e-03
 5.45431e+03  3.95066e-03
 5.45457e+03  4.06083e-03
 5.45483e+03  3.98216e-03
 5.45509e+03  3.77166e-03
 5.45535e+03  3.88424e-03
 5.45561e+03  4.24986e-03
 5.45587e+03  4.22733e-03
 5.45613e+03  4.07503e-03
 5.45639e+03  4.12693e-03
 5.45665e+03  4.03830e-03
 5.45692e+03  3.77178e-03
 5.45718e+03  4.12619e-03
 5.45744e+03  4.31893e-03
 5.45770e+03  4.20168e-03
 5.45796e+03  4.02964e-03
 5.45822e+03  3.99099e-03
 5.45848e+03  4.12666e-03
 5.45874e+03  4.07463e-03
 5.45900e+03  3.99346e-03
 5.45926e+03  4.27400e-03
 5.45952e+03  4.37475e-03
 5.45978e+03  4.09691e-03
 5.46004e+03  4.28161e-03
 5.46030e+03  4.58441e-03
 5.46057e+03  4.38465e-03
 5.46083e+03  4.56820e-03
 5.46109e+03  4.45230e-03
 5.46135e+03  4.54704e-03
 5.46161e+03  4.11988e-03
 5.46187e+03  4.43981e-03
 5.46213e+03  4.59927e-03
 5.46239e+03  4.40565e-03
 5.46265e+03  4.48377e-03
 5.46291e+03  4.80059e-03
 5.46317e+03  4.63141e-03
 5.46343e+03  4.32963e-03
 5.46369e+03  4.68931e-03
 5.46395e+03  4.87992e-03
 5.46422e+03  4.64483e-03
 5.46448e+03  4.62274e-03
 5.46474e+03  4.92632e-03
 5.46500e+03  4.77801e-03
 5.46526e+03  4.81076e-03
 5.46552e+03  5.00965e-03
 5.46578e+03  5.03907e-03
 5.46604e+03  4.89113e-03
 5.46630e+03  5.09280e-03
 5.46656e+03  4.82080e-03
 5.46682e+03  5.19441e-03
 5.46708e+03  4.94927e-03
 5.46734e+03  5.08452e-03
 5.46760e+03  5.26913e-03
 5.46787e+03  5.20253e-03
 5.46813e+03  5.34069e-03
 5.46839e+03  5.28319e-03
 5.46865e+03  5.02885e-03
 5.46891e+03  5.26980e-03
 5.46917e+03  5.40916e-03
 5.46943e+03  5.25333e-03
 5.46969e+03  5.36954e-03
 5.46995e+03  5.28967e-03
 5.47021e+03  5.26565e-03
 5.47047e+03  5.26247e-03
 5.47073e+03  5.32943e-03
 5.47099e+03  5.37781e-03
 5.47125e+03  5.35555e-03
 5.47151e+03  5.63810e-03
 5.47178e+03  5.39234e-03
 5.47204e+03  5.49177e-03
 5.47230e+03  5.38864e-03
 5.47256e+03  5.49565e-03
 5.47282e+03  5.60168e-03
 5.47308e+03  5.53084e-03
 5.47334e+03  5.76833e-03
 5.47360e+03  5.68263e-03
 5.47386e+03  5.93743e-03
 5.47412e+03  5.84945e-03
 5.47438e+03  5.86225e-03
 5.47464e+03  5.68801e-03
 5.47490e+03  6.08099e-03
 5.47516e+03  5.98164e-03
 5.47543e+03  5.92818e-03
 5.47569e+03  6.00028e-03
 5.47595e+03  5.86201e-03
 5.47621e+03  5.94682e-03
 5.47647e+03  6.24370e-03
 5.47673e+03  6.08114e-03
 5.47699e+03  6.23280e-03
 5.47725e+03  6.11348e-03
 5.47751e+03  6.34760e-03
 5.47777e+03  6.01065e-03
 5.47803e+03  6.29606e-03
 5.47829e+03  6.34449e-03
 5.47855e+03  6.03428e-03
 5.47881e+03  6.52769e-03
 5.47908e+03  6.22145e-03
 5.47934e+03  6.41516e-03
 5.47960e+03  6.72239e-03
 5.47986e+03  6.50011e-03
 5.48012e+03  6.76189e-03
 5.48038e+03  6.61238e-03
 5.48064e+03  6.67035e-03
 5.48090e+03  6.63393e-03
 5.48116e+03  6.65424e-03
 5.48142e+03  6.88182e-03
 5.48168e+03  6.82556e-03
 5.48194e+03  6.56884e-03
 5.48220e+03  6.79400e-03
 5.48246e+03  6.70330e-03
 5.48273e+03  6.89352e-03
 5.48299e+03  7.35582e-03
 5.48325e+03  7.08714e-03
 5.48351e+03  7.00178e-03
 5.48377e+03  6.98288e-03
 5.48403e+03  7.00869e-03
 5.48429e+03  7.30952e-03
 5.48455e+03  6.94069e-03
 5.48481e+03  7.03872e-03
 5.48507e+03  7.03104e-03
 5.48533e+03  7.18799e-03
 5.48559e+03  7.34471e-03
 5.48585e+03  7.35390e-03
 5.48611e+03  7.40974e-03
 5.48637e+03  7.13276e-03
 5.48664e+03  7.64371e-03
 5.48690e+03  7.91544e-03
 5.48716e+03  7.51843e-03
 5.48742e+03  7.38554e-03
 5.48768e+03  7.73946e-03
 5.48794e+03  7.69987e-03
 5.48820e+03  7.81758e-03
 5.48846e+03  7.62688e-03
 5.48872e+03  7.83803e-03
 5.48898e+03  8.36031e-03
 5.48924e+03  7.79401e-03
 5.48950e+03  8.08153e-03
 5.48976e+03  8.25007e-03
 5.49002e+03  7.90135e-03
 5.49029e+03  8.14367e-03
 5.49055e+03  8.29177e-03
 5.49081e+03  8.02428e-03
 5.49107e+03  8.57177e-03
 5.49133e+03  8.42235e-03
 5.49159e+03  8.43214e-03
 5.49185e+03  8.50860e-03
 5.49211e+03  8.35072e-03
 5.49237e+03  8.69661e-03
 5.49263e+03  8.32629e-03
 5.49289e+03  8.91455e-03
 5.49315e+03  8.61319e-03
 5.49341e+03  8.87534e-03
 5.49367e+03  9.09983e-03
 5.49394e+03  8.88882e-03
 5.49420e+03  9.37019e-03
 5.49446e+03  8.71671e-03
 5.49472e+03  9.14362e-03
 5.49498e+03  9.02195e-03
 5.49524e+03  8.96907e-03
 5.49550e+03  9.31753e-03
 5.49576e+03  9.33474e-03
 5.49602e+03  9.36419e-03
 5.49628e+03  9.68814e-03
 5.49654e+03  9.31459e-03
 5.49680e+03  9.46614e-03
 5.49706e+03  9.71859e-03
 5.49732e+03  9.45333e-03
 5.49758e+03  9.71446e-03
 5.49785e+03  9.85269e-03
 5.49811e+03  9.78562e-03
 5.49837e+03  9.73167e-03
 5.49863e+03  1.01094e-02
 5.49889e+03  9.97910e-03
 5.49915e+03  1.01831e-02
 5.49941e+03  1.00475e-02
 5.49967e+03  9.98884e-03
 5.49993e+03  1.00134e-02
 5.50019e+03  1.04144e-02
 5.50045e+03  1.00656e-02
 5.50071e+03  1.01656e-02
 5.50097e+03  1.02611e-02
 5.50123e+03  1.08165e-02
 5.50150e+03  1.05972e-02
 5.50176e+03  1.07206e-02
 5.50202e+03  1.08598e-02
 5.50228e+03  1.06993e-02
 5.50254e+03  1.10774e-02
 5.50280e+03  1.08593e-02
 5.50306e+03  1.08764e-02
 5.50332e+03  1.09224e-02
 5.50358e+03  1.08659e-02
 5.50384e+03  1.11119e-02
 5.50410e+03  1.11576e-02
 5.50436e+03  1.12209e-02
 5.50462e+03  1.08751e-02
 5.50488e+03  1.12672e-02
 5.50515e+03  1.14248e-02
 5.50541e+03  1.15369e-02
 5.50567e+03  1.16235e-02
 5.50593e+03  1.17040e-02
 5.50619e+03  1.17187e-02
 5.50645e+03  1.17838e-02
 5.50671e+03  1.19238e-02
 5.50697e+03  1.18813e-02
 5.50723e+03  1.17186e-02
 5.50749e+03  1.21503e-02
 5.50775e+03  1.22375e-02
 5.50801e+03  1.20981e-02
 5.50827e+03  1.26972e-02
 5.50853e+03  1.20373e-02
 5.50879e+03  1.19774e-02
 5.50906e+03  1.23814e-02
 5.50932e+03  1.21193e-02
 5.50958e+03  1.27004e-02
 5.50984e+03  1.26243e-02
 5.51010e+03  1.27061e-02
 5.51036e+03  1.28276e-02
 5.51062e+03  1.29565e-02
 5.51088e+03  1.29196e-02
 5.51114e+03  1.32180e-02
 5.51140e+03  1.30185e-02
 5.51166e+03  1.32484e-02
 5.51192e+03  1.33514e-02
 5.51218e+03  1.33925e-02
 5.51244e+03  1.32382e-02
 5.51271e+03  1.36499e-02
 5.51297e+03  1.33044e-02
 5.51323e+03  1.38974e-02
 5.51349e+03  1.38138e-02
 5.51375e+03  1.39688e-02
 5.51401e+03  1.40282e-02
 5.51427e+03  1.42450e-02
 5.51453e+03  1.41940e-02
 5.51479e+03  1.45200e-02
 5.51505e+03  1.45242e-02
 5.51531e+03  1.47681e-02
 5.51557e+03  1.42446e-02
 5.51583e+03  1.47736e-02
 5.51609e+03  1.43931e-02
 5.51635e+03  1.51557e-02
 5.51662e+03  1.53296e-02
 5.51688e+03  1.51595e-02
 5.51714e+03  1.50588e-02
 5.51740e+03  1.51316e-02
 5.51766e+03  1.52185e-02
 5.51792e+03  1.52037e-02
 5.51818e+03  1.54931e-02
 5.51844e+03  1.54620e-02
 5.51870e+03  1.61759e-02
 5.51896e+03  1.55030e-02
 5.51922e+03  1.56908e-02
 5.51948e+03  1.58727e-02
 5.51974e+03  1.61786e-02
 5.52000e+03  1.62046e-02
 5.52027e+03  1.61913e-02
 5.52053e+03  1.60428e-02
 5.52079e+03  1.65913e-02
 5.52105e+03  1.65368e-02
 5.52131e+03  1.70407e-02
 5.52157e+03  1.67512e-02
 5.52183e+03  1.68302e-02
 5.52209e+03  1.71646e-02
 5.52235e+03  1.71753e-02
 5.52261e+03  1.70161e-02
 5.52287e+03  1.71788e-02
 5.52313e+03  1.72709e-02
 5.52339e+03  1.76820e-02
 5.52365e+03  1.74199e-02
 5.52392e+03  1.76868e-02
 5.52418e+03  1.79900e-02
 5.52444e+03  1.84952e-02
 5.52470e+03  1.81793e-02
 5.52496e+03  1.82663e-02
 5.52522e+03  1.85659e-02
 5.52548e+03  1.82335e-02
 5.52574e+03  1.85772e-02
 5.52600e+03  1.85513e-02
 5.52626e+03  1.89921e-02
 5.52652e+03  1.87620e-02
 5.52678e+03  1.95006e-02
 5.52704e+03  1.87228e-02
 5.52730e+03  1.93522e-02
 5.52757e+03  1.95697e-02
 5.52783e+03  1.96929e-02
 5.52809e+03  1.94392e-02
 5.52835e+03  1.96441e-02
 5.52861e+03  2.02220e-02
 5.52887e+03  2.04132e-02
 5.52913e+03  2.05716e-02
 5.52939e+03  2.02389e-02
 5.52965e+03  2.00819e-02
 5.52991e+03  2.10598e-02
 5.53017e+03  2.07243e-02
 5.53043e+03  2.14445e-02
 5.53069e+03  2.14041e-02
 5.53095e+03  2.13624e-02
 5.53122e+03  2.15932e-02
 5.53148e+03  2.16260e-02
 5.53174e+03  2.19362e-02
 5.53200e+03  2.19743e-02
 5.53226e+03  2.17878e-02
 5.53252e+03  2.17139e-02
 5.53278e+03  2.22207e-02
 5.53304e+03  2.25209e-02
 5.53330e+03  2.25696e-02
 5.53356e+03  2.25977e-02
 5.53382e+03  2.30350e-02
 5.53408e+03  2.27787e-02
 5.53434e+03  2.32632e-02
 5.53460e+03  2.40458e-02
 5.53486e+03  2.35603e-02
 5.53513e+03  2.41342e-02
 5.53539e+03  2.40005e-02
 5.53565e+03  2.41285e-02
 5.53591e+03  2.45813e-02
 5.53617e+03  2.43622e-02
 5.53643e+03  2.43624e-02
 5.53669e+03  2.48519e-02
 5.53695e+03  2.49906e-02
 5.53721e+03  2.51344e-02
 5.53747e+03  2.59877e-02
 5.53773e+03  2.53623e-02
 5.53799e+03  2.57500e-02
 5.53825e+03  2.57152e-02
 5.53851e+03  2.58524e-02
 5.53878e+03  2.59044e-02
 5.53904e+03  2.68409e-02
 5.53930e+03  2.67532e-02
 5.53956e+03  2.71147e-02
 5.53982e+03  2.69537e-02
 5.54008e+03  2.74184e-02
 5.54034e+03  2.69559e-02
 5.54060e+03  2.74341e-02
 5.54086e+03  2.78614e-02
 5.54112e+03  2.81914e-02
 5.54138e+03  2.85115e-02
 5.54164e+03  2.83236e-02
 5.54190e+03  2.89831e-02
 5.54216e+03  2.88576e-02
 5.54243e+03  2.89429e-02
 5.54269e+03  2.92669e-02
 5.54295e+03  2.98399e-02
 5.54321e+03  2.95641e-02
 5.54347e+03  2.96086e-02
 5.54373e+03  3.01801e-02
 5.54399e+03  3.05803e-02
 5.54425e+03  3.03432e-02
 5.54451e+03  3.05514e-02
 5.54477e+03  3.09351e-02
 5.54503e+03  3.11693e-02
 5.54529e+03  3.15095e-02
 5.54555e+03  3.17701e-02
 5.54581e+03  3.15855e-02
 5.54608e+03  3.23172e-02
 5.54634e+03  3.21071e-02
 5.54660e+03  3.22904e-02
 5.54686e+03  3.30910e-02
 5.54712e+03  3.30874e-02
 5.54738e+03  3.30692e-02
 5.54764e+03  3.35191e-02
 5.54790e+03  3.36751e-02
 5.54816e+03  3.45017e-02
 5.54842e+03  3.39126e-02
 5.54868e+03  3.46266e-02
 5.54894e+03  3.53665e-02
 5.54920e+03  3.57236e-02
 5.54946e+03  3.51248e-02
 5.54972e+03  3.55080e-02
 5.54999e+03  3.60792e-02
 5.55025e+03  3.63547e-02
 5.55051e+03  3.63723e-02
 5.55077e+03  3.68983e-02
 5.55103e+03  3.74485e-02
 5.55129e+03  3.67641e-02
 5.55155e+03  3.79626e-02
 5.55181e+03  3.83089e-02
 5.55207e+03  3.86710e-02
 5.55233e+03  3.85024e-02
 5.55259e+03  3.87833e-02
 5.55285e+03  3.88869e-02
 5.55311e+03  4.00131e-02
 5.55337e+03  3.98694e-02
 5.55364e+03  3.99820e-02
 5.55390e+03  4.01595e-02
 5.55416e+03  4.10946e-02
 5.55442e+03  4.13350e-02
 5.55468e+03  4.17667e-02
 5.55494e+03  4.19607e-02
 5.55520e+03  4.21685e-02
 5.55546e+03  4.20906e-02
 5.55572e+03  4.27469e-02
 5.55598e+03  4.33849e-02
 5.55624e+03  4.37126e-02
 5.55650e+03  4.39595e-02
 5.55676e+03  4.42050e-02
 5.55702e+03  4.44827e-02
 5.55729e+03  4.43695e-02
 5.55755e+03  4.58399e-02
 5.55781e+03  4.55465e-02
 5.55807e+03  4.60186e-02
 5.55833e+03  4.56748e-02
 5.55859e+03  4.67017e-02
 5.55885e+03  4.71237e-02
 5.55911e+03  4.75267e-02
 5.55937e+03  4.80760e-02
 5.55963e+03  4.81053e-02
 5.55989e+03  4.80172e-02
 5.56015e+03  4.92409e-02
 5.56041e+03  4.89632e-02
 5.56067e+03  5.02547e-02
 5.56094e+03  5.02031e-02
 5.56120e+03  5.08487e-02
 5.56146e+03  5.05049e-02
 5.56172e+03  5.07041e-02
 5.56198e+03  5.16627e-02
 5.56224e+03  5.26241e-02
 5.56250e+03  5.29193e-02
 5.56276e+03  5.38024e-02
 5.56302e+03  5.39773e-02
 5.56328e+03  5.42057e-02
 5.56354e+03  5.51398e-02
 5.56380e+03  5.51275e-02
 5.56406e+03  5.51869e-02
 5.56432e+03  5.59046e-02
 5.56458e+03  5.61715e-02
 5.56485e+03  5.69702e-02
 5.56511e+03  5.63476e-02
 5.56537e+03  5.78116e-02
 5.56563e+03  5.80902e-02
 5.56589e+03  5.88046e-02
 5.56615e+03  5.95109e-02
 5.56641e+03  5.97327e-02
 5.56667e+03  5.99923e-02
 5.56693e+03  6.04672e-02
 5.56719e+03  6.13770e-02
 5.56745e+03  6.17391e-02
 5.56771e+03  6.34410e-02
 5.56797e+03  6.31568e-02
 5.56823e+03  6.31892e-02
 5.56850e+03  6.41582e-02
 5.56876e+03  6.51944e-02
 5.56902e+03  6.49554e-02
 5.56928e+03  6.56461e-02
 5.56954e+03  6.53972e-02
 5.56980e+03  6.67052e-02
 5.57006e+03  6.81676e-02
 5.57032e+03  6.79928e-02
 5.57058e+03  6.88774e-02
 5.57084e+03  6.89642e-02
 5.57110e+03  7.00369e-02
 5.57136e+03  7.08284e-02
 5.57162e+03  7.06123e-02
 5.57188e+03  7.10773e-02
 5.57215e+03  7.24126e-02
 5.57241e+03  7.22676e-02
 5.57267e+03  7.31036e-02
 5.57293e+03  7.38622e-02
 5.57319e+03  7.44269e-02
 5.57345e+03  7.62423e-02
 5.57371e+03  7.64168e-02
 5.57397e+03  7.75729e-02
 5.57423e+03  7.70072e-02
 5.57449e+03  7.86703e-02
 5.57475e+03  7.89548e-02
 5.57501e+03  7.84957e-02
 5.57527e+03  8.02661e-02
 5.57553e+03  8.14551e-02
 5.57579e+03  8.15983e-02
 5.57606e+03  8.24367e-02
 5.57632e+03  8.34365e-02
 5.57658e+03  8.45932e-02
 5.57684e+03  8.47916e-02
 5.57710e+03  8.64268e-02
 5.57736e+03  8.64559e-02
 5.57762e+03  8.77419e-02
 5.57788e+03  8.73479e-02
 5.57814e+03  8.81486e-02
 5.57840e+03  8.92250e-02
 5.57866e+03  9.12383e-02
 5.57892e+03  9.17334e-02
 5.57918e+03  9.24229e-02
 5.57944e+03  9.30501e-02
 5.57971e+03  9.36951e-02
 5.57997e+03  9.47575e-02
 5.58023e+03  9.44258e-02
 5.58049e+03  9.63550e-02
 5.58075e+03  9.75388e-02
 5.58101e+03  9.83167e-02
 5.58127e+03  9.91364e-02
 5.58153e+03  9.97706e-02
 5.58179e+03  1.01009e-01
 5.58205e+03  1.01029e-01
 5.58231e+03  1.03007e-01
 5.58257e+03  1.03903e-01
 5.58283e+03  1.04673e-01
 5.58309e+03  1.05283e-01
 5.58335e+03  1.06509e-01
 5.58362e+03  1.07393e-01
 5.58388e+03  1.08275e-01
 5.58414e+03  1.08788e-01
 5.58440e+03  1.09743e-01
 5.58466e+03  1.10708e-01
 5.58492e+03  1.11300e-01
 5.58518e+03  1.13987e-01
 5.58544e+03  1.15485e-01
 5.58570e+03  1.14553e-01
 5.58596e+03  1.16631e-01
 5.58622e+03  1.17548e-01
 5.58648e+03  1.18417e-01
 5.58674e+03  1.18868e-01
 5.58700e+03  1.20657e-01
 5.58727e+03  1.22809e-01
 5.58753e+03  1.22855e-01
 5.58779e+03  1.24835e-01
 5.58805e+03  1.26652e-01
 5.58831e+03  1.26212e-01
 5.58857e+03  1.28183e-01
 5.58883e+03  1.31029e-01
 5.58909e+03  1.30897e-01
 5.58935e+03  1.31441e-01
 5.58961e+03  1.33536e-01
 5.58987e+03  1.34121e-01
 5.59013e+03  1.36478e-01
 5.59039e+03  1.36136e-01
 5.59065e+03  1.37996e-01
 5.59092e+03  1.39228e-01
 5.59118e+03  1.40559e-01
 5.59144e+03  1.42607e-01
 5.59170e+03  1.43360e-01
 5.59196e+03  1.43844e-01
 5.59222e+03  1.45870e-01
 5.59248e+03  1.48110e-01
 5.59274e+03  1.48824e-01
 5.59300e+03  1.50011e-01
 5.59326e+03  1.51489e-01
 5.59352e+03  1.52143e-01
 5.59378e+03  1.54094e-01
 5.59404e+03  1.55677e-01
 5.59430e+03  1.57860e-01
 5.59457e+03  1.59445e-01
 5.59483e+03  1.60611e-01
 5.59509e+03  1.59585e-01
 5.59535e+03  1.63695e-01
 5.59561e+03  1.65706e-01
 5.59587e+03  1.66615e-01
 5.59613e+03  1.68476e-01
 5.59639e+03  1.70127e-01
 5.59665e+03  1.71139e-01
 5.59691e+03  1.74179e-01
 5.59717e+03  1.74872e-01
 5.59743e+03  1.75818e-01
 5.59769e+03  1.78147e-01
 5.59795e+03  1.78521e-01
 5.59821e+03  1.81893e-01
 5.59848e+03  1.83119e-01
 5.59874e+03  1.84406e-01
 5.59900e+03  1.85440e-01
 5.59926e+03  1.88178e-01
 5.59952e+03  1.89023e-01
 5.59978e+03  1.92695e-01
 5.60004e+03  1.93545e-01
 5.60030e+03  1.94230e-01
 5.60056e+03  1.97919e-01
 5.60082e+03  2.00842e-01
 5.60108e+03  2.00215e-01
 5.60134e+03  2.01739e-01
 5.60160e+03  2.05024e-01
 5.60186e+03  2.07617e-01
 5.60213e+03  2.08360e-01
 5.60239e+03  2.10367e-01
 5.60265e+03  2.13319e-01
 5.60291e+03  2.13650e-01
 5.60317e+03  2.16899e-01
 5.60343e+03  2.18313e-01
 5.60369e+03  2.20325e-01
 5.60395e+03  2.22061e-01
 5.60421e+03  2.25617e-01
 5.60447e+03  2.27182e-01
 5.60473e+03  2.26966e-01
 5.60499e+03  2.30703e-01
 5.60525e+03  2.33029e-01
 5.60551e+03  2.33709e-01
 5.60578e+03  2.39523e-01
 5.60604e+03  2.38769e-01
 5.60630e+03  2.40664e-01
 5.60656e+03  2.42909e-01
 5.60682e+03  2.45936e-01
 5.60708e+03  2.47478e-01
 5.60734e+03  2.51370e-01
 5.60760e+03  2.51681e-01
 5.60786e+03  2.54797e-01
 5.60812e+03  2.57894e-01
 5.60838e+03  2.60157e-01
 5.60864e+03  2.61884e-01
 5.60890e+03  2.64936e-01
 5.60916e+03  2.65809e-01
 5.60943e+03  2.67473e-01
 5.60969e+03  2.71798e-01
 5.60995e+03  2.75973e-01
 5.61021e+03  2.75215e-01
 5.61047e+03  2.79514e-01
 5.61073e+03  2.79600e-01
 5.61099e+03  2.83559e-01
 5.61125e+03  2.85463e-01
 5.61151e+03  2.88903e-01
 5.61177e+03  2.90142e-01
 5.61203e+03  2.95189e-01
 5.61229e+03  2.95586e-01
 5.61255e+03  2.98106e-01
 5.61281e+03  3.02325e-01
 5.61307e+03  3.04235e-01
 5.61334e+03  3.05858e-01
 5.61360e+03  3.08380e-01
 5.61386e+03  3.13036e-01
 5.61412e+03  3.15996e-01
 5.61438e+03  3.15932e-01
 5.61464e+03  3.17866e-01
 5.61490e+03  3.22669e-01
 5.61516e+03  3.23971e-01
 5.61542e+03  3.29095e-01
 5.61568e+03  3.30680e-01
 5.61594e+03  3.32167e-01
 5.61620e+03  3.35790e-01
 5.61646e+03  3.37954e-01
 5.61672e+03  3.41014e-01
 5.61699e+03  3.41986e-01
 5.61725e+03  3.46142e-01
 5.61751e+03  3.48254e-01
 5.61777e+03  3.52005e-01
 5.61803e+03  3.56348e-01
 5.61829e+03  3.57440e-01
 5.61855e+03  3.59959e-01
 5.61881e+03  3.64132e-01
 5.61907e+03  3.67706e-01
 5.61933e+03  3.68282e-01
 5.61959e+03  3.71827e-01
 5.61985e+03  3.72155e-01
 5.62011e+03  3.76844e-01
 5.62037e+03  3.79843e-01
 5.62064e+03  3.83043e-01
 5.62090e+03  3.84329e-01
 5.62116e+03  3.86180e-01
 5.62142e+03  3.90111e-01
 5.62168e+03  3.94045e-01
 5.62194e+03  3.95602e-01
 5.62220e+03  3.99675e-01
 5.62246e+03  4.03555e-01
 5.62272e+03  4.04576e-01
 5.62298e+03  4.08260e-01
 5.62324e+03  4.12138e-01
 5.62350e+03  4.14402e-01
 5.62376e+03  4.16759e-01
 5.62402e+03  4.18483e-01
 5.62429e+03  4.20388e-01
 5.62455e+03  4.25982e-01
 5.62481e+03  4.28233e-01
 5.62507e+03  4.31518e-01
 5.62533e+03  4.32565e-01
 5.62559e+03  4.36254e-01
 5.62585e+03  4.41696e-01
 5.62611e+03  4.43907e-01
 5.62637e+03  4.46220e-01
 5.62663e+03  4.48303e-01
 5.62689e+03  4.50097e-01
 5.62715e+03  4.54304e-01
 5.62741e+03  4.56295e-01
 5.62767e+03  4.57898e-01
 5.62793e+03  4.61084e-01
 5.62820e+03  4.65530e-01
 5.62846e+03  4.68252e-01
 5.62872e+03  4.70735e-01
 5.62898e+03  4.72904e-01
 5.62924e+03  4.75239e-01
 5.62950e+03  4.81229e-01
 5.62976e+03  4.83690e-01
 5.63002e+03  4.83434e-01
 5.63028e+03  4.88459e-01
 5.63054e+03  4.90086e-01
 5.63080e+03  4.91854e-01
 5.63106e+03  4.96216e-01
 5.63132e+03  4.97602e-01
 5.63158e+03  5.00503e-01
 5.63185e+03  5.03407e-01
 5.63211e+03  5.05349e-01
 5.63237e+03  5.06949e-01
 5.63263e+03  5.08807e-01
 5.63289e+03  5.14530e-01
 5.63315e+03  5.14269e-01
 5.63341e+03  5.19672e-01
 5.63367e+03  5.21346e-01
 5.63393e+03  5.21332e-01
 5.63419e+03  5.26787e-01
 5.63445e+03  5.27783e-01
 5.63471e+03  5.28287e-01
 5.63497e+03  5.32688e-01
 5.63523e+03  5.38064e-01
 5.63550e+03  5.36129e-01
 5.63576e+03  5.39832e-01
 5.63602e+03  5.42226e-01
 5.63628e+03  5.45394e-01
 5.63654e+03  5.46713e-01
 5.63680e+03  5.49975e-01
 5.63706e+03  5.53211e-01
 5.63732e+03  5.56662e-01
 5.63758e+03  5.59502e-01
 5.63784e+03  5.59040e-01
 5.63810e+03  5.62477e-01
 5.63836e+03  5.61430e-01
 5.63862e+03  5.66167e-01
 5.63888e+03  5.68467e-01
 5.63915e+03  5.71414e-01
 5.63941e+03  5.73836e-01
 5.63967e+03  5.74639e-01
 5.63993e+03  5.73144e-01
 5.64019e+03  5.76357e-01
 5.64045e+03  5.79915e-01
 5.64071e+03  5.82921e-01
 5.64097e+03  5.82146e-01
 5.64123e+03  5.85063e-01
 5.64149e+03  5.86538e-01
 5.64175e+03  5.87597e-01
 5.64201e+03  5.89940e-01
 5.64227e+03  5.92350e-01
 5.64253e+03  5.93607e-01
 5.64279e+03  5.94289e-01
 5.64306e+03  5.97852e-01
 5.64332e+03  6.03391e-01
 5.64358e+03  6.04429e-01
 5.64384e+03  6.03463e-01
 5.64410e+03  6.03382e-01
 5.64436e+03  6.05973e-01
 5.64462e+03  6.10302e-01
 5.64488e+03  6.10496e-01
 5.64514e+03  6.09760e-01
 5.64540e+03  6.15803e-01
 5.64566e+03  6.15154e-01
 5.64592e+03  6.17273e-01
 5.64618e+03  6.17505e-01
 5.64644e+03  6.17849e-01
 5.64671e+03  6.19226e-01
 5.64697e+03  6.18279e-01
 5.64723e+03  6.24359e-01
 5.64749e+03  6.23823e-01
 5.64775e+03  6.24970e-01
 5.64801e+03  6.28439e-01
 5.64827e+03  6.28029e-01
 5.64853e+03  6.29676e-01
 5.64879e+03  6.31704e-01
 5.64905e+03  6.33537e-01
 5.64931e+03  6.33261e-01
 5.64957e+03  6.31749e-01
 5.64983e+03  6.35798e-01
 5.65009e+03  6.37561e-01
 5.65035e+03  6.36843e-01
 5.65062e+03  6.35673e-01
 5.65088e+03  6.40243e-01
 5.65114e+03  6.43136e-01
 5.65140e+03  6.39660e-01
 5.65166e+03  6.41943e-01
 5.65192e+03  6.43567e-01
 5.65218e+03  6.43941e-01
 5.65244e+03  6.46456e-01
 5.65270e+03  6.46782e-01
 5.65296e+03  6.47935e-01
 5.65322e+03  6.46054e-01
 5.65348e+03  6.46790e-01
 5.65374e+03  6.50262e-01
 5.65400e+03  6.51358e-01
 5.65427e+03  6.52003e-01
 5.65453e+03  6.53112e-01
 5.65479e+03  6.54810e-01
 5.65505e+03  6.53572e-01
 5.65531e+03  6.53860e-01
 5.65557e+03  6.55414e-01
 5.65583e+03  6.53757e-01
 5.65609e+03  6.54884e-01
 5.65635e+03  6.56282e-01
 5.65661e+03  6.55541e-01
 5.65687e+03  6.57299e-01
 5.65713e+03  6.60621e-01
 5.65739e+03  6.58157e-01
 5.65765e+03  6.60123e-01
 5.65792e+03  6.60682e-01
 5.65818e+03  6.61028e-01
 5.65844e+03  6.61914e-01
 5.65870e+03  6.59937e-01
 5.65896e+03  6.62214e-01
 5.65922e+03  6.61685e-01
 5.65948e+03  6.63852e-01
 5.65974e+03  6.63413e-01
 5.66000e+03  6.65221e-01
 5.66026e+03  6.64959e-01
 5.66052e+03  6.64045e-01
 5.66078e+03  6.64352e-01
 5.66104e+03  6.62809e-01
 5.66130e+03  6.68601e-01
 5.66156e+03  6.65531e-01
 5.66183e+03  6.66263e-01
 5.66209e+03  6.68453e-01
 5.66235e+03  6.67080e-01
 5.66261e+03  6.68469e-01
 5.66287e+03  6.64943e-01
 5.66313e+03  6.66122e-01
 5.66339e+03  6.68727e-01
 5.66365e+03  6.68519e-01
 5.66391e+03  6.68429e-01
 5.66417e+03  6.70272e-01
 5.66443e+03  6.69875e-01
 5.66469e+03  6.65412e-01
 5.66495e+03  6.70360e-01
 5.66521e+03  6.67235e-01
 5.66548e+03  6.69823e-01
 5.66574e+03  6.72098e-01
 5.66600e+03  6.70460e-01
 5.66626e+03  6.69986e-01
 5.66652e+03  6.71657e-01
 5.66678e+03  6.69065e-01
 5.66704e+03  6.70610e-01
 5.66730e+03  6.69948e-01
 5.66756e+03  6.72233e-01
 5.66782e+03  6.71580e-01
 5.66808e+03  6.72088e-01
 5.66834e+03  6.70425e-01
 5.66860e+03  6.69422e-01
 5.66886e+03  6.71196e-01
 5.66913e+03  6.72303e-01
 5.66939e+03  6.75091e-01
 5.66965e+03  6.68344e-01
 5.66991e+03  6.69871e-01
 5.67017e+03  6.69967e-01
 5.67043e+03  6.71487e-01
 5.67069e+03  6.72323e-01
 5.67095e+03  6.72109e-01
 5.67121e+03  6.73874e-01
 5.67147e+03  6.70920e-01
 5.67173e+03  6.69500e-01
 5.67199e+03  6.69863e-01
 5.67225e+03  6.72031e-01
 5.67251e+03  6.70783e-01
 5.67278e+03  6.73788e-01
 5.67304e+03  6.72846e-01
 5.67330e+03  6.69601e-01
 5.67356e+03  6.72840e-01
 5.67382e+03  6.70273e-01
 5.67408e+03  6.70659e-01
 5.67434e+03  6.71240e-01
 5.67460e+03  6.73104e-01
 5.67486e+03  6.72304e-01
 5.67512e+03  6.70643e-01
 5.67538e+03  6.69087e-01
 5.67564e+03  6.68735e-01
 5.67590e+03  6.70622e-01
 5.67616e+03  6.69236e-01
 5.67642e+03  6.71965e-01
 5.67669e+03  6.70972e-01
 5.67695e+03  6.70755e-01
 5.67721e+03  6.70297e-01
 5.67747e+03  6.66867e-01
 5.67773e+03  6.69796e-01
 5.67799e+03  6.71613e-01
 5.67825e+03  6.69453e-01
 5.67851e+03  6.70695e-01
 5.67877e+03  6.68627e-01
 5.67903e+03  6.72129e-01
 5.67929e+03  6.70814e-01
 5.67955e+03  6.69040e-01
 5.67981e+03  6.64800e-01
 5.68007e+03  6.70407e-01
 5.68034e+03  6.67331e-01
 5.68060e+03  6.68548e-01
 5.68086e+03  6.70104e-01
 5.68112e+03  6.70613e-01
 5.68138e+03  6.69046e-01
 5.68164e+03  6.68211e-01
 5.68190e+03  6.67307e-01
 5.68216e+03  6.68769e-01
 5.68242e+03  6.70084e-01
 5.68268e+03  6.67129e-01
 5.68294e+03  6.68770e-01
 5.68320e+03  6.65122e-01
 5.68346e+03  6.65663e-01
 5.68372e+03  6.68560e-01
 5.68399e+03  6.64353e-01
 5.68425e+03  6.66427e-01
 5.68451e+03  6.66207e-01
 5.68477e+03  6.67291e-01
 5.68503e+03  6.67385e-01
 5.68529e+03  6.65248e-01
 5.68555e+03  6.65394e-01
 5.68581e+03  6.67421e-01
 5.68607e+03  6.67176e-01
 5.68633e+03  6.66881e-01
 5.68659e+03  6.67988e-01
 5.68685e+03  6.65386e-01
 5.68711e+03  6.65039e-01
 5.68737e+03  6.69258e-01
 5.68764e+03  6.66806e-01
 5.68790e+03  6.64433e-01
 5.68816e+03  6.66320e-01
 5.68842e+03  6.64849e-01
 5.68868e+03  6.64368e-01
 5.68894e+03  6.65102e-01
 5.68920e+03  6.65038e-01
 5.68946e+03  6.66644e-01
 5.68972e+03  6.65226e-01
 5.68998e+03  6.63844e-01
 5.69024e+03  6.64396e-01
 5.69050e+03  6.66740e-01
 5.69076e+03  6.63482e-01
 5.69102e+03  6.64612e-01
 5.69128e+03  6.63872e-01
 5.69155e+03  6.62940e-01
 5.69181e+03  6.62263e-01
 5.69207e+03  6.64862e-01
 5.69233e+03  6.61357e-01
 5.69259e+03  6.59831e-01
 5.69285e+03  6.65059e-01
 5.69311e+03  6.64131e-01
 5.69337e+03  6.63777e-01
 5.69363e+03  6.64892e-01
 5.69389e+03  6.63836e-01
 5.69415e+03  6.61321e-01
 5.69441e+03  6.60528e-01
 5.69467e+03  6.59300e-01
 5.69493e+03  6.61893e-01
 5.69520e+03  6.63480e-01
 5.69546e+03  6.61055e-01
 5.69572e+03  6.64027e-01
 5.69598e+03  6.63800e-01
 5.69624e+03  6.62622e-01
 5.69650e+03  6.63012e-01
 5.69676e+03  6.59026e-01
 5.69702e+03  6.58643e-01
 5.69728e+03  6.62756e-01
 5.69754e+03  6.60950e-01
 5.69780e+03  6.63842e-01
 5.69806e+03  6.59892e-01
 5.69832e+03  6.59930e-01
 5.69858e+03  6.60657e-01
 5.69885e+03  6.58966e-01
 5.69911e+03  6.61885e-01
 5.69937e+03  6.61865e-01
 5.69963e+03  6.60724e-01
 5.69989e+03  6.58484e-01
 5.70015e+03  6.60123e-01
 5.70041e+03  6.59473e-01
 5.70067e+03  6.59905e-01
 5.70093e+03  6.60454e-01
 5.70119e+03  6.58427e-01
 5.70145e+03  6.58532e-01
 5.70171e+03  6.59312e-01
 5.70197e+03  6.60596e-01
 5.70223e+03  6.57654e-01
 5.70250e+03  6.59370e-01
 5.70276e+03  6.60526e-01
 5.70302e+03  6.59607e-01
 5.70328e+03  6.57518e-01
 5.70354e+03  6.57832e-01
 5.70380e+03  6.59823e-01
 5.70406e+03  6.57160e-01
 5.70432e+03  6.58207e-01
 5.70458e+03  6.57298e-01
 5.70484e+03  6.59286e-01
 5.70510e+03  6.56333e-01
 5.70536e+03  6.57570e-01
 5.70562e+03  6.60426e-01
 5.70588e+03  6.57087e-01
 5.70615e+03  6.57766e-01
 5.70641e+03  6.58436e-01
 5.70667e+03  6.57713e-01
 5.70693e+03  6.58575e-01
 5.70719e+03  6.56683e-01
 5.70745e+03  6.57389e-01
 5.70771e+03  6.57543e-01
 5.70797e+03  6.59253e-01
 5.70823e+03  6.57402e-01
 5.70849e+03  6.58373e-01
 5.70875e+03  6.54555e-01
 5.70901e+03  6.58410e-01
 5.70927e+03  6.58916e-01
 5.70953e+03  6.59029e-01
 5.70979e+03  6.57194e-01
 5.71006e+03  6.58321e-01
 5.71032e+03  6.54526e-01
 5.71058e+03  6.57715e-01
 5.71084e+03  6.53680e-01
 5.71110e+03  6.54089e-01
 5.71136e+03  6.52398e-01
 5.71162e+03  6.54213e-01
 5.71188e+03  6.56179e-01
 5.71214e+03  6.54871e-01
 5.71240e+03  6.53315e-01
 5.71266e+03  6.58256e-01
 5.71292e+03  6.55615e-01
 5.71318e+03  6.56197e-01
 5.71344e+03  6.54695e-01
 5.71371e+03  6.54484e-01
 5.71397e+03  6.56989e-01
 5.71423e+03  6.53570e-01
 5.71449e+03  6.57660e-01
 5.71475e+03  6.53191e-01
 5.71501e+03  6.55716e-01
 5.71527e+03  6.53704e-01
 5.71553e+03  6.55036e-01
 5.71579e+03  6.56577e-01
 5.71605e+03  6.56338e-01
 5.71631e+03  6.54988e-01
 5.71657e+03  6.53591e-01
 5.71683e+03  6.58105e-01
 5.71709e+03  6.56517e-01
 5.71735e+03  6.55337e-01
 5.71762e+03  6.54680e-01
 5.71788e+03  6.54725e-01
 5.71814e+03  6.53525e-01
 5.71840e+03  6.57627e-01
 5.71866e+03  6.54164e-01
 5.71892e+03  6.54533e-01
 5.71918e+03  6.54112e-01
 5.71944e+03  6.52081e-01
 5.71970e+03  6.52252e-01
 5.71996e+03  6.53773e-01
 5.72022e+03  6.51637e-01
 5.72048e+03  6.51328e-01
 5.72074e+03  6.54969e-01
 5.72100e+03  6.54339e-01
 5.72127e+03  6.53207e-01
 5.72153e+03  6.53657e-01
 5.72179e+03  6.53679e-01
 5.72205e+03  6.52930e-01
 5.72231e+03  6.52188e-01
 5.72257e+03  6.50748e-01
 5.72283e+03  6.54415e-01
 5.72309e+03  6.53392e-01
 5.72335e+03  6.51847e-01
 5.72361e+03  6.51494e-01
 5.72387e+03  6.50512e-01
 5.72413e+03  6.55276e-01
 5.72439e+03  6.52304e-01
 5.72465e+03  6.55064e-01
 5.72492e+03  6.52612e-01
 5.72518e+03  6.52618e-01
 5.72544e+03  6.52284e-01
 5.72570e+03  6.53996e-01
 5.72596e+03  6.50158e-01
 5.72622e+03  6.49427e-01
 5.72648e+03  6.51491e-01
 5.72674e+03  6.50626e-01
 5.72700e+03  6.50896e-01
 5.72726e+03  6.51397e-01
 5.72752e+03  6.50126e-01
 5.72778e+03  6.52140e-01
 5.72804e+03  6.51068e-01
 5.72830e+03  6.50352e-01
 5.72856e+03  6.50641e-01
 5.72883e+03  6.51455e-01
 5.72909e+03  6.51805e-01
 5.72935e+03  6.49063e-01
 5.72961e+03  6.49074e-01
 5.72987e+03  6.50900e-01
 5.73013e+03  6.47956e-01
 5.73039e+03  6.49789e-01
 5.73065e+03  6.50132e-01
 5.73091e+03  6.52340e-01
 5.73117e+03  6.47357e-01
 5.73143e+03  6.49916e-01
 5.73169e+03  6.48712e-01
 5.73195e+03  6.47132e-01
 5.73221e+03  6.51027e-01
 5.73248e+03  6.50567e-01
 5.73274e+03  6.46664e-01
 5.73300e+03  6.49067e-01
 5.73326e+03  6.51119e-01
 5.73352e+03  6.49571e-01
 5.73378e+03  6.48386e-01
 5.73404e+03  6.45037e-01
 5.73430e+03  6.50330e-01
 5.73456e+03  6.48909e-01
 5.73482e+03  6.46217e-01
 5.73508e+03  6.47569e-01
 5.73534e+03  6.48056e-01
 5.73560e+03  6.46363e-01
 5.73586e+03  6.45362e-01
 5.73613e+03  6.47058e-01
 5.73639e+03  6.50108e-01
 5.73665e+03  6.48577e-01
 5.73691e+03  6.46834e-01
 5.73717e+03  6.45563e-01
 5.73743e+03  6.48111e-01
 5.73769e+03  6.46869e-01
 5.73795e+03  6.49123e-01
 5.73821e+03  6.46496e-01
 5.73847e+03  6.45019e-01
 5.73873e+03  6.45724e-01
 5.73899e+03  6.47864e-01
 5.73925e+03  6.46550e-01
 5.73951e+03  6.47408e-01
 5.73977e+03  6.48118e-01
 5.74004e+03  6.45621e-01
 5.74030e+03  6.46448e-01
 5.74056e+03  6.42599e-01
 5.74082e+03  6.46072e-01
 5.74108e+03  6.49349e-01
 5.74134e+03  6.44941e-01
 5.74160e+03  6.42562e-01
 5.74186e+03  6.45948e-01
 5.74212e+03  6.43442e-01
 5.74238e+03  6.46001e-01
 5.74264e+03  6.44954e-01
 5.74290e+03  6.44393e-01
 5.74316e+03  6.42683e-01
 5.74342e+03  6.44426e-01
 5.74369e+03  6.46607e-01
 5.74395e+03  6.44646e-01
 5.74421e+03  6.44866e-01
 5.74447e+03  6.44472e-01
 5.74473e+03  6.44520e-01
 5.74499e+03  6.43661e-01
 5.74525e+03  6.44651e-01
 5.74551e+03  6.46055e-01
 5.74577e+03  6.43332e-01
 5.74603e+03  6.41742e-01
 5.74629e+03  6.42241e-01
 5.74655e+03  6.43034e-01
 5.74681e+03  6.39697e-01
 5.74707e+03  6.41052e-01
 5.74734e+03  6.42518e-01
 5.74760e+03  6.43163e-01
 5.74786e+03  6.41973e-01
 5.74812e+03  6.43468e-01
 5.74838e+03  6.38985e-01
 5.74864e+03  6.39055e-01
 5.74890e+03  6.40483e-01
 5.74916e+03  6.41563e-01
 5.74942e+03  6.41077e-01
 5.74968e+03  6.43237e-01
 5.74994e+03  6.40416e-01
 5.75020e+03  6.40865e-01
 5.75046e+03  6.37712e-01
 5.75072e+03  6.36876e-01
 5.75099e+03  6.40789e-01
 5.75125e+03  6.40083e-01
 5.75151e+03  6.39820e-01
 5.75177e+03  6.36424e-01
 5.75203e+03  6.40650e-01
 5.75229e+03  6.38542e-01
 5.75255e+03  6.37939e-01
 5.75281e+03  6.41337e-01
 5.75307e+03  6.39354e-01
 5.75333e+03  6.39912e-01
 5.75359e+03  6.39202e-01
 5.75385e+03  6.38810e-01
 5.75411e+03  6.40514e-01
 5.75437e+03  6.37423e-01
 5.75463e+03  6.39779e-01
 5.75490e+03  6.36047e-01
 5.75516e+03  6.40573e-01
 5.75542e+03  6.37370e-01
 5.75568e+03  6.35572e-01
 5.75594e+03  6.37409e-01
 5.75620e+03  6.34770e-01
 5.75646e+03  6.35643e-01
 5.75672e+03  6.34660e-01
 5.75698e+03  6.37401e-01
 5.75724e+03  6.37080e-01
 5.75750e+03  6.36904e-01
 5.75776e+03  6.34279e-01
 5.75802e+03  6.36236e-01
 5.75828e+03  6.32043e-01
 5.75855e+03  6.35026e-01
 5.75881e+03  6.35594e-01
 5.75907e+03  6.35366e-01
 5.75933e+03  6.35720e-01
 5.75959e+03  6.33171e-01
 5.75985e+03  6.33992e-01
 5.76011e+03  6.34539e-01
 5.76037e+03  6.33752e-01
 5.76063e+03  6.35871e-01
 5.76089e+03  6.31701e-01
 5.76115e+03  6.34178e-01
 5.76141e+03  6.31102e-01
 5.76167e+03  6.31581e-01
 5.76193e+03  6.32157e-01
 5.76220e+03  6.32956e-01
 5.76246e+03  6.31038e-01
 5.76272e+03  6.32920e-01
 5.76298e+03  6.32474e-01
 5.76324e+03  6.32937e-01
 5.76350e+03  6.32355e-01
 5.76376e+03  6.32143e-01
 5.76402e+03  6.31353e-01
 5.76428e+03  6.31702e-01
 5.76454e+03  6.31500e-01
 5.76480e+03  6.32246e-01
 5.76506e+03  6.30931e-01
 5.76532e+03  6.28318e-01
 5.76558e+03  6.29294e-01
 5.76585e+03  6.29155e-01
 5.76611e+03  6.29411e-01
 5.76637e+03  6.26539e-01
 5.76663e+03  6.26155e-01
 5.76689e+03  6.25522e-01
 5.76715e+03  6.28952e-01
 5.76741e+03  6.28295e-01
 5.76767e+03  6.26306e-01
 5.76793e+03  6.29424e-01
 5.76819e+03  6.25113e-01
 5.76845e+03  6.28213e-01
 5.76871e+03  6.26275e-01
 5.76897e+03  6.23634e-01
 5.76923e+03  6.22551e-01
 5.76950e+03  6.24550e-01
 5.76976e+03  6.24366e-01
 5.77002e+03  6.22487e-01
 5.77028e+03  6.22654e-01
 5.77054e+03  6.23536e-01
 5.77080e+03  6.23135e-01
 5.77106e+03  6.23248e-01
 5.77132e+03  6.21395e-01
 5.77158e+03  6.21574e-01
 5.77184e+03  6.21434e-01
 5.77210e+03  6.22645e-01
 5.77236e+03  6.20694e-01
 5.77262e+03  6.22563e-01
 5.77288e+03  6.21021e-01
 5.77314e+03  6.20850e-01
 5.77341e+03  6.20001e-01
 5.77367e+03  6.19949e-01
 5.77393e+03  6.16582e-01
 5.77419e+03  6.20744e-01
 5.77445e+03  6.18724e-01
 5.77471e+03  6.17215e-01
 5.77497e+03  6.17005e-01
 5.77523e+03  6.15960e-01
 5.77549e+03  6.16802e-01
 5.77575e+03  6.16483e-01
 5.77601e+03  6.16932e-01
 5.77627e+03  6.14690e-01
 5.77653e+03  6.14252e-01
 5.77679e+03  6.14778e-01
 5.77706e+03  6.12328e-01
 5.77732e+03  6.14678e-01
 5.77758e+03  6.15413e-01
 5.77784e+03  6.14317e-01
 5.77810e+03  6.14011e-01
 5.77836e+03  6.10665e-01
 5.77862e+03  6.10994e-01
 5.77888e+03  6.09703e-01
 5.77914e+03  6.09409e-01
 5.77940e+03  6.08694e-01
 5.77966e+03  6.09794e-01
 5.77992e+03  6.08285e-01
 5.78018e+03  6.06421e-01
 5.78044e+03  6.10218e-01
 5.78071e+03  6.07195e-01
 5.78097e+03  6.08120e-01
 5.78123e+03  6.04073e-01
 5.78149e+03  6.03074e-01
 5.78175e+03  6.04967e-01
 5.78201e+03  6.03396e-01
 5.78227e+03  6.03148e-01
 5.78253e+03  6.02234e-01
 5.78279e+03  6.01287e-01
 5.78305e+03  5.98935e-01
 5.78331e+03  6.01851e-01
 5.78357e+03  5.99759e-01
 5.78383e+03  6.00982e-01
 5.78409e+03  5.97798e-01
 5.78435e+03  5.97886e-01
 5.78462e+03  5.99044e-01
 5.78488e+03  5.95144e-01
 5.78514e+03  5.94119e-01
 5.78540e+03  5.93003e-01
 5.78566e+03  5.96033e-01
 5.78592e+03  5.92586e-01
 5.78618e+03  5.92009e-01
 5.78644e+03  5.91570e-01
 5.78670e+03  5.91366e-01
 5.78696e+03  5.90409e-01
 5.78722e+03  5.90972e-01
 5.78748e+03  5.87136e-01
 5.78774e+03  5.90386e-01
 5.78800e+03  5.87714e-01
 5.78827e+03  5.86320e-01
 5.78853e+03  5.87340e-01
 5.78879e+03  5.85591e-01
 5.78905e+03  5.83234e-01
 5.78931e+03  5.84949e-01
 5.78957e+03  5.80293e-01
 5.78983e+03  5.80860e-01
 5.79009e+03  5.80160e-01
 5.79035e+03  5.77670e-01
 5.79061e+03  5.80512e-01
 5.79087e+03  5.77470e-01
 5.79113e+03  5.78485e-01
 5.79139e+03  5.73950e-01
 5.79165e+03  5.74340e-01
 5.79192e+03  5.75102e-01
 5.79218e+03  5.73385e-01
 5.79244e+03  5.67515e-01
 5.79270e+03  5.69013e-01
 5.79296e+03  5.69410e-01
 5.79322e+03  5.67675e-01
 5.79348e+03  5.66805e-01
 5.79374e+03  5.65095e-01
 5.79400e+03  5.65253e-01
 5.79426e+03  5.64938e-01
 5.79452e+03  5.63339e-01
 5.79478e+03  5.59984e-01
 5.79504e+03  5.58116e-01
 5.79530e+03  5.59176e-01
 5.79556e+03  5.58498e-01
 5.79583e+03  5.57752e-01
 5.79609e+03  5.54747e-01
 5.79635e+03  5.56661e-01
 5.79661e+03  5.51329e-01
 5.79687e+03  5.51567e-01
 5.79713e+03  5.52858e-01
 5.79739e+03  5.50127e-01
 5.79765e+03  5.47305e-01
 5.79791e+03  5.48369e-01
 5.79817e+03  5.44912e-01
 5.79843e+03  5.43048e-01
 5.79869e+03  5.44934e-01
 5.79895e+03  5.42460e-01
 5.79921e+03  5.40571e-01
 5.79948e+03  5.39217e-01
 5.79974e+03  5.38438e-01
 5.80000e+03  5.35899e-01
 5.80026e+03  5.35398e-01
 5.80052e+03  5.32928e-01
 5.80078e+03  5.34150e-01
 5.80104e+03  5.29909e-01
 5.80130e+03  5.30790e-01
 5.80156e+03  5.27079e-01
 5.80182e+03  5.27361e-01
 5.80208e+03  5.24420e-01
 5.80234e+03  5.22967e-01
 5.80260e+03  5.21871e-01
 5.80286e+03  5.19670e-01
 5.80312e+03  5.19194e-01
 5.80339e+03  5.16791e-01
 5.80365e+03  5.12976e-01
 5.80391e+03  5.16952e-01
 5.80417e+03  5.12267e-01
 5.80443e+03  5.10135e-01
 5.80469e+03  5.07457e-01
 5.80495e+03  5.07260e-01
 5.80521e+03  5.04839e-01
 5.80547e+03  5.03700e-01
 5.80573e+03  5.05145e-01
 5.80599e+03  4.98396e-01
 5.80625e+03  4.98648e-01
 5.80651e+03  4.98084e-01
 5.80677e+03  4.95321e-01
 5.80704e+03  4.95473e-01
 5.80730e+03  4.90238e-01
 5.80756e+03  4.89950e-01
 5.80782e+03  4.88300e-01
 5.80808e+03  4.85226e-01
 5.80834e+03  4.85652e-01
 5.80860e+03  4.81552e-01
 5.80886e+03  4.81214e-01
 5.80912e+03  4.79871e-01
 5.80938e+03  4.76048e-01
 5.80964e+03  4.74452e-01
 5.80990e+03  4.75188e-01
 5.81016e+03  4.71188e-01
 5.81042e+03  4.70016e-01
 5.81069e+03  4.66831e-01
 5.81095e+03  4.66192e-01
 5.81121e+03  4.65673e-01
 5.81147e+03  4.60361e-01
 5.81173e+03  4.57994e-01
 5.81199e+03  4.56776e-01
 5.81225e+03  4.54552e-01
 5.81251e+03  4.54415e-01
 5.81277e+03  4.50551e-01
 5.81303e+03  4.48567e-01
 5.81329e+03  4.46834e-01
 5.81355e+03  4.44387e-01
 5.81381e+03  4.43620e-01
 5.81407e+03  4.44236e-01
 5.81434e+03  4.38732e-01
 5.81460e+03  4.36993e-01
 5.81486e+03  4.35480e-01
 5.81512e+03  4.34669e-01
 5.81538e+03  4.30012e-01
 5.81564e+03  4.31589e-01
 5.81590e+03  4.25198e-01
 5.81616e+03  4.25543e-01
 5.81642e+03  4.22986e-01
 5.81668e+03  4.21303e-01
 5.81694e+03  4.19061e-01
 5.81720e+03  4.16582e-01
 5.81746e+03  4.13083e-01
 5.81772e+03  4.11712e-01
 5.81798e+03  4.11099e-01
 5.81825e+03  4.08012e-01
 5.81851e+03  4.05101e-01
 5.81877e+03  4.05417e-01
 5.81903e+03  3.99442e-01
 5.81929e+03  3.98096e-01
 5.81955e+03  3.98309e-01
 5.81981e+03  3.94917e-01
 5.82007e+03  3.92527e-01
 5.82033e+03  3.89136e-01
 5.82059e+03  3.88010e-01
 5.82085e+03  3.86945e-01
 5.82111e+03  3.80928e-01
 5.82137e+03  3.78487e-01
 5.82163e+03  3.77384e-01
 5.82190e+03  3.76418e-01
 5.82216e+03  3.74484e-01
 5.82242e+03  3.71585e-01
 5.82268e+03  3.70240e-01
 5.82294e+03  3.67466e-01
 5.82320e+03  3.65854e-01
 5.82346e+03  3.61250e-01
 5.82372e+03  3.62152e-01
 5.82398e+03  3.57360e-01
 5.82424e+03  3.55929e-01
 5.82450e+03  3.54364e-01
 5.82476e+03  3.51570e-01
 5.82502e+03  3.50247e-01
 5.82528e+03  3.47715e-01
 5.82555e+03  3.44311e-01
 5.82581e+03  3.41349e-01
 5.82607e+03  3.41080e-01
 5.82633e+03  3.39453e-01
 5.82659e+03  3.34863e-01
 5.82685e+03  3.32248e-01
 5.82711e+03  3.32087e-01
 5.82737e+03  3.29904e-01
 5.82763e+03  3.27918e-01
 5.82789e+03  3.24746e-01
 5.82815e+03  3.22783e-01
 5.82841e+03  3.20006e-01
 5.82867e+03  3.17515e-01
 5.82893e+03  3.13747e-01
 5.82920e+03  3.12812e-01
 5.82946e+03  3.11793e-01
 5.82972e+03  3.09080e-01
 5.82998e+03  3.07432e-01
 5.83024e+03  3.02291e-01
 5.83050e+03  3.01875e-01
 5.83076e+03  3.00551e-01
 5.83102e+03  2.97945e-01
 5.83128e+03  2.94050e-01
 5.83154e+03  2.93896e-01
 5.83180e+03  2.90368e-01
 5.83206e+03  2.88901e-01
 5.83232e+03  2.86461e-01
 5.83258e+03  2.84565e-01
 5.83285e+03  2.81843e-01
 5.83311e+03  2.80685e-01
 5.83337e+03  2.77420e-01
 5.83363e+03  2.75350e-01
 5.83389e+03  2.72472e-01
 5.83415e+03  2.72670e-01
 5.83441e+03  2.69386e-01
 5.83467e+03  2.67130e-01
 5.83493e+03  2.66046e-01
 5.83519e+03  2.62277e-01
 5.83545e+03  2.62066e-01
 5.83571e+03  2.58594e-01
 5.83597e+03  2.56205e-01
 5.83623e+03  2.53242e-01
 5.83649e+03  2.52423e-01
 5.83676e+03  2.49870e-01
 5.83702e+03  2.48964e-01
 5.83728e+03  2.46091e-01
 5.83754e+03  2.44810e-01
 5.83780e+03  2.42203e-01
 5.83806e+03  2.41112e-01
 5.83832e+03  2.38576e-01
 5.83858e+03  2.35151e-01
 5.83884e+03  2.34038e-01
 5.83910e+03  2.30859e-01
 5.83936e+03  2.29173e-01
 5.83962e+03  2.28082e-01
 5.83988e+03  2.26257e-01
 5.84014e+03  2.24435e-01
 5.84041e+03  2.22879e-01
 5.84067e+03  2.21569e-01
 5.84093e+03  2.19174e-01
 5.84119e+03  2.17090e-01
 5.84145e+03  2.16045e-01
 5.84171e+03  2.14282e-01
 5.84197e+03  2.11851e-01
 5.84223e+03  2.10578e-01
 5.84249e+03  2.08674e-01
 5.84275e+03  2.06114e-01
 5.84301e+03  2.04632e-01
 5.84327e+03  2.02209e-01
 5.84353e+03  2.00054e-01
 5.84379e+03  1.99244e-01
 5.84406e+03  1.97108e-01
 5.84432e+03  1.96725e-01
 5.84458e+03  1.93676e-01
 5.84484e+03  1.92074e-01
 5.84510e+03  1.89753e-01
 5.84536e+03  1.89531e-01
 5.84562e+03  1.88210e-01
 5.84588e+03  1.86156e-01
 5.84614e+03  1.83312e-01
 5.84640e+03  1.81533e-01
 5.84666e+03  1.81315e-01
 5.84692e+03  1.78245e-01
 5.84718e+03  1.77216e-01
 5.84744e+03  1.75835e-01
 5.84771e+03  1.74515e-01
 5.84797e+03  1.72496e-01
 5.84823e+03  1.70819e-01
 5.84849e+03  1.69855e-01
 5.84875e+03  1.68209e-01
 5.84901e+03  1.65553e-01
 5.84927e+03  1.65126e-01
 5.84953e+03  1.63733e-01
 5.84979e+03  1.61267e-01
 5.85005e+03  1.61558e-01
 5.85031e+03  1.58386e-01
 5.85057e+03  1.57490e-01
 5.85083e+03  1.55365e-01
 5.85109e+03  1.54361e-01
 5.85135e+03  1.53438e-01
 5.85162e+03  1.50660e-01
 5.85188e+03  1.49455e-01
 5.85214e+03  1.48251e-01
 5.85240e+03  1.47147e-01
 5.85266e+03  1.44974e-01
 5.85292e+03  1.44337e-01
 5.85318e+03  1.42948e-01
 5.85344e+03  1.41409e-01
 5.85370e+03  1.40154e-01
 5.85396e+03  1.38871e-01
 5.85422e+03  1.37913e-01
 5.85448e+03  1.35691e-01
 5.85474e+03  1.35624e-01
 5.85500e+03  1.33270e-01
 5.85527e+03  1.32297e-01
 5.85553e+03  1.30903e-01
 5.85579e+03  1.30966e-01
 5.85605e+03  1.28305e-01
 5.85631e+03  1.27726e-01
 5.85657e+03  1.25997e-01
 5.85683e+03  1.25917e-01
 5.85709e+03  1.24166e-01
 5.85735e+03  1.22879e-01
 5.85761e+03  1.21617e-01
 5.85787e+03  1.21410e-01
 5.85813e+03  1.19333e-01
 5.85839e+03  1.18786e-01
 5.85865e+03  1.17178e-01
 5.85892e+03  1.15715e-01
 5.85918e+03  1.13939e-01
 5.85944e+03  1.14279e-01
 5.85970e+03  1.12706e-01
 5.85996e+03  1.11762e-01
 5.86022e+03  1.09760e-01
 5.86048e+03  1.09460e-01
 5.86074e+03  1.08987e-01
 5.86100e+03  1.08086e-01
 5.86126e+03  1.05564e-01
 5.86152e+03  1.05282e-01
 5.86178e+03  1.04755e-01
 5.86204e+03  1.03121e-01
 5.86230e+03  1.01622e-01
 5.86256e+03  1.01207e-01
 5.86283e+03  1.00059e-01
 5.86309e+03  9.92955e-02
 5.86335e+03  9.84671e-02
 5.86361e+03  9.72254e-02
 5.86387e+03  9.66552e-02
 5.86413e+03  9.51625e-02
 5.86439e+03  9.42756e-02
 5.86465e+03  9.39612e-02
 5.86491e+03  9.23179e-02
 5.86517e+03  8.87474e-02
 5.86543e+03  9.08514e-02
 5.86569e+03  8.99646e-02
 5.86595e+03  8.98069e-02
 5.86621e+03  8.82500e-02
 5.86648e+03  8.77758e-02
 5.86674e+03  8.75399e-02
 5.86700e+03  8.56587e-02
 5.86726e+03  8.59575e-02
 5.86752e+03  8.48221e-02
 5.86778e+03  8.35257e-02
 5.86804e+03  8.24373e-02
 5.86830e+03  8.21067e-02
 5.86856e+03  8.10352e-02
 5.86882e+03  8.09394e-02
 5.86908e+03  7.94974e-02
 5.86934e+03  7.94671e-02
 5.86960e+03  7.78097e-02
 5.86986e+03  7.79192e-02
 5.87012e+03  7.72085e-02
 5.87039e+03  7.58971e-02
 5.87065e+03  7.52343e-02
 5.87091e+03  7.43462e-02
 5.87117e+03  7.44471e-02
 5.87143e+03  7.32736e-02
 5.87169e+03  7.19541e-02
 5.87195e+03  7.09148e-02
 5.87221e+03  7.04143e-02
 5.87247e+03  7.00753e-02
 5.87273e+03  7.02316e-02
 5.87299e+03  6.84711e-02
 5.87325e+03  6.83656e-02
 5.87351e+03  6.77115e-02
 5.87377e+03  6.69859e-02
 5.87404e+03  6.66831e-02
 5.87430e+03  6.57398e-02
 5.87456e+03  6.53734e-02
 5.87482e+03  6.50629e-02
 5.87508e+03  6.39902e-02
 5.87534e+03  6.37783e-02
 5.87560e+03  6.33350e-02
 5.87586e+03  6.25240e-02
 5.87612e+03  6.12792e-02
 5.87638e+03  6.14818e-02
 5.87664e+03  6.01008e-02
 5.87690e+03  5.94496e-02
 5.87716e+03  5.88226e-02
 5.87742e+03  5.83093e-02
 5.87769e+03  5.76990e-02
 5.87795e+03  5.74079e-02
 5.87821e+03  5.68246e-02
 5.87847e+03  5.66746e-02
 5.87873e+03  5.51964e-02
 5.87899e+03  5.49721e-02
 5.87925e+03  5.47331e-02
 5.87951e+03  5.47011e-02
 5.87977e+03  5.38792e-02
 5.88003e+03  5.29833e-02
 5.88029e+03  5.31677e-02
 5.88055e+03  5.21127e-02
 5.88081e+03  5.24037e-02
 5.88107e+03  5.11424e-02
 5.88133e+03  5.07760e-02
 5.88160e+03  5.05764e-02
 5.88186e+03  5.02505e-02
 5.88212e+03  4.98808e-02
 5.88238e+03  4.91690e-02
 5.88264e+03  4.82338e-02
 5.88290e+03  4.80919e-02
 5.88316e+03  4.78424e-02
 5.88342e+03  4.71191e-02
 5.88368e+03  4.68807e-02
 5.88394e+03  4.65296e-02
 5.88420e+03  4.53219e-02
 5.88446e+03  4.58136e-02
 5.88472e+03  4.50241e-02
 5.88498e+03  4.48564e-02
 5.88525e+03  4.41238e-02
 5.88551e+03  4.37837e-02
 5.88577e+03  4.25580e-02
 5.88603e+03  4.23942e-02
 5.88629e+03  4.29666e-02
 5.88655e+03  4.26109e-02
 5.88681e+03  4.19070e-02
 5.88707e+03  4.14444e-02
 5.88733e+03  4.08031e-02
 5.88759e+03  4.06081e-02
 5.88785e+03  3.99584e-02
 5.88811e+03  3.99683e-02
 5.88837e+03  3.96066e-02
 5.88863e+03  3.89682e-02
 5.88890e+03  3.91018e-02
 5.88916e+03  3.83874e-02
 5.88942e+03  3.82064e-02
 5.88968e+03  3.75784e-02
 5.88994e+03  3.76799e-02
 5.89020e+03  3.71553e-02
 5.89046e+03  3.70163e-02
 5.89072e+03  3.65471e-02
 5.89098e+03  3.62244e-02
 5.89124e+03  3.54457e-02
 5.89150e+03  3.52983e-02
 5.89176e+03  3.54934e-02
 5.89202e+03  3.45540e-02
 5.89228e+03  3.46023e-02
 5.89255e+03  3.42735e-02
 5.89281e+03  3.41679e-02
 5.89307e+03  3.33863e-02
 5.89333e+03  3.36317e-02
 5.89359e+03  3.28005e-02
 5.89385e+03  3.30544e-02
 5.89411e+03  3.23817e-02
 5.89437e+03  3.18956e-02
 5.89463e+03  3.15735e-02
 5.89489e+03  3.13160e-02
 5.89515e+03  3.09820e-02
 5.89541e+03  3.08499e-02
 5.89567e+03  3.06765e-02
 5.89593e+03  3.07226e-02
 5.89620e+03  3.04637e-02
 5.89646e+03  2.95701e-02
 5.89672e+03  2.95844e-02
 5.89698e+03  2.96916e-02
 5.89724e+03  2.91569e-02
 5.89750e+03  2.86551e-02
 5.89776e+03  2.80912e-02
 5.89802e+03  2.85982e-02
 5.89828e+03  2.79496e-02
 5.89854e+03  2.83110e-02
 5.89880e+03  2.80194e-02
 5.89906e+03  2.72742e-02
 5.89932e+03  2.67370e-02
 5.89958e+03  2.70312e-02
 5.89984e+03  2.69418e-02
 5.90011e+03  2.66985e-02
 5.90037e+03  2.61584e-02
 5.90063e+03  2.60797e-02
 5.90089e+03  2.60475e-02
 5.90115e+03  2.58205e-02
 5.90141e+03  2.55684e-02
 5.90167e+03  2.50834e-02
 5.90193e+03  2.46214e-02
 5.90219e+03  2.49553e-02
 5.90245e+03  2.40085e-02
 5.90271e+03  2.42654e-02
 5.90297e+03  2.42886e-02
 5.90323e+03  2.40074e-02
 5.90349e+03  2.41079e-02
 5.90376e+03  2.35664e-02
 5.90402e+03  2.31989e-02
 5.90428e+03  2.31407e-02
 5.90454e+03  2.28051e-02
 5.90480e+03  2.24644e-02
 5.90506e+03  2.29279e-02
 5.90532e+03  2.27847e-02
 5.90558e+03  2.21604e-02
 5.90584e+03  2.17821e-02
 5.90610e+03  2.15787e-02
 5.90636e+03  2.14988e-02
 5.90662e+03  2.15976e-02
 5.90688e+03  2.12337e-02
 5.90714e+03  2.11537e-02
 5.90741e+03  2.07398e-02
 5.90767e+03  2.04330e-02
 5.90793e+03  2.01666e-02
 5.90819e+03  2.04340e-02
 5.90845e+03  2.00629e-02
 5.90871e+03  1.96332e-02
 5.90897e+03  2.00421e-02
 5.90923e+03  1.91766e-02
 5.90949e+03  1.94081e-02
 5.90975e+03  1.95098e-02
 5.91001e+03  1.94551e-02
 5.91027e+03  1.91538e-02
 5.91053e+03  1.87406e-02
 5.91079e+03  1.82994e-02
 5.91106e+03  1.84233e-02
 5.91132e+03  1.84446e-02
 5.91158e+03  1.84532e-02
 5.91184e+03  1.76469e-02
 5.91210e+03  1.79574e-02
 5.91236e+03  1.80512e-02
 5.91262e+03  1.75543e-02
 5.91288e+03  1.74344e-02
 5.91314e+03  1.72663e-02
 5.91340e+03  1.68434e-02
 5.91366e+03  1.69538e-02
 5.91392e+03  1.68569e-02
 5.91418e+03  1.67984e-02
 5.91444e+03  1.68807e-02
 5.91470e+03  1.69295e-02
 5.91497e+03  1.66027e-02
 5.91523e+03  1.59452e-02
 5.91549e+03  1.61744e-02
 5.91575e+03  1.62471e-02
 5.91601e+03  1.59599e-02
 5.91627e+03  1.59696e-02
 5.91653e+03  1.54691e-02
 5.91679e+03  1.56430e-02
 5.91705e+03  1.50985e-02
 5.91731e+03  1.54607e-02
 5.91757e+03  1.53515e-02
 5.91783e+03  1.52600e-02
 5.91809e+03  1.53588e-02
 5.91835e+03  1.46935e-02
 5.91862e+03  1.47940e-02
 5.91888e+03  1.43299e-02
 5.91914e+03  1.41607e-02
 5.91940e+03  1.42458e-02
 5.91966e+03  1.44152e-02
 5.91992e+03  1.39717e-02
 5.92018e+03  1.39287e-02
 5.92044e+03  1.41216e-02
 5.92070e+03  1.38185e-02
 5.92096e+03  1.37829e-02
 5.92122e+03  1.39632e-02
 5.92148e+03  1.31790e-02
 5.92174e+03  1.33651e-02
 5.92200e+03  1.33570e-02
 5.92227e+03  1.31399e-02
 5.92253e+03  1.28672e-02
 5.92279e+03  1.30039e-02
 5.92305e+03  1.25379e-02
 5.92331e+03  1.30276e-02
 5.92357e+03  1.27993e-02
 5.92383e+03  1.27144e-02
 5.92409e+03  1.21478e-02
 5.92435e+03  1.20090e-02
 5.92461e+03  1.22393e-02
 5.92487e+03  1.20192e-02
 5.92513e+03  1.19950e-02
 5.92539e+03  1.21751e-02
 5.92565e+03  1.19978e-02
 5.92592e+03  1.18095e-02
 5.92618e+03  1.18411e-02
 5.92644e+03  1.18530e-02
 5.92670e+03  1.15909e-02
 5.92696e+03  1.15394e-02
 5.92722e+03  1.12850e-02
 5.92748e+03  1.14227e-02
 5.92774e+03  1.13447e-02
 5.92800e+03  1.13022e-02
 5.92826e+03  1.10738e-02
 5.92852e+03  1.09002e-02
 5.92878e+03  1.09107e-02
 5.92904e+03  1.07402e-02
 5.92930e+03  1.06946e-02
 5.92956e+03  1.07670e-02
 5.92983e+03  1.06230e-02
 5.93009e+03  1.06252e-02
 5.93035e+03  1.03975e-02
 5.93061e+03  1.03093e-02
 5.93087e+03  1.03047e-02
 5.93113e+03  1.01032e-02
 5.93139e+03  1.02836e-02
 5.93165e+03  1.01660e-02
 5.93191e+03  9.94278e-03
 5.93217e+03  9.91463e-03
 5.93243e+03  9.70729e-03
 5.93269e+03  9.72189e-03
 5.93295e+03  9.78156e-03
 5.93321e+03  9.75337e-03
 5.93348e+03  9.59989e-03
 5.93374e+03  9.49976e-03
 5.93400e+03  9.51036e-03
 5.93426e+03  9.45120e-03
 5.93452e+03  9.46380e-03
 5.93478e+03  9.31513e-03
 5.93504e+03  9.11550e-03
 5.93530e+03  8.90578e-03
 5.93556e+03  9.22502e-03
 5.93582e+03  9.26706e-03
 5.93608e+03  8.87326e-03
 5.93634e+03  8.74279e-03
 5.93660e+03  8.90014e-03
 5.93686e+03  8.73901e-03
 5.93712e+03  8.76741e-03
 5.93739e+03  8.71556e-03
 5.93765e+03  8.54487e-03
 5.93791e+03  8.63459e-03
 5.93817e+03  8.24002e-03
 5.93843e+03  8.41003e-03
 5.93869e+03  8.23019e-03
 5.93895e+03  8.38062e-03
 5.93921e+03  8.12448e-03
 5.93947e+03  8.13747e-03
 5.93973e+03  8.05495e-03
 5.93999e+03  7.90080e-03
 5.94025e+03  8.03203e-03
 5.94051e+03  8.02587e-03
 5.94077e+03  7.81043e-03
 5.94104e+03  7.91794e-03
 5.94130e+03  7.83226e-03
 5.94156e+03  7.58155e-03
 5.94182e+03  7.81261e-03
 5.94208e+03  7.64724e-03
 5.94234e+03  7.38311e-03
 5.94260e+03  7.30997e-03
 5.94286e+03  7.41577e-03
 5.94312e+03  7.32053e-03
 5.94338e+03  7.25960e-03
 5.94364e+03  7.19741e-03
 5.94390e+03  7.18014e-03
 5.94416e+03  7.43533e-03
 5.94442e+03  7.26631e-03
 5.94469e+03  7.06847e-03
 5.94495e+03  7.20008e-03
 5.94521e+03  6.91272e-03
 5.94547e+03  7.21537e-03
 5.94573e+03  6.88130e-03
 5.94599e+03  6.74266e-03
 5.94625e+03  6.91260e-03
 5.94651e+03  6.66806e-03
 5.94677e+03  6.66029e-03
 5.94703e+03  6.72811e-03
 5.94729e+03  6.67669e-03
 5.94755e+03  6.60151e-03
 5.94781e+03  6.69055e-03
 5.94807e+03  6.62389e-03
 5.94833e+03  6.38124e-03
 5.94860e+03  6.37689e-03
 5.94886e+03  6.50262e-03
 5.94912e+03  6.36179e-03
 5.94938e+03  6.06254e-03
 5.94964e+03  6.16365e-03
 5.94990e+03  6.05793e-03
 5.95016e+03  6.18196e-03
 5.95042e+03  6.29429e-03
 5.95068e+03  6.16590e-03
 5.95094e+03  6.15312e-03
 5.95120e+03  5.98488e-03
 5.95146e+03  5.75507e-03
 5.95172e+03  6.01540e-03
 5.95198e+03  5.94895e-03
 5.95225e+03  5.94771e-03
 5.95251e+03  5.69411e-03
 5.95277e+03  6.00068e-03
 5.95303e+03  5.85706e-03
 5.95329e+03  5.69020e-03
 5.95355e+03  5.65948e-03
 5.95381e+03  5.64086e-03
 5.95407e+03  5.74767e-03
 5.95433e+03  5.55105e-03
 5.95459e+03  5.66969e-03
 5.95485e+03  5.47254e-03
 5.95511e+03  5.63559e-03
 5.95537e+03  5.41104e-03
 5.95563e+03  5.42975e-03
 5.95590e+03  5.48640e-03
 5.95616e+03  5.37311e-03
 5.95642e+03  5.37758e-03
 5.95668e+03  5.30995e-03
 5.95694e+03  5.22784e-03
 5.95720e+03  5.07992e-03
 5.95746e+03  5.27644e-03
 5.95772e+03  5.07995e-03
 5.95798e+03  5.22582e-03
 5.95824e+03  5.02187e-03
 5.95850e+03  5.09678e-03
 5.95876e+03  4.99948e-03
 5.95902e+03  5.16482e-03
 5.95928e+03  4.98857e-03
 5.95955e+03  4.92691e-03
 5.95981e+03  4.75844e-03
 5.96007e+03  4.76238e-03
 5.96033e+03  4.59331e-03
 5.96059e+03  4.98399e-03
 5.96085e+03  4.83272e-03
 5.96111e+03  4.75091e-03
 5.96137e+03  4.55987e-03
 5.96163e+03  4.68912e-03
 5.96189e+03  4.64362e-03
 5.96215e+03  4.67393e-03
 5.96241e+03  4.59149e-03
 5.96267e+03  4.45815e-03
 5.96293e+03  4.80996e-03
 5.96319e+03  4.56752e-03
 5.96346e+03  4.74311e-03
 5.96372e+03  4.71248e-03
 5.96398e+03  4.39317e-03
 5.96424e+03  4.43503e-03
 5.96450e+03  4.26235e-03
 5.96476e+03  4.34875e-03
 5.96502e+03  4.42196e-03
 5.96528e+03  4.43653e-03
 5.96554e+03  4.66227e-03
 5.96580e+03  4.20592e-03
 5.96606e+03  4.42727e-03
 5.96632e+03  4.34345e-03
 5.96658e+03  4.21946e-03
 5.96684e+03  4.18990e-03
 5.96711e+03  4.04795e-03
 5.96737e+03  4.22813e-03
 5.96763e+03  4.18723e-03
 5.96789e+03  4.13492e-03
 5.96815e+03  4.00604e-03
 5.96841e+03  4.09844e-03
 5.96867e+03  4.03385e-03
 5.96893e+03  4.00318e-03
 5.96919e+03  3.82798e-03
 5.96945e+03  4.01700e-03
 5.96971e+03  4.11215e-03
 5.96997e+03  4.02193e-03
 5.97023e+03  3.98229e-03
 5.97049e+03  3.84703e-03
 5.97076e+03  4.03778e-03
 5.97102e+03  3.90009e-03
 5.97128e+03  3.79318e-03
 5.97154e+03  3.85685e-03
 5.97180e+03  3.95540e-03
 5.97206e+03  3.79567e-03
 5.97232e+03  3.69522e-03
 5.97258e+03  3.72022e-03
 5.97284e+03  3.53178e-03
 5.97310e+03  3.59850e-03
 5.97336e+03  3.65930e-03
 5.97362e+03  3.59974e-03
 5.97388e+03  3.60747e-03
 5.97414e+03  3.62849e-03
 5.97441e+03  3.61260e-03
 5.97467e+03  3.61831e-03
 5.97493e+03  3.37808e-03
 5.97519e+03  3.61665e-03
 5.97545e+03  3.37005e-03
 5.97571e+03  3.39085e-03
 5.97597e+03  3.47144e-03
 5.97623e+03  3.39153e-03
 5.97649e+03  3.54566e-03
 5.97675e+03  3.44645e-03
 5.97701e+03  3.43024e-03
 5.97727e+03  3.45633e-03
 5.97753e+03  3.44521e-03
 5.97779e+03  3.48184e-03
 5.97805e+03  3.42614e-03
 5.97832e+03  3.24246e-03
 5.97858e+03  3.37857e-03
 5.97884e+03  3.14703e-03
 5.97910e+03  3.23520e-03
 5.97936e+03  3.23461e-03
 5.97962e+03  3.25603e-03
 5.97988e+03  3.04484e-03
 5.98014e+03  3.39457e-03
 5.98040e+03  3.06901e-03
 5.98066e+03  3.12657e-03
 5.98092e+03  3.07764e-03
 5.98118e+03  3.05588e-03
 5.98144e+03  3.11734e-03
 5.98170e+03  3.10325e-03
 5.98197e+03  3.25802e-03
 5.98223e+03  3.16721e-03
 5.98249e+03  3.04495e-03
 5.98275e+03  3.05590e-03
 5.98301e+03  3.02093e-03
 5.98327e+03  2.99786e-03
 5.98353e+03  2.96974e-03
 5.98379e+03  3.00366e-03
 5.98405e+03  2.91940e-03
 5.98431e+03  2.98636e-03
 5.98457e+03  2.94185e-03
 5.98483e+03  3.13752e-03
 5.98509e+03  2.83276e-03
 5.98535e+03  2.92317e-03
 5.98562e+03  2.75383e-03
 5.98588e+03  2.92422e-03
 5.98614e+03  2.76509e-03
 5.98640e+03  2.84902e-03
 5.98666e+03  2.82220e-03
 5.98692e+03  2.78991e-03
 5.98718e+03  2.87341e-03
 5.98744e+03  2.79592e-03
 5.98770e+03  2.86878e-03
 5.98796e+03  2.93419e-03
 5.98822e+03  2.78283e-03
 5.98848e+03  2.67775e-03
 5.98874e+03  2.62300e-03
 5.98900e+03  2.63474e-03
 5.98927e+03  2.68748e-03
 5.98953e+03  2.73442e-03
 5.98979e+03  2.63889e-03
 5.99005e+03  2.83320e-03
 5.99031e+03  2.72640e-03
 5.99057e+03  2.72466e-03
 5.99083e+03  2.53180e-03
 5.99109e+03  2.67818e-03
 5.99135e+03  2.61931e-03
 5.99161e+03  2.51655e-03
 5.99187e+03  2.56186e-03
 5.99213e+03  2.44895e-03
 5.99239e+03  2.58837e-03
 5.99265e+03  2.50971e-03
 5.99292e+03  2.58043e-03
 5.99318e+03  2.42598e-03
 5.99344e+03  2.46074e-03
 5.99370e+03  2.55698e-03
 5.99396e+03  2.29991e-03
 5.99422e+03  2.37149e-03
 5.99448e+03  2.52657e-03
 5.99474e+03  2.45607e-03
 5.99500e+03  2.51810e-03
 5.99526e+03  2.48289e-03
 5.99552e+03  2.28837e-03
 5.99578e+03  2.32365e-03
 5.99604e+03  2.53543e-03
 5.99630e+03  2.37903e-03
 5.99656e+03  2.31839e-03
 5.99683e+03  2.30827e-03
 5.99709e+03  2.31926e-03
 5.99735e+03  2.28746e-03
 5.99761e+03  2.30627e-03
 5.99787e+03  2.44202e-03
 5.99813e+03  2.34083e-03
 5.99839e+03  2.32166e-03
 5.99865e+03  2.46979e-03
 5.99891e+03  2.32319e-03
 5.99917e+03  2.26043e-03
 5.99943e+03  2.26778e-03
 5.99969e+03  2.17062e-03
 5.99995e+03  2.20770e-03
 6.00021e+03  2.32163e-03
