 4.15012e+03  6.81126e-03
 4.15038e+03  4.19681e-03
 4.15064e+03 -9.12287e-04
 4.15090e+03  1.09043e-03
 4.15115e+03  1.47575e-03
 4.15141e+03 -1.24687e-03
 4.15167e+03 -1.57228e-03
 4.15193e+03  2.95897e-03
 4.15219e+03  2.84195e-03
 4.15245e+03  2.87120e-03
 4.15271e+03  1.39650e-03
 4.15296e+03  4.79688e-03
 4.15322e+03  2.45834e-03
 4.15348e+03 -1.43287e-03
 4.15374e+03  4.46849e-03
 4.15400e+03  1.15784e-03
 4.15426e+03 -1.00149e-04
 4.15452e+03  2.94310e-03
 4.15477e+03  9.04460e-04
 4.15503e+03  1.45883e-03
 4.15529e+03  4.19339e-03
 4.15555e+03  3.39135e-03
 4.15581e+03  1.35324e-03
 4.15607e+03  4.91024e-03
 4.15633e+03  7.43334e-04
 4.15658e+03 -3.56268e-03
 4.15684e+03  5.71430e-03
 4.15710e+03  2.16387e-03
 4.15736e+03  3.06566e-03
 4.15762e+03 -1.79291e-04
 4.15788e+03  4.01765e-04
 4.15814e+03  1.82325e-03
 4.15840e+03 -8.86085e-04
 4.15865e+03  2.61571e-03
 4.15891e+03 -5.71677e-03
 4.15917e+03 -1.13430e-04
 4.15943e+03  1.65222e-03
 4.15969e+03  2.27309e-03
 4.15995e+03  2.84330e-03
 4.16021e+03  7.15989e-04
 4.16046e+03  2.47286e-04
 4.16072e+03  1.40924e-03
 4.16098e+03  5.70425e-03
 4.16124e+03 -2.25404e-03
 4.16150e+03  4.42953e-04
 4.16176e+03  5.72461e-03
 4.16202e+03 -6.64016e-05
 4.16227e+03  1.96759e-03
 4.16253e+03  1.21699e-03
 4.16279e+03 -7.07067e-04
 4.16305e+03  2.11477e-03
 4.16331e+03  9.68534e-04
 4.16357e+03 -9.04596e-04
 4.16383e+03  5.46325e-03
 4.16408e+03 -5.22459e-06
 4.16434e+03 -7.84756e-04
 4.16460e+03  6.91584e-04
 4.16486e+03  2.88311e-04
 4.16512e+03  2.59341e-03
 4.16538e+03  2.80273e-03
 4.16564e+03  1.46794e-04
 4.16589e+03  1.06045e-03
 4.16615e+03 -1.14093e-03
 4.16641e+03  2.72383e-03
 4.16667e+03  1.67497e-03
 4.16693e+03  2.31389e-03
 4.16719e+03  1.82949e-03
 4.16745e+03  2.26057e-03
 4.16770e+03 -1.98375e-03
 4.16796e+03 -4.46605e-04
 4.16822e+03  2.47253e-03
 4.16848e+03  2.25508e-03
 4.16874e+03 -1.72638e-03
 4.16900e+03  6.27344e-03
 4.16926e+03  4.70731e-03
 4.16952e+03  2.85018e-03
 4.16977e+03  1.80106e-03
 4.17003e+03  9.53994e-04
 4.17029e+03  6.49204e-03
 4.17055e+03  1.90133e-04
 4.17081e+03 -1.68922e-03
 4.17107e+03 -1.23978e-03
 4.17133e+03  5.58428e-03
 4.17158e+03  2.02141e-03
 4.17184e+03 -1.70066e-04
 4.17210e+03 -1.03542e-03
 4.17236e+03  1.41525e-03
 4.17262e+03  1.09329e-03
 4.17288e+03  5.50068e-03
 4.17314e+03  2.75590e-03
 4.17339e+03  2.57573e-03
 4.17365e+03 -2.58363e-03
 4.17391e+03  5.35145e-03
 4.17417e+03 -1.34559e-03
 4.17443e+03  7.09227e-04
 4.17469e+03  9.20255e-03
 4.17495e+03  5.98678e-04
 4.17520e+03 -2.77767e-03
 4.17546e+03  2.33743e-03
 4.17572e+03  1.10889e-02
 4.17598e+03  2.85140e-03
 4.17624e+03  2.40129e-03
 4.17650e+03  3.69488e-03
 4.17676e+03  1.43540e-03
 4.17701e+03  7.93769e-03
 4.17727e+03  1.16439e-03
 4.17753e+03  5.45131e-03
 4.17779e+03  4.14603e-03
 4.17805e+03  2.11239e-03
 4.17831e+03  1.74082e-03
 4.17857e+03 -9.95348e-04
 4.17882e+03  4.00252e-03
 4.17908e+03  3.18954e-03
 4.17934e+03  8.06855e-04
 4.17960e+03  2.85502e-03
 4.17986e+03 -1.70332e-03
 4.18012e+03 -1.67656e-04
 4.18038e+03 -1.16499e-03
 4.18063e+03  2.93394e-03
 4.18089e+03  3.62138e-03
 4.18115e+03  3.53070e-03
 4.18141e+03  2.38064e-03
 4.18167e+03  2.82309e-03
 4.18193e+03  1.86553e-03
 4.18219e+03  3.51931e-03
 4.18244e+03  7.45276e-04
 4.18270e+03  1.47871e-03
 4.18296e+03  4.08233e-03
 4.18322e+03  5.28925e-04
 4.18348e+03  4.57631e-03
 4.18374e+03  4.58505e-03
 4.18400e+03  2.43379e-03
 4.18426e+03  2.08741e-03
 4.18451e+03  2.92953e-03
 4.18477e+03  2.25669e-03
 4.18503e+03  6.34141e-03
 4.18529e+03  2.86983e-03
 4.18555e+03  1.56237e-03
 4.18581e+03  1.66518e-03
 4.18607e+03  3.14641e-03
 4.18632e+03  4.26208e-03
 4.18658e+03  2.04643e-03
 4.18684e+03  3.18909e-03
 4.18710e+03  4.60801e-03
 4.18736e+03 -5.05315e-04
 4.18762e+03  2.94225e-03
 4.18788e+03  7.77708e-04
 4.18813e+03  2.02265e-03
 4.18839e+03  3.62899e-03
 4.18865e+03  6.37970e-03
 4.18891e+03  3.80800e-03
 4.18917e+03  5.29809e-03
 4.18943e+03  9.73352e-04
 4.18969e+03  1.79782e-03
 4.18994e+03  5.49218e-03
 4.19020e+03  4.04006e-03
 4.19046e+03  2.78885e-03
 4.19072e+03  4.54121e-03
 4.19098e+03  2.89219e-03
 4.19124e+03  2.22024e-03
 4.19150e+03  2.65797e-03
 4.19175e+03  2.66463e-04
 4.19201e+03  4.07235e-03
 4.19227e+03  4.64653e-03
 4.19253e+03 -2.74727e-04
 4.19279e+03  4.25246e-03
 4.19305e+03  3.64091e-03
 4.19331e+03  3.49496e-03
 4.19356e+03  4.79169e-03
 4.19382e+03  9.27594e-03
 4.19408e+03  5.92677e-03
 4.19434e+03  2.27386e-03
 4.19460e+03  6.30625e-03
 4.19486e+03  4.39205e-03
 4.19512e+03  6.07606e-03
 4.19538e+03  1.44861e-03
 4.19563e+03  1.63535e-03
 4.19589e+03  6.59929e-03
 4.19615e+03  1.21726e-03
 4.19641e+03  7.91391e-03
 4.19667e+03 -6.63007e-04
 4.19693e+03  4.91407e-03
 4.19719e+03  3.95163e-03
 4.19744e+03  2.94591e-03
 4.19770e+03  6.60004e-03
 4.19796e+03  2.54870e-03
 4.19822e+03  6.21734e-03
 4.19848e+03  7.16491e-03
 4.19874e+03  4.16637e-03
 4.19900e+03  3.85333e-03
 4.19925e+03  1.90081e-03
 4.19951e+03  3.21701e-03
 4.19977e+03  9.55556e-03
 4.20003e+03  6.14410e-03
 4.20029e+03  5.90895e-03
 4.20055e+03  8.55835e-03
 4.20081e+03  4.74772e-03
 4.20106e+03  7.61926e-03
 4.20132e+03  2.51442e-03
 4.20158e+03  7.94595e-03
 4.20184e+03  7.29352e-03
 4.20210e+03  7.09698e-03
 4.20236e+03  5.64706e-03
 4.20262e+03  2.94528e-03
 4.20287e+03  4.53692e-03
 4.20313e+03  5.44244e-03
 4.20339e+03  2.81778e-03
 4.20365e+03  7.49648e-03
 4.20391e+03  3.78231e-03
 4.20417e+03  1.03755e-02
 4.20443e+03  5.99576e-03
 4.20468e+03  7.70039e-03
 4.20494e+03  6.73590e-03
 4.20520e+03  6.96141e-03
 4.20546e+03  6.82129e-03
 4.20572e+03  2.69832e-03
 4.20598e+03  4.09915e-03
 4.20624e+03  6.09824e-03
 4.20649e+03  8.01376e-03
 4.20675e+03  5.92945e-03
 4.20701e+03  8.94590e-03
 4.20727e+03  8.91536e-03
 4.20753e+03  6.66849e-03
 4.20779e+03  7.24519e-03
 4.20805e+03  6.63673e-03
 4.20831e+03  6.87486e-03
 4.20856e+03  7.74732e-03
 4.20882e+03  8.88885e-03
 4.20908e+03  3.34791e-03
 4.20934e+03  1.01353e-02
 4.20960e+03  7.20914e-03
 4.20986e+03  8.36652e-03
 4.21012e+03  6.16080e-03
 4.21037e+03  6.76796e-03
 4.21063e+03  7.61266e-03
 4.21089e+03  6.63147e-03
 4.21115e+03  2.99135e-03
 4.21141e+03  7.63775e-03
 4.21167e+03  8.54876e-03
 4.21193e+03  7.90769e-03
 4.21218e+03  1.10535e-02
 4.21244e+03  1.13468e-02
 4.21270e+03  9.03202e-03
 4.21296e+03  9.31321e-03
 4.21322e+03  1.04307e-02
 4.21348e+03  9.18153e-03
 4.21374e+03  1.07716e-02
 4.21399e+03  1.05667e-02
 4.21425e+03  9.58145e-03
 4.21451e+03  9.75107e-03
 4.21477e+03  4.96156e-03
 4.21503e+03  1.12946e-02
 4.21529e+03  9.47131e-03
 4.21555e+03  9.22871e-03
 4.21580e+03  1.00961e-02
 4.21606e+03  1.06347e-02
 4.21632e+03  8.50601e-03
 4.21658e+03  7.64057e-03
 4.21684e+03  1.55284e-02
 4.21710e+03  1.11499e-02
 4.21736e+03  6.59544e-03
 4.21761e+03  8.96702e-03
 4.21787e+03  1.07351e-02
 4.21813e+03  7.98778e-03
 4.21839e+03  9.65539e-03
 4.21865e+03  1.18306e-02
 4.21891e+03  1.23194e-02
 4.21917e+03  1.23143e-02
 4.21942e+03  1.16603e-02
 4.21968e+03  9.78449e-03
 4.21994e+03  8.08327e-03
 4.22020e+03  1.46083e-02
 4.22046e+03  1.12769e-02
 4.22072e+03  1.47539e-02
 4.22098e+03  1.25072e-02
 4.22123e+03  1.37192e-02
 4.22149e+03  1.05091e-02
 4.22175e+03  1.14704e-02
 4.22201e+03  1.60286e-02
 4.22227e+03  1.27398e-02
 4.22253e+03  1.56872e-02
 4.22279e+03  1.21238e-02
 4.22305e+03  1.54577e-02
 4.22330e+03  1.51591e-02
 4.22356e+03  1.38760e-02
 4.22382e+03  1.59453e-02
 4.22408e+03  1.35812e-02
 4.22434e+03  1.29371e-02
 4.22460e+03  1.45208e-02
 4.22486e+03  1.58215e-02
 4.22511e+03  1.46646e-02
 4.22537e+03  1.82081e-02
 4.22563e+03  1.54047e-02
 4.22589e+03  1.50008e-02
 4.22615e+03  1.68531e-02
 4.22641e+03  1.47189e-02
 4.22667e+03  1.52783e-02
 4.22692e+03  1.66409e-02
 4.22718e+03  1.77724e-02
 4.22744e+03  1.28072e-02
 4.22770e+03  1.58473e-02
 4.22796e+03  1.67057e-02
 4.22822e+03  1.81485e-02
 4.22848e+03  1.61930e-02
 4.22873e+03  1.82139e-02
 4.22899e+03  2.09655e-02
 4.22925e+03  1.76263e-02
 4.22951e+03  1.80804e-02
 4.22977e+03  1.86602e-02
 4.23003e+03  2.09242e-02
 4.23029e+03  2.36990e-02
 4.23054e+03  2.24651e-02
 4.23080e+03  2.19497e-02
 4.23106e+03  2.16769e-02
 4.23132e+03  2.15150e-02
 4.23158e+03  2.55278e-02
 4.23184e+03  2.27724e-02
 4.23210e+03  1.97768e-02
 4.23235e+03  1.97628e-02
 4.23261e+03  1.96211e-02
 4.23287e+03  2.00868e-02
 4.23313e+03  1.96535e-02
 4.23339e+03  2.21928e-02
 4.23365e+03  2.40195e-02
 4.23391e+03  2.38982e-02
 4.23417e+03  2.24946e-02
 4.23442e+03  2.78590e-02
 4.23468e+03  2.11659e-02
 4.23494e+03  2.49742e-02
 4.23520e+03  2.64519e-02
 4.23546e+03  2.49902e-02
 4.23572e+03  2.27278e-02
 4.23598e+03  2.46342e-02
 4.23623e+03  3.04816e-02
 4.23649e+03  3.11045e-02
 4.23675e+03  3.08777e-02
 4.23701e+03  2.71193e-02
 4.23727e+03  2.81886e-02
 4.23753e+03  2.27771e-02
 4.23779e+03  3.31737e-02
 4.23804e+03  3.02083e-02
 4.23830e+03  3.11661e-02
 4.23856e+03  2.82843e-02
 4.23882e+03  3.11384e-02
 4.23908e+03  3.17331e-02
 4.23934e+03  3.04492e-02
 4.23960e+03  3.37909e-02
 4.23985e+03  3.69231e-02
 4.24011e+03  3.54163e-02
 4.24037e+03  3.92353e-02
 4.24063e+03  3.86064e-02
 4.24089e+03  3.80027e-02
 4.24115e+03  3.67070e-02
 4.24141e+03  3.56194e-02
 4.24166e+03  3.80168e-02
 4.24192e+03  3.63783e-02
 4.24218e+03  3.95926e-02
 4.24244e+03  3.92036e-02
 4.24270e+03  4.02455e-02
 4.24296e+03  4.30175e-02
 4.24322e+03  4.21176e-02
 4.24347e+03  4.32216e-02
 4.24373e+03  4.11611e-02
 4.24399e+03  4.23239e-02
 4.24425e+03  4.47547e-02
 4.24451e+03  4.74209e-02
 4.24477e+03  4.47462e-02
 4.24503e+03  4.57954e-02
 4.24528e+03  4.83524e-02
 4.24554e+03  4.62797e-02
 4.24580e+03  4.96295e-02
 4.24606e+03  4.73756e-02
 4.24632e+03  5.24878e-02
 4.24658e+03  5.56727e-02
 4.24684e+03  4.92577e-02
 4.24710e+03  5.63289e-02
 4.24735e+03  5.44300e-02
 4.24761e+03  5.07789e-02
 4.24787e+03  5.67869e-02
 4.24813e+03  6.00276e-02
 4.24839e+03  5.99715e-02
 4.24865e+03  5.76252e-02
 4.24891e+03  6.03008e-02
 4.24916e+03  6.40708e-02
 4.24942e+03  6.21558e-02
 4.24968e+03  6.40526e-02
 4.24994e+03  6.55631e-02
 4.25020e+03  6.44502e-02
 4.25046e+03  7.07999e-02
 4.25072e+03  6.73239e-02
 4.25097e+03  6.33341e-02
 4.25123e+03  6.78706e-02
 4.25149e+03  6.91784e-02
 4.25175e+03  7.57808e-02
 4.25201e+03  7.84302e-02
 4.25227e+03  7.96200e-02
 4.25253e+03  7.76430e-02
 4.25278e+03  8.12681e-02
 4.25304e+03  7.82122e-02
 4.25330e+03  8.07885e-02
 4.25356e+03  8.64722e-02
 4.25382e+03  8.41904e-02
 4.25408e+03  8.32825e-02
 4.25434e+03  8.52718e-02
 4.25459e+03  9.73883e-02
 4.25485e+03  9.04761e-02
 4.25511e+03  8.44691e-02
 4.25537e+03  9.72270e-02
 4.25563e+03  9.45975e-02
 4.25589e+03  9.85895e-02
 4.25615e+03  1.01077e-01
 4.25640e+03  1.02959e-01
 4.25666e+03  1.07503e-01
 4.25692e+03  1.09862e-01
 4.25718e+03  1.07559e-01
 4.25744e+03  1.11720e-01
 4.25770e+03  1.15720e-01
 4.25796e+03  1.12351e-01
 4.25821e+03  1.21683e-01
 4.25847e+03  1.16583e-01
 4.25873e+03  1.19573e-01
 4.25899e+03  1.25986e-01
 4.25925e+03  1.25527e-01
 4.25951e+03  1.29186e-01
 4.25977e+03  1.29634e-01
 4.26002e+03  1.34669e-01
 4.26028e+03  1.37465e-01
 4.26054e+03  1.32950e-01
 4.26080e+03  1.42065e-01
 4.26106e+03  1.37247e-01
 4.26132e+03  1.45609e-01
 4.26158e+03  1.44021e-01
 4.26183e+03  1.45905e-01
 4.26209e+03  1.53354e-01
 4.26235e+03  1.59454e-01
 4.26261e+03  1.57900e-01
 4.26287e+03  1.60714e-01
 4.26313e+03  1.63187e-01
 4.26339e+03  1.62733e-01
 4.26365e+03  1.73505e-01
 4.26390e+03  1.73092e-01
 4.26416e+03  1.70242e-01
 4.26442e+03  1.82604e-01
 4.26468e+03  1.78427e-01
 4.26494e+03  1.83003e-01
 4.26520e+03  1.89626e-01
 4.26546e+03  1.94466e-01
 4.26571e+03  1.94416e-01
 4.26597e+03  1.95517e-01
 4.26623e+03  2.02577e-01
 4.26649e+03  2.12662e-01
 4.26675e+03  2.11991e-01
 4.26701e+03  2.13631e-01
 4.26727e+03  2.16824e-01
 4.26752e+03  2.19502e-01
 4.26778e+03  2.19039e-01
 4.26804e+03  2.24935e-01
 4.26830e+03  2.29252e-01
 4.26856e+03  2.35058e-01
 4.26882e+03  2.34951e-01
 4.26908e+03  2.37465e-01
 4.26933e+03  2.37596e-01
 4.26959e+03  2.50060e-01
 4.26985e+03  2.49487e-01
 4.27011e+03  2.53681e-01
 4.27037e+03  2.58333e-01
 4.27063e+03  2.62741e-01
 4.27089e+03  2.67129e-01
 4.27115e+03  2.70596e-01
 4.27140e+03  2.76581e-01
 4.27166e+03  2.71387e-01
 4.27192e+03  2.80626e-01
 4.27218e+03  2.87009e-01
 4.27244e+03  2.78241e-01
 4.27270e+03  2.93542e-01
 4.27296e+03  2.99774e-01
 4.27321e+03  3.04175e-01
 4.27347e+03  3.07615e-01
 4.27373e+03  3.07306e-01
 4.27399e+03  3.11741e-01
 4.27425e+03  3.14005e-01
 4.27451e+03  3.22265e-01
 4.27477e+03  3.19460e-01
 4.27502e+03  3.25596e-01
 4.27528e+03  3.20485e-01
 4.27554e+03  3.28973e-01
 4.27580e+03  3.30244e-01
 4.27606e+03  3.39145e-01
 4.27632e+03  3.44698e-01
 4.27658e+03  3.44056e-01
 4.27683e+03  3.49265e-01
 4.27709e+03  3.64404e-01
 4.27735e+03  3.54181e-01
 4.27761e+03  3.68078e-01
 4.27787e+03  3.74077e-01
 4.27813e+03  3.79449e-01
 4.27839e+03  3.71424e-01
 4.27864e+03  3.66975e-01
 4.27890e+03  3.87613e-01
 4.27916e+03  3.89195e-01
 4.27942e+03  3.91926e-01
 4.27968e+03  3.94818e-01
 4.27994e+03  3.98932e-01
 4.28020e+03  3.97621e-01
 4.28045e+03  4.01119e-01
 4.28071e+03  4.18909e-01
 4.28097e+03  4.23751e-01
 4.28123e+03  4.11379e-01
 4.28149e+03  4.22908e-01
 4.28175e+03  4.08416e-01
 4.28201e+03  4.14325e-01
 4.28226e+03  4.25220e-01
 4.28252e+03  4.40843e-01
 4.28278e+03  4.35244e-01
 4.28304e+03  4.32191e-01
 4.28330e+03  4.25101e-01
 4.28356e+03  4.39120e-01
 4.28382e+03  4.41165e-01
 4.28407e+03  4.47864e-01
 4.28433e+03  4.43402e-01
 4.28459e+03  4.50833e-01
 4.28485e+03  4.46499e-01
 4.28511e+03  4.53146e-01
 4.28537e+03  4.56685e-01
 4.28563e+03  4.65579e-01
 4.28588e+03  4.64116e-01
 4.28614e+03  4.65363e-01
 4.28640e+03  4.49759e-01
 4.28666e+03  4.66844e-01
 4.28692e+03  4.78354e-01
 4.28718e+03  4.88085e-01
 4.28744e+03  4.78227e-01
 4.28770e+03  4.84463e-01
 4.28795e+03  4.68419e-01
 4.28821e+03  4.82801e-01
 4.28847e+03  4.78161e-01
 4.28873e+03  4.96579e-01
 4.28899e+03  4.90042e-01
 4.28925e+03  4.92239e-01
 4.28951e+03  4.90243e-01
 4.28976e+03  4.92691e-01
 4.29002e+03  5.01828e-01
 4.29028e+03  4.98900e-01
 4.29054e+03  5.03201e-01
 4.29080e+03  5.04613e-01
 4.29106e+03  4.96919e-01
 4.29132e+03  5.09015e-01
 4.29157e+03  5.19133e-01
 4.29183e+03  5.07340e-01
 4.29209e+03  5.05081e-01
 4.29235e+03  5.15167e-01
 4.29261e+03  5.09325e-01
 4.29287e+03  5.06338e-01
 4.29313e+03  5.04195e-01
 4.29338e+03  5.12315e-01
 4.29364e+03  5.14408e-01
 4.29390e+03  5.22319e-01
 4.29416e+03  5.17077e-01
 4.29442e+03  5.23512e-01
 4.29468e+03  5.20606e-01
 4.29494e+03  5.17964e-01
 4.29519e+03  5.15492e-01
 4.29545e+03  5.16791e-01
 4.29571e+03  5.22595e-01
 4.29597e+03  5.25549e-01
 4.29623e+03  5.17270e-01
 4.29649e+03  5.26608e-01
 4.29675e+03  5.20151e-01
 4.29700e+03  5.13395e-01
 4.29726e+03  5.22712e-01
 4.29752e+03  5.29426e-01
 4.29778e+03  5.31035e-01
 4.29804e+03  5.33438e-01
 4.29830e+03  5.29686e-01
 4.29856e+03  5.24689e-01
 4.29881e+03  5.31477e-01
 4.29907e+03  5.31151e-01
 4.29933e+03  5.31130e-01
 4.29959e+03  5.28303e-01
 4.29985e+03  5.26851e-01
 4.30011e+03  5.42555e-01
 4.30037e+03  5.25042e-01
 4.30062e+03  5.44230e-01
 4.30088e+03  5.34903e-01
 4.30114e+03  5.41618e-01
 4.30140e+03  5.29758e-01
 4.30166e+03  5.41432e-01
 4.30192e+03  5.36467e-01
 4.30218e+03  5.43049e-01
 4.30244e+03  5.39520e-01
 4.30269e+03  5.35795e-01
 4.30295e+03  5.45599e-01
 4.30321e+03  5.27555e-01
 4.30347e+03  5.40190e-01
 4.30373e+03  5.37041e-01
 4.30399e+03  5.42333e-01
 4.30425e+03  5.40992e-01
 4.30450e+03  5.35827e-01
 4.30476e+03  5.34065e-01
 4.30502e+03  5.44531e-01
 4.30528e+03  5.28617e-01
 4.30554e+03  5.47467e-01
 4.30580e+03  5.30845e-01
 4.30606e+03  5.42156e-01
 4.30631e+03  5.39746e-01
 4.30657e+03  5.42413e-01
 4.30683e+03  5.21806e-01
 4.30709e+03  5.29931e-01
 4.30735e+03  5.41102e-01
 4.30761e+03  5.43797e-01
 4.30787e+03  5.44484e-01
 4.30812e+03  5.39872e-01
 4.30838e+03  5.36124e-01
 4.30864e+03  5.45644e-01
 4.30890e+03  5.34518e-01
 4.30916e+03  5.45454e-01
 4.30942e+03  5.35790e-01
 4.30968e+03  5.38315e-01
 4.30993e+03  5.40956e-01
 4.31019e+03  5.37311e-01
 4.31045e+03  5.46336e-01
 4.31071e+03  5.45900e-01
 4.31097e+03  5.37762e-01
 4.31123e+03  5.32949e-01
 4.31149e+03  5.48325e-01
 4.31175e+03  5.42061e-01
 4.31200e+03  5.37374e-01
 4.31226e+03  5.40129e-01
 4.31252e+03  5.35089e-01
 4.31278e+03  5.37308e-01
 4.31304e+03  5.36973e-01
 4.31330e+03  5.32258e-01
 4.31356e+03  5.38661e-01
 4.31381e+03  5.32294e-01
 4.31407e+03  5.37705e-01
 4.31433e+03  5.45935e-01
 4.31459e+03  5.44660e-01
 4.31485e+03  5.29923e-01
 4.31511e+03  5.43368e-01
 4.31537e+03  5.32697e-01
 4.31562e+03  5.48525e-01
 4.31588e+03  5.28548e-01
 4.31614e+03  5.40733e-01
 4.31640e+03  5.42293e-01
 4.31666e+03  5.30439e-01
 4.31692e+03  5.43579e-01
 4.31718e+03  5.40280e-01
 4.31743e+03  5.34667e-01
 4.31769e+03  5.31882e-01
 4.31795e+03  5.24778e-01
 4.31821e+03  5.29555e-01
 4.31847e+03  5.30418e-01
 4.31873e+03  5.28176e-01
 4.31899e+03  5.37336e-01
 4.31924e+03  5.41195e-01
 4.31950e+03  5.28104e-01
 4.31976e+03  5.31096e-01
 4.32002e+03  5.26371e-01
 4.32028e+03  5.35050e-01
 4.32054e+03  5.22155e-01
 4.32080e+03  5.30090e-01
 4.32105e+03  5.27984e-01
 4.32131e+03  5.20315e-01
 4.32157e+03  5.35966e-01
 4.32183e+03  5.22728e-01
 4.32209e+03  5.25478e-01
 4.32235e+03  5.21228e-01
 4.32261e+03  5.20036e-01
 4.32286e+03  5.17744e-01
 4.32312e+03  5.16572e-01
 4.32338e+03  5.25552e-01
 4.32364e+03  5.20745e-01
 4.32390e+03  5.26338e-01
 4.32416e+03  5.26068e-01
 4.32442e+03  5.31735e-01
 4.32467e+03  5.15025e-01
 4.32493e+03  5.22064e-01
 4.32519e+03  5.19082e-01
 4.32545e+03  5.19224e-01
 4.32571e+03  5.04823e-01
 4.32597e+03  5.11618e-01
 4.32623e+03  5.01054e-01
 4.32649e+03  4.96675e-01
 4.32674e+03  5.12212e-01
 4.32700e+03  5.01748e-01
 4.32726e+03  5.16113e-01
 4.32752e+03  5.17649e-01
 4.32778e+03  5.11100e-01
 4.32804e+03  5.08262e-01
 4.32830e+03  5.14347e-01
 4.32855e+03  5.03124e-01
 4.32881e+03  5.14930e-01
 4.32907e+03  5.00138e-01
 4.32933e+03  5.15393e-01
 4.32959e+03  5.01215e-01
 4.32985e+03  4.99323e-01
 4.33011e+03  4.91682e-01
 4.33036e+03  4.97198e-01
 4.33062e+03  5.03813e-01
 4.33088e+03  4.94944e-01
 4.33114e+03  4.94056e-01
 4.33140e+03  5.01389e-01
 4.33166e+03  4.87673e-01
 4.33192e+03  4.95426e-01
 4.33217e+03  4.89719e-01
 4.33243e+03  4.83056e-01
 4.33269e+03  4.84109e-01
 4.33295e+03  4.85463e-01
 4.33321e+03  4.83546e-01
 4.33347e+03  4.92064e-01
 4.33373e+03  4.94823e-01
 4.33398e+03  4.84061e-01
 4.33424e+03  4.78611e-01
 4.33450e+03  4.78672e-01
 4.33476e+03  4.80007e-01
 4.33502e+03  4.81755e-01
 4.33528e+03  4.82756e-01
 4.33554e+03  4.80361e-01
 4.33579e+03  4.92353e-01
 4.33605e+03  4.69437e-01
 4.33631e+03  4.73741e-01
 4.33657e+03  4.76610e-01
 4.33683e+03  4.78242e-01
 4.33709e+03  4.77570e-01
 4.33735e+03  4.66403e-01
 4.33760e+03  4.75945e-01
 4.33786e+03  4.67501e-01
 4.33812e+03  4.74391e-01
 4.33838e+03  4.71741e-01
 4.33864e+03  4.61219e-01
 4.33890e+03  4.64209e-01
 4.33916e+03  4.64092e-01
 4.33942e+03  4.70196e-01
 4.33967e+03  4.58604e-01
 4.33993e+03  4.67925e-01
 4.34019e+03  4.59861e-01
 4.34045e+03  4.58639e-01
 4.34071e+03  4.65537e-01
 4.34097e+03  4.54703e-01
 4.34123e+03  4.58312e-01
 4.34148e+03  4.67515e-01
 4.34174e+03  4.64210e-01
 4.34200e+03  4.56558e-01
 4.34226e+03  4.61387e-01
 4.34252e+03  4.56293e-01
 4.34278e+03  4.57939e-01
 4.34304e+03  4.59473e-01
 4.34329e+03  4.55425e-01
 4.34355e+03  4.52245e-01
 4.34381e+03  4.49498e-01
 4.34407e+03  4.53341e-01
 4.34433e+03  4.49660e-01
 4.34459e+03  4.57408e-01
 4.34485e+03  4.49228e-01
 4.34510e+03  4.48113e-01
 4.34536e+03  4.50520e-01
 4.34562e+03  4.48313e-01
 4.34588e+03  4.55046e-01
 4.34614e+03  4.47715e-01
 4.34640e+03  4.47434e-01
 4.34666e+03  4.49909e-01
 4.34691e+03  4.51561e-01
 4.34717e+03  4.45233e-01
 4.34743e+03  4.34479e-01
 4.34769e+03  4.44347e-01
 4.34795e+03  4.45280e-01
 4.34821e+03  4.40616e-01
 4.34847e+03  4.54865e-01
 4.34872e+03  4.42427e-01
 4.34898e+03  4.36331e-01
 4.34924e+03  4.44763e-01
 4.34950e+03  4.42823e-01
 4.34976e+03  4.38812e-01
 4.35002e+03  4.42327e-01
 4.35028e+03  4.49389e-01
 4.35054e+03  4.42356e-01
 4.35079e+03  4.45022e-01
 4.35105e+03  4.44044e-01
 4.35131e+03  4.33843e-01
 4.35157e+03  4.44721e-01
 4.35183e+03  4.37252e-01
 4.35209e+03  4.39632e-01
 4.35235e+03  4.41832e-01
 4.35260e+03  4.35511e-01
 4.35286e+03  4.39304e-01
 4.35312e+03  4.36723e-01
 4.35338e+03  4.41384e-01
 4.35364e+03  4.39082e-01
 4.35390e+03  4.37585e-01
 4.35416e+03  4.38446e-01
 4.35441e+03  4.36810e-01
 4.35467e+03  4.31542e-01
 4.35493e+03  4.41804e-01
 4.35519e+03  4.49317e-01
 4.35545e+03  4.39955e-01
 4.35571e+03  4.39089e-01
 4.35597e+03  4.39120e-01
 4.35622e+03  4.39764e-01
 4.35648e+03  4.41438e-01
 4.35674e+03  4.36904e-01
 4.35700e+03  4.30743e-01
 4.35726e+03  4.41873e-01
 4.35752e+03  4.40907e-01
 4.35778e+03  4.40120e-01
 4.35803e+03  4.41920e-01
 4.35829e+03  4.44575e-01
 4.35855e+03  4.38490e-01
 4.35881e+03  4.43639e-01
 4.35907e+03  4.41552e-01
 4.35933e+03  4.39663e-01
 4.35959e+03  4.37248e-01
 4.35984e+03  4.35511e-01
 4.36010e+03  4.38302e-01
 4.36036e+03  4.38046e-01
 4.36062e+03  4.45493e-01
 4.36088e+03  4.49810e-01
 4.36114e+03  4.47967e-01
 4.36140e+03  4.46903e-01
 4.36165e+03  4.43599e-01
 4.36191e+03  4.36280e-01
 4.36217e+03  4.42290e-01
 4.36243e+03  4.45012e-01
 4.36269e+03  4.49818e-01
 4.36295e+03  4.43737e-01
 4.36321e+03  4.48271e-01
 4.36346e+03  4.49417e-01
 4.36372e+03  4.52480e-01
 4.36398e+03  4.48066e-01
 4.36424e+03  4.38449e-01
 4.36450e+03  4.44717e-01
 4.36476e+03  4.52436e-01
 4.36502e+03  4.54830e-01
 4.36528e+03  4.41884e-01
 4.36553e+03  4.59579e-01
 4.36579e+03  4.50342e-01
 4.36605e+03  4.49449e-01
 4.36631e+03  4.52076e-01
 4.36657e+03  4.49690e-01
 4.36683e+03  4.49633e-01
 4.36709e+03  4.52034e-01
 4.36734e+03  4.58915e-01
 4.36760e+03  4.52236e-01
 4.36786e+03  4.58389e-01
 4.36812e+03  4.65923e-01
 4.36838e+03  4.62290e-01
 4.36864e+03  4.60195e-01
 4.36890e+03  4.56930e-01
 4.36915e+03  4.54968e-01
 4.36941e+03  4.67992e-01
 4.36967e+03  4.59446e-01
 4.36993e+03  4.62986e-01
 4.37019e+03  4.55145e-01
 4.37045e+03  4.62634e-01
 4.37071e+03  4.57965e-01
 4.37096e+03  4.57646e-01
 4.37122e+03  4.59676e-01
 4.37148e+03  4.54197e-01
 4.37174e+03  4.63910e-01
 4.37200e+03  4.61309e-01
 4.37226e+03  4.57541e-01
 4.37252e+03  4.56477e-01
 4.37277e+03  4.59640e-01
 4.37303e+03  4.55690e-01
 4.37329e+03  4.65253e-01
 4.37355e+03  4.58484e-01
 4.37381e+03  4.63688e-01
 4.37407e+03  4.65192e-01
 4.37433e+03  4.64920e-01
 4.37458e+03  4.54628e-01
 4.37484e+03  4.57833e-01
 4.37510e+03  4.59849e-01
 4.37536e+03  4.64139e-01
 4.37562e+03  4.67840e-01
 4.37588e+03  4.57485e-01
 4.37614e+03  4.52889e-01
 4.37640e+03  4.55021e-01
 4.37665e+03  4.52994e-01
 4.37691e+03  4.51073e-01
 4.37717e+03  4.56770e-01
 4.37743e+03  4.57802e-01
 4.37769e+03  4.54651e-01
 4.37795e+03  4.49712e-01
 4.37821e+03  4.49582e-01
 4.37846e+03  4.50582e-01
 4.37872e+03  4.50316e-01
 4.37898e+03  4.44368e-01
 4.37924e+03  4.34579e-01
 4.37950e+03  4.46119e-01
 4.37976e+03  4.37341e-01
 4.38002e+03  4.39473e-01
 4.38027e+03  4.36037e-01
 4.38053e+03  4.40677e-01
 4.38079e+03  4.38035e-01
 4.38105e+03  4.30938e-01
 4.38131e+03  4.29198e-01
 4.38157e+03  4.24551e-01
 4.38183e+03  4.26494e-01
 4.38208e+03  4.25513e-01
 4.38234e+03  4.24312e-01
 4.38260e+03  4.18072e-01
 4.38286e+03  4.21983e-01
 4.38312e+03  4.04734e-01
 4.38338e+03  4.08655e-01
 4.38364e+03  4.15424e-01
 4.38389e+03  4.01089e-01
 4.38415e+03  4.03254e-01
 4.38441e+03  3.98469e-01
 4.38467e+03  3.98510e-01
 4.38493e+03  3.94213e-01
 4.38519e+03  3.92270e-01
 4.38545e+03  3.80896e-01
 4.38570e+03  3.76741e-01
 4.38596e+03  3.80630e-01
 4.38622e+03  3.75652e-01
 4.38648e+03  3.67694e-01
 4.38674e+03  3.75862e-01
 4.38700e+03  3.62276e-01
 4.38726e+03  3.58981e-01
 4.38751e+03  3.61718e-01
 4.38777e+03  3.50874e-01
 4.38803e+03  3.35220e-01
 4.38829e+03  3.50160e-01
 4.38855e+03  3.48674e-01
 4.38881e+03  3.40726e-01
 4.38907e+03  3.36708e-01
 4.38933e+03  3.32014e-01
 4.38958e+03  3.28218e-01
 4.38984e+03  3.24400e-01
 4.39010e+03  3.13780e-01
 4.39036e+03  3.13800e-01
 4.39062e+03  3.14325e-01
 4.39088e+03  3.09066e-01
 4.39114e+03  3.05746e-01
 4.39139e+03  3.03121e-01
 4.39165e+03  2.93901e-01
 4.39191e+03  2.85686e-01
 4.39217e+03  2.84360e-01
 4.39243e+03  2.80373e-01
 4.39269e+03  2.78868e-01
 4.39295e+03  2.70743e-01
 4.39320e+03  2.72922e-01
 4.39346e+03  2.58719e-01
 4.39372e+03  2.60536e-01
 4.39398e+03  2.56380e-01
 4.39424e+03  2.55711e-01
 4.39450e+03  2.47907e-01
 4.39476e+03  2.45418e-01
 4.39501e+03  2.40097e-01
 4.39527e+03  2.36331e-01
 4.39553e+03  2.28098e-01
 4.39579e+03  2.26840e-01
 4.39605e+03  2.20334e-01
 4.39631e+03  2.18782e-01
 4.39657e+03  2.17447e-01
 4.39682e+03  2.10096e-01
 4.39708e+03  2.08383e-01
 4.39734e+03  2.08911e-01
 4.39760e+03  2.03254e-01
 4.39786e+03  1.94056e-01
 4.39812e+03  1.92667e-01
 4.39838e+03  1.96845e-01
 4.39863e+03  1.91093e-01
 4.39889e+03  1.82930e-01
 4.39915e+03  1.82730e-01
 4.39941e+03  1.75561e-01
 4.39967e+03  1.73709e-01
 4.39993e+03  1.70065e-01
 4.40019e+03  1.67125e-01
 4.40044e+03  1.68408e-01
 4.40070e+03  1.66265e-01
 4.40096e+03  1.63290e-01
 4.40122e+03  1.63332e-01
 4.40148e+03  1.53778e-01
 4.40174e+03  1.48806e-01
 4.40200e+03  1.47860e-01
 4.40225e+03  1.40888e-01
 4.40251e+03  1.43834e-01
 4.40277e+03  1.35932e-01
 4.40303e+03  1.39845e-01
 4.40329e+03  1.34290e-01
 4.40355e+03  1.29403e-01
 4.40381e+03  1.28922e-01
 4.40407e+03  1.29891e-01
 4.40432e+03  1.29931e-01
 4.40458e+03  1.26366e-01
 4.40484e+03  1.15929e-01
 4.40510e+03  1.19301e-01
 4.40536e+03  1.13680e-01
 4.40562e+03  1.12237e-01
 4.40588e+03  1.10593e-01
 4.40613e+03  1.07854e-01
 4.40639e+03  1.04274e-01
 4.40665e+03  1.03675e-01
 4.40691e+03  1.00212e-01
 4.40717e+03  1.01659e-01
 4.40743e+03  9.83641e-02
 4.40769e+03  9.66721e-02
 4.40794e+03  9.62977e-02
 4.40820e+03  9.58865e-02
 4.40846e+03  9.11896e-02
 4.40872e+03  8.99767e-02
 4.40898e+03  8.90065e-02
 4.40924e+03  8.65647e-02
 4.40950e+03  8.51900e-02
 4.40975e+03  8.33602e-02
 4.41001e+03  7.93999e-02
 4.41027e+03  8.20871e-02
 4.41053e+03  7.63647e-02
 4.41079e+03  7.98313e-02
 4.41105e+03  7.59002e-02
 4.41131e+03  7.27831e-02
 4.41156e+03  7.35383e-02
 4.41182e+03  7.07152e-02
 4.41208e+03  6.92333e-02
 4.41234e+03  7.07198e-02
 4.41260e+03  6.77357e-02
 4.41286e+03  6.61917e-02
 4.41312e+03  6.48426e-02
 4.41338e+03  6.48524e-02
 4.41363e+03  6.47222e-02
 4.41389e+03  6.30683e-02
 4.41415e+03  5.99233e-02
 4.41441e+03  5.93632e-02
 4.41467e+03  5.96664e-02
 4.41493e+03  5.68371e-02
 4.41519e+03  5.43435e-02
 4.41544e+03  5.87785e-02
 4.41570e+03  5.52672e-02
 4.41596e+03  5.53532e-02
 4.41622e+03  4.87074e-02
 4.41648e+03  5.24543e-02
 4.41674e+03  5.22916e-02
 4.41700e+03  4.92121e-02
 4.41725e+03  4.75870e-02
 4.41751e+03  4.98983e-02
 4.41777e+03  4.75260e-02
 4.41803e+03  4.55744e-02
 4.41829e+03  4.62414e-02
 4.41855e+03  4.60830e-02
 4.41881e+03  4.39774e-02
 4.41906e+03  4.28165e-02
 4.41932e+03  4.58526e-02
 4.41958e+03  4.36599e-02
 4.41984e+03  4.32099e-02
 4.42010e+03  4.30014e-02
 4.42036e+03  4.06895e-02
 4.42062e+03  4.11066e-02
 4.42087e+03  4.25386e-02
 4.42113e+03  3.85241e-02
 4.42139e+03  3.94044e-02
 4.42165e+03  3.76316e-02
 4.42191e+03  3.62426e-02
 4.42217e+03  3.88795e-02
 4.42243e+03  3.66195e-02
 4.42268e+03  3.64647e-02
 4.42294e+03  3.52510e-02
 4.42320e+03  3.59584e-02
 4.42346e+03  3.27023e-02
 4.42372e+03  3.42918e-02
 4.42398e+03  3.56967e-02
 4.42424e+03  3.68624e-02
 4.42449e+03  3.08581e-02
 4.42475e+03  3.04139e-02
 4.42501e+03  3.15467e-02
 4.42527e+03  2.99453e-02
 4.42553e+03  2.83423e-02
 4.42579e+03  2.97134e-02
 4.42605e+03  2.63290e-02
 4.42630e+03  2.92373e-02
 4.42656e+03  2.81302e-02
 4.42682e+03  2.88095e-02
 4.42708e+03  2.58121e-02
 4.42734e+03  2.60592e-02
 4.42760e+03  2.60970e-02
 4.42786e+03  2.56071e-02
 4.42812e+03  2.55984e-02
 4.42837e+03  2.74763e-02
 4.42863e+03  2.36837e-02
 4.42889e+03  2.68149e-02
 4.42915e+03  2.33005e-02
 4.42941e+03  2.43148e-02
 4.42967e+03  2.49350e-02
 4.42993e+03  2.29455e-02
 4.43018e+03  2.38212e-02
 4.43044e+03  2.35373e-02
 4.43070e+03  2.12206e-02
 4.43096e+03  2.27564e-02
 4.43122e+03  2.41322e-02
 4.43148e+03  2.26477e-02
 4.43174e+03  2.13567e-02
 4.43199e+03  2.12553e-02
 4.43225e+03  2.05899e-02
 4.43251e+03  2.01851e-02
 4.43277e+03  1.83859e-02
 4.43303e+03  2.31068e-02
 4.43329e+03  1.83730e-02
 4.43355e+03  2.08342e-02
 4.43380e+03  1.66753e-02
 4.43406e+03  1.98680e-02
 4.43432e+03  1.74079e-02
 4.43458e+03  1.77120e-02
 4.43484e+03  1.95342e-02
 4.43510e+03  1.57848e-02
 4.43536e+03  1.87697e-02
 4.43561e+03  1.51484e-02
 4.43587e+03  1.88409e-02
 4.43613e+03  1.57195e-02
 4.43639e+03  1.66531e-02
 4.43665e+03  1.53475e-02
 4.43691e+03  1.91554e-02
 4.43717e+03  1.60174e-02
 4.43742e+03  1.47827e-02
 4.43768e+03  1.60797e-02
 4.43794e+03  1.45450e-02
 4.43820e+03  1.51446e-02
 4.43846e+03  1.69796e-02
 4.43872e+03  1.47683e-02
 4.43898e+03  1.29945e-02
 4.43923e+03  1.55678e-02
 4.43949e+03  1.61666e-02
 4.43975e+03  1.49224e-02
 4.44001e+03  1.37692e-02
 4.44027e+03  1.22443e-02
 4.44053e+03  1.40414e-02
 4.44079e+03  1.59331e-02
 4.44104e+03  1.50201e-02
 4.44130e+03  1.31744e-02
 4.44156e+03  1.27309e-02
 4.44182e+03  1.35555e-02
 4.44208e+03  1.19375e-02
 4.44234e+03  1.32938e-02
 4.44260e+03  1.32209e-02
 4.44285e+03  1.13022e-02
 4.44311e+03  1.00622e-02
 4.44337e+03  1.13108e-02
 4.44363e+03  1.07791e-02
 4.44389e+03  1.08846e-02
 4.44415e+03  1.04931e-02
 4.44441e+03  9.03189e-03
 4.44467e+03  1.18785e-02
 4.44492e+03  1.01794e-02
 4.44518e+03  1.06236e-02
 4.44544e+03  9.00074e-03
 4.44570e+03  8.38935e-03
 4.44596e+03  9.18171e-03
 4.44622e+03  1.10771e-02
 4.44648e+03  1.17275e-02
 4.44673e+03  1.00113e-02
 4.44699e+03  9.05540e-03
 4.44725e+03  9.91469e-03
 4.44751e+03  9.70856e-03
 4.44777e+03  9.32439e-03
 4.44803e+03  1.07219e-02
 4.44829e+03  1.04036e-02
 4.44854e+03  1.18584e-02
 4.44880e+03  1.06863e-02
 4.44906e+03  7.62859e-03
 4.44932e+03  7.97047e-03
 4.44958e+03  6.92199e-03
 4.44984e+03  1.04291e-02
 4.45010e+03  9.85987e-03
 4.45035e+03  8.56269e-03
 4.45061e+03  8.55162e-03
 4.45087e+03  8.06644e-03
 4.45113e+03  7.84095e-03
 4.45139e+03  9.82218e-03
 4.45165e+03  5.05541e-03
 4.45191e+03  6.72310e-03
 4.45217e+03  4.93029e-03
 4.45242e+03  8.24579e-03
 4.45268e+03  7.57896e-03
 4.45294e+03  8.64976e-03
 4.45320e+03  7.31065e-03
 4.45346e+03  9.15650e-03
 4.45372e+03  7.28138e-03
 4.45398e+03  5.70775e-03
 4.45423e+03  7.93640e-03
 4.45449e+03  7.96653e-03
 4.45475e+03  6.88003e-03
 4.45501e+03  9.14201e-03
 4.45527e+03  6.51261e-03
 4.45553e+03  8.25120e-03
 4.45579e+03  7.07720e-03
 4.45604e+03  7.66094e-03
 4.45630e+03  5.86323e-03
 4.45656e+03  6.39062e-03
 4.45682e+03  6.88705e-03
 4.45708e+03  6.42734e-03
 4.45734e+03  6.67025e-03
 4.45760e+03  7.00522e-03
 4.45785e+03  5.45876e-03
 4.45811e+03  7.18774e-03
 4.45837e+03  6.16393e-03
 4.45863e+03  5.68942e-03
 4.45889e+03  7.27982e-03
 4.45915e+03  5.37440e-03
 4.45941e+03  5.83444e-03
 4.45966e+03  6.77273e-03
 4.45992e+03  4.85068e-03
 4.46018e+03  4.87119e-03
 4.46044e+03  6.99335e-03
 4.46070e+03  6.81412e-03
 4.46096e+03  7.11687e-03
 4.46122e+03  5.26093e-03
 4.46147e+03  4.91943e-03
 4.46173e+03  6.31553e-03
 4.46199e+03  5.17035e-03
 4.46225e+03  5.31342e-03
 4.46251e+03  5.75190e-03
 4.46277e+03  4.79306e-03
 4.46303e+03  7.04122e-03
 4.46328e+03  3.49379e-03
 4.46354e+03  5.42310e-03
 4.46380e+03  4.71357e-03
 4.46406e+03  5.17074e-03
 4.46432e+03  5.54836e-03
 4.46458e+03  5.02537e-03
 4.46484e+03  3.84012e-03
 4.46509e+03  4.85707e-03
 4.46535e+03  5.46813e-03
 4.46561e+03  5.95774e-03
 4.46587e+03  2.78622e-03
 4.46613e+03  3.28608e-03
 4.46639e+03  4.20321e-03
 4.46665e+03  2.67714e-03
 4.46690e+03  5.88331e-03
 4.46716e+03  4.80093e-03
 4.46742e+03  4.05942e-03
 4.46768e+03  4.80600e-03
 4.46794e+03  6.00687e-03
 4.46820e+03  4.12873e-03
 4.46846e+03  4.24383e-03
 4.46872e+03  2.57821e-03
 4.46897e+03  3.02371e-03
 4.46923e+03  2.68827e-03
 4.46949e+03  5.23338e-03
 4.46975e+03  5.28274e-03
 4.47001e+03  2.54189e-03
 4.47027e+03  4.50042e-03
 4.47053e+03  4.49914e-03
 4.47078e+03  3.23783e-03
 4.47104e+03  2.58477e-03
 4.47130e+03  9.67063e-04
 4.47156e+03  4.63889e-03
 4.47182e+03  3.01081e-03
 4.47208e+03  4.12918e-03
 4.47234e+03  4.42822e-03
 4.47259e+03  4.03624e-03
 4.47285e+03  3.43246e-03
 4.47311e+03  2.99569e-03
 4.47337e+03  2.63579e-03
 4.47363e+03  4.09110e-03
 4.47389e+03  3.73509e-03
 4.47415e+03  2.78342e-03
 4.47440e+03  2.98366e-03
 4.47466e+03  2.25486e-03
 4.47492e+03  1.82811e-03
 4.47518e+03  3.86482e-03
 4.47544e+03  3.10291e-03
 4.47570e+03  2.93283e-03
 4.47596e+03  3.15449e-03
 4.47621e+03  2.21615e-03
 4.47647e+03  3.29537e-03
 4.47673e+03  4.67714e-03
 4.47699e+03  2.30602e-03
 4.47725e+03  3.40710e-03
 4.47751e+03  1.39151e-03
 4.47777e+03  4.46204e-03
 4.47802e+03  2.46531e-03
 4.47828e+03  3.37132e-03
 4.47854e+03  4.65718e-03
 4.47880e+03  2.54839e-03
 4.47906e+03  3.14633e-03
 4.47932e+03  3.44429e-03
 4.47958e+03  2.23530e-03
 4.47983e+03  2.61984e-03
 4.48009e+03  1.87332e-03
 4.48035e+03  2.29940e-03
 4.48061e+03  2.24351e-03
 4.48087e+03  2.65530e-03
 4.48113e+03  3.01900e-03
 4.48139e+03  3.63435e-03
 4.48165e+03  2.29580e-03
 4.48190e+03  2.75990e-03
 4.48216e+03  1.67775e-03
 4.48242e+03  2.23013e-03
 4.48268e+03  3.38786e-03
 4.48294e+03  1.32654e-03
 4.48320e+03  2.92360e-03
 4.48346e+03  3.04811e-03
 4.48371e+03  3.91260e-03
 4.48397e+03  2.71177e-03
 4.48423e+03  3.00504e-03
 4.48449e+03  2.22412e-04
 4.48475e+03  2.88863e-03
 4.48501e+03  3.06721e-03
 4.48527e+03  1.53331e-03
 4.48552e+03  4.25185e-03
 4.48578e+03  1.63313e-03
 4.48604e+03  2.54416e-03
 4.48630e+03  2.71340e-03
 4.48656e+03  3.85854e-03
 4.48682e+03  4.02765e-03
 4.48708e+03  3.79196e-03
 4.48733e+03  2.95943e-03
 4.48759e+03  8.47267e-04
 4.48785e+03  2.71595e-03
 4.48811e+03 -1.95981e-05
 4.48837e+03  2.19036e-03
 4.48863e+03  1.73867e-03
 4.48889e+03 -2.78648e-05
 4.48914e+03  9.12540e-04
 4.48940e+03  1.20798e-03
 4.48966e+03  1.39295e-03
 4.48992e+03  2.42743e-03
 4.49018e+03  2.67223e-05
 4.49044e+03  9.84692e-04
 4.49070e+03  2.31599e-03
 4.49095e+03  8.27719e-04
 4.49121e+03  2.99489e-03
 4.49147e+03  3.04029e-03
 4.49173e+03 -5.55728e-04
 4.49199e+03  2.01414e-03
 4.49225e+03  1.70006e-03
 4.49251e+03  4.38392e-03
 4.49277e+03  5.76588e-04
 4.49302e+03  1.44154e-03
 4.49328e+03  2.70708e-03
 4.49354e+03  1.81352e-03
 4.49380e+03  1.09152e-03
 4.49406e+03  2.72861e-03
 4.49432e+03  2.07027e-03
 4.49458e+03  1.79468e-03
 4.49483e+03  4.59023e-04
 4.49509e+03  1.72073e-03
 4.49535e+03  1.61658e-03
 4.49561e+03  9.35977e-04
 4.49587e+03  1.11915e-03
 4.49613e+03  2.75248e-03
 4.49639e+03  1.69953e-03
 4.49664e+03  3.44542e-03
 4.49690e+03  9.04719e-04
 4.49716e+03  1.51691e-03
 4.49742e+03  2.04578e-03
 4.49768e+03  1.99463e-03
 4.49794e+03  3.39600e-04
 4.49820e+03  1.68538e-03
 4.49845e+03  1.76459e-03
 4.49871e+03  5.50995e-04
 4.49897e+03  2.83010e-03
 4.49923e+03  2.43748e-03
 4.49949e+03  1.44987e-03
 4.49975e+03  1.17844e-03
 4.50001e+03  2.30172e-03
 4.50026e+03  2.17390e-03
 4.50052e+03  3.15530e-04
 4.50078e+03  1.53018e-03
 4.50104e+03  8.96558e-04
 4.50130e+03  2.19769e-03
 4.50156e+03 -5.79760e-04
 4.50182e+03  9.48496e-04
 4.50207e+03  1.13681e-03
 4.50233e+03  1.68703e-03
 4.50259e+03  4.42879e-04
 4.50285e+03 -5.63911e-04
 4.50311e+03  7.66625e-04
 4.50337e+03  2.96957e-03
 4.50363e+03  1.73127e-04
 4.50388e+03  2.29906e-03
 4.50414e+03  2.31994e-03
 4.50440e+03  2.08682e-03
 4.50466e+03  1.04249e-03
 4.50492e+03  9.52788e-05
 4.50518e+03  2.67548e-03
 4.50544e+03  1.99886e-03
 4.50569e+03  5.66169e-04
 4.50595e+03  2.92955e-03
 4.50621e+03  1.34831e-03
 4.50647e+03  1.18481e-03
 4.50673e+03  1.09428e-03
 4.50699e+03  1.58437e-03
 4.50725e+03  1.09601e-03
 4.50751e+03  1.25335e-03
 4.50776e+03  1.43530e-03
 4.50802e+03  1.42825e-04
 4.50828e+03 -6.04613e-04
 4.50854e+03 -4.73533e-04
 4.50880e+03  4.57317e-04
 4.50906e+03  8.21127e-04
 4.50932e+03  1.05335e-03
 4.50957e+03  9.40112e-04
 4.50983e+03  1.16006e-04
 4.51009e+03  3.60837e-03
 4.51035e+03  1.98310e-04
 4.51061e+03  1.87706e-03
 4.51087e+03  2.98234e-03
 4.51113e+03  7.92092e-04
 4.51138e+03  1.33122e-03
 4.51164e+03  2.04231e-03
 4.51190e+03  2.87586e-03
 4.51216e+03  9.67037e-04
 4.51242e+03  2.47481e-03
 4.51268e+03  2.24043e-03
 4.51294e+03  2.12477e-03
 4.51319e+03  3.36515e-05
 4.51345e+03 -5.04961e-04
 4.51371e+03  6.76029e-04
 4.51397e+03  2.24696e-03
 4.51423e+03  3.47373e-03
 4.51449e+03  2.61125e-03
 4.51475e+03  1.36493e-03
 4.51500e+03  1.94021e-03
 4.51526e+03  1.40204e-03
 4.51552e+03  2.20640e-04
 4.51578e+03  1.49981e-03
 4.51604e+03 -1.32670e-03
 4.51630e+03  2.94471e-03
 4.51656e+03 -3.92717e-04
 4.51681e+03  8.58245e-05
 4.51707e+03  2.45725e-03
 4.51733e+03  1.20344e-03
 4.51759e+03 -2.44710e-04
 4.51785e+03 -9.44317e-04
 4.51811e+03  3.43784e-05
 4.51837e+03  8.43389e-04
 4.51862e+03  6.36406e-04
 4.51888e+03  1.80936e-03
 4.51914e+03  1.18286e-03
 4.51940e+03  1.23061e-03
 4.51966e+03 -1.24217e-04
 4.51992e+03  1.44234e-03
 4.52018e+03  6.28126e-04
 4.52044e+03  2.80473e-03
 4.52069e+03  6.69228e-04
 4.52095e+03 -1.42391e-03
 4.52121e+03  1.49884e-03
 4.52147e+03  1.86308e-03
 4.52173e+03  6.03579e-04
 4.52199e+03 -5.02219e-06
 4.52225e+03  1.04976e-04
 4.52250e+03  1.48842e-03
 4.52276e+03  4.18909e-05
 4.52302e+03 -4.24810e-04
 4.52328e+03 -1.19786e-04
 4.52354e+03  3.72860e-04
 4.52380e+03  1.78128e-03
 4.52406e+03  1.42603e-03
 4.52431e+03  1.48669e-03
 4.52457e+03  1.32183e-03
 4.52483e+03 -1.29379e-04
 4.52509e+03  4.78087e-04
 4.52535e+03  1.07891e-03
 4.52561e+03  7.71075e-05
 4.52587e+03  8.07914e-04
 4.52612e+03  1.74713e-03
 4.52638e+03  1.47159e-03
 4.52664e+03  5.01306e-04
 4.52690e+03  1.43784e-03
 4.52716e+03  1.08818e-03
 4.52742e+03  1.25703e-03
 4.52768e+03  6.97694e-04
 4.52793e+03  3.78331e-04
 4.52819e+03 -1.00449e-05
 4.52845e+03 -4.04643e-05
 4.52871e+03  1.19071e-03
 4.52897e+03  7.07388e-04
 4.52923e+03  1.97406e-03
 4.52949e+03  5.76317e-04
 4.52974e+03  8.33977e-04
 4.53000e+03  3.64181e-04
 4.53026e+03  6.32654e-04
 4.53052e+03  2.43316e-04
 4.53078e+03  4.00720e-05
 4.53104e+03 -2.59421e-04
 4.53130e+03  5.47562e-04
 4.53156e+03  2.50156e-03
 4.53181e+03  7.75974e-04
 4.53207e+03  9.66110e-04
 4.53233e+03  7.11109e-04
 4.53259e+03  6.21398e-04
 4.53285e+03  1.46679e-03
