   3701.714      1.8550589E-03
   3704.958      1.8509275E-03
   3708.201      1.8461052E-03
   3711.445      1.8406480E-03
   3714.688      1.8346378E-03
   3717.932      1.8281718E-03
   3721.176      1.8213511E-03
   3724.420      1.8142686E-03
   3727.664      1.8070040E-03
   3730.908      1.7996188E-03
   3734.152      1.7921585E-03
   3737.396      1.7846538E-03
   3740.639      1.7771242E-03
   3743.884      1.7695817E-03
   3747.127      1.7620329E-03
   3750.372      1.7544805E-03
   3753.616      1.7469270E-03
   3756.860      1.7393734E-03
   3760.104      1.7318198E-03
   3763.348      1.7242662E-03
   3766.592      1.7167127E-03
   3769.836      1.7091590E-03
   3773.081      1.7016056E-03
   3776.325      1.6940519E-03
   3779.569      1.6864982E-03
   3782.814      1.6789447E-03
   3786.058      1.6713912E-03
   3789.302      1.6638378E-03
   3792.547      1.6562842E-03
   3795.791      1.6487306E-03
   3799.036      1.6411769E-03
   3802.280      1.6336231E-03
   3805.525      1.6260697E-03
   3808.770      1.6185159E-03
   3812.014      1.6109626E-03
   3815.259      1.6034089E-03
   3818.503      1.5958555E-03
   3821.748      1.5883020E-03
   3824.993      1.5807481E-03
   3828.238      1.5731946E-03
   3831.482      1.5656410E-03
   3834.727      1.5580876E-03
   3837.972      1.5505339E-03
   3841.217      1.5429802E-03
   3844.462      1.5354267E-03
   3847.707      1.5278732E-03
   3850.952      1.5203197E-03
   3854.197      1.5127660E-03
   3857.442      1.5052125E-03
   3860.687      1.4976589E-03
   3863.932      1.4901053E-03
   3867.177      1.4825518E-03
   3870.423      1.4749980E-03
   3873.668      1.4674446E-03
   3876.913      1.4598909E-03
   3880.158      1.4523375E-03
   3883.404      1.4447838E-03
   3886.649      1.4372302E-03
   3889.894      1.4296769E-03
   3893.140      1.4221232E-03
   3896.385      1.4145697E-03
   3899.630      1.4070158E-03
   3902.876      1.3994625E-03
   3906.121      1.3919087E-03
   3909.367      1.3843552E-03
   3912.613      1.3768018E-03
   3915.858      1.3692481E-03
   3919.104      1.3616943E-03
   3922.350      1.3541410E-03
   3925.595      1.3465874E-03
   3928.841      1.3390338E-03
   3932.087      1.3314803E-03
   3935.333      1.3239266E-03
   3938.578      1.3163729E-03
   3941.824      1.3088196E-03
   3945.070      1.3012658E-03
   3948.316      1.2937124E-03
   3951.562      1.2861588E-03
   3954.808      1.2786050E-03
   3958.054      1.2710516E-03
   3961.300      1.2634980E-03
   3964.546      1.2559444E-03
   3967.792      1.2483910E-03
   3971.039      1.2408372E-03
   3974.285      1.2332839E-03
   3977.531      1.2257302E-03
   3980.777      1.2181767E-03
   3984.024      1.2106231E-03
   3987.270      1.2030692E-03
   3990.516      1.1955157E-03
   3993.763      1.1879622E-03
   3997.009      1.1804088E-03
   4000.256      1.1728550E-03
   4003.502      1.1653015E-03
   4006.749      1.1577479E-03
   4009.995      1.1501944E-03
   4013.242      1.1426407E-03
   4016.489      1.1350873E-03
   4019.735      1.1275336E-03
   4022.982      1.1199801E-03
   4026.229      1.1124263E-03
   4029.475      1.1048728E-03
   4032.722      1.0973193E-03
   4035.969      1.0897659E-03
   4039.216      1.0822121E-03
   4042.463      1.0746587E-03
   4045.710      1.0671051E-03
   4048.957      1.0595515E-03
   4052.204      1.0519979E-03
   4055.451      1.0444442E-03
   4058.698      1.0368907E-03
   4061.945      1.0293371E-03
   4065.192      1.0217834E-03
   4068.439      1.0142298E-03
   4071.687      1.0066765E-03
   4074.934      9.9912297E-04
   4078.181      9.9156925E-04
   4081.428      9.8401564E-04
   4084.676      9.7646198E-04
   4087.923      9.6890837E-04
   4091.171      9.6135482E-04
   4094.418      9.5380138E-04
   4097.666      9.4624783E-04
   4100.913      9.3869428E-04
   4104.161      9.3114050E-04
   4107.408      9.2358713E-04
   4110.656      9.1603340E-04
   4113.904      9.0847991E-04
   4117.151      9.0092618E-04
   4120.399      8.9337269E-04
   4123.647      8.8581903E-04
   4126.895      8.7826565E-04
   4130.143      8.7071210E-04
   4133.390      8.6315838E-04
   4136.638      8.5560483E-04
   4139.886      8.4805116E-04
   4143.134      8.4049767E-04
   4146.382      8.3294400E-04
   4149.630      8.2539051E-04
   4152.878      8.1783679E-04
   4156.126      8.1028324E-04
   4159.375      8.0272974E-04
   4162.623      7.9517619E-04
   4165.871      7.8762270E-04
   4169.120      7.8006915E-04
   4172.368      7.7251549E-04
   4175.616      7.6496194E-04
   4178.865      7.5740827E-04
   4182.113      7.4985484E-04
   4185.362      7.4230117E-04
   4188.610      7.3474756E-04
   4191.858      7.2719407E-04
   4195.107      7.1964052E-04
   4198.356      7.1208691E-04
   4201.604      7.0453330E-04
   4204.853      6.9697970E-04
   4208.102      6.8942620E-04
   4211.351      6.8187265E-04
   4214.600      6.7431899E-04
   4217.848      6.6676532E-04
   4221.097      6.5921177E-04
   4224.346      6.5165816E-04
   4227.595      6.4410456E-04
   4230.844      6.3655106E-04
   4234.093      6.2899746E-04
   4237.342      6.2144391E-04
   4240.591      6.1389036E-04
   4243.840      6.0633686E-04
   4247.090      5.9878320E-04
   4250.339      5.9122959E-04
   4253.588      5.8367592E-04
   4256.837      5.7612249E-04
   4260.087      5.6856888E-04
   4263.336      5.6101533E-04
   4266.585      5.5346178E-04
   4269.835      5.4590817E-04
   4273.084      5.3835456E-04
   4276.334      5.3080096E-04
   4279.583      5.2324747E-04
   4282.833      5.1569392E-04
   4286.083      5.0814025E-04
   4289.333      5.0105865E-04
   4292.582      4.9452716E-04
   4295.832      4.8909895E-04
   4299.082      4.8575058E-04
   4302.332      4.8608304E-04
   4305.582      4.9252226E-04
   4308.831      5.0844101E-04
   4312.081      5.3808792E-04
   4315.331      5.8620883E-04
   4318.581      6.5729010E-04
   4321.832      7.5447030E-04
   4325.082      8.7831920E-04
   4328.332      1.0258254E-03
   4331.582      1.1899746E-03
   4334.832      1.3602028E-03
   4338.082      1.5237693E-03
   4341.333      1.6677746E-03
   4344.583      1.7813240E-03
   4347.833      1.8572583E-03
   4351.083      1.8930192E-03
   4354.334      1.8905066E-03
   4357.584      1.8550954E-03
   4360.835      1.7941993E-03
   4364.086      1.7158048E-03
   4367.336      1.6273181E-03
   4370.587      1.5348715E-03
   4373.838      1.4430857E-03
   4377.088      1.3551618E-03
   4380.339      1.2731525E-03
   4383.590      1.1982819E-03
   4386.841      1.1312321E-03
   4390.092      1.0721571E-03
   4393.343      1.0215638E-03
   4396.594      9.7945216E-04
   4399.845      9.4582181E-04
   4403.096      9.2067331E-04
   4406.347      9.0400636E-04
   4409.598      8.9582091E-04
   4412.849      8.9611701E-04
   4416.101      9.0489449E-04
   4419.352      9.2215365E-04
   4422.603      9.4789412E-04
   4425.854      9.8211621E-04
   4429.106      1.0248199E-03
   4432.357      1.0760047E-03
   4435.609      1.1356716E-03
   4438.860      1.2038200E-03
   4442.112      1.2804498E-03
   4445.363      1.3655619E-03
   4448.615      1.4591556E-03
   4451.867      1.5612313E-03
   4455.118      1.6717893E-03
   4458.370      1.7908288E-03
   4461.622      1.9183502E-03
   4464.874      2.0543525E-03
   4468.125      2.1988370E-03
   4471.377      2.3518028E-03
   4474.629      2.5132501E-03
   4477.881      2.6831785E-03
   4481.134      2.8615883E-03
   4484.386      3.0484805E-03
   4487.638      3.2438533E-03
   4490.890      3.4477080E-03
   4494.142      3.6600444E-03
   4497.395      3.8808621E-03
   4500.647      4.1101617E-03
   4503.899      4.3479423E-03
   4507.151      4.5942054E-03
   4510.404      4.8489487E-03
   4513.656      5.1121754E-03
   4516.909      5.3838827E-03
   4520.162      5.6640720E-03
   4523.414      5.9527433E-03
   4526.667      6.2498972E-03
   4529.919      6.5555307E-03
   4533.172      6.8696467E-03
   4536.425      7.1922443E-03
   4539.678      7.5233248E-03
   4542.931      7.8628846E-03
   4546.184      8.2109254E-03
   4549.437      8.5674496E-03
   4552.689      8.9324545E-03
   4555.942      9.3072439E-03
   4559.195      9.6913651E-03
   4562.449      1.0087373E-02
   4565.702      1.0497954E-02
   4568.955      1.0928297E-02
   4572.208      1.1385433E-02
   4575.461      1.1880944E-02
   4578.715      1.2431627E-02
   4581.968      1.3055158E-02
   4585.222      1.3774550E-02
   4588.475      1.4611027E-02
   4591.729      1.5581099E-02
   4594.982      1.6690100E-02
   4598.236      1.7928474E-02
   4601.489      1.9267073E-02
   4604.743      2.0659328E-02
   4607.997      2.2042776E-02
   4611.250      2.3348087E-02
   4614.504      2.4510188E-02
   4617.758      2.5478182E-02
   4621.012      2.6224053E-02
   4624.266      2.6748391E-02
   4627.520      2.7079884E-02
   4630.774      2.7268028E-02
   4634.028      2.7375113E-02
   4637.282      2.7466010E-02
   4640.537      2.7599717E-02
   4643.791      2.7818568E-02
   4647.045      2.8147060E-02
   4650.299      2.8588785E-02
   4653.554      2.9134601E-02
   4656.808      2.9758893E-02
   4660.063      3.0439695E-02
   4663.317      3.1155668E-02
   4666.571      3.1894449E-02
   4669.826      3.2656286E-02
   4673.081      3.3448752E-02
   4676.335      3.4282777E-02
   4679.590      3.5168827E-02
   4682.845      3.6109500E-02
   4686.100      3.7099913E-02
   4689.354      3.8130756E-02
   4692.609      3.9195057E-02
   4695.864      4.0295783E-02
   4699.119      4.1443411E-02
   4702.375      4.2660195E-02
   4705.629      4.3973219E-02
   4708.884      4.5405708E-02
   4712.140      4.6976183E-02
   4715.395      4.8691373E-02
   4718.650      5.0552730E-02
   4721.905      5.2556682E-02
   4725.161      5.4702062E-02
   4728.416      5.6992166E-02
   4731.672      5.9435111E-02
   4734.927      6.2042482E-02
   4738.183      6.4825848E-02
   4741.438      6.7795873E-02
   4744.694      7.0967190E-02
   4747.950      7.4355058E-02
   4751.205      7.7982686E-02
   4754.461      8.1874453E-02
   4757.717      8.6060047E-02
   4760.973      9.0562262E-02
   4764.229      9.5398627E-02
   4767.484      0.1005751    
   4770.741      0.1060835    
   4773.997      0.1119121    
   4777.252      0.1180434    
   4780.509      0.1244604    
   4783.765      0.1311583    
   4787.021      0.1381315    
   4790.277      0.1453867    
   4793.534      0.1529315    
   4796.790      0.1607804    
   4800.047      0.1689552    
   4803.303      0.1774849    
   4806.560      0.1864053    
   4809.816      0.1957606    
   4813.073      0.2055930    
   4816.330      0.2159444    
   4819.586      0.2268401    
   4822.843      0.2382869    
   4826.100      0.2502601    
   4829.356      0.2627060    
   4832.613      0.2755488    
   4835.871      0.2886943    
   4839.127      0.3020509    
   4842.384      0.3155439    
   4845.642      0.3291289    
   4848.899      0.3427955    
   4852.156      0.3565633    
   4855.413      0.3704670    
   4858.670      0.3845454    
   4861.928      0.3988227    
   4865.185      0.4133024    
   4868.443      0.4279655    
   4871.700      0.4427706    
   4874.958      0.4576571    
   4878.215      0.4725544    
   4881.473      0.4873899    
   4884.730      0.5020906    
   4887.988      0.5165930    
   4891.246      0.5308443    
   4894.504      0.5448120    
   4897.762      0.5584826    
   4901.020      0.5718594    
   4904.278      0.5849637    
   4907.536      0.5978266    
   4910.793      0.6104802    
   4914.052      0.6229472    
   4917.310      0.6352378    
   4920.568      0.6473361    
   4923.827      0.6592060    
   4927.085      0.6707937    
   4930.343      0.6820374    
   4933.602      0.6928834    
   4936.860      0.7032999    
   4940.119      0.7132846    
   4943.377      0.7228602    
   4946.636      0.7320763    
   4949.895      0.7409946    
   4953.153      0.7496693    
   4956.412      0.7581502    
   4959.670      0.7664558    
   4962.930      0.7745818    
   4966.188      0.7824990    
   4969.447      0.7901580    
   4972.707      0.7975006    
   4975.965      0.8044695    
   4979.225      0.8110223    
   4982.484      0.8171376    
   4985.743      0.8228245    
   4989.002      0.8281279    
   4992.262      0.8331163    
   4995.521      0.8378818    
   4998.780      0.8425232    
   5002.040      0.8471383    
   5005.299      0.8517987    
   5008.559      0.8565475    
   5011.818      0.8613876    
   5015.078      0.8662866    
   5018.338      0.8711758    
   5021.598      0.8759766    
   5024.857      0.8805974    
   5028.117      0.8849509    
   5031.377      0.8889680    
   5034.637      0.8926039    
   5037.897      0.8958416    
   5041.157      0.8986951    
   5044.417      0.9012098    
   5047.678      0.9034498    
   5050.938      0.9054973    
   5054.198      0.9074354    
   5057.458      0.9093294    
   5060.719      0.9112346    
   5063.979      0.9131770    
   5067.240      0.9151608    
   5070.500      0.9171731    
   5073.761      0.9191842    
   5077.021      0.9211634    
   5080.282      0.9230816    
   5083.543      0.9249137    
   5086.804      0.9266459    
   5090.065      0.9282711    
   5093.326      0.9297944    
   5096.587      0.9312226    
   5099.848      0.9325676    
   5103.109      0.9338459    
   5106.370      0.9350738    
   5109.631      0.9362721    
   5112.892      0.9374602    
   5116.154      0.9386568    
   5119.415      0.9398754    
   5122.676      0.9411168    
   5125.938      0.9423814    
   5129.199      0.9436592    
   5132.461      0.9449255    
   5135.723      0.9461592    
   5138.984      0.9473311    
   5142.246      0.9484149    
   5145.508      0.9493887    
   5148.770      0.9502432    
   5152.031      0.9509766    
   5155.293      0.9516049    
   5158.555      0.9521502    
   5161.817      0.9526343    
   5165.079      0.9530798    
   5168.341      0.9535044    
   5171.604      0.9539148    
   5174.866      0.9543159    
   5178.128      0.9547099    
   5181.391      0.9550955    
   5184.653      0.9554766    
   5187.916      0.9558508    
   5191.178      0.9562122    
   5194.440      0.9565524    
   5197.703      0.9568599    
   5200.966      0.9571167    
   5204.229      0.9573053    
   5207.491      0.9574155    
   5210.754      0.9574348    
   5214.017      0.9573613    
   5217.280      0.9571990    
   5220.543      0.9569610    
   5223.806      0.9566697    
   5227.069      0.9563479    
   5230.333      0.9560300    
   5233.596      0.9557472    
   5236.859      0.9555188    
   5240.122      0.9553661    
   5243.385      0.9552929    
   5246.649      0.9552883    
   5249.913      0.9553292    
   5253.176      0.9553856    
   5256.439      0.9554257    
   5259.703      0.9554232    
   5262.967      0.9553587    
   5266.231      0.9552282    
   5269.495      0.9550307    
   5272.758      0.9547783    
   5276.022      0.9544816    
   5279.287      0.9541440    
   5282.550      0.9537663    
   5285.814      0.9533349    
   5289.079      0.9528317    
   5292.343      0.9522387    
   5295.607      0.9515397    
   5298.872      0.9507371    
   5302.136      0.9498501    
   5305.400      0.9489154    
   5308.665      0.9479802    
   5311.929      0.9470916    
   5315.194      0.9462835    
   5318.458      0.9455715    
   5321.724      0.9449515    
   5324.988      0.9443966    
   5328.253      0.9438690    
   5331.518      0.9433228    
   5334.783      0.9427186    
   5338.048      0.9420235    
   5341.313      0.9412081    
   5344.578      0.9402556    
   5347.843      0.9391584    
   5351.108      0.9379175    
   5354.374      0.9365456    
   5357.639      0.9350629    
   5360.905      0.9334994    
   5364.170      0.9318937    
   5367.436      0.9302779    
   5370.701      0.9286900    
   5373.967      0.9271509    
   5377.232      0.9256727    
   5380.498      0.9242595    
   5383.764      0.9229098    
   5387.030      0.9216207    
   5390.296      0.9203924    
   5393.562      0.9192258    
   5396.828      0.9181178    
   5400.094      0.9170619    
   5403.360      0.9160441    
   5406.626      0.9150385    
   5409.893      0.9140102    
   5413.159      0.9129245    
   5416.425      0.9117415    
   5419.691      0.9104245    
   5422.958      0.9089421    
   5426.225      0.9072807    
   5429.491      0.9054411    
   5432.758      0.9034440    
   5436.025      0.9013226    
   5439.292      0.8991268    
   5442.559      0.8969132    
   5445.825      0.8947353    
   5449.092      0.8926374    
   5452.359      0.8906474    
   5455.626      0.8887710    
   5458.894      0.8869957    
   5462.161      0.8852894    
   5465.428      0.8836073    
   5468.695      0.8819063    
   5471.962      0.8801478    
   5475.230      0.8783046    
   5478.498      0.8763680    
   5481.765      0.8743395    
   5485.033      0.8722261    
   5488.300      0.8700409    
   5491.568      0.8677908    
   5494.836      0.8654783    
   5498.104      0.8631051    
   5501.372      0.8606675    
   5504.640      0.8581617    
   5507.908      0.8555919    
   5511.176      0.8529688    
   5514.444      0.8503070    
   5517.712      0.8476315    
   5520.980      0.8449686    
   5524.249      0.8423472    
   5527.517      0.8397902    
   5530.786      0.8373147    
   5534.054      0.8349301    
   5537.323      0.8326423    
   5540.591      0.8304439    
   5543.860      0.8283236    
   5547.128      0.8262601    
   5550.397      0.8242266    
   5553.667      0.8221871    
   5556.935      0.8201032    
   5560.204      0.8179369    
   5563.473      0.8156586    
   5566.742      0.8132479    
   5570.012      0.8106995    
   5573.281      0.8080185    
   5576.550      0.8052204    
   5579.819      0.8023232    
   5583.089      0.7993478    
   5586.358      0.7963160    
   5589.628      0.7932457    
   5592.897      0.7901568    
   5596.167      0.7870680    
   5599.437      0.7839918    
   5602.707      0.7809392    
   5605.977      0.7779173    
   5609.246      0.7749208    
   5612.516      0.7719405    
   5615.787      0.7689574    
   5619.057      0.7659476    
   5622.327      0.7628895    
   5625.597      0.7597646    
   5628.867      0.7565638    
   5632.137      0.7532914    
   5635.408      0.7499552    
   5638.678      0.7465729    
   5641.949      0.7431632    
   5645.219      0.7397370    
   5648.490      0.7363005    
   5651.761      0.7328541    
   5655.031      0.7293915    
   5658.302      0.7259066    
   5661.573      0.7223928    
   5664.844      0.7188470    
   5668.115      0.7152725    
   5671.386      0.7116698    
   5674.657      0.7080455    
   5677.929      0.7044094    
   5681.200      0.7007703    
   5684.471      0.6971388    
   5687.743      0.6935245    
   5691.014      0.6899306    
   5694.286      0.6863573    
   5697.557      0.6827996    
   5700.829      0.6792504    
   5704.101      0.6756967    
   5707.372      0.6721289    
   5710.644      0.6685404    
   5713.916      0.6649255    
   5717.188      0.6612824    
   5720.460      0.6576058    
   5723.732      0.6538910    
   5727.004      0.6501284    
   5730.276      0.6463127    
   5733.548      0.6424422    
   5736.821      0.6385229    
   5740.093      0.6345669    
   5743.366      0.6305935    
   5746.638      0.6266256    
   5749.911      0.6226805    
   5753.184      0.6187669    
   5756.456      0.6148894    
   5759.729      0.6110413    
   5763.002      0.6072149    
   5766.275      0.6034024    
   5769.548      0.5995970    
   5772.821      0.5958017    
   5776.094      0.5920165    
   5779.367      0.5882416    
   5782.641      0.5844746    
   5785.914      0.5807086    
   5789.187      0.5769323    
   5792.460      0.5731384    
   5795.734      0.5693161    
   5799.008      0.5654630    
   5802.281      0.5615810    
   5805.555      0.5576783    
   5808.829      0.5537627    
   5812.103      0.5498399    
   5815.376      0.5459105    
   5818.650      0.5419700    
   5821.924      0.5380104    
   5825.198      0.5340195    
   5828.472      0.5299922    
   5831.747      0.5259236    
   5835.021      0.5218153    
   5838.295      0.5176753    
   5841.569      0.5135096    
   5844.844      0.5093270    
   5848.119      0.5051309    
   5851.393      0.5009258    
   5854.668      0.4967113    
   5857.942      0.4924900    
   5861.217      0.4882630    
   5864.492      0.4840364    
   5867.767      0.4798152    
   5871.042      0.4756065    
   5874.317      0.4714129    
   5877.592      0.4672350    
   5880.868      0.4630687    
   5884.143      0.4589086    
   5887.418      0.4547473    
   5890.693      0.4505821    
   5893.969      0.4464131    
   5897.244      0.4422524    
   5900.520      0.4381155    
   5903.796      0.4340209    
   5907.071      0.4299818    
   5910.347      0.4260074    
   5913.623      0.4220928    
   5916.899      0.4182258    
   5920.175      0.4143866    
   5923.451      0.4105563    
   5926.727      0.4067179    
   5930.003      0.4028585    
   5933.279      0.3989736    
   5936.556      0.3950648    
   5939.832      0.3911356    
   5943.108      0.3871950    
   5946.385      0.3832517    
   5949.662      0.3793169    
   5952.938      0.3753985    
   5956.215      0.3715039    
   5959.492      0.3676358    
   5962.769      0.3637944    
   5966.045      0.3599742    
   5969.323      0.3561673    
   5972.600      0.3523638    
   5975.877      0.3485541    
   5979.154      0.3447275    
   5982.431      0.3408758    
   5985.708      0.3369896    
   5988.986      0.3330619    
   5992.263      0.3290832    
   5995.541      0.3250472    
   5998.818      0.3209497    
   6002.096      0.3167912    
   6005.374      0.3125798    
   6008.652      0.3083330    
   6011.930      0.3040761    
   6015.208      0.2998410    
   6018.485      0.2956640    
   6021.764      0.2915783    
   6025.042      0.2876119    
   6028.320      0.2837840    
   6031.598      0.2800997    
   6034.876      0.2765530    
   6038.155      0.2731269    
   6041.434      0.2697990    
   6044.712      0.2665431    
   6047.991      0.2633353    
   6051.270      0.2601545    
   6054.548      0.2569861    
   6057.827      0.2538189    
   6061.106      0.2506453    
   6064.385      0.2474600    
   6067.664      0.2442607    
   6070.943      0.2410479    
   6074.222      0.2378253    
   6077.501      0.2346006    
   6080.781      0.2313831    
   6084.060      0.2281814    
   6087.339      0.2250021    
   6090.619      0.2218477    
   6093.898      0.2187172    
   6097.178      0.2156060    
   6100.458      0.2125089    
   6103.738      0.2094223    
   6107.018      0.2063455    
   6110.298      0.2032799    
   6113.578      0.2002283    
   6116.857      0.1971976    
   6120.138      0.1941911    
   6123.418      0.1912167    
   6126.698      0.1882800    
   6129.979      0.1853848    
   6133.259      0.1825354    
   6136.540      0.1797301    
   6139.820      0.1769654    
   6143.101      0.1742352    
   6146.381      0.1715304    
   6149.663      0.1688412    
   6152.943      0.1661584    
   6156.224      0.1634742    
   6159.505      0.1607846    
   6162.786      0.1580884    
   6166.067      0.1553895    
   6169.349      0.1526954    
   6172.630      0.1500178    
   6175.911      0.1473698    
   6179.192      0.1447653    
   6182.474      0.1422163    
   6185.756      0.1397311    
   6189.037      0.1373111    
   6192.319      0.1349519    
   6195.601      0.1326434    
   6198.883      0.1303747    
   6202.165      0.1281353    
   6205.447      0.1259192    
   6208.729      0.1237260    
   6212.011      0.1215620    
   6215.293      0.1194358    
   6218.575      0.1173566    
   6221.857      0.1153316    
   6225.140      0.1133599    
   6228.422      0.1114381    
   6231.705      0.1095583    
   6234.988      0.1077094    
   6238.271      0.1058805    
   6241.553      0.1040608    
   6244.836      0.1022406    
   6248.119      0.1004133    
   6251.402      9.8573804E-02
   6254.685      9.6721217E-02
   6257.968      9.4856977E-02
   6261.251      9.2987232E-02
   6264.535      9.1120765E-02
   6267.818      8.9268044E-02
   6271.102      8.7439813E-02
   6274.385      8.5645489E-02
   6277.668      8.3891027E-02
   6280.952      8.2178324E-02
   6284.236      8.0506623E-02
   6287.520      7.8871429E-02
   6290.804      7.7268869E-02
   6294.087      7.5695708E-02
   6297.372      7.4151367E-02
   6300.656      7.2637789E-02
   6303.940      7.1159773E-02
   6307.224      6.9722310E-02
   6310.508      6.8329506E-02
   6313.793      6.6982657E-02
   6317.077      6.5680735E-02
   6320.362      6.4419292E-02
   6323.646      6.3191816E-02
   6326.931      6.1992209E-02
   6330.216      6.0811959E-02
   6333.500      5.9645344E-02
   6336.786      5.8486961E-02
   6340.070      5.7333585E-02
   6343.355      5.6184527E-02
   6346.641      5.5040404E-02
   6349.926      5.3903155E-02
   6353.211      5.2777138E-02
   6356.497      5.1666796E-02
   6359.782      5.0577134E-02
   6363.067      4.9512401E-02
   6366.353      4.8474852E-02
   6369.639      4.7465391E-02
   6372.924      4.6481192E-02
   6376.210      4.5518231E-02
   6379.496      4.4571161E-02
   6382.782      4.3635599E-02
   6386.068      4.2709310E-02
   6389.354      4.1793551E-02
   6392.640      4.0892180E-02
   6395.926      4.0012233E-02
   6399.212      3.9159257E-02
   6402.499      3.8337469E-02
   6405.786      3.7547521E-02
   6409.072      3.6785994E-02
   6412.358      3.6045127E-02
   6415.646      3.5316978E-02
   6418.932      3.4594107E-02
   6422.219      3.3870615E-02
   6425.506      3.3144861E-02
   6428.793      3.2417268E-02
   6432.080      3.1692289E-02
   6435.367      3.0974608E-02
   6438.654      3.0269520E-02
   6441.941      2.9581999E-02
   6445.229      2.8915422E-02
   6448.516      2.8272146E-02
   6451.804      2.7652444E-02
   6455.091      2.7055170E-02
   6458.379      2.6478253E-02
   6461.667      2.5918035E-02
   6464.955      2.5370941E-02
   6468.243      2.4833165E-02
   6471.531      2.4300992E-02
   6474.818      2.3771830E-02
   6478.107      2.3243809E-02
   6481.395      2.2717584E-02
   6484.683      2.2193888E-02
   6487.972      2.1674730E-02
   6491.260      2.1162547E-02
   6494.548      2.0659398E-02
   6497.837      2.0166133E-02
   6501.125      1.9683436E-02
   6504.415      1.9211192E-02
   6507.703      1.8749807E-02
   6510.992      1.8300105E-02
   6514.281      1.7863374E-02
   6517.570      1.7439496E-02
   6520.859      1.7028039E-02
   6524.148      1.6627077E-02
   6527.438      1.6233590E-02
   6530.727      1.5844779E-02
   6534.017      1.5457673E-02
   6537.306      1.5070679E-02
   6540.596      1.4684670E-02
   6543.885      1.4302510E-02
   6547.175      1.3928937E-02
   6550.465      1.3569143E-02
   6553.755      1.3228636E-02
   6557.044      1.2911916E-02
   6560.334      1.2621586E-02
   6563.625      1.2358589E-02
   6566.915      1.2120952E-02
   6570.206      1.1905594E-02
   6573.496      1.1708153E-02
   6576.786      1.1523795E-02
   6580.077      1.1347500E-02
   6583.367      1.1174374E-02
   6586.658      1.1000266E-02
   6589.949      1.0819992E-02
   6593.239      1.0628646E-02
   6596.530      1.0421558E-02
   6599.821      1.0196014E-02
   6603.112      9.9516371E-03
   6606.403      9.6902614E-03
   6609.695      9.4166948E-03
   6612.986      9.1383522E-03
   6616.277      8.8620111E-03
   6619.569      8.5945642E-03
   6622.860      8.3407108E-03
   6626.152      8.1030652E-03
   6629.443      7.8806728E-03
   6632.735      7.6713376E-03
   6636.027      7.4721649E-03
   6639.319      7.2812494E-03
   6642.611      7.0968024E-03
   6645.903      6.9181100E-03
   6649.195      6.7458437E-03
   6652.488      6.5807854E-03
   6655.780      6.4219623E-03
   6659.072      6.2681222E-03
   6662.365      6.1164126E-03
   6665.657      5.9644063E-03
   6668.950      5.8104191E-03
   6672.243      5.6534782E-03
   6675.536      5.4951594E-03
   6678.828      5.3389301E-03
   6682.122      5.1895217E-03
   6685.415      5.0524781E-03
   6688.708      4.9331645E-03
   6692.001      4.8356941E-03
   6695.294      4.7606979E-03
   6698.587      4.7053774E-03
   6701.881      4.6623712E-03
   6705.174      4.6220515E-03
   6708.468      4.5732879E-03
   6711.762      4.5071179E-03
   6715.055      4.4183140E-03
   6718.349      4.3082009E-03
   6721.643      4.1844253E-03
   6724.937      4.0585096E-03
   6728.231      3.9442363E-03
   6731.525      3.8535474E-03
   6734.819      3.7921357E-03
   6738.114      3.7596610E-03
   6741.408      3.7485054E-03
   6744.703      3.7478171E-03
   6747.998      3.7450481E-03
   6751.292      3.7295085E-03
   6754.587      3.6945615E-03
   6757.881      3.6383413E-03
   6761.176      3.5617226E-03
   6764.471      3.4689633E-03
   6767.766      3.3640470E-03
   6771.062      3.2509761E-03
   6774.357      3.1338853E-03
   6777.652      3.0156551E-03
   6780.947      2.8993036E-03
   6784.243      2.7886196E-03
   6787.539      2.6861513E-03
   6790.834      2.5948340E-03
   6794.129      2.5160855E-03
   6797.425      2.4502438E-03
   6800.721      2.3959032E-03
   6804.018      2.3500964E-03
   6807.313      2.3090665E-03
   6810.609      2.2695924E-03
   6813.905      2.2291085E-03
   6817.202      2.1870865E-03
   6820.498      2.1447935E-03
   6823.794      2.1046826E-03
   6827.091      2.0698663E-03
   6830.388      2.0427294E-03
   6833.685      2.0243104E-03
   6836.981      2.0141604E-03
   6840.278      2.0097380E-03
   6843.575      2.0076784E-03
   6846.872      2.0038991E-03
   6850.169      1.9951668E-03
   6853.466      1.9775950E-03
   6856.764      1.9488082E-03
   6860.061      1.9060734E-03
   6863.358      1.8481507E-03
   6866.656      1.7746357E-03
   6869.954      1.6875140E-03
   6873.251      1.5909974E-03
   6876.549      1.4910607E-03
   6879.847      1.3951509E-03
   6883.145      1.3106063E-03
   6886.443      1.2427643E-03
   6889.741      1.1947637E-03
   6893.039      1.1661974E-03
   6896.337      1.1546956E-03
   6899.635      1.1551541E-03
   6902.934      1.1623681E-03
   6906.232      1.1717490E-03
   6909.531      1.1799111E-03
   6912.830      1.1849718E-03
   6916.128      1.1868005E-03
   6919.427      1.1866983E-03
   6922.726      1.1866497E-03
   6926.025      1.1886597E-03
   6929.324      1.1947807E-03
   6932.623      1.2062714E-03
   6935.923      1.2232830E-03
   6939.222      1.2446687E-03
   6942.521      1.2685918E-03
   6945.821      1.2923552E-03
   6949.121      1.3129342E-03
   6952.420      1.3276505E-03
   6955.720      1.3351716E-03
   6959.020      1.3343127E-03
   6962.320      1.3261564E-03
   6965.620      1.3119980E-03
   6968.920      1.2942452E-03
   6972.220      1.2752158E-03
   6975.520      1.2571275E-03
   6978.821      1.2414386E-03
   6982.121      1.2281423E-03
   6985.421      1.2163159E-03
   6988.722      1.2034380E-03
   6992.023      1.1871973E-03
   6995.324      5.1422429E-04
   6998.625      5.1280053E-04
   7001.925      5.1137665E-04
   7005.227      5.0995289E-04
   7008.528      5.0852902E-04
   7011.829      5.0710526E-04
   7015.130      5.0568138E-04
   7018.432      5.0425762E-04
   7021.733      5.0283375E-04
   7025.035      5.0140999E-04
   7028.336      4.9998611E-04
   7031.638      4.9856235E-04
   7034.940      4.9713848E-04
   7038.242      4.9571472E-04
   7041.543      4.9429084E-04
   7044.846      4.9286708E-04
