700		0.000297597
699.5		-1.12E-05
699		0.000192101
698.5		0.00014376
698		0.000243979
697.5		0.000106417
697		3.80E-05
696.5		0.000195907
696		0.000302128
695.5		0.000172071
695		0.000157192
694.5		0.000166079
694		0.000380046
693.5		0.000287311
693		0.000245472
692.5		-0.000317544
692		0.00026619
691.5		0.000324211
691		0.000447121
690.5		0.000418796
690		0.000368919
689.5		0.00054215
689		0.000454212
688.5		0.000505906
688		0.000598399
687.5		0.000664659
687		0.000800363
686.5		0.000845281
686		0.000808491
685.5		0.000860471
685		0.001023416
684.5		0.001073532
684		0.001111688
683.5		0.001225993
683		0.001461397
682.5		0.001452184
682		0.001647718
681.5		0.001759391
681		0.001925219
680.5		0.002145625
680		0.002143126
679.5		0.002347012
679		0.002585477
678.5		0.002897795
678		0.003121533
677.5		0.0033375
677		0.003647847
676.5		0.003931999
676		0.004406194
675.5		0.004676116
675		0.005038366
674.5		0.005504755
674		0.005881074
673.5		0.00633438
673		0.007018131
672.5		0.007623885
672		0.008275277
671.5		0.008929628
671		0.009691145
670.5		0.010382814
670		0.011366773
669.5		0.012173636
669		0.013208721
668.5		0.014225329
668		0.015274857
667.5		0.016561467
667		0.017914705
666.5		0.019280151
666		0.020839054
665.5		0.022415593
665		0.024197245
664.5		0.025908297
664		0.027960967
663.5		0.03014211
663		0.032497302
662.5		0.034839977
662		0.037391309
661.5		0.040268943
661		0.043250129
660.5		0.04640926
660		0.049885932
659.5		0.053366471
659		0.057439972
658.5		0.061667092
658		0.065861858
657.5		0.070557795
657		0.07568638
656.5		0.080892451
656		0.086723678
655.5		0.09283103
655		0.099197045
654.5		0.105868943
654		0.113302037
653.5		0.121075578
653		0.129121885
652.5		0.137890905
652		0.147245839
651.5		0.156862423
651		0.16738084
650.5		0.17837958
650		0.189938054
649.5		0.20239982
649		0.215551019
648.5		0.229217395
648		0.243777901
647.5		0.259064078
647		0.275502861
646.5		0.29254505
646		0.310918599
645.5		0.33025229
645		0.350019097
644.5		0.371250331
644		0.393862218
643.5		0.417127848
643		0.442261994
642.5		0.468582988
642		0.496155113
641.5		0.525030255
641		0.555019379
640.5		0.586884856
640		0.620032668
639.5		0.655659616
639		0.692696095
638.5		0.730758607
638		0.771414995
637.5		0.814312577
637		0.858901262
636.5		0.905750871
636		0.954494715
635.5		1.004725218
635		1.058121443
634.5		1.11333704
634		1.171245575
633.5		1.231965899
633		1.295776963
632.5		1.362217903
632		1.430411577
631.5		1.502359152
631		1.577516317
630.5		1.654779553
630		1.736413717
629.5		1.821812272
629		1.908590794
628.5		2.000276327
628		2.094293356
627.5		2.192889452
627		2.294906139
626.5		2.401824474
626		2.513193607
625.5		2.625648975
625		2.744091034
624.5		2.867197275
624		2.993169785
623.5		3.125189304
623		3.261740446
622.5		3.402062416
622		3.546821594
621.5		3.695605755
621		3.851303101
620.5		4.011284351
620		4.178324223
619.5		4.349901199
619		4.523025036
618.5		4.706110954
618		4.893997669
617.5		5.085486412
617		5.287368298
616.5		5.494584084
616		5.702858448
615.5		5.91849947
615		6.141020298
614.5		6.3713274
614		6.604638577
613.5		6.848577499
613		7.099736691
612.5		7.350498199
612		7.615333557
611.5		7.884371281
611		8.157583237
610.5		8.439948082
610		8.728833199
609.5		9.025265694
609		9.325622559
608.5		9.635478973
608		9.954030037
607.5		10.27436543
607		10.60926723
606.5		10.95065308
606		11.289855
605.5		11.6420927
605		12.00308609
604.5		12.36743546
604		12.74285793
603.5		13.12762165
603		13.5170002
602.5		13.90562057
602		14.30740356
601.5		14.71961308
601		15.13222599
600.5		15.56079578
600		15.99338627
599.5		16.4333992
599		16.87819099
598.5		17.32980156
598		17.79237175
597.5		18.25337219
597		18.72904205
596.5		19.2177906
596		19.69459724
595.5		20.18653107
595		20.69350433
594.5		21.19170761
594		21.70982552
593.5		22.23831177
593		22.74985123
592.5		23.27916718
592		23.82770729
591.5		24.35950851
591		24.9058075
590.5		25.46644211
590		26.03198814
589.5		26.58429718
589		27.15280151
588.5		27.72642136
588		28.31333542
587.5		28.89349365
587		29.47554207
586.5		30.05943298
586		30.66619301
585.5		31.26003075
585		31.85804558
584.5		32.45880127
584		33.08948135
583.5		33.70196152
583		34.29300308
582.5		34.90734482
582		35.5289917
581.5		36.14838409
581		36.77941513
580.5		37.42267609
580		38.04199219
579.5		38.65357208
579		39.28412628
578.5		39.8981514
578		40.52973938
577.5		41.17557907
577		41.81496048
576.5		42.44595718
576		43.08024597
575.5		43.69758224
575		44.3229599
574.5		44.9601326
574		45.59087372
573.5		46.21191788
573		46.84079361
572.5		47.47608566
572		48.11196136
571.5		48.74688721
571		49.37591171
570.5		49.96934891
570		50.58053589
569.5		51.1883316
569		51.8130188
568.5		52.4213562
568		53.03141403
567.5		53.64359665
567		54.24559784
566.5		54.84405899
566		55.44397736
565.5		56.02421188
565		56.62030029
564.5		57.20621872
564		57.78001404
563.5		58.35449219
563		58.92388916
562.5		59.48556519
562		60.05005646
561.5		60.60988235
561		61.15663147
560.5		61.69850159
560		62.23998642
559.5		62.77052307
559		63.29167557
558.5		63.82618713
558		64.35439301
557.5		64.86665344
557		65.37121582
556.5		65.86586761
556		66.36392212
555.5		66.86286926
555		67.34493256
554.5		67.81957245
554		68.29240417
553.5		68.76026154
553		69.22058868
552.5		69.67282104
552		70.11940002
551.5		70.5664444
551		70.99719238
550.5		71.42066193
550		71.84081268
549.5		72.26531219
549		72.67092133
548.5		73.08067322
548		73.47373962
547.5		73.85762024
547		74.23579407
546.5		74.61077881
546		74.97554779
545.5		75.35042572
545		75.70812988
544.5		76.08642578
544		76.42861938
543.5		76.76506805
543		77.05950165
542.5		77.36592865
542		77.68868256
541.5		77.9957962
541		78.29692841
540.5		78.58976746
540		78.87800598
539.5		79.16070557
539		79.44293976
538.5		79.74499512
538		79.99922943
537.5		80.26785278
537		80.51015472
536.5		80.75430298
536		81.00017548
535.5		81.19476318
535		81.41385651
534.5		81.62767029
534		81.84738159
533.5		82.06085205
533		82.25313568
532.5		82.44712067
532		82.64329529
531.5		82.82258606
531		83.00001526
530.5		83.1736908
530		83.33855438
529.5		83.49237823
529		83.64857483
528.5		83.80065155
528		83.94615173
527.5		84.08378601
527		84.20932007
526.5		84.33509064
526		84.44752502
525.5		84.5628891
525		84.66954803
524.5		84.77731323
524		84.87465668
523.5		84.99440002
523		85.08304596
522.5		85.16503143
522		85.23506927
521.5		85.30305481
521		85.36413574
520.5		85.41131592
520		85.47078705
519.5		85.50887299
519		85.55029297
518.5		85.58734131
518		85.60499573
517.5		85.61748505
517		85.62747192
516.5		85.6297226
516		85.62484741
515.5		85.61182404
515		85.58981323
514.5		85.56895447
514		85.52663422
513.5		85.48727417
513		85.41929626
512.5		85.36071014
512		85.28247833
511.5		85.19467926
511		85.09194183
510.5		84.98189545
510		84.85357666
509.5		84.71336365
509		84.56132507
508.5		84.36003113
508		84.15743256
507.5		83.94728088
507		83.71181488
506.5		83.46580505
506		83.19116211
505.5		82.89987183
505		82.56999207
504.5		82.21121216
504		81.8273468
503.5		81.40546417
503		80.94541931
502.5		80.44988251
502		79.91744995
501.5		79.33276367
501		78.70146942
500.5		78.01511383
500		77.27676392
499.5		76.47934723
499		75.62004089
498.5		74.69154358
498		73.70263672
497.5		72.62887573
497		71.46582031
496.5		70.22073364
496		68.91490936
495.5		67.52081299
495		66.0091095
494.5		64.42841339
494		62.73934937
493.5		60.94964218
493		59.08015442
492.5		57.12255859
492		55.06561279
491.5		52.91736603
491		50.70176697
490.5		48.3809967
490		46.00233078
489.5		43.61100388
489		41.15056229
488.5		38.65587234
488		36.15712357
487.5		33.62034988
487		31.11696243
486.5		28.66042519
486		26.25014114
485.5		23.92782784
485		21.654562
484.5		19.4886322
484		17.42672157
483.5		15.48210716
483		13.70367718
482.5		12.03172588
482		10.50214291
481.5		9.128921509
481		7.865733147
480.5		6.733318329
480		5.74454689
479.5		4.866218567
479		4.108795166
478.5		3.445909977
478		2.875341654
477.5		2.38523674
477		1.972327232
476.5		1.630672097
476		1.338178039
475.5		1.096381187
475		0.896511793
474.5		0.729449511
474		0.591842234
473.5		0.48082614
473		0.390247107
472.5		0.316623896
472		0.256628484
471.5		0.207897276
471		0.168526664
470.5		0.136767551
470		0.111646019
469.5		0.091163725
469		0.074599274
468.5		0.061606325
468		0.051029917
467.5		0.042353235
467		0.035494015
466.5		0.030019263
466		0.025473725
465.5		0.02191899
465		0.019016257
464.5		0.016631154
464		0.01467434
463.5		0.013217961
463		0.011820859
462.5		0.010942698
462		0.009972145
461.5		0.009379704
461		0.008664805
460.5		0.008253542
460		0.007782856
459.5		0.00736126
459		0.007008247
458.5		0.006988828
458		0.006635575
457.5		0.006381152
457		0.006264848
456.5		0.006081766
456		0.005965021
455.5		0.005959488
455		0.00586042
454.5		0.00574431
454		0.00567383
453.5		0.005510235
453		0.005488337
452.5		0.005469289
452		0.005378042
451.5		0.005301757
451		0.005384648
450.5		0.005253358
450		0.005326935
449.5		0.00531283
449		0.0051861
448.5		0.005218309
448		0.005165612
447.5		0.005107002
447		0.005215635
446.5		0.005013517
446		0.005039977
445.5		0.005088031
445		0.005031867
444.5		0.005092795
444		0.005079446
443.5		0.004988337
443		0.005049568
442.5		0.004886743
442		0.004967313
441.5		0.004907953
441		0.004868438
440.5		0.004916474
440		0.004971833
439.5		0.004946415
439		0.00481597
438.5		0.004831528
438		0.004907226
437.5		0.004838531
437		0.004820863
436.5		0.004758548
436		0.004640834
435.5		0.00480888
435		0.00477622
434.5		0.004823091
434		0.004667716
433.5		0.004679266
433		0.004611073
432.5		0.004725686
432		0.004722242
431.5		0.004633965
431		0.004542724
430.5		0.004753994
430		0.004546132
429.5		0.004563469
429		0.004678045
428.5		0.004618073
428		0.004610963
427.5		0.004551949
427		0.004555265
426.5		0.004570588
426		0.004404169
425.5		0.004447768
425		0.004530741
424.5		0.004470021
424		0.004334241
423.5		0.004415438
423		0.004444886
422.5		0.004318762
422		0.004292139
421.5		0.004299321
421		0.004318293
420.5		0.004391705
420		0.004315889
419.5		0.004257781
419		0.004280603
418.5		0.004266189
418		0.004248696
417.5		0.004340766
417		0.004056118
416.5		0.004103724
416		0.00424215
415.5		0.004454043
415		0.004064908
414.5		0.004098635
414		0.004164548
413.5		0.004154463
413		0.004190007
412.5		0.004147288
412		0.004048623
411.5		0.004010918
411		0.004054105
410.5		0.003936103
410		0.00411741
409.5		0.00397751
409		0.00399111
408.5		0.004059665
408		0.003934294
407.5		0.003910806
407		0.004016217
406.5		0.004001432
406		0.00393407
405.5		0.00382865
405		0.00392301
404.5		0.003955276
404		0.003766652
403.5		0.003821918
403		0.003765469
402.5		0.003788357
402		0.003760272
401.5		0.003668284
401		0.003723352
400.5		0.003805702
400		0.003547614
