   7279.372      1.9712632E-03
   7280.238      2.0386493E-03
   7281.104      2.1489852E-03
   7281.971      2.2843534E-03
   7282.837      2.4157888E-03
   7283.704      2.5140669E-03
   7284.570      2.5608873E-03
   7285.437      2.5544683E-03
   7286.303      2.5104554E-03
   7287.169      2.4556092E-03
   7288.035      2.4208452E-03
   7288.902      2.4317068E-03
   7289.768      2.5003655E-03
   7290.634      2.6202300E-03
   7291.500      2.7702765E-03
   7292.367      2.9237014E-03
   7293.233      3.0610031E-03
   7294.099      3.1763213E-03
   7294.965      3.2719502E-03
   7295.832      3.3462755E-03
   7296.698      3.3861608E-03
   7297.564      3.3714497E-03
   7298.430      3.2916530E-03
   7299.296      3.1610350E-03
   7300.163      3.0212889E-03
   7301.029      2.9265184E-03
   7301.895      2.9208141E-03
   7302.761      3.0180679E-03
   7303.627      3.1972006E-03
   7304.493      3.4104439E-03
   7305.359      3.6019911E-03
   7306.225      3.7256845E-03
   7307.091      3.7569867E-03
   7307.957      3.6974978E-03
   7308.823      3.5707527E-03
   7309.689      3.4134411E-03
   7310.555      3.2643881E-03
   7311.421      3.1557132E-03
   7312.287      3.1058788E-03
   7313.153      3.1179590E-03
   7314.019      3.1818158E-03
   7314.884      3.2786909E-03
   7315.750      3.3891201E-03
   7316.616      3.4993736E-03
   7317.482      3.6038128E-03
   7318.348      3.7036794E-03
   7319.214      3.8033670E-03
   7320.080      3.9049210E-03
   7320.945      4.0090079E-03
   7321.811      4.1166963E-03
   7322.677      4.2305617E-03
   7323.542      4.3547964E-03
   7324.408      4.4881827E-03
   7325.274      4.6214764E-03
   7326.140      4.7350787E-03
   7327.005      4.8080082E-03
   7327.871      4.8271096E-03
   7328.737      4.7947322E-03
   7329.602      4.7275028E-03
   7330.468      4.6498473E-03
   7331.333      4.5828596E-03
   7332.199      4.5411559E-03
   7333.065      4.5290678E-03
   7333.930      4.5450344E-03
   7334.796      4.5811292E-03
   7335.661      4.6282038E-03
   7336.527      4.6787332E-03
   7337.393      4.7287499E-03
   7338.258      4.7792504E-03
   7339.124      4.8361518E-03
   7339.989      4.9079242E-03
   7340.854      5.0021270E-03
   7341.720      5.1218159E-03
   7342.585      5.2611250E-03
   7343.451      5.4039117E-03
   7344.316      5.5281390E-03
   7345.181      5.6153783E-03
   7346.047      5.6582135E-03
   7346.912      5.6678043E-03
   7347.777      5.6682094E-03
   7348.643      5.6879986E-03
   7349.508      5.7480596E-03
   7350.373      5.8541959E-03
   7351.239      5.9961327E-03
   7352.104      6.1566476E-03
   7352.969      6.3191913E-03
   7353.834      6.4743045E-03
   7354.700      6.6177687E-03
   7355.565      6.7435517E-03
   7356.430      6.8405024E-03
   7357.295      6.8932744E-03
   7358.160      6.8915458E-03
   7359.025      6.8388968E-03
   7359.891      6.7584761E-03
   7360.756      6.6882996E-03
   7361.621      6.6672983E-03
   7362.486      6.7209466E-03
   7363.351      6.8505476E-03
   7364.216      7.0354976E-03
   7365.081      7.2444724E-03
   7365.946      7.4477461E-03
   7366.811      7.6284595E-03
   7367.676      7.7811973E-03
   7368.541      7.9080230E-03
   7369.406      8.0157546E-03
   7370.271      8.1122527E-03
   7371.136      8.2071703E-03
   7372.001      8.3110603E-03
   7372.866      8.4331920E-03
   7373.730      8.5768476E-03
   7374.596      8.7423939E-03
   7375.460      8.9260237E-03
   7376.325      9.1233216E-03
   7377.190      9.3313828E-03
   7378.055      9.5492695E-03
   7378.920      9.7749559E-03
   7379.785      1.0002594E-02
   7380.649      1.0223895E-02
   7381.514      1.0429928E-02
   7382.379      1.0618290E-02
   7383.244      1.0796078E-02
   7384.108      1.0977475E-02
   7384.973      1.1175998E-02
   7385.838      1.1395350E-02
   7386.703      1.1627004E-02
   7387.567      1.1852170E-02
   7388.432      1.2050530E-02
   7389.296      1.2210789E-02
   7390.161      1.2335755E-02
   7391.026      1.2438652E-02
   7391.890      1.2537464E-02
   7392.755      1.2647666E-02
   7393.620      1.2777199E-02
   7394.484      1.2930874E-02
   7395.349      1.3110805E-02
   7396.213      1.3314247E-02
   7397.078      1.3534209E-02
   7397.942      1.3764591E-02
   7398.807      1.4002570E-02
   7399.671      1.4253113E-02
   7400.536      1.4526778E-02
   7401.400      1.4831169E-02
   7402.264      1.5168537E-02
   7403.129      1.5535470E-02
   7403.993      1.5925718E-02
   7404.857      1.6332595E-02
   7405.722      1.6749276E-02
   7406.586      1.7167628E-02
   7407.451      1.7576037E-02
   7408.315      1.7960887E-02
   7409.179      1.8308178E-02
   7410.043      1.8612990E-02
   7410.908      1.8881751E-02
   7411.772      1.9135015E-02
   7412.636      1.9401584E-02
   7413.500      1.9706395E-02
   7414.365      2.0064984E-02
   7415.229      2.0480560E-02
   7416.093      2.0945312E-02
   7416.957      2.1447357E-02
   7417.821      2.1979956E-02
   7418.686      2.2542164E-02
   7419.550      2.3136230E-02
   7420.414      2.3761829E-02
   7421.278      2.4406170E-02
   7422.142      2.5045037E-02
   7423.006      2.5653545E-02
   7423.870      2.6214914E-02
   7424.734      2.6729595E-02
   7425.598      2.7215883E-02
   7426.462      2.7699418E-02
   7427.326      2.8205050E-02
   7428.190      2.8752159E-02
   7429.054      2.9350631E-02
   7429.918      3.0004775E-02
   7430.782      3.0714469E-02
   7431.646      3.1476527E-02
   7432.510      3.2287266E-02
   7433.374      3.3144824E-02
   7434.238      3.4051258E-02
   7435.102      3.5011899E-02
   7435.965      3.6031634E-02
   7436.830      3.7109274E-02
   7437.693      3.8233403E-02
   7438.557      3.9383996E-02
   7439.421      4.0534761E-02
   7440.285      4.1661222E-02
   7441.148      4.2750392E-02
   7442.012      4.3805689E-02
   7442.876      4.4848684E-02
   7443.740      4.5914222E-02
   7444.604      4.7043640E-02
   7445.467      4.8276104E-02
   7446.331      4.9639009E-02
   7447.194      5.1139053E-02
   7448.058      5.2762371E-02
   7448.922      5.4479890E-02
   7449.785      5.6253452E-02
   7450.649      5.8048289E-02
   7451.513      5.9840046E-02
   7452.376      6.1614659E-02
   7453.240      6.3373029E-02
   7454.103      6.5133542E-02
   7454.967      6.6927396E-02
   7455.830      6.8795621E-02
   7456.694      7.0779935E-02
   7457.557      7.2906010E-02
   7458.421      7.5179942E-02
   7459.284      7.7592932E-02
   7460.147      8.0124028E-02
   7461.011      8.2756467E-02
   7461.875      8.5488185E-02
   7462.738      8.8323243E-02
   7463.602      9.1268823E-02
   7464.465      9.4335601E-02
   7465.328      9.7530633E-02
   7466.191      0.1008668    
   7467.055      0.1043670    
   7467.918      0.1080518    
   7468.781      0.1119366    
   7469.645      0.1160256    
   7470.508      0.1203057    
   7471.371      0.1247615    
   7472.234      0.1293882    
   7473.098      0.1341894    
   7473.961      0.1391831    
   7474.824      0.1443925    
   7475.688      0.1498259    
   7476.551      0.1554825    
   7477.414      0.1613592    
   7478.277      0.1674504    
   7479.140      0.1737614    
   7480.003      0.1803048    
   7480.866      0.1870864    
   7481.729      0.1941056    
   7482.592      0.2013623    
   7483.456      0.2088469    
   7484.318      0.2165572    
   7485.182      0.2245017    
   7486.044      0.2326867    
   7486.908      0.2411198    
   7487.771      0.2498090    
   7488.634      0.2587486    
   7489.497      0.2679319    
   7490.359      0.2773618    
   7491.223      0.2870451    
   7492.085      0.2970000    
   7492.948      0.3072459    
   7493.811      0.3177852    
   7494.674      0.3286072    
   7495.537      0.3396918    
   7496.400      0.3510122    
   7497.263      0.3625506    
   7498.125      0.3742948    
   7498.988      0.3862191    
   7499.851      0.3982944    
   7500.714      0.4104923    
   7501.577      0.4227796    
   7502.439      0.4351375    
   7503.302      0.4475381    
   7504.165      0.4599288    
   7505.027      0.4722494    
   7505.890      0.4844391    
   7506.753      0.4964501    
   7507.615      0.5082685    
   7508.478      0.5199046    
   7509.341      0.5313631    
   7510.203      0.5426485    
   7511.066      0.5537543    
   7511.929      0.5646566    
   7512.791      0.5753431    
   7513.654      0.5858057    
   7514.516      0.5960330    
   7515.379      0.6060098    
   7516.241      0.6157009    
   7517.104      0.6250437    
   7517.966      0.6339803    
   7518.829      0.6424690    
   7519.691      0.6504979    
   7520.554      0.6580898    
   7521.416      0.6652811    
   7522.278      0.6720912    
   7523.141      0.6785225    
   7524.003      0.6845641    
   7524.866      0.6902160    
   7525.728      0.6955104    
   7526.590      0.7005129    
   7527.453      0.7052941    
   7528.315      0.7099099    
   7529.177      0.7143770    
   7530.040      0.7186564    
   7530.902      0.7226653    
   7531.764      0.7262931    
   7532.626      0.7294385    
   7533.488      0.7320477    
   7534.351      0.7341412    
   7535.213      0.7358192    
   7536.075      0.7372280    
   7536.937      0.7385108    
   7537.799      0.7397691    
   7538.662      0.7410424    
   7539.523      0.7423107    
   7540.386      0.7435230    
   7541.248      0.7446256    
   7542.110      0.7455695    
   7542.972      0.7463251    
   7543.834      0.7468806    
   7544.696      0.7472551    
   7545.558      0.7475038    
   7546.420      0.7477072    
   7547.282      0.7479410    
   7548.144      0.7482343    
   7549.006      0.7485657    
   7549.868      0.7488611    
   7550.730      0.7490507    
   7551.592      0.7491184    
   7552.454      0.7491127    
   7553.315      0.7491347    
   7554.178      0.7492872    
   7555.040      0.7496296    
   7555.901      0.7501563    
   7556.763      0.7508247    
   7557.625      0.7515771    
   7558.487      0.7523544    
   7559.349      0.7530870    
   7560.210      0.7537020    
   7561.072      0.7541407    
   7561.934      0.7543972    
   7562.795      0.7545327    
   7563.657      0.7546650    
   7564.519      0.7549329    
   7565.380      0.7554476    
   7566.242      0.7562500    
   7567.104      0.7572907    
   7567.966      0.7584428    
   7568.827      0.7595398    
   7569.689      0.7604288    
   7570.550      0.7610234    
   7571.412      0.7613332    
   7572.273      0.7614477    
   7573.135      0.7615028    
   7573.997      0.7616291    
   7574.858      0.7619122    
   7575.720      0.7623651    
   7576.581      0.7629544    
   7577.443      0.7636124    
   7578.304      0.7642794    
   7579.166      0.7649267    
   7580.027      0.7655616    
   7580.889      0.7662176    
   7581.750      0.7669256    
   7582.611      0.7676767    
   7583.473      0.7684196    
   7584.334      0.7690855    
   7585.195      0.7696304    
   7586.057      0.7700672    
   7586.918      0.7704674    
   7587.779      0.7709311    
   7588.641      0.7715257    
   7589.502      0.7722605    
   7590.363      0.7730787    
   7591.225      0.7738891    
   7592.086      0.7746121    
   7592.947      0.7752087    
   7593.808      0.7756851    
   7594.669      0.7760875    
   7595.531      0.7764804    
   7596.392      0.7769357    
   7597.253      0.7775062    
   7598.114      0.7782085    
   7598.975      0.7790158    
   7599.836      0.7798593    
   7600.697      0.7806621    
   7601.559      0.7813573    
   7602.419      0.7819045    
   7603.281      0.7822944    
   7604.142      0.7825392    
   7605.002      0.7826703    
   7605.864      0.7827138    
   7606.725      0.7826837    
   7607.585      0.7825846    
   7608.447      0.7824236    
   7609.308      0.7822356    
   7610.168      0.7820817    
   7611.029      0.7820336    
   7611.890      0.7821410    
   7612.751      0.7824073    
   7613.612      0.7827871    
   7614.473      0.7831971    
   7615.334      0.7835453    
   7616.195      0.7837589    
   7617.056      0.7838128    
   7617.917      0.7837341    
   7618.777      0.7835905    
   7619.638      0.7834541    
   7620.499      0.7833735    
   7621.359      0.7833660    
   7622.220      0.7834229    
   7623.081      0.7835200    
   7623.941      0.7836174    
   7624.802      0.7836603    
   7625.663      0.7835842    
   7626.523      0.7833422    
   7627.384      0.7829372    
   7628.245      0.7824249    
   7629.105      0.7818941    
   7629.966      0.7814340    
   7630.827      0.7810941    
   7631.688      0.7808834    
   7632.548      0.7807775    
   7633.408      0.7807350    
   7634.269      0.7807258    
   7635.129      0.7807311    
   7635.990      0.7807370    
   7636.851      0.7807179    
   7637.711      0.7806324    
   7638.571      0.7804403    
   7639.432      0.7801159    
   7640.292      0.7796686    
   7641.153      0.7791423    
   7642.013      0.7786012    
   7642.874      0.7781097    
   7643.734      0.7777134    
   7644.594      0.7774125    
   7645.455      0.7771636    
   7646.315      0.7769076    
   7647.175      0.7766068    
   7648.036      0.7762641    
   7648.896      0.7759114    
   7649.756      0.7755751    
   7650.616      0.7752291    
   7651.477      0.7747980    
   7652.337      0.7741858    
   7653.197      0.7733071    
   7654.057      0.7721158    
   7654.917      0.7706106    
   7655.777      0.7688122    
   7656.638      0.7667522    
   7657.498      0.7644579    
   7658.358      0.7619700    
   7659.218      0.7593343    
   7660.078      0.7565983    
   7660.938      0.7538047    
   7661.798      0.7509772    
   7662.658      0.7481088    
   7663.519      0.7451688    
   7664.378      0.7420968    
   7665.238      0.7388158    
   7666.099      0.7352576    
   7666.958      0.7313969    
   7667.818      0.7272407    
   7668.678      0.7228136    
   7669.538      0.7181342    
   7670.398      0.7131839    
   7671.258      0.7079036    
   7672.118      0.7022345    
   7672.978      0.6961451    
   7673.838      0.6896365    
   7674.698      0.6827682    
   7675.558      0.6756231    
   7676.417      0.6682745    
   7677.277      0.6607620    
   7678.137      0.6530905    
   7678.997      0.6452163    
   7679.856      0.6370651    
   7680.716      0.6285658    
   7681.576      0.6196491    
   7682.436      0.6102747    
   7683.295      0.6004477    
   7684.155      0.5902042    
   7685.015      0.5795841    
   7685.875      0.5686340    
   7686.734      0.5574046    
   7687.594      0.5459536    
   7688.453      0.5343640    
   7689.313      0.5227454    
   7690.172      0.5111994    
   7691.032      0.4997892    
   7691.892      0.4885364    
   7692.751      0.4774038    
   7693.611      0.4663174    
   7694.470      0.4552117    
   7695.330      0.4440517    
   7696.189      0.4328389    
   7697.049      0.4216160    
   7697.908      0.4104440    
   7698.768      0.3993619    
   7699.627      0.3883789    
   7700.486      0.3774820    
   7701.346      0.3666317    
   7702.205      0.3558094    
   7703.064      0.3450409    
   7703.924      0.3344018    
   7704.783      0.3239906    
   7705.643      0.3139091    
   7706.502      0.3042109    
   7707.361      0.2948830    
   7708.221      0.2858645    
   7709.080      0.2770650    
   7709.939      0.2683971    
   7710.798      0.2598208    
   7711.658      0.2513571    
   7712.517      0.2430672    
   7713.376      0.2350377    
   7714.235      0.2273355    
   7715.094      0.2199833    
   7715.954      0.2129601    
   7716.813      0.2062255    
   7717.672      0.1997300    
   7718.531      0.1934358    
   7719.390      0.1873221    
   7720.249      0.1813753    
   7721.108      0.1755831    
   7721.967      0.1699428    
   7722.826      0.1644470    
   7723.686      0.1590918    
   7724.544      0.1538887    
   7725.403      0.1488620    
   7726.262      0.1440401    
   7727.121      0.1394530    
   7727.980      0.1351107    
   7728.839      0.1309860    
   7729.698      0.1270288    
   7730.557      0.1231879    
   7731.416      0.1194245    
   7732.275      0.1157348    
   7733.134      0.1121482    
   7733.993      0.1086959    
   7734.852      0.1054013    
   7735.710      0.1022720    
   7736.569      9.9299155E-02
   7737.428      9.6460663E-02
   7738.287      9.3741171E-02
   7739.146      9.1124378E-02
   7740.004      8.8588148E-02
   7740.863      8.6115271E-02
   7741.722      8.3694741E-02
   7742.580      8.1321448E-02
   7743.439      7.9011075E-02
   7744.298      7.6789714E-02
   7745.156      7.4677728E-02
   7746.015      7.2676554E-02
   7746.874      7.0765123E-02
   7747.732      6.8901919E-02
   7748.591      6.7049965E-02
   7749.450      6.5202937E-02
   7750.308      6.3390039E-02
   7751.167      6.1659750E-02
   7752.025      6.0060665E-02
   7752.884      5.8611725E-02
   7753.742      5.7290602E-02
   7754.601      5.6049198E-02
   7755.459      5.4832563E-02
   7756.318      5.3596400E-02
   7757.176      5.2315742E-02
   7758.035      5.0988108E-02
   7758.893      4.9625956E-02
   7759.751      4.8255369E-02
   7760.610      4.6919830E-02
   7761.468      4.5669205E-02
   7762.327      4.4543885E-02
   7763.185      4.3564983E-02
   7764.043      4.2714473E-02
   7764.902      4.1943301E-02
   7765.760      4.1192245E-02
   7766.618      4.0417735E-02
   7767.477      3.9603613E-02
   7768.335      3.8763110E-02
   7769.193      3.7925318E-02
   7770.051      3.7117459E-02
   7770.910      3.6357217E-02
   7771.768      3.5653573E-02
   7772.626      3.5006598E-02
   7773.484      3.4406513E-02
   7774.342      3.3837568E-02
   7775.201      3.3278041E-02
   7776.059      3.2704405E-02
   7776.917      3.2097977E-02
   7777.775      3.1446952E-02
   7778.633      3.0747447E-02
   7779.491      3.0006601E-02
   7780.349      2.9243873E-02
   7781.208      2.8488012E-02
   7782.065      2.7770409E-02
   7782.923      2.7121104E-02
   7783.781      2.6555188E-02
   7784.639      2.6071314E-02
   7785.498      2.5654392E-02
   7786.355      2.5281996E-02
   7787.213      2.4932209E-02
   7788.071      2.4592292E-02
   7788.929      2.4257887E-02
   7789.787      2.3924468E-02
   7790.645      2.3582192E-02
   7791.503      2.3212967E-02
   7792.361      2.2794574E-02
   7793.219      2.2307996E-02
   7794.077      2.1749992E-02
   7794.934      2.1135723E-02
   7795.792      2.0501116E-02
   7796.650      1.9897180E-02
   7797.508      1.9373590E-02
   7798.365      1.8961344E-02
   7799.223      1.8658062E-02
   7800.081      1.8430740E-02
   7800.938      1.8230850E-02
   7801.796      1.8014280E-02
   7802.654      1.7759386E-02
   7803.512      1.7467240E-02
   7804.370      1.7155124E-02
   7805.227      1.6845204E-02
   7806.085      1.6553085E-02
   7806.942      1.6280696E-02
   7807.800      1.6019395E-02
   7808.658      1.5754327E-02
   7809.515      1.5471531E-02
   7810.373      1.5165310E-02
   7811.230      1.4841486E-02
   7812.088      1.4513982E-02
   7812.945      1.4200267E-02
   7813.803      1.3920576E-02
   7814.660      1.3693290E-02
   7815.518      1.3530598E-02
   7816.375      1.3436116E-02
   7817.233      1.3398957E-02
   7818.090      1.3394432E-02
   7818.948      1.3386723E-02
   7819.805      1.3339994E-02
   7820.663      1.3230932E-02
   7821.520      1.3054900E-02
   7822.377      1.2825443E-02
   7823.234      1.2565000E-02
   7824.092      1.2293074E-02
   7824.949      1.2019685E-02
   7825.807      1.1749892E-02
   7826.664      1.1489126E-02
   7827.521      1.1247609E-02
   7828.378      1.1035337E-02
   7829.235      1.0853698E-02
   7830.093      1.0690798E-02
   7830.950      1.0526858E-02
   7831.807      1.0342236E-02
   7832.665      1.0127794E-02
   7833.521      9.8872930E-03
   7834.379      9.6367104E-03
   7835.236      9.3971016E-03
   7836.093      9.1879340E-03
   7836.950      9.0190219E-03
   7837.807      8.8868747E-03
   7838.665      8.7757641E-03
   7839.521      8.6645689E-03
   7840.378      8.5388124E-03
   7841.235      8.3974805E-03
   7842.093      8.2521066E-03
   7842.950      8.1206998E-03
   7843.807      8.0144089E-03
   7844.664      7.9322010E-03
   7845.521      7.8641130E-03
   7846.377      7.7974545E-03
   7847.234      7.7244830E-03
   7848.091      7.6475767E-03
   7848.948      7.5754365E-03
   7849.805      7.5176815E-03
   7850.662      7.4783210E-03
   7851.519      7.4502374E-03
   7852.376      7.4185161E-03
   7853.232      7.3645194E-03
   7854.089      7.2748885E-03
   7854.946      7.1461154E-03
   7855.803      6.9874940E-03
   7856.660      6.8174973E-03
   7857.517      6.6608330E-03
   7858.374      6.5415208E-03
   7859.230      6.4772735E-03
   7860.087      6.4751278E-03
   7860.943      6.5285284E-03
   7861.800      6.6168304E-03
   7862.657      6.7124520E-03
   7863.514      6.7849457E-03
   7864.370      6.8104537E-03
   7865.227      6.7792023E-03
   7866.083      6.6952212E-03
   7866.940      6.5706046E-03
   7867.797      6.4211776E-03
   7868.653      6.2590577E-03
   7869.510      6.0939072E-03
   7870.367      5.9324107E-03
   7871.223      5.7786144E-03
   7872.080      5.6342310E-03
   7872.936      5.4963590E-03
   7873.792      5.3622425E-03
   7874.649      5.2292841E-03
   7875.505      5.0991392E-03
   7876.362      4.9751112E-03
   7877.218      4.8583392E-03
   7878.075      4.7490406E-03
   7878.931      4.6462049E-03
   7879.788      4.5517562E-03
   7880.644      4.4731293E-03
   7881.500      4.4204951E-03
   7882.357      4.4061020E-03
   7883.213      4.4395588E-03
   7884.069      4.5215474E-03
   7884.926      4.6440316E-03
   7885.782      4.7886195E-03
   7886.638      4.9309768E-03
   7887.495      5.0472771E-03
   7888.351      5.1190560E-03
   7889.207      5.1354519E-03
   7890.063      5.0921668E-03
   7890.919      4.9907719E-03
   7891.776      4.8385914E-03
   7892.632      4.6492382E-03
   7893.488      4.4452786E-03
   7894.344      4.2559966E-03
   7895.200      4.1128197E-03
   7896.057      4.0409379E-03
   7896.913      4.0497151E-03
   7897.769      4.1297344E-03
   7898.625      4.2527458E-03
   7899.481      4.3794257E-03
   7900.337      4.4714957E-03
   7901.193      4.4992603E-03
   7902.049      4.4507626E-03
   7902.905      4.3313624E-03
   7903.761      4.1609802E-03
   7904.617      3.9718500E-03
   7905.473      3.7999654E-03
   7906.329      3.6787491E-03
   7907.185      3.6318852E-03
   7908.041      3.6690249E-03
   7908.896      3.7864449E-03
   7909.752      3.9682719E-03
   7910.608      4.1884356E-03
   7911.464      4.4107535E-03
   7912.320      4.5924783E-03
   7913.176      4.6942146E-03
   7914.032      4.6925372E-03
   7914.887      4.5903251E-03
   7915.743      4.4174562E-03
   7916.599      4.2239670E-03
   7917.455      4.0629487E-03
   7918.311      3.9724126E-03
   7919.166      3.9649969E-03
   7920.022      4.0270910E-03
   7920.877      4.1258628E-03
   7921.733      4.2254953E-03
   7922.589      4.2900196E-03
   7923.445      4.2933268E-03
   7924.300      4.2234990E-03
   7925.156      4.0891198E-03
   7926.012      3.9215148E-03
   7926.867      3.7640070E-03
   7927.723      3.6555864E-03
   7928.578      3.6141893E-03
   7929.434      3.6320947E-03
   7930.290      3.6830634E-03
   7931.145      3.7393256E-03
   7932.000      3.7833764E-03
   7932.856      3.8128528E-03
   7933.711      3.8335633E-03
   7934.567      3.8484721E-03
   7935.422      3.8528705E-03
   7936.278      3.8344751E-03
   7937.133      3.7830479E-03
   7937.989      3.6974279E-03
   7938.844      3.5865686E-03
   7939.699      3.4675826E-03
   7940.555      3.3558714E-03
   7941.410      3.2632835E-03
   7942.266      3.1903430E-03
   7943.121      3.1282816E-03
   7943.976      3.0640084E-03
   7944.832      2.9900668E-03
   7945.687      2.9138906E-03
   7946.542      2.8538925E-03
   7947.397      2.8310132E-03
   7948.252      2.8526639E-03
   7949.108      2.9088806E-03
   7949.963      2.9740250E-03
   7950.818      3.0217492E-03
   7951.673      3.0362119E-03
   7952.528      3.0182344E-03
   7953.384      2.9830211E-03
   7954.239      2.9497002E-03
   7955.094      2.9322016E-03
   7955.949      2.9324149E-03
   7956.804      2.9460336E-03
   7957.659      2.9708140E-03
   7958.514      3.0101168E-03
   7959.369      3.0698935E-03
   7960.224      3.1496114E-03
   7961.080      3.2346465E-03
   7961.934      3.2984612E-03
   7962.790      3.3093363E-03
   7963.645      3.2461765E-03
   7964.499      3.1129024E-03
   7965.354      2.9414138E-03
   7966.209      2.7800787E-03
   7967.064      2.6726159E-03
   7967.919      2.6335274E-03
   7968.774      2.6416881E-03
   7969.629      2.6522109E-03
   7970.483      2.6237329E-03
   7971.338      2.5417001E-03
   7972.193      2.4237512E-03
   7973.048      2.3078904E-03
   7973.903      2.2296209E-03
   7974.758      2.2081344E-03
   7975.612      2.2403398E-03
   7976.467      2.3114528E-03
   7977.322      2.4033296E-03
   7978.177      2.5021171E-03
   7979.031      2.5962389E-03
   7979.886      2.6783401E-03
   7980.741      2.7427650E-03
   7981.596      2.7883709E-03
   7982.450      2.8206641E-03
   7983.305      2.8497479E-03
   7984.160      2.8868362E-03
   7985.014      2.9356314E-03
   7985.869      2.9865003E-03
   7986.723      3.0184549E-03
   7987.578      3.0120318E-03
   7988.433      2.9577655E-03
   7989.287      2.8632737E-03
   7990.142      2.7476994E-03
   7990.996      2.6298126E-03
   7991.851      2.5207931E-03
   7992.705      2.4249619E-03
   7993.560      2.3450630E-03
   7994.414      2.2912959E-03
   7995.269      2.2771955E-03
   7996.123      2.3116570E-03
   7996.977      2.3896422E-03
   7997.832      2.4933803E-03
   7998.686      2.5988088E-03
   7999.541      2.6876673E-03
   8000.395      2.7527758E-03
   8001.249      2.7944706E-03
   8002.104      2.8143891E-03
   8002.958      2.8115031E-03
   8003.812      2.7802845E-03
   8004.667      2.7163536E-03
   8005.521      2.6210737E-03
   8006.375      2.5055117E-03
   8007.229      2.3923826E-03
   8008.083      2.3067093E-03
   8008.938      2.2678238E-03
   8009.792      2.2824618E-03
   8010.646      2.3432064E-03
   8011.500      2.4335121E-03
   8012.354      2.5335008E-03
   8013.208      2.6254805E-03
   8014.063      2.6980829E-03
   8014.917      2.7477005E-03
   8015.771      2.7780537E-03
   8016.625      2.7968306E-03
   8017.479      2.8120414E-03
   8018.333      2.8275342E-03
   8019.187      2.8394226E-03
   8020.041      2.8376335E-03
   8020.895      2.8064672E-03
   8021.749      2.7304194E-03
   8022.603      2.6033327E-03
   8023.457      2.4360190E-03
   8024.311      2.2576628E-03
   8025.165      2.1071075E-03
   8026.019      2.0163280E-03
   8026.873      1.9948718E-03
   8027.727      2.0231686E-03
   8028.581      2.0601342E-03
   8029.434      2.0632211E-03
   8030.288      2.0100321E-03
   8031.142      1.9087713E-03
   8031.996      1.7940573E-03
   8032.850      1.7107839E-03
   8033.703      1.6955774E-03
   8034.557      1.7636903E-03
   8035.411      1.9059626E-03
   8036.265      2.0948916E-03
   8037.118      2.2950070E-03
   8037.972      2.4730274E-03
   8038.826      2.6044212E-03
   8039.680      2.6796225E-03
   8040.533      2.7033088E-03
   8041.387      2.6930002E-03
   8042.240      2.6708713E-03
   8043.094      2.6574547E-03
   8043.948      2.6614144E-03
   8044.801      2.6783987E-03
   8045.655      2.6942391E-03
   8046.508      2.6934494E-03
   8047.362      2.6690681E-03
   8048.216      2.6226020E-03
   8049.069      2.5643490E-03
   8049.923      2.5075513E-03
   8050.776      2.4665019E-03
   8051.630      2.4543193E-03
   8052.483      2.4817076E-03
   8053.336      2.5531177E-03
   8054.190      2.6634205E-03
   8055.043      2.7977165E-03
   8055.897      2.9323306E-03
   8056.750      3.0442665E-03
   8057.604      3.1171837E-03
   8058.457      3.1487101E-03
   8059.311      3.1466775E-03
   8060.164      3.1227993E-03
   8061.017      3.0861546E-03
   8061.871      3.0385857E-03
   8062.724      2.9767004E-03
   8063.577      2.8951284E-03
   8064.430      2.7872727E-03
   8065.284      2.6470695E-03
   8066.137      2.4698919E-03
   8066.990      2.2583529E-03
   8067.843      2.0246790E-03
   8068.696      1.7905029E-03
   8069.550      1.5823214E-03
   8070.403      1.4243940E-03
   8071.256      1.3327640E-03
   8072.109      1.3126840E-03
   8072.962      1.3581971E-03
   8073.815      1.4538750E-03
   8074.668      1.5808387E-03
   8075.521      1.7199195E-03
   8076.375      1.8564533E-03
   8077.228      1.9791510E-03
   8078.081      2.0834247E-03
   8078.934      2.1684936E-03
   8079.787      2.2372252E-03
   8080.640      2.2926757E-03
   8081.493      2.3357111E-03
   8082.346      2.3650033E-03
   8083.199      2.3800842E-03
   8084.051      2.3870328E-03
   8084.904      2.3987878E-03
   8085.757      2.4292036E-03
   8086.610      2.4829523E-03
   8087.463      2.5498099E-03
   8088.316      2.6073377E-03
   8089.169      2.6316126E-03
   8090.021      2.6112858E-03
   8090.875      2.5559750E-03
   8091.727      2.4920900E-03
   8092.580      2.4518704E-03
   8093.433      2.4573761E-03
   8094.286      2.5103372E-03
   8095.138      2.5909303E-03
   8095.991      2.6683263E-03
   8096.844      2.7148463E-03
   8097.697      2.7187539E-03
   8098.549      2.6867972E-03
   8099.402      2.6395051E-03
   8100.254      2.5980866E-03
   8101.107      2.5723132E-03
   8101.960      2.5571974E-03
   8102.813      2.5318523E-03
   8103.665      2.4693981E-03
   8104.518      2.3492652E-03
   8105.370      2.1691585E-03
   8106.223      1.9506384E-03
   8107.075      1.7346161E-03
   8107.928      1.5677175E-03
   8108.780      1.4829123E-03
   8109.633      1.4884968E-03
   8110.485      1.5681888E-03
   8111.338      1.6847915E-03
   8112.190      1.7934290E-03
   8113.043      1.8543703E-03
   8113.896      1.8426519E-03
   8114.748      1.7562172E-03
   8115.600      1.6157540E-03
   8116.453      1.4570925E-03
   8117.305      1.3195378E-03
   8118.157      1.2323236E-03
   8119.010      1.2080601E-03
   8119.862      1.2429203E-03
   8120.714      1.3187854E-03
   8121.566      1.4096508E-03
   8122.419      1.4908554E-03
   8123.271      1.5482272E-03
   8124.124      1.5853207E-03
   8124.976      1.6187205E-03
   8125.828      1.6660482E-03
   8126.680      1.7338682E-03
   8127.532      1.8147696E-03
   8128.384      1.8934070E-03
   8129.237      1.9584829E-03
   8130.089      2.0083820E-03
   8130.941      2.0512403E-03
   8131.793      2.0945929E-03
   8132.645      2.1395772E-03
   8133.497      2.1733227E-03
   8134.349      2.1756135E-03
   8135.201      2.1273971E-03
   8136.053      2.0236296E-03
   8136.905      1.8777659E-03
   8137.757      1.7132971E-03
   8138.609      1.5507758E-03
   8139.461      1.3988947E-03
   8140.313      1.2552165E-03
   8141.166      1.1115778E-03
   8142.018      9.6300576E-04
   8142.869      8.1030990E-04
   8143.721      6.5983209E-04
   8144.573      5.1901944E-04
   8145.425      3.9470172E-04
   8146.277      2.8999077E-04
   8147.129      2.0512505E-04
   8147.981      1.3706877E-04
   8148.833      8.2536208E-05
   8149.685      3.6418722E-05
   8150.536     -4.1657995E-06
   8151.388     -4.2023377E-05
   8152.240     -7.8290104E-05
   8153.092     -1.1388972E-04
   8153.943     -1.4822699E-04
   8154.795     -1.8102894E-04
   8155.647     -2.1141663E-04
   8156.499     -2.3841416E-04
   8157.350     -2.6116043E-04
   8158.202     -2.7914610E-04
