   6221.750      7.3102485E-05
   6222.615      6.7286637E-05
   6223.480      6.0494956E-05
   6224.346      5.3000476E-05
   6225.210      4.5100493E-05
   6226.076      3.7057322E-05
   6226.940      2.9066508E-05
   6227.806      2.1253689E-05
   6228.671      1.3689170E-05
   6229.536      6.4074638E-06
   6230.401     -5.7651334E-07
   6231.266     -7.2570606E-06
   6232.131     -1.3631502E-05
   6232.996     -1.9699837E-05
   6233.861     -2.5462070E-05
   6234.726     -3.0918200E-05
   6235.591     -3.6068217E-05
   6236.456     -4.0912131E-05
   6237.321     -4.5449946E-05
   6238.187     -4.9681646E-05
   6239.051     -5.3607248E-05
   6239.917     -5.7226745E-05
   6240.781     -6.0540136E-05
   6241.646     -6.3547421E-05
   6242.512     -6.6248591E-05
   6243.376     -6.8643669E-05
   6244.242     -7.0732633E-05
   6245.106     -7.2515504E-05
   6245.972     -7.3992269E-05
   6246.837     -7.5162927E-05
   6247.702     -7.6027471E-05
   6248.567     -7.6585922E-05
   6249.432     -7.6838252E-05
   6250.297     -7.6784483E-05
   6251.162     -7.6424614E-05
   6252.027     -7.5758631E-05
   6252.892     -7.4786549E-05
   6253.757     -7.3508367E-05
   6254.622     -7.1924071E-05
   6255.487     -7.0033668E-05
   6256.352     -6.7837173E-05
   6257.217     -6.5334571E-05
   6258.082     -6.2525854E-05
   6258.947     -5.9411035E-05
   6259.812     -5.5990113E-05
   6260.677     -5.2263083E-05
   6261.542     -4.8229947E-05
   6262.407     -4.3890712E-05
   6263.272     -3.9245366E-05
   6264.137     -3.4293917E-05
   6265.002     -2.9036364E-05
   6265.867     -2.3472699E-05
   6266.732     -1.7602935E-05
   6267.597     -1.1427067E-05
   6268.462     -4.9450914E-06
   6269.327      1.8429888E-06
   6270.192      8.9371742E-06
   6271.057      1.6337464E-05
   6271.922      2.4043860E-05
   6272.787      3.2056359E-05
   6273.652      4.0374962E-05
   6274.517      4.8999678E-05
   6275.382      5.7930498E-05
   6276.247      6.7167413E-05
   6277.112      7.6710443E-05
   6277.977      8.6559587E-05
   6278.842      9.6714823E-05
   6279.707      1.0717616E-04
   6280.572      1.1794360E-04
   6281.437      1.2901716E-04
   6282.302      1.4039681E-04
   6283.167      1.5208258E-04
   6284.032      1.6407443E-04
   6284.897      1.7637244E-04
   6285.762      1.8897653E-04
   6286.627      2.0188668E-04
   6287.492      2.1510298E-04
   6288.357      2.2862537E-04
   6289.222      2.4245388E-04
   6290.087      2.5658845E-04
   6290.952      2.7102916E-04
   6291.817      2.8577598E-04
   6292.682      3.0082889E-04
   6293.547      3.1618791E-04
   6294.412      3.3185302E-04
   6295.277      3.4782430E-04
   6296.142      3.6410170E-04
   6297.007      3.8068503E-04
   6297.872      3.9757462E-04
   6298.737      4.1477024E-04
   6299.602      4.3227203E-04
   6300.467      4.5007991E-04
   6301.332      4.6819390E-04
   6302.197      4.8661401E-04
   6303.062      5.0534011E-04
   6303.927      5.2437244E-04
   6304.792      5.4371072E-04
   6305.656      5.6335534E-04
   6306.521      5.8330590E-04
   6307.386      6.0356263E-04
   6308.251      6.2412536E-04
   6309.116      6.4499443E-04
   6309.981      6.6616939E-04
   6310.846      6.8765046E-04
   6311.711      7.0943765E-04
   6312.576      7.3153112E-04
   6313.441      7.5393048E-04
   6314.306      7.7663612E-04
   6315.171      7.9964771E-04
   6316.036      8.2296540E-04
   6316.901      8.4658933E-04
   6317.766      8.7051926E-04
   6318.631      8.9475530E-04
   6319.496      9.1929751E-04
   6320.361      9.4414590E-04
   6321.226      9.6930034E-04
   6322.090      9.9476066E-04
   6322.956      1.0205274E-03
   6323.820      1.0466003E-03
   6324.686      1.0729788E-03
   6325.550      1.0996639E-03
   6326.415      1.1266549E-03
   6327.280      1.1539520E-03
   6328.145      1.1815552E-03
   6329.010      1.2094645E-03
   6329.875      1.2376801E-03
   6330.740      1.2662015E-03
   6331.605      1.2950291E-03
   6332.470      1.3241628E-03
   6333.334      1.3536029E-03
   6334.200      1.3833487E-03
   6335.064      1.4134010E-03
   6335.930      1.4437591E-03
   6336.794      1.4744233E-03
   6337.659      1.5053939E-03
   6338.524      1.5366703E-03
   6339.389      1.5682527E-03
   6340.254      1.6001415E-03
   6341.119      1.6323363E-03
   6341.984      1.6648371E-03
   6342.849      1.6976442E-03
   6343.714      1.7307574E-03
   6344.579      1.7641766E-03
   6345.443      1.7979020E-03
   6346.309      1.8319334E-03
   6347.173      1.8662709E-03
   6348.038      1.9009146E-03
   6348.903      1.9358643E-03
   6349.768      1.9711202E-03
   6350.633      2.0066821E-03
   6351.498      2.0425501E-03
   6352.363      2.0787243E-03
   6353.228      2.1152047E-03
   6354.093      2.1519910E-03
   6354.958      2.1890835E-03
   6355.822      2.2264821E-03
   6356.688      2.2641870E-03
   6357.552      2.3021980E-03
   6358.417      2.3405142E-03
   6359.282      2.3791373E-03
   6360.147      2.4180666E-03
   6361.012      2.4573021E-03
   6361.877      2.4968432E-03
   6362.742      2.5366906E-03
   6363.606      2.5768441E-03
   6364.472      2.6173040E-03
   6365.336      2.6580696E-03
   6366.201      2.6991419E-03
   6367.066      2.7405198E-03
   6367.931      2.7822037E-03
   6368.796      2.8241936E-03
   6369.661      2.8664900E-03
   6370.526      2.9090925E-03
   6371.391      2.9520013E-03
   6372.255      2.9952163E-03
   6373.120      3.0387363E-03
   6373.985      3.0825629E-03
   6374.850      3.1266958E-03
   6375.715      3.1711352E-03
   6376.580      3.2158797E-03
   6377.445      3.2609315E-03
   6378.310      3.3062885E-03
   6379.174      3.3519522E-03
   6380.040      3.3979223E-03
   6380.904      3.4441969E-03
   6381.769      3.4907793E-03
   6382.634      3.5376668E-03
   6383.499      3.5848613E-03
   6384.364      3.6323611E-03
   6385.229      3.6801673E-03
   6386.093      3.7282791E-03
   6386.958      3.7766979E-03
   6387.823      3.8254226E-03
   6388.688      3.8744528E-03
   6389.553      3.9237891E-03
   6390.417      3.9734324E-03
   6391.283      4.0233815E-03
   6392.147      4.0736361E-03
   6393.012      4.1241976E-03
   6393.877      4.1750646E-03
   6394.742      4.2262375E-03
   6395.607      4.2777173E-03
   6396.472      4.3295021E-03
   6397.336      4.3815942E-03
   6398.201      4.4339914E-03
   6399.066      4.4866963E-03
   6399.931      4.5397053E-03
   6400.796      4.5930217E-03
   6401.661      4.6466435E-03
   6402.526      4.7005722E-03
   6403.391      4.7548064E-03
   6404.255      4.8093474E-03
   6405.120      4.8641940E-03
   6405.985      4.9193469E-03
   6406.850      4.9748053E-03
   6407.715      5.0305701E-03
   6408.580      5.0866413E-03
   6409.444      5.1430175E-03
   6410.309      5.1997020E-03
   6411.174      5.2566906E-03
   6412.039      5.3139864E-03
   6412.904      5.3715878E-03
   6413.769      5.4294472E-03
   6414.633      5.4875063E-03
   6415.498      5.5455943E-03
   6416.363      5.6033442E-03
   6417.228      5.6600790E-03
   6418.093      5.7147443E-03
   6418.958      5.7659899E-03
   6419.822      5.8124885E-03
   6420.687      5.8534876E-03
   6421.552      5.8893589E-03
   6422.417      5.9218300E-03
   6423.282      5.9536793E-03
   6424.146      5.9879627E-03
   6425.011      6.0271611E-03
   6425.876      6.0726507E-03
   6426.741      6.1246948E-03
   6427.606      6.1828112E-03
   6428.471      6.2462492E-03
   6429.335      6.3143210E-03
   6430.200      6.3865487E-03
   6431.065      6.4626583E-03
   6431.930      6.5425183E-03
   6432.794      6.6260863E-03
   6433.659      6.7133200E-03
   6434.524      6.8042185E-03
   6435.389      6.8987813E-03
   6436.254      6.9970107E-03
   6437.119      7.0989039E-03
   6437.983      7.2044623E-03
   6438.848      7.3136864E-03
   6439.713      7.4265748E-03
   6440.578      7.5431284E-03
   6441.443      7.6633478E-03
   6442.308      7.7872318E-03
   6443.172      7.9147806E-03
   6444.037      8.0459947E-03
   6444.902      8.1808744E-03
   6445.767      8.3194207E-03
   6446.631      8.4616309E-03
   6447.496      8.6075077E-03
   6448.361      8.7570464E-03
   6449.226      8.9102518E-03
   6450.091      9.0671219E-03
   6450.956      9.2276586E-03
   6451.820      9.3918601E-03
   6452.685      9.5597254E-03
   6453.550      9.7312573E-03
   6454.415      9.9064549E-03
   6455.279      1.0085315E-02
   6456.144      1.0267842E-02
   6457.009      1.0454035E-02
   6457.874      1.0643893E-02
   6458.738      1.0837413E-02
   6459.603      1.1034602E-02
   6460.468      1.1235454E-02
   6461.333      1.1439973E-02
   6462.198      1.1648157E-02
   6463.063      1.1860005E-02
   6463.927      1.2075518E-02
   6464.792      1.2294694E-02
   6465.657      1.2517541E-02
   6466.521      1.2744049E-02
   6467.386      1.2974221E-02
   6468.251      1.3208061E-02
   6469.116      1.3445564E-02
   6469.980      1.3686329E-02
   6470.845      1.3930131E-02
   6471.710      1.4176375E-02
   6472.575      1.4423069E-02
   6473.439      1.4667896E-02
   6474.304      1.4908282E-02
   6475.169      1.5142810E-02
   6476.034      1.5373573E-02
   6476.898      1.5608403E-02
   6477.763      1.5859636E-02
   6478.628      1.6141701E-02
   6479.493      1.6466424E-02
   6480.357      1.6838677E-02
   6481.222      1.7261408E-02
   6482.087      1.7737955E-02
   6482.952      1.8276401E-02
   6483.816      1.8888887E-02
   6484.681      1.9587679E-02
   6485.546      2.0376317E-02
   6486.411      2.1245928E-02
   6487.275      2.2175418E-02
   6488.140      2.3139469E-02
   6489.005      2.4114195E-02
   6489.870      2.5085133E-02
   6490.734      2.6048908E-02
   6491.599      2.7020793E-02
   6492.464      2.8032109E-02
   6493.329      2.9124394E-02
   6494.193      3.0337013E-02
   6495.058      3.1689189E-02
   6495.923      3.3172134E-02
   6496.788      3.4755416E-02
   6497.652      3.6405344E-02
   6498.517      3.8101215E-02
   6499.382      3.9851725E-02
   6500.247      4.1687429E-02
   6501.111      4.3658726E-02
   6501.976      4.5823343E-02
   6502.841      4.8245985E-02
   6503.706      5.0992880E-02
   6504.570      5.4124653E-02
   6505.435      5.7680853E-02
   6506.300      6.1671074E-02
   6507.165      6.6079855E-02
   6508.029      7.0882700E-02
   6508.894      7.6062538E-02
   6509.758      8.1624553E-02
   6510.623      8.7588139E-02
   6511.488      9.3984887E-02
   6512.353      0.1008507    
   6513.217      0.1082236    
   6514.082      0.1161451    
   6514.947      0.1246617    
   6515.812      0.1338228    
   6516.676      0.1436856    
   6517.541      0.1543176    
   6518.406      0.1657912    
   6519.271      0.1781836    
   6520.135      0.1915576    
   6521.000      0.2059675    
   6521.864      0.2214354    
   6522.729      0.2379616    
   6523.594      0.2555268    
   6524.458      0.2741013    
   6525.323      0.2936510    
   6526.188      0.3141290    
   6527.053      0.3354572    
   6527.917      0.3575149    
   6528.782      0.3801280    
   6529.647      0.4030877    
   6530.511      0.4261618    
   6531.376      0.4491208    
   6532.241      0.4717495    
   6533.105      0.4938717    
   6533.970      0.5153517    
   6534.835      0.5360804    
   6535.700      0.5559505    
   6536.564      0.5748382    
   6537.429      0.5926117    
   6538.293      0.6091584    
   6539.158      0.6244142    
   6540.023      0.6383639    
   6540.888      0.6510412    
   6541.752      0.6624848    
   6542.617      0.6727120    
   6543.482      0.6817048    
   6544.346      0.6894201    
   6545.211      0.6958337    
   6546.076      0.7009914    
   6546.940      0.7050335    
   6547.805      0.7081795    
   6548.670      0.7106720    
   6549.534      0.7127185    
   6550.399      0.7144549    
   6551.264      0.7159413    
   6552.128      0.7171727    
   6552.993      0.7181082    
   6553.858      0.7187109    
   6554.722      0.7189877    
   6555.587      0.7190067    
   6556.452      0.7188731    
   6557.316      0.7186937    
   6558.181      0.7185442    
   6559.046      0.7184694    
   6559.910      0.7184994    
   6560.775      0.7186866    
   6561.640      0.7191066    
   6562.504      0.7198521    
   6563.369      0.7209926    
   6564.234      0.7225382    
   6565.098      0.7244049    
   6565.963      0.7264097    
   6566.828      0.7283120    
   6567.692      0.7298789    
   6568.557      0.7309793    
   6569.421      0.7316318    
   6570.286      0.7319925    
   6571.151      0.7322884    
   6572.016      0.7327018    
   6572.880      0.7332978    
   6573.745      0.7340168    
   6574.609      0.7347386    
   6575.474      0.7353669    
   6576.339      0.7358739    
   6577.203      0.7362946    
   6578.068      0.7366697    
   6578.933      0.7369912    
   6579.797      0.7371746    
   6580.662      0.7371138    
   6581.526      0.7367332    
   6582.391      0.7360472    
   6583.256      0.7351426    
   6584.120      0.7341305    
   6584.985      0.7330881    
   6585.850      0.7320403    
   6586.714      0.7309846    
   6587.579      0.7299164    
   6588.443      0.7288440    
   6589.308      0.7277882    
   6590.173      0.7267634    
   6591.037      0.7257882    
   6591.902      0.7248763    
   6592.767      0.7240227    
   6593.631      0.7231979    
   6594.496      0.7223341    
   6595.360      0.7213541    
   6596.225      0.7201892    
   6597.090      0.7188047    
   6597.954      0.7172099    
   6598.819      0.7154555    
   6599.684      0.7136157    
   6600.548      0.7117755    
   6601.413      0.7099924    
   6602.277      0.7082671    
   6603.142      0.7065061    
   6604.006      0.7045337    
   6604.871      0.7021322    
   6605.736      0.6990982    
   6606.600      0.6952985    
   6607.465      0.6906708    
   6608.330      0.6851993    
   6609.194      0.6788835    
   6610.059      0.6717158    
   6610.923      0.6636840    
   6611.788      0.6547847    
   6612.652      0.6450219    
   6613.517      0.6344034    
   6614.382      0.6229153    
   6615.246      0.6105152    
   6616.111      0.5971276    
   6616.976      0.5826569    
   6617.840      0.5670260    
   6618.705      0.5502157    
   6619.569      0.5322931    
   6620.434      0.5134113    
   6621.298      0.4937817    
   6622.163      0.4736246    
   6623.027      0.4531234    
   6623.892      0.4324200    
   6624.757      0.4116328    
   6625.621      0.3908882    
   6626.486      0.3703489    
   6627.351      0.3501903    
   6628.215      0.3305682    
   6629.080      0.3115819    
   6629.944      0.2932636    
   6630.809      0.2756060    
   6631.673      0.2586029    
   6632.538      0.2422814    
   6633.402      0.2267070    
   6634.267      0.2119634    
   6635.132      0.1981212    
   6635.996      0.1852152    
   6636.861      0.1732263    
   6637.725      0.1620885    
   6638.590      0.1516971    
   6639.455      0.1419331    
   6640.319      0.1326877    
   6641.184      0.1238951    
   6642.048      0.1155428    
   6642.913      0.1076667    
   6643.777      0.1003234    
   6644.642      9.3548872E-02
   6645.506      8.7338246E-02
   6646.371      8.1651799E-02
   6647.235      7.6433681E-02
   6648.100      7.1636349E-02
   6648.964      6.7225538E-02
   6649.829      6.3171327E-02
   6650.694      5.9439421E-02
   6651.558      5.5984594E-02
   6652.423      5.2754797E-02
   6653.287      4.9703162E-02
   6654.152      4.6801120E-02
   6655.016      4.4044722E-02
   6655.881      4.1447472E-02
   6656.746      3.9025243E-02
   6657.610      3.6785830E-02
   6658.475      3.4722622E-02
   6659.339      3.2820381E-02
   6660.204      3.1060498E-02
   6661.068      2.9424306E-02
   6661.933      2.7898334E-02
   6662.797      2.6477346E-02
   6663.662      2.5166942E-02
   6664.526      2.3976294E-02
   6665.391      2.2911198E-02
   6666.255      2.1965148E-02
   6667.120      2.1124786E-02
   6667.984      2.0371256E-02
   6668.849      1.9687623E-02
   6669.713      1.9057279E-02
   6670.578      1.8461188E-02
   6671.442      1.7879602E-02
   6672.307      1.7293299E-02
   6673.171      1.6689446E-02
   6674.036      1.6064826E-02
   6674.900      1.5424399E-02
   6675.765      1.4778570E-02
   6676.629      1.4139560E-02
   6677.494      1.3523825E-02
   6678.359      1.2950438E-02
   6679.223      1.2439913E-02
   6680.088      1.2007429E-02
   6680.952      1.1654334E-02
   6681.817      1.1368761E-02
   6682.681      1.1130522E-02
   6683.546      1.0920827E-02
   6684.410      1.0725189E-02
   6685.275      1.0533367E-02
   6686.139      1.0338194E-02
   6687.004      1.0138191E-02
   6687.868      9.9408589E-03
   6688.733      9.7604515E-03
   6689.597      9.6109854E-03
   6690.462      9.4950171E-03
   6691.326      9.4040213E-03
   6692.191      9.3225753E-03
   6693.055      9.2377858E-03
   6693.920      9.1472249E-03
   6694.784      9.0568252E-03
   6695.649      8.9779207E-03
   6696.513      8.9170178E-03
   6697.378      8.8742515E-03
   6698.242      8.8406261E-03
   6699.107      8.7994738E-03
   6699.971      8.7328600E-03
   6700.835      8.6278897E-03
   6701.700      8.4812427E-03
   6702.564      8.2989028E-03
   6703.429      8.0927759E-03
   6704.293      7.8691849E-03
   6705.158      7.6274811E-03
   6706.022      7.3676310E-03
   6706.887      7.0984904E-03
   6707.751      6.8463366E-03
   6708.616      6.6472655E-03
   6709.480      6.5305191E-03
   6710.345      6.5002711E-03
   6711.209      6.5305498E-03
   6712.074      6.5766415E-03
   6712.938      6.5953010E-03
   6713.803      6.5636672E-03
   6714.667      6.4857947E-03
   6715.532      6.3862219E-03
   6716.396      6.2930165E-03
   6717.261      6.2252521E-03
   6718.125      6.1873547E-03
   6718.990      6.1678067E-03
   6719.854      6.1459551E-03
   6720.719      6.0991156E-03
   6721.583      6.0114451E-03
   6722.448      5.8728764E-03
   6723.312      5.6838440E-03
   6724.176      5.4512513E-03
   6725.041      5.1916516E-03
   6725.905      4.9275584E-03
   6726.770      4.6818494E-03
   6727.634      4.4688215E-03
   6728.499      4.2925421E-03
   6729.363      4.1511063E-03
   6730.228      4.0444853E-03
   6731.092      3.9782338E-03
   6731.957      3.9587752E-03
   6732.821      3.9859628E-03
   6733.686      4.0434017E-03
   6734.550      4.1034007E-03
   6735.415      4.1368101E-03
   6736.279      4.1242675E-03
   6737.143      4.0616761E-03
   6738.008      3.9591896E-03
   6738.872      3.8334015E-03
   6739.737      3.6998435E-03
   6740.601      3.5662684E-03
   6741.465      3.4330140E-03
   6742.330      3.2925089E-03
   6743.194      3.1361443E-03
   6744.059      2.9612998E-03
   6744.923      2.7792389E-03
   6745.788      2.6124076E-03
   6746.652      2.4857204E-03
   6747.517      2.4129436E-03
   6748.381      2.3891185E-03
   6749.246      2.3914597E-03
   6750.110      2.3900301E-03
   6750.974      2.3658297E-03
   6751.839      2.3175543E-03
   6752.703      2.2648321E-03
   6753.567      2.2338685E-03
   6754.432      2.2415926E-03
   6755.296      2.2896680E-03
   6756.161      2.3672334E-03
   6757.025      2.4600565E-03
   6757.890      2.5583727E-03
   6758.754      2.6588067E-03
   6759.619      2.7559190E-03
   6760.483      2.8417336E-03
   6761.347      2.9046061E-03
   6762.212      2.9363427E-03
   6763.076      2.9347404E-03
   6763.940      2.9042054E-03
   6764.805      2.8520604E-03
   6765.669      2.7845670E-03
   6766.534      2.7057258E-03
   6767.398      2.6177864E-03
   6768.263      2.5231396E-03
   6769.127      2.4220683E-03
   6769.991      2.3130421E-03
   6770.856      2.1940398E-03
   6771.720      2.0675443E-03
   6772.584      1.9451589E-03
   6773.449      1.8462620E-03
   6774.313      1.7864860E-03
   6775.178      1.7660438E-03
   6776.042      1.7652586E-03
   6776.907      1.7521122E-03
   6777.771      1.7016135E-03
   6778.635      1.6114116E-03
   6779.500      1.5021504E-03
   6780.364      1.4071660E-03
   6781.229      1.3524476E-03
   6782.093      1.3450088E-03
   6782.958      1.3713341E-03
   6783.822      1.4099992E-03
   6784.686      1.4427819E-03
   6785.551      1.4615327E-03
   6786.415      1.4688801E-03
   6787.279      1.4719212E-03
   6788.144      1.4768238E-03
   6789.008      1.4865260E-03
   6789.873      1.5022608E-03
   6790.737      1.5199051E-03
   6791.601      1.5306590E-03
   6792.466      1.5208316E-03
   6793.330      1.4760386E-03
   6794.194      1.3898200E-03
   6795.059      1.2690704E-03
   6795.923      1.1351339E-03
   6796.788      1.0139747E-03
   6797.652      9.2734263E-04
   6798.516      8.8509975E-04
   6799.380      8.8313117E-04
   6800.245      9.1273425E-04
   6801.109      9.6636906E-04
   6801.974      1.0426673E-03
   6802.838      1.1423820E-03
   6803.703      1.2647778E-03
   6804.567      1.4005319E-03
   6805.431      1.5316432E-03
   6806.295      1.6369944E-03
   6807.160      1.7002755E-03
   6808.024      1.7139077E-03
   6808.889      1.6818409E-03
   6809.753      1.6160769E-03
   6810.617      1.5295004E-03
   6811.482      1.4336383E-03
   6812.346      1.3345594E-03
   6813.210      1.2375463E-03
   6814.075      1.1456476E-03
   6814.939      1.0609645E-03
   6815.803      9.8552846E-04
   6816.668      9.2355005E-04
   6817.532      8.8305882E-04
   6818.396      8.7500928E-04
   6819.261      9.0494828E-04
   6820.125      9.6817594E-04
   6820.990      1.0481160E-03
   6821.854      1.1212307E-03
   6822.718      1.1650105E-03
   6823.583      1.1658262E-03
   6824.447      1.1195294E-03
   6825.311      1.0306013E-03
   6826.176      9.0585399E-04
   6827.040      7.5240323E-04
   6827.904      5.7804520E-04
   6828.769      3.9401441E-04
   6829.633      2.2054769E-04
   6830.497      8.2948376E-05
   6831.362      8.4429466E-06
   6832.226      1.2833396E-05
   6833.090      9.9475779E-05
   6833.955      2.5253909E-04
   6834.819      4.4287500E-04
   6835.683      6.3330005E-04
   6836.547      7.8558020E-04
   6837.412      8.7262952E-04
   6838.276      8.8384777E-04
   6839.141      8.3006109E-04
   6840.005      7.3981698E-04
   6840.869      6.4878212E-04
   6841.733      5.8687752E-04
   6842.598      5.6641776E-04
   6843.462      5.8177399E-04
   6844.327      6.1526609E-04
   6845.191      6.4795051E-04
   6846.055      6.6508405E-04
   6846.919      6.5931445E-04
   6847.784      6.3163973E-04
   6848.648      5.9162226E-04
   6849.512      5.5875635E-04
   6850.376      5.5445865E-04
   6851.241      5.9473421E-04
   6852.105      6.7907543E-04
   6852.970      7.9280848E-04
   6853.834      9.1216178E-04
   6854.698      1.0164004E-03
   6855.563      1.0943654E-03
   6856.427      1.1458078E-03
   6857.291      1.1801538E-03
   6858.155      1.2091156E-03
   6859.020      1.2392966E-03
   6859.884      1.2681971E-03
   6860.749      1.2840696E-03
   6861.613      1.2740253E-03
   6862.477      1.2355616E-03
   6863.341      1.1807370E-03
   6864.206      1.1356855E-03
   6865.070      1.1280102E-03
   6865.934      1.1739124E-03
   6866.798      1.2705775E-03
   6867.663      1.3945771E-03
   6868.527      1.5119646E-03
   6869.391      1.5913050E-03
   6870.255      1.6143610E-03
   6871.120      1.5810508E-03
   6871.984      1.5061394E-03
   6872.848      1.4101045E-03
   6873.712      1.3095181E-03
   6874.577      1.2136899E-03
   6875.441      1.1259430E-03
   6876.306      1.0499846E-03
   6877.170      9.9348021E-04
   6878.034      9.6462306E-04
   6878.898      9.6665288E-04
   6879.763      9.9098717E-04
   6880.627      1.0202237E-03
   6881.491      1.0343831E-03
   6882.355      1.0243373E-03
   6883.220      9.9600456E-04
   6884.084      9.6914894E-04
   6884.948      9.6439256E-04
   6885.813      9.9227426E-04
   6886.677      1.0454236E-03
   6887.541      1.0988170E-03
   6888.405      1.1187536E-03
   6889.270      1.0726588E-03
   6890.134      9.4126927E-04
   6890.998      7.2614517E-04
   6891.862      4.5678928E-04
   6892.727      1.8611996E-04
   6893.591     -2.5092831E-05
   6894.455     -1.3075347E-04
   6895.319     -1.1797692E-04
   6896.184     -1.1375307E-05
   6897.048      1.4207241E-04
   6897.912      2.9367834E-04
   6898.776      4.1054675E-04
   6899.641      4.8060360E-04
   6900.505      5.0723192E-04
   6901.369      5.0146732E-04
   6902.233      4.7685963E-04
   6903.098      4.4787207E-04
   6903.962      4.2766426E-04
   6904.826      4.2408390E-04
   6905.690      4.3889383E-04
   6906.555      4.6691962E-04
   6907.419      4.9901044E-04
   6908.283      5.2684476E-04
   6909.147      5.4590980E-04
   6910.012      5.5728102E-04
   6910.876      5.6588551E-04
   6911.740      5.7576754E-04
   6912.604      5.8625260E-04
   6913.468      5.8954110E-04
   6914.333      5.7603762E-04
   6915.197      5.4049649E-04
   6916.061      4.8566589E-04
   6916.925      4.2097268E-04
   6917.790      3.5851230E-04
   6918.654      3.0568172E-04
   6919.518      2.6732919E-04
   6920.382      2.4520443E-04
   6921.247      2.3995645E-04
   6922.111      2.5055421E-04
   6922.975      2.7217646E-04
   6923.839      2.9628898E-04
   6924.704      3.1304662E-04
   6925.567      3.1697733E-04
   6926.432      3.0957771E-04
   6927.296      2.9997921E-04
   6928.160      2.9983366E-04
   6929.024      3.1688303E-04
   6929.889      3.4943779E-04
   6930.753      3.8953175E-04
   6931.617      4.2558700E-04
   6932.481      4.5065599E-04
   6933.346      4.6436006E-04
   6934.210      4.7171558E-04
   6935.074      4.8060511E-04
   6935.938      4.9594557E-04
   6936.802      5.1689887E-04
   6937.667      5.3868117E-04
   6938.531      5.5271364E-04
   6939.395      5.5310596E-04
   6940.259      5.4013461E-04
   6941.124      5.2138593E-04
   6941.988      5.1137863E-04
   6942.852      5.2526972E-04
   6943.716      5.7054113E-04
   6944.580      6.4107915E-04
   6945.444      7.1686809E-04
   6946.309      7.7155570E-04
   6947.173      7.8615791E-04
   6948.037      7.5732538E-04
   6948.901      6.9863565E-04
   6949.765      6.3019391E-04
   6950.629      5.6823809E-04
   6951.494      5.1651377E-04
   6952.358      4.7002194E-04
   6953.222      4.2298230E-04
   6954.086      3.7443204E-04
   6954.950      3.3207019E-04
   6955.814      3.0823267E-04
   6956.679      3.1104858E-04
   6957.543      3.3976490E-04
   6958.407      3.8216027E-04
   6959.271      4.1909498E-04
   6960.136      4.3478212E-04
   6961.000      4.2310674E-04
   6961.864      3.9012465E-04
   6962.728      3.5091554E-04
   6963.592      3.2064258E-04
   6964.457      3.1168383E-04
   6965.321      3.2801385E-04
   6966.185      3.6680742E-04
   6967.049      4.1925913E-04
   6967.913      4.7301725E-04
   6968.777      5.1731186E-04
   6969.642      5.4518273E-04
   6970.505      5.5624882E-04
   6971.370      5.5371737E-04
   6972.234      5.4104539E-04
   6973.098      5.1836931E-04
   6973.962      4.8205152E-04
   6974.826      4.2764007E-04
   6975.690      3.5571889E-04
   6976.555      2.7166729E-04
   6977.419      1.8364105E-04
   6978.283      9.7590571E-05
   6979.147      1.6123093E-05
   6980.011     -5.8332040E-05
   6980.875     -1.1624509E-04
   6981.740     -1.4031593E-04
   6982.604     -1.1153984E-04
   6983.468     -2.1532191E-05
   6984.332      1.1956698E-04
   6985.196      2.8109268E-04
   6986.061      4.2391868E-04
   6986.924      5.1831629E-04
   6987.789      5.5640546E-04
   6988.653      5.5501127E-04
   6989.517      5.4191123E-04
   6990.381      5.3868460E-04
   6991.245      5.4837734E-04
   6992.109      5.5548875E-04
   6992.974      5.3696608E-04
   6993.838      4.7641073E-04
   6994.702      3.7296495E-04
   6995.566      2.4203272E-04
   6996.430      1.1023376E-04
   6997.294      4.3275872E-06
   6998.158     -5.8401201E-05
   6999.022     -7.3219038E-05
   6999.887     -4.7118130E-05
   7000.750      9.0670565E-06
   7001.615      8.7105422E-05
   7002.479      1.8239448E-04
   7003.343      2.9132061E-04
   7004.207      4.0811196E-04
   7005.071      5.2281289E-04
   7005.936      6.2122848E-04
   7006.800      6.8971474E-04
   7007.664      7.1815331E-04
   7008.528      7.0294691E-04
   7009.392      6.4774771E-04
   7010.256      5.6206842E-04
   7011.120      4.6028840E-04
   7011.984      3.5788119E-04
   7012.849      2.6894023E-04
   7013.712      2.0264543E-04
   7014.577      1.6256230E-04
   7015.441      1.4584551E-04
   7016.305      1.4664429E-04
   7017.169      1.5606232E-04
   7018.033      1.6479127E-04
   7018.897      1.6364566E-04
   7019.761      1.4715425E-04
   7020.625      1.1623625E-04
   7021.489      8.0656166E-05
   7022.354      5.6773490E-05
   7023.218      6.0068167E-05
   7024.082      9.6779280E-05
   7024.946      1.5957016E-04
   7025.810      2.2915435E-04
   7026.674      2.8351592E-04
   7027.538      3.0886178E-04
   7028.402      3.0563804E-04
   7029.267      2.8878666E-04
   7030.130      2.7904089E-04
   7030.995      2.9348361E-04
   7031.859      3.3732032E-04
   7032.723      4.0223115E-04
   7033.587      4.6884562E-04
   7034.451      5.1414565E-04
   7035.315      5.2119250E-04
   7036.179      4.8520474E-04
   7037.043      4.1692890E-04
   7037.907      3.4287933E-04
   7038.771      2.9281131E-04
   7039.635      2.8778502E-04
   7040.500      3.2837500E-04
   7041.364      3.9381997E-04
   7042.228      4.5151557E-04
   7043.092      4.7443679E-04
   7043.956      4.5416810E-04
   7044.820      4.0270924E-04
   7045.684      3.4445559E-04
   7046.548      3.0162372E-04
   7047.412      2.8242520E-04
   7048.276      2.7956421E-04
   7049.140      2.7786102E-04
   7050.004      2.6408184E-04
   7050.869      2.3499657E-04
   7051.732      1.9727374E-04
   7052.597      1.6178998E-04
   7053.460      1.3504739E-04
   7054.325      1.1575421E-04
   7055.189      9.7359378E-05
   7056.053      7.3746582E-05
   7056.917      4.4699340E-05
   7057.781      2.0228108E-05
   7058.645      1.4558910E-05
   7059.509      3.9901297E-05
   7060.373      9.9837307E-05
   7061.237      1.8760868E-04
   7062.101      2.8692011E-04
   7062.965      3.7772834E-04
   7063.830      4.4211064E-04
   7064.693      4.6976769E-04
   7065.558      4.6222343E-04
   7066.421      4.3254392E-04
   7067.286      3.9758938E-04
   7068.149      3.7100073E-04
   7069.014      3.5544499E-04
   7069.878      3.4323681E-04
   7070.742      3.2314722E-04
   7071.606      2.8958410E-04
   7072.470      2.4805468E-04
   7073.334      2.1242948E-04
   7074.198      1.9750489E-04
   7075.062      2.1120952E-04
   7075.926      2.5056434E-04
   7076.790      3.0476897E-04
   7077.654      3.6140770E-04
   7078.518      4.1063063E-04
   7079.382      4.4641670E-04
   7080.246      4.6482089E-04
   7081.110      4.6293766E-04
   7081.974      4.3855183E-04
   7082.838      3.9143179E-04
   7083.702      3.2358058E-04
   7084.566      2.3984036E-04
   7085.430      1.4815295E-04
   7086.294      5.9267863E-05
   7087.158     -1.3577872E-05
   7088.022     -5.6816982E-05
   7088.887     -6.3236395E-05
   7089.750     -3.4157591E-05
   7090.614      1.9678035E-05
   7091.479      8.2805171E-05
   7092.343      1.4337833E-04
   7093.207      1.9881205E-04
   7094.071      2.5575259E-04
   7094.935      3.2589459E-04
   7095.799      4.1573023E-04
   7096.663      5.1886297E-04
   7097.527      6.1437034E-04
   7098.391      6.7406998E-04
   7099.255      6.7575689E-04
   7100.119      6.1436003E-04
   7100.983      5.0439051E-04
   7101.847      3.7287577E-04
   7102.711      2.4739222E-04
   7103.575      1.4657785E-04
   7104.438      7.6586286E-05
   7105.303      3.4346391E-05
   7106.167      1.1751751E-05
