 6.35019e+03  2.85499e-03
 6.35045e+03  2.78853e-03
 6.35071e+03  2.73994e-03
 6.35097e+03  2.71982e-03
 6.35123e+03  2.82274e-03
 6.35150e+03  2.92409e-03
 6.35176e+03  2.85222e-03
 6.35202e+03  2.85117e-03
 6.35228e+03  2.72639e-03
 6.35254e+03  2.96840e-03
 6.35280e+03  2.81897e-03
 6.35306e+03  2.87866e-03
 6.35332e+03  2.93303e-03
 6.35359e+03  2.88186e-03
 6.35385e+03  3.02781e-03
 6.35411e+03  3.01220e-03
 6.35437e+03  2.93176e-03
 6.35463e+03  2.93176e-03
 6.35489e+03  3.03857e-03
 6.35515e+03  3.05594e-03
 6.35541e+03  3.06310e-03
 6.35568e+03  2.94630e-03
 6.35594e+03  3.06152e-03
 6.35620e+03  3.13339e-03
 6.35646e+03  3.07022e-03
 6.35672e+03  3.10041e-03
 6.35698e+03  3.16023e-03
 6.35724e+03  3.21645e-03
 6.35750e+03  3.27633e-03
 6.35776e+03  3.14843e-03
 6.35803e+03  3.27018e-03
 6.35829e+03  3.37875e-03
 6.35855e+03  3.28483e-03
 6.35881e+03  3.30943e-03
 6.35907e+03  3.36331e-03
 6.35933e+03  3.31431e-03
 6.35959e+03  3.39860e-03
 6.35985e+03  3.41302e-03
 6.36012e+03  3.32460e-03
 6.36038e+03  3.45994e-03
 6.36064e+03  3.49495e-03
 6.36090e+03  3.44951e-03
 6.36116e+03  3.53134e-03
 6.36142e+03  3.53503e-03
 6.36168e+03  3.50566e-03
 6.36194e+03  3.49363e-03
 6.36221e+03  3.52862e-03
 6.36247e+03  3.66041e-03
 6.36273e+03  3.56862e-03
 6.36299e+03  3.62904e-03
 6.36325e+03  3.70124e-03
 6.36351e+03  3.68149e-03
 6.36377e+03  3.57740e-03
 6.36403e+03  3.70983e-03
 6.36429e+03  3.84317e-03
 6.36456e+03  3.80084e-03
 6.36482e+03  3.88258e-03
 6.36508e+03  3.66501e-03
 6.36534e+03  3.86108e-03
 6.36560e+03  3.73528e-03
 6.36586e+03  3.92242e-03
 6.36612e+03  3.86546e-03
 6.36638e+03  3.86538e-03
 6.36665e+03  3.93062e-03
 6.36691e+03  3.95041e-03
 6.36717e+03  3.99540e-03
 6.36743e+03  3.98560e-03
 6.36769e+03  4.04266e-03
 6.36795e+03  4.02482e-03
 6.36821e+03  3.98791e-03
 6.36847e+03  4.13601e-03
 6.36874e+03  4.04378e-03
 6.36900e+03  4.24417e-03
 6.36926e+03  4.25990e-03
 6.36952e+03  4.23840e-03
 6.36978e+03  4.28312e-03
 6.37004e+03  4.24761e-03
 6.37030e+03  4.35619e-03
 6.37056e+03  4.33834e-03
 6.37082e+03  4.34486e-03
 6.37109e+03  4.53887e-03
 6.37135e+03  4.45369e-03
 6.37161e+03  4.43641e-03
 6.37187e+03  4.40506e-03
 6.37213e+03  4.49690e-03
 6.37239e+03  4.42765e-03
 6.37265e+03  4.56196e-03
 6.37291e+03  4.46374e-03
 6.37318e+03  4.61456e-03
 6.37344e+03  4.59141e-03
 6.37370e+03  4.74599e-03
 6.37396e+03  4.66550e-03
 6.37422e+03  4.73587e-03
 6.37448e+03  4.87670e-03
 6.37474e+03  4.80952e-03
 6.37500e+03  4.84422e-03
 6.37527e+03  4.83760e-03
 6.37553e+03  4.91127e-03
 6.37579e+03  4.96982e-03
 6.37605e+03  4.93139e-03
 6.37631e+03  5.04101e-03
 6.37657e+03  5.06840e-03
 6.37683e+03  5.15104e-03
 6.37709e+03  5.12845e-03
 6.37735e+03  5.09595e-03
 6.37762e+03  5.28247e-03
 6.37788e+03  5.26158e-03
 6.37814e+03  5.36190e-03
 6.37840e+03  5.15029e-03
 6.37866e+03  5.48908e-03
 6.37892e+03  5.47942e-03
 6.37918e+03  5.47308e-03
 6.37944e+03  5.37242e-03
 6.37971e+03  5.59334e-03
 6.37997e+03  5.56714e-03
 6.38023e+03  5.52817e-03
 6.38049e+03  5.54634e-03
 6.38075e+03  5.79136e-03
 6.38101e+03  5.61910e-03
 6.38127e+03  5.78920e-03
 6.38153e+03  5.91953e-03
 6.38180e+03  5.80443e-03
 6.38206e+03  5.90790e-03
 6.38232e+03  5.95911e-03
 6.38258e+03  5.84346e-03
 6.38284e+03  5.94069e-03
 6.38310e+03  5.96376e-03
 6.38336e+03  6.04816e-03
 6.38362e+03  6.22648e-03
 6.38388e+03  6.14498e-03
 6.38415e+03  6.34772e-03
 6.38441e+03  6.28179e-03
 6.38467e+03  6.19351e-03
 6.38493e+03  6.27807e-03
 6.38519e+03  6.41827e-03
 6.38545e+03  6.56844e-03
 6.38571e+03  6.49816e-03
 6.38597e+03  6.49107e-03
 6.38624e+03  6.50248e-03
 6.38650e+03  6.71756e-03
 6.38676e+03  6.69990e-03
 6.38702e+03  6.79119e-03
 6.38728e+03  6.86054e-03
 6.38754e+03  6.84986e-03
 6.38780e+03  6.82738e-03
 6.38806e+03  6.96709e-03
 6.38833e+03  6.91213e-03
 6.38859e+03  7.28441e-03
 6.38885e+03  7.17204e-03
 6.38911e+03  7.26558e-03
 6.38937e+03  7.49761e-03
 6.38963e+03  7.30111e-03
 6.38989e+03  7.29876e-03
 6.39015e+03  7.34681e-03
 6.39042e+03  7.42070e-03
 6.39068e+03  7.56917e-03
 6.39094e+03  7.69587e-03
 6.39120e+03  7.79886e-03
 6.39146e+03  7.67103e-03
 6.39172e+03  7.97402e-03
 6.39198e+03  7.95018e-03
 6.39224e+03  8.08492e-03
 6.39250e+03  7.96719e-03
 6.39277e+03  8.07745e-03
 6.39303e+03  8.24136e-03
 6.39329e+03  8.26731e-03
 6.39355e+03  8.14355e-03
 6.39381e+03  8.44509e-03
 6.39407e+03  8.38246e-03
 6.39433e+03  8.54994e-03
 6.39459e+03  8.65405e-03
 6.39485e+03  8.52857e-03
 6.39512e+03  8.51437e-03
 6.39538e+03  8.87838e-03
 6.39564e+03  8.89332e-03
 6.39590e+03  8.96111e-03
 6.39616e+03  9.13994e-03
 6.39642e+03  9.12041e-03
 6.39668e+03  9.35427e-03
 6.39694e+03  9.14726e-03
 6.39721e+03  9.28573e-03
 6.39747e+03  9.24234e-03
 6.39773e+03  9.46816e-03
 6.39799e+03  9.69186e-03
 6.39825e+03  9.70640e-03
 6.39851e+03  9.75411e-03
 6.39877e+03  9.71607e-03
 6.39903e+03  1.01365e-02
 6.39930e+03  9.99421e-03
 6.39956e+03  9.94219e-03
 6.39982e+03  1.02916e-02
 6.40008e+03  1.02534e-02
 6.40034e+03  1.02693e-02
 6.40060e+03  1.04596e-02
 6.40086e+03  1.06415e-02
 6.40112e+03  1.06056e-02
 6.40139e+03  1.07410e-02
 6.40165e+03  1.08320e-02
 6.40191e+03  1.10578e-02
 6.40217e+03  1.09093e-02
 6.40243e+03  1.09316e-02
 6.40269e+03  1.11282e-02
 6.40295e+03  1.11427e-02
 6.40321e+03  1.14312e-02
 6.40347e+03  1.12810e-02
 6.40374e+03  1.17015e-02
 6.40400e+03  1.17617e-02
 6.40426e+03  1.18330e-02
 6.40452e+03  1.21024e-02
 6.40478e+03  1.20444e-02
 6.40504e+03  1.21990e-02
 6.40530e+03  1.22858e-02
 6.40556e+03  1.25294e-02
 6.40583e+03  1.24127e-02
 6.40609e+03  1.27176e-02
 6.40635e+03  1.26611e-02
 6.40661e+03  1.28086e-02
 6.40687e+03  1.26285e-02
 6.40713e+03  1.30623e-02
 6.40739e+03  1.33921e-02
 6.40765e+03  1.32819e-02
 6.40792e+03  1.35294e-02
 6.40818e+03  1.35522e-02
 6.40844e+03  1.39074e-02
 6.40870e+03  1.39580e-02
 6.40896e+03  1.41568e-02
 6.40922e+03  1.42182e-02
 6.40948e+03  1.43242e-02
 6.40974e+03  1.43621e-02
 6.41000e+03  1.44659e-02
 6.41027e+03  1.45783e-02
 6.41053e+03  1.47873e-02
 6.41079e+03  1.50062e-02
 6.41105e+03  1.52655e-02
 6.41131e+03  1.52001e-02
 6.41157e+03  1.55709e-02
 6.41183e+03  1.55481e-02
 6.41209e+03  1.57062e-02
 6.41236e+03  1.59835e-02
 6.41262e+03  1.60524e-02
 6.41288e+03  1.61935e-02
 6.41314e+03  1.65410e-02
 6.41340e+03  1.65428e-02
 6.41366e+03  1.67385e-02
 6.41392e+03  1.68750e-02
 6.41418e+03  1.72667e-02
 6.41445e+03  1.69427e-02
 6.41471e+03  1.75687e-02
 6.41497e+03  1.77277e-02
 6.41523e+03  1.78754e-02
 6.41549e+03  1.79330e-02
 6.41575e+03  1.82942e-02
 6.41601e+03  1.83320e-02
 6.41627e+03  1.84308e-02
 6.41653e+03  1.85360e-02
 6.41680e+03  1.88975e-02
 6.41706e+03  1.90905e-02
 6.41732e+03  1.92713e-02
 6.41758e+03  1.95342e-02
 6.41784e+03  1.97565e-02
 6.41810e+03  1.98889e-02
 6.41836e+03  1.97802e-02
 6.41862e+03  2.03834e-02
 6.41889e+03  2.03910e-02
 6.41915e+03  2.05752e-02
 6.41941e+03  2.09082e-02
 6.41967e+03  2.12400e-02
 6.41993e+03  2.14389e-02
 6.42019e+03  2.15609e-02
 6.42045e+03  2.16678e-02
 6.42071e+03  2.19746e-02
 6.42098e+03  2.23599e-02
 6.42124e+03  2.24175e-02
 6.42150e+03  2.27463e-02
 6.42176e+03  2.31867e-02
 6.42202e+03  2.32970e-02
 6.42228e+03  2.36965e-02
 6.42254e+03  2.38262e-02
 6.42280e+03  2.40407e-02
 6.42306e+03  2.44814e-02
 6.42333e+03  2.46728e-02
 6.42359e+03  2.50902e-02
 6.42385e+03  2.52156e-02
 6.42411e+03  2.57307e-02
 6.42437e+03  2.57674e-02
 6.42463e+03  2.60614e-02
 6.42489e+03  2.66149e-02
 6.42515e+03  2.65753e-02
 6.42542e+03  2.69654e-02
 6.42568e+03  2.69875e-02
 6.42594e+03  2.76514e-02
 6.42620e+03  2.78653e-02
 6.42646e+03  2.83663e-02
 6.42672e+03  2.83802e-02
 6.42698e+03  2.88813e-02
 6.42724e+03  2.92523e-02
 6.42751e+03  2.97557e-02
 6.42777e+03  2.99862e-02
 6.42803e+03  3.02707e-02
 6.42829e+03  3.07905e-02
 6.42855e+03  3.11068e-02
 6.42881e+03  3.16417e-02
 6.42907e+03  3.17312e-02
 6.42933e+03  3.23242e-02
 6.42959e+03  3.26092e-02
 6.42986e+03  3.25151e-02
 6.43012e+03  3.32268e-02
 6.43038e+03  3.32668e-02
 6.43064e+03  3.42149e-02
 6.43090e+03  3.46645e-02
 6.43116e+03  3.48497e-02
 6.43142e+03  3.53557e-02
 6.43168e+03  3.58282e-02
 6.43195e+03  3.61650e-02
 6.43221e+03  3.66155e-02
 6.43247e+03  3.72161e-02
 6.43273e+03  3.74035e-02
 6.43299e+03  3.78274e-02
 6.43325e+03  3.87642e-02
 6.43351e+03  3.88587e-02
 6.43377e+03  3.93542e-02
 6.43404e+03  3.98458e-02
 6.43430e+03  4.04400e-02
 6.43456e+03  4.08618e-02
 6.43482e+03  4.12610e-02
 6.43508e+03  4.20868e-02
 6.43534e+03  4.24209e-02
 6.43560e+03  4.31450e-02
 6.43586e+03  4.36003e-02
 6.43612e+03  4.43894e-02
 6.43639e+03  4.45646e-02
 6.43665e+03  4.54137e-02
 6.43691e+03  4.57299e-02
 6.43717e+03  4.63696e-02
 6.43743e+03  4.74078e-02
 6.43769e+03  4.73988e-02
 6.43795e+03  4.79611e-02
 6.43821e+03  4.86871e-02
 6.43848e+03  4.94244e-02
 6.43874e+03  4.97822e-02
 6.43900e+03  5.06159e-02
 6.43926e+03  5.09744e-02
 6.43952e+03  5.16918e-02
 6.43978e+03  5.29751e-02
 6.44004e+03  5.34144e-02
 6.44030e+03  5.42142e-02
 6.44057e+03  5.50996e-02
 6.44083e+03  5.53784e-02
 6.44109e+03  5.62279e-02
 6.44135e+03  5.72683e-02
 6.44161e+03  5.71908e-02
 6.44187e+03  5.81586e-02
 6.44213e+03  5.91059e-02
 6.44239e+03  5.99510e-02
 6.44265e+03  6.10523e-02
 6.44292e+03  6.16461e-02
 6.44318e+03  6.23794e-02
 6.44344e+03  6.33901e-02
 6.44370e+03  6.41218e-02
 6.44396e+03  6.51436e-02
 6.44422e+03  6.57060e-02
 6.44448e+03  6.65676e-02
 6.44474e+03  6.78911e-02
 6.44501e+03  6.88020e-02
 6.44527e+03  6.95230e-02
 6.44553e+03  7.01014e-02
 6.44579e+03  7.18136e-02
 6.44605e+03  7.24133e-02
 6.44631e+03  7.30933e-02
 6.44657e+03  7.44276e-02
 6.44683e+03  7.56961e-02
 6.44710e+03  7.58140e-02
 6.44736e+03  7.70052e-02
 6.44762e+03  7.83750e-02
 6.44788e+03  7.96853e-02
 6.44814e+03  8.04324e-02
 6.44840e+03  8.15645e-02
 6.44866e+03  8.33524e-02
 6.44892e+03  8.42655e-02
 6.44918e+03  8.51348e-02
 6.44945e+03  8.63734e-02
 6.44971e+03  8.79293e-02
 6.44997e+03  8.91855e-02
 6.45023e+03  9.02456e-02
 6.45049e+03  9.14330e-02
 6.45075e+03  9.24549e-02
 6.45101e+03  9.37600e-02
 6.45127e+03  9.56190e-02
 6.45154e+03  9.60161e-02
 6.45180e+03  9.79255e-02
 6.45206e+03  9.97790e-02
 6.45232e+03  1.00999e-01
 6.45258e+03  1.02221e-01
 6.45284e+03  1.03149e-01
 6.45310e+03  1.05433e-01
 6.45336e+03  1.06858e-01
 6.45362e+03  1.08213e-01
 6.45389e+03  1.10079e-01
 6.45415e+03  1.10602e-01
 6.45441e+03  1.12494e-01
 6.45467e+03  1.14238e-01
 6.45493e+03  1.16408e-01
 6.45519e+03  1.18125e-01
 6.45545e+03  1.19999e-01
 6.45571e+03  1.20497e-01
 6.45598e+03  1.22572e-01
 6.45624e+03  1.24230e-01
 6.45650e+03  1.26487e-01
 6.45676e+03  1.28358e-01
 6.45702e+03  1.30612e-01
 6.45728e+03  1.31786e-01
 6.45754e+03  1.33528e-01
 6.45780e+03  1.35785e-01
 6.45807e+03  1.37695e-01
 6.45833e+03  1.39859e-01
 6.45859e+03  1.42105e-01
 6.45885e+03  1.43901e-01
 6.45911e+03  1.45884e-01
 6.45937e+03  1.48161e-01
 6.45963e+03  1.49429e-01
 6.45989e+03  1.52213e-01
 6.46016e+03  1.54410e-01
 6.46042e+03  1.56815e-01
 6.46068e+03  1.58072e-01
 6.46094e+03  1.61164e-01
 6.46120e+03  1.64547e-01
 6.46146e+03  1.66703e-01
 6.46172e+03  1.68861e-01
 6.46198e+03  1.70942e-01
 6.46224e+03  1.72916e-01
 6.46251e+03  1.75668e-01
 6.46277e+03  1.78476e-01
 6.46303e+03  1.80288e-01
 6.46329e+03  1.83614e-01
 6.46355e+03  1.85939e-01
 6.46381e+03  1.88335e-01
 6.46407e+03  1.91542e-01
 6.46433e+03  1.94632e-01
 6.46460e+03  1.97819e-01
 6.46486e+03  1.99491e-01
 6.46512e+03  2.02049e-01
 6.46538e+03  2.05276e-01
 6.46564e+03  2.08137e-01
 6.46590e+03  2.11714e-01
 6.46616e+03  2.13863e-01
 6.46642e+03  2.17989e-01
 6.46669e+03  2.20648e-01
 6.46695e+03  2.23516e-01
 6.46721e+03  2.26339e-01
 6.46747e+03  2.29234e-01
 6.46773e+03  2.32640e-01
 6.46799e+03  2.36204e-01
 6.46825e+03  2.40404e-01
 6.46851e+03  2.42005e-01
 6.46877e+03  2.46048e-01
 6.46904e+03  2.49945e-01
 6.46930e+03  2.52209e-01
 6.46956e+03  2.56661e-01
 6.46982e+03  2.59953e-01
 6.47008e+03  2.62975e-01
 6.47034e+03  2.66398e-01
 6.47060e+03  2.70995e-01
 6.47086e+03  2.73801e-01
 6.47113e+03  2.77736e-01
 6.47139e+03  2.81601e-01
 6.47165e+03  2.84451e-01
 6.47191e+03  2.89790e-01
 6.47217e+03  2.92673e-01
 6.47243e+03  2.96442e-01
 6.47269e+03  3.01025e-01
 6.47295e+03  3.05056e-01
 6.47322e+03  3.08962e-01
 6.47348e+03  3.12177e-01
 6.47374e+03  3.16921e-01
 6.47400e+03  3.20746e-01
 6.47426e+03  3.24902e-01
 6.47452e+03  3.28529e-01
 6.47478e+03  3.33696e-01
 6.47504e+03  3.38729e-01
 6.47530e+03  3.41379e-01
 6.47557e+03  3.44201e-01
 6.47583e+03  3.49905e-01
 6.47609e+03  3.54484e-01
 6.47635e+03  3.58269e-01
 6.47661e+03  3.62705e-01
 6.47687e+03  3.67662e-01
 6.47713e+03  3.72412e-01
 6.47739e+03  3.76303e-01
 6.47766e+03  3.80750e-01
 6.47792e+03  3.85361e-01
 6.47818e+03  3.89475e-01
 6.47844e+03  3.94305e-01
 6.47870e+03  4.00118e-01
 6.47896e+03  4.03742e-01
 6.47922e+03  4.08500e-01
 6.47948e+03  4.11679e-01
 6.47975e+03  4.17017e-01
 6.48001e+03  4.21859e-01
 6.48027e+03  4.26338e-01
 6.48053e+03  4.29652e-01
 6.48079e+03  4.36101e-01
 6.48105e+03  4.39873e-01
 6.48131e+03  4.45790e-01
 6.48157e+03  4.50680e-01
 6.48183e+03  4.54174e-01
 6.48210e+03  4.58916e-01
 6.48236e+03  4.64863e-01
 6.48262e+03  4.67231e-01
 6.48288e+03  4.72129e-01
 6.48314e+03  4.77540e-01
 6.48340e+03  4.81761e-01
 6.48366e+03  4.85490e-01
 6.48392e+03  4.90871e-01
 6.48419e+03  4.95779e-01
 6.48445e+03  5.01575e-01
 6.48471e+03  5.03392e-01
 6.48497e+03  5.10559e-01
 6.48523e+03  5.14845e-01
 6.48549e+03  5.18433e-01
 6.48575e+03  5.23536e-01
 6.48601e+03  5.27625e-01
 6.48628e+03  5.30374e-01
 6.48654e+03  5.35842e-01
 6.48680e+03  5.41651e-01
 6.48706e+03  5.45750e-01
 6.48732e+03  5.50602e-01
 6.48758e+03  5.54534e-01
 6.48784e+03  5.59444e-01
 6.48810e+03  5.61725e-01
 6.48836e+03  5.67854e-01
 6.48863e+03  5.71090e-01
 6.48889e+03  5.76572e-01
 6.48915e+03  5.81198e-01
 6.48941e+03  5.83741e-01
 6.48967e+03  5.88391e-01
 6.48993e+03  5.94881e-01
 6.49019e+03  5.96711e-01
 6.49045e+03  6.02081e-01
 6.49072e+03  6.03847e-01
 6.49098e+03  6.09752e-01
 6.49124e+03  6.13087e-01
 6.49150e+03  6.16215e-01
 6.49176e+03  6.21571e-01
 6.49202e+03  6.24030e-01
 6.49228e+03  6.27632e-01
 6.49254e+03  6.32154e-01
 6.49281e+03  6.36219e-01
 6.49307e+03  6.40037e-01
 6.49333e+03  6.43024e-01
 6.49359e+03  6.44243e-01
 6.49385e+03  6.49397e-01
 6.49411e+03  6.53317e-01
 6.49437e+03  6.54509e-01
 6.49463e+03  6.61019e-01
 6.49490e+03  6.63252e-01
 6.49516e+03  6.67340e-01
 6.49542e+03  6.69515e-01
 6.49568e+03  6.72408e-01
 6.49594e+03  6.73158e-01
 6.49620e+03  6.78064e-01
 6.49646e+03  6.81216e-01
 6.49672e+03  6.84314e-01
 6.49698e+03  6.87247e-01
 6.49725e+03  6.89967e-01
 6.49751e+03  6.91161e-01
 6.49777e+03  6.94728e-01
 6.49803e+03  6.98301e-01
 6.49829e+03  6.98814e-01
 6.49855e+03  7.02387e-01
 6.49881e+03  7.02623e-01
 6.49907e+03  7.06750e-01
 6.49933e+03  7.11228e-01
 6.49960e+03  7.12150e-01
 6.49986e+03  7.15126e-01
 6.50012e+03  7.17392e-01
 6.50038e+03  7.20194e-01
 6.50064e+03  7.21716e-01
 6.50090e+03  7.23122e-01
 6.50116e+03  7.27446e-01
 6.50142e+03  7.27621e-01
 6.50169e+03  7.29465e-01
 6.50195e+03  7.30713e-01
 6.50221e+03  7.33752e-01
 6.50247e+03  7.35317e-01
 6.50273e+03  7.35664e-01
 6.50299e+03  7.38412e-01
 6.50325e+03  7.41019e-01
 6.50351e+03  7.44060e-01
 6.50378e+03  7.43506e-01
 6.50404e+03  7.45990e-01
 6.50430e+03  7.44890e-01
 6.50456e+03  7.46227e-01
 6.50482e+03  7.49241e-01
 6.50508e+03  7.51835e-01
 6.50534e+03  7.52400e-01
 6.50560e+03  7.54135e-01
 6.50587e+03  7.54728e-01
 6.50613e+03  7.54333e-01
 6.50639e+03  7.54697e-01
 6.50665e+03  7.56957e-01
 6.50691e+03  7.59360e-01
 6.50717e+03  7.60664e-01
 6.50743e+03  7.61724e-01
 6.50769e+03  7.62636e-01
 6.50795e+03  7.66141e-01
 6.50822e+03  7.65301e-01
 6.50848e+03  7.65474e-01
 6.50874e+03  7.65685e-01
 6.50900e+03  7.65482e-01
 6.50926e+03  7.67166e-01
 6.50952e+03  7.67531e-01
 6.50978e+03  7.68503e-01
 6.51004e+03  7.71030e-01
 6.51031e+03  7.70375e-01
 6.51057e+03  7.70968e-01
 6.51083e+03  7.72551e-01
 6.51109e+03  7.74003e-01
 6.51135e+03  7.73080e-01
 6.51161e+03  7.72285e-01
 6.51187e+03  7.73786e-01
 6.51213e+03  7.75966e-01
 6.51240e+03  7.74043e-01
 6.51266e+03  7.75158e-01
 6.51292e+03  7.74211e-01
 6.51318e+03  7.73271e-01
 6.51344e+03  7.78041e-01
 6.51370e+03  7.79646e-01
 6.51396e+03  7.76757e-01
 6.51422e+03  7.78048e-01
 6.51448e+03  7.78698e-01
 6.51475e+03  7.77422e-01
 6.51501e+03  7.80538e-01
 6.51527e+03  7.79888e-01
 6.51553e+03  7.80023e-01
 6.51579e+03  7.76702e-01
 6.51605e+03  7.82030e-01
 6.51631e+03  7.81635e-01
 6.51657e+03  7.82353e-01
 6.51684e+03  7.79533e-01
 6.51710e+03  7.81590e-01
 6.51736e+03  7.83233e-01
 6.51762e+03  7.81983e-01
 6.51788e+03  7.82964e-01
 6.51814e+03  7.84284e-01
 6.51840e+03  7.79766e-01
 6.51866e+03  7.83180e-01
 6.51893e+03  7.83866e-01
 6.51919e+03  7.85278e-01
 6.51945e+03  7.83306e-01
 6.51971e+03  7.83945e-01
 6.51997e+03  7.82003e-01
 6.52023e+03  7.83283e-01
 6.52049e+03  7.83944e-01
 6.52075e+03  7.81112e-01
 6.52101e+03  7.83410e-01
 6.52128e+03  7.83124e-01
 6.52154e+03  7.84862e-01
 6.52180e+03  7.84680e-01
 6.52206e+03  7.84546e-01
 6.52232e+03  7.83218e-01
 6.52258e+03  7.83468e-01
 6.52284e+03  7.86112e-01
 6.52310e+03  7.84662e-01
 6.52337e+03  7.83378e-01
 6.52363e+03  7.84414e-01
 6.52389e+03  7.82204e-01
 6.52415e+03  7.85770e-01
 6.52441e+03  7.84728e-01
 6.52467e+03  7.84393e-01
 6.52493e+03  7.83791e-01
 6.52519e+03  7.82947e-01
 6.52546e+03  7.85561e-01
 6.52572e+03  7.87448e-01
 6.52598e+03  7.87319e-01
 6.52624e+03  7.86656e-01
 6.52650e+03  7.82313e-01
 6.52676e+03  7.85689e-01
 6.52702e+03  7.84983e-01
 6.52728e+03  7.86021e-01
 6.52754e+03  7.86523e-01
 6.52781e+03  7.83047e-01
 6.52807e+03  7.84129e-01
 6.52833e+03  7.84802e-01
 6.52859e+03  7.86826e-01
 6.52885e+03  7.85008e-01
 6.52911e+03  7.85099e-01
 6.52937e+03  7.84138e-01
 6.52963e+03  7.87210e-01
 6.52990e+03  7.84988e-01
 6.53016e+03  7.86180e-01
 6.53042e+03  7.85598e-01
 6.53068e+03  7.87356e-01
 6.53094e+03  7.86237e-01
 6.53120e+03  7.84446e-01
 6.53146e+03  7.86449e-01
 6.53172e+03  7.86929e-01
 6.53199e+03  7.85266e-01
 6.53225e+03  7.86511e-01
 6.53251e+03  7.86905e-01
 6.53277e+03  7.84826e-01
 6.53303e+03  7.88091e-01
 6.53329e+03  7.85601e-01
 6.53355e+03  7.85920e-01
 6.53381e+03  7.87804e-01
 6.53407e+03  7.84329e-01
 6.53434e+03  7.88914e-01
 6.53460e+03  7.86446e-01
 6.53486e+03  7.85201e-01
 6.53512e+03  7.86016e-01
 6.53538e+03  7.85891e-01
 6.53564e+03  7.87138e-01
 6.53590e+03  7.86043e-01
 6.53616e+03  7.87482e-01
 6.53643e+03  7.88302e-01
 6.53669e+03  7.87194e-01
 6.53695e+03  7.86933e-01
 6.53721e+03  7.88522e-01
 6.53747e+03  7.87575e-01
 6.53773e+03  7.86483e-01
 6.53799e+03  7.90080e-01
 6.53825e+03  7.88053e-01
 6.53852e+03  7.85941e-01
 6.53878e+03  7.88930e-01
 6.53904e+03  7.88699e-01
 6.53930e+03  7.86811e-01
 6.53956e+03  7.88577e-01
 6.53982e+03  7.89061e-01
 6.54008e+03  7.87149e-01
 6.54034e+03  7.87799e-01
 6.54060e+03  7.88991e-01
 6.54087e+03  7.89877e-01
 6.54113e+03  7.90340e-01
 6.54139e+03  7.89222e-01
 6.54165e+03  7.90601e-01
 6.54191e+03  7.90512e-01
 6.54217e+03  7.88774e-01
 6.54243e+03  7.89277e-01
 6.54269e+03  7.89723e-01
 6.54296e+03  7.89098e-01
 6.54322e+03  7.89275e-01
 6.54348e+03  7.90294e-01
 6.54374e+03  7.90004e-01
 6.54400e+03  7.90254e-01
 6.54426e+03  7.90961e-01
 6.54452e+03  7.90849e-01
 6.54478e+03  7.90264e-01
 6.54505e+03  7.90012e-01
 6.54531e+03  7.91269e-01
 6.54557e+03  7.90254e-01
 6.54583e+03  7.92128e-01
 6.54609e+03  7.90652e-01
 6.54635e+03  7.91646e-01
 6.54661e+03  7.89802e-01
 6.54687e+03  7.89661e-01
 6.54713e+03  7.91954e-01
 6.54740e+03  7.91184e-01
 6.54766e+03  7.91968e-01
 6.54792e+03  7.91322e-01
 6.54818e+03  7.89952e-01
 6.54844e+03  7.89832e-01
 6.54870e+03  7.91750e-01
 6.54896e+03  7.94226e-01
 6.54922e+03  7.92151e-01
 6.54949e+03  7.92203e-01
 6.54975e+03  7.90775e-01
 6.55001e+03  7.92932e-01
 6.55027e+03  7.93084e-01
 6.55053e+03  7.92723e-01
 6.55079e+03  7.94668e-01
 6.55105e+03  7.91342e-01
 6.55131e+03  7.92626e-01
 6.55158e+03  7.93970e-01
 6.55184e+03  7.91853e-01
 6.55210e+03  7.93197e-01
 6.55236e+03  7.92416e-01
 6.55262e+03  7.92602e-01
 6.55288e+03  7.91636e-01
 6.55314e+03  7.94286e-01
 6.55340e+03  7.94085e-01
 6.55367e+03  7.92220e-01
 6.55393e+03  7.93518e-01
 6.55419e+03  7.93133e-01
 6.55445e+03  7.93867e-01
 6.55471e+03  7.93634e-01
 6.55497e+03  7.94088e-01
 6.55523e+03  7.95437e-01
 6.55549e+03  7.91639e-01
 6.55575e+03  7.94408e-01
 6.55602e+03  7.94929e-01
 6.55628e+03  7.94224e-01
 6.55654e+03  7.91471e-01
 6.55680e+03  7.93133e-01
 6.55706e+03  7.93642e-01
 6.55732e+03  7.92204e-01
 6.55758e+03  7.94657e-01
 6.55784e+03  7.92624e-01
 6.55810e+03  7.93617e-01
 6.55837e+03  7.93079e-01
 6.55863e+03  7.92465e-01
 6.55889e+03  7.93765e-01
 6.55915e+03  7.93358e-01
 6.55941e+03  7.91066e-01
 6.55967e+03  7.94341e-01
 6.55993e+03  7.93756e-01
 6.56019e+03  7.93276e-01
 6.56046e+03  7.95209e-01
 6.56072e+03  7.94050e-01
 6.56098e+03  7.93094e-01
 6.56124e+03  7.94871e-01
 6.56150e+03  7.91842e-01
 6.56176e+03  7.93850e-01
 6.56202e+03  7.93472e-01
 6.56228e+03  7.94779e-01
 6.56255e+03  7.92482e-01
 6.56281e+03  7.93682e-01
 6.56307e+03  7.95691e-01
 6.56333e+03  7.92894e-01
 6.56359e+03  7.95165e-01
 6.56385e+03  7.92462e-01
 6.56411e+03  7.92243e-01
 6.56437e+03  7.93839e-01
 6.56464e+03  7.93462e-01
 6.56490e+03  7.93267e-01
 6.56516e+03  7.91310e-01
 6.56542e+03  7.92298e-01
 6.56568e+03  7.93472e-01
 6.56594e+03  7.91891e-01
 6.56620e+03  7.94574e-01
 6.56646e+03  7.93534e-01
 6.56672e+03  7.92378e-01
 6.56699e+03  7.94114e-01
 6.56725e+03  7.92859e-01
 6.56751e+03  7.91775e-01
 6.56777e+03  7.93352e-01
 6.56803e+03  7.93309e-01
 6.56829e+03  7.94669e-01
 6.56855e+03  7.91274e-01
 6.56881e+03  7.94493e-01
 6.56908e+03  7.92704e-01
 6.56934e+03  7.93051e-01
 6.56960e+03  7.92177e-01
 6.56986e+03  7.95053e-01
 6.57012e+03  7.91341e-01
 6.57038e+03  7.92724e-01
 6.57064e+03  7.93151e-01
 6.57090e+03  7.90988e-01
 6.57117e+03  7.91887e-01
 6.57143e+03  7.91428e-01
 6.57169e+03  7.90576e-01
 6.57195e+03  7.93130e-01
 6.57221e+03  7.90867e-01
 6.57247e+03  7.92062e-01
 6.57273e+03  7.90932e-01
 6.57299e+03  7.91556e-01
 6.57325e+03  7.88657e-01
 6.57352e+03  7.91311e-01
 6.57378e+03  7.90334e-01
 6.57404e+03  7.92053e-01
 6.57430e+03  7.91466e-01
 6.57456e+03  7.89980e-01
 6.57482e+03  7.90682e-01
 6.57508e+03  7.91701e-01
 6.57534e+03  7.90960e-01
 6.57561e+03  7.91496e-01
 6.57587e+03  7.88254e-01
 6.57613e+03  7.89484e-01
 6.57639e+03  7.90045e-01
 6.57665e+03  7.90763e-01
 6.57691e+03  7.88644e-01
 6.57717e+03  7.87580e-01
 6.57743e+03  7.92030e-01
 6.57770e+03  7.89820e-01
 6.57796e+03  7.91746e-01
 6.57822e+03  7.88575e-01
 6.57848e+03  7.88683e-01
 6.57874e+03  7.88530e-01
 6.57900e+03  7.88724e-01
 6.57926e+03  7.88685e-01
 6.57952e+03  7.89555e-01
 6.57978e+03  7.88337e-01
 6.58005e+03  7.89656e-01
 6.58031e+03  7.89463e-01
 6.58057e+03  7.88222e-01
 6.58083e+03  7.90857e-01
 6.58109e+03  7.89975e-01
 6.58135e+03  7.87904e-01
 6.58161e+03  7.89106e-01
 6.58187e+03  7.87404e-01
 6.58214e+03  7.89692e-01
 6.58240e+03  7.87726e-01
 6.58266e+03  7.88578e-01
 6.58292e+03  7.87397e-01
 6.58318e+03  7.85026e-01
 6.58344e+03  7.87065e-01
 6.58370e+03  7.88242e-01
 6.58396e+03  7.88393e-01
 6.58423e+03  7.86938e-01
 6.58449e+03  7.87583e-01
 6.58475e+03  7.86612e-01
 6.58501e+03  7.88391e-01
 6.58527e+03  7.88361e-01
 6.58553e+03  7.90087e-01
 6.58579e+03  7.87469e-01
 6.58605e+03  7.88555e-01
 6.58631e+03  7.89693e-01
 6.58658e+03  7.87476e-01
 6.58684e+03  7.86106e-01
 6.58710e+03  7.86797e-01
 6.58736e+03  7.88168e-01
 6.58762e+03  7.88231e-01
 6.58788e+03  7.88908e-01
 6.58814e+03  7.86832e-01
 6.58840e+03  7.85922e-01
 6.58867e+03  7.87106e-01
 6.58893e+03  7.86118e-01
 6.58919e+03  7.87186e-01
 6.58945e+03  7.85332e-01
 6.58971e+03  7.86849e-01
 6.58997e+03  7.85977e-01
 6.59023e+03  7.85419e-01
 6.59049e+03  7.87588e-01
 6.59076e+03  7.88393e-01
 6.59102e+03  7.85003e-01
 6.59128e+03  7.85870e-01
 6.59154e+03  7.84710e-01
 6.59180e+03  7.87825e-01
 6.59206e+03  7.87212e-01
 6.59232e+03  7.86840e-01
 6.59258e+03  7.83967e-01
 6.59284e+03  7.84383e-01
 6.59311e+03  7.85472e-01
 6.59337e+03  7.85547e-01
 6.59363e+03  7.86390e-01
 6.59389e+03  7.86340e-01
 6.59415e+03  7.86634e-01
 6.59441e+03  7.85371e-01
 6.59467e+03  7.85858e-01
 6.59493e+03  7.86701e-01
 6.59520e+03  7.85821e-01
 6.59546e+03  7.85491e-01
 6.59572e+03  7.85484e-01
 6.59598e+03  7.84226e-01
 6.59624e+03  7.84641e-01
 6.59650e+03  7.85072e-01
 6.59676e+03  7.85235e-01
 6.59702e+03  7.82489e-01
 6.59729e+03  7.84178e-01
 6.59755e+03  7.83982e-01
 6.59781e+03  7.84466e-01
 6.59807e+03  7.84805e-01
 6.59833e+03  7.83780e-01
 6.59859e+03  7.82229e-01
 6.59885e+03  7.83764e-01
 6.59911e+03  7.83934e-01
 6.59938e+03  7.86435e-01
 6.59964e+03  7.84343e-01
 6.59990e+03  7.81641e-01
 6.60016e+03  7.83094e-01
 6.60042e+03  7.84261e-01
 6.60068e+03  7.80917e-01
 6.60094e+03  7.81985e-01
 6.60120e+03  7.82683e-01
 6.60146e+03  7.82712e-01
 6.60173e+03  7.83922e-01
 6.60199e+03  7.81785e-01
 6.60225e+03  7.82896e-01
 6.60251e+03  7.80867e-01
 6.60277e+03  7.81170e-01
 6.60303e+03  7.80225e-01
 6.60329e+03  7.80382e-01
 6.60355e+03  7.79159e-01
 6.60382e+03  7.80437e-01
 6.60408e+03  7.80648e-01
 6.60434e+03  7.79342e-01
 6.60460e+03  7.78695e-01
 6.60486e+03  7.78280e-01
 6.60512e+03  7.79910e-01
 6.60538e+03  7.80524e-01
 6.60564e+03  7.76384e-01
 6.60590e+03  7.78594e-01
 6.60617e+03  7.75925e-01
 6.60643e+03  7.78568e-01
 6.60669e+03  7.76064e-01
 6.60695e+03  7.74497e-01
 6.60721e+03  7.77669e-01
 6.60747e+03  7.75311e-01
 6.60773e+03  7.74915e-01
 6.60799e+03  7.73398e-01
 6.60826e+03  7.73682e-01
 6.60852e+03  7.72187e-01
 6.60878e+03  7.72062e-01
 6.60904e+03  7.72864e-01
 6.60930e+03  7.70664e-01
 6.60956e+03  7.69408e-01
 6.60982e+03  7.70541e-01
 6.61008e+03  7.70115e-01
 6.61035e+03  7.67306e-01
 6.61061e+03  7.68618e-01
 6.61087e+03  7.67561e-01
 6.61113e+03  7.65029e-01
 6.61139e+03  7.62660e-01
 6.61165e+03  7.62927e-01
 6.61191e+03  7.64037e-01
 6.61217e+03  7.62376e-01
 6.61243e+03  7.60010e-01
 6.61270e+03  7.60923e-01
 6.61296e+03  7.58483e-01
 6.61322e+03  7.56461e-01
 6.61348e+03  7.56690e-01
 6.61374e+03  7.56367e-01
 6.61400e+03  7.54523e-01
 6.61426e+03  7.54178e-01
 6.61452e+03  7.51440e-01
 6.61479e+03  7.50987e-01
 6.61505e+03  7.50696e-01
 6.61531e+03  7.50059e-01
 6.61557e+03  7.47052e-01
 6.61583e+03  7.43590e-01
 6.61609e+03  7.44576e-01
 6.61635e+03  7.46202e-01
 6.61661e+03  7.43075e-01
 6.61688e+03  7.39743e-01
 6.61714e+03  7.37575e-01
 6.61740e+03  7.36098e-01
 6.61766e+03  7.34950e-01
 6.61792e+03  7.33519e-01
 6.61818e+03  7.31207e-01
 6.61844e+03  7.27467e-01
 6.61870e+03  7.25299e-01
 6.61896e+03  7.26117e-01
 6.61923e+03  7.21890e-01
 6.61949e+03  7.20011e-01
 6.61975e+03  7.18614e-01
 6.62001e+03  7.16135e-01
 6.62027e+03  7.15083e-01
 6.62053e+03  7.13210e-01
 6.62079e+03  7.09856e-01
 6.62105e+03  7.08576e-01
 6.62132e+03  7.02920e-01
 6.62158e+03  7.01770e-01
 6.62184e+03  7.00938e-01
 6.62210e+03  6.96707e-01
 6.62236e+03  6.94851e-01
 6.62262e+03  6.90932e-01
 6.62288e+03  6.87822e-01
 6.62314e+03  6.87557e-01
 6.62341e+03  6.83668e-01
 6.62367e+03  6.81394e-01
 6.62393e+03  6.80432e-01
 6.62419e+03  6.76053e-01
 6.62445e+03  6.72348e-01
 6.62471e+03  6.69901e-01
 6.62497e+03  6.68484e-01
 6.62523e+03  6.64413e-01
 6.62549e+03  6.61058e-01
 6.62576e+03  6.56248e-01
 6.62602e+03  6.55945e-01
 6.62628e+03  6.52898e-01
 6.62654e+03  6.48508e-01
 6.62680e+03  6.44259e-01
 6.62706e+03  6.40763e-01
 6.62732e+03  6.39016e-01
 6.62758e+03  6.34226e-01
 6.62785e+03  6.31889e-01
 6.62811e+03  6.28714e-01
 6.62837e+03  6.23485e-01
 6.62863e+03  6.19441e-01
 6.62889e+03  6.17172e-01
 6.62915e+03  6.12466e-01
 6.62941e+03  6.09838e-01
 6.62967e+03  6.05435e-01
 6.62994e+03  6.01449e-01
 6.63020e+03  5.96226e-01
 6.63046e+03  5.92996e-01
 6.63072e+03  5.89914e-01
 6.63098e+03  5.87729e-01
 6.63124e+03  5.81644e-01
 6.63150e+03  5.77768e-01
 6.63176e+03  5.74057e-01
 6.63202e+03  5.71135e-01
 6.63229e+03  5.63862e-01
 6.63255e+03  5.60837e-01
 6.63281e+03  5.56622e-01
 6.63307e+03  5.53752e-01
 6.63333e+03  5.47729e-01
 6.63359e+03  5.45032e-01
 6.63385e+03  5.42186e-01
 6.63411e+03  5.35775e-01
 6.63438e+03  5.32667e-01
 6.63464e+03  5.28400e-01
 6.63490e+03  5.25748e-01
 6.63516e+03  5.19745e-01
 6.63542e+03  5.14423e-01
 6.63568e+03  5.10509e-01
 6.63594e+03  5.05159e-01
 6.63620e+03  5.01734e-01
 6.63647e+03  4.97953e-01
 6.63673e+03  4.91989e-01
 6.63699e+03  4.88567e-01
 6.63725e+03  4.82670e-01
 6.63751e+03  4.80726e-01
 6.63777e+03  4.76044e-01
 6.63803e+03  4.71625e-01
 6.63829e+03  4.65151e-01
 6.63855e+03  4.61515e-01
 6.63882e+03  4.57160e-01
 6.63908e+03  4.53199e-01
 6.63934e+03  4.49483e-01
 6.63960e+03  4.44250e-01
 6.63986e+03  4.40378e-01
 6.64012e+03  4.35968e-01
 6.64038e+03  4.31447e-01
 6.64064e+03  4.28323e-01
 6.64091e+03  4.25155e-01
 6.64117e+03  4.19569e-01
 6.64143e+03  4.13483e-01
 6.64169e+03  4.09367e-01
 6.64195e+03  4.06335e-01
 6.64221e+03  4.02576e-01
 6.64247e+03  3.97884e-01
 6.64273e+03  3.93715e-01
 6.64300e+03  3.89139e-01
 6.64326e+03  3.83839e-01
 6.64352e+03  3.80747e-01
 6.64378e+03  3.77289e-01
 6.64404e+03  3.71726e-01
 6.64430e+03  3.68164e-01
 6.64456e+03  3.63417e-01
 6.64482e+03  3.59760e-01
 6.64508e+03  3.56117e-01
 6.64535e+03  3.52395e-01
 6.64561e+03  3.48015e-01
 6.64587e+03  3.43765e-01
 6.64613e+03  3.40524e-01
 6.64639e+03  3.35909e-01
 6.64665e+03  3.31799e-01
 6.64691e+03  3.29548e-01
 6.64717e+03  3.24257e-01
 6.64744e+03  3.20560e-01
 6.64770e+03  3.17018e-01
 6.64796e+03  3.13108e-01
 6.64822e+03  3.09274e-01
 6.64848e+03  3.05276e-01
 6.64874e+03  3.02070e-01
 6.64900e+03  2.98291e-01
 6.64926e+03  2.95895e-01
 6.64953e+03  2.90942e-01
 6.64979e+03  2.87064e-01
 6.65005e+03  2.82969e-01
 6.65031e+03  2.80467e-01
 6.65057e+03  2.76851e-01
 6.65083e+03  2.73939e-01
 6.65109e+03  2.70759e-01
 6.65135e+03  2.66697e-01
 6.65161e+03  2.64931e-01
 6.65188e+03  2.60958e-01
 6.65214e+03  2.58253e-01
 6.65240e+03  2.53937e-01
 6.65266e+03  2.51610e-01
 6.65292e+03  2.48342e-01
 6.65318e+03  2.44643e-01
 6.65344e+03  2.42110e-01
 6.65370e+03  2.38693e-01
 6.65397e+03  2.36602e-01
 6.65423e+03  2.32029e-01
 6.65449e+03  2.29982e-01
 6.65475e+03  2.26411e-01
 6.65501e+03  2.23352e-01
 6.65527e+03  2.21543e-01
 6.65553e+03  2.17730e-01
 6.65579e+03  2.15773e-01
 6.65606e+03  2.13417e-01
 6.65632e+03  2.09678e-01
 6.65658e+03  2.07454e-01
 6.65684e+03  2.05028e-01
 6.65710e+03  2.02418e-01
 6.65736e+03  1.99817e-01
 6.65762e+03  1.96575e-01
 6.65788e+03  1.94319e-01
 6.65815e+03  1.91797e-01
 6.65841e+03  1.88858e-01
 6.65867e+03  1.86532e-01
 6.65893e+03  1.84043e-01
 6.65919e+03  1.82457e-01
 6.65945e+03  1.79922e-01
 6.65971e+03  1.77202e-01
 6.65997e+03  1.76073e-01
 6.66023e+03  1.72922e-01
 6.66050e+03  1.70294e-01
 6.66076e+03  1.68959e-01
 6.66102e+03  1.67026e-01
 6.66128e+03  1.64361e-01
 6.66154e+03  1.62010e-01
 6.66180e+03  1.59884e-01
 6.66206e+03  1.56990e-01
 6.66232e+03  1.56496e-01
 6.66258e+03  1.54063e-01
 6.66285e+03  1.51692e-01
 6.66311e+03  1.49487e-01
 6.66337e+03  1.48166e-01
 6.66363e+03  1.45544e-01
 6.66389e+03  1.44283e-01
 6.66415e+03  1.43618e-01
 6.66441e+03  1.40499e-01
 6.66467e+03  1.38696e-01
 6.66494e+03  1.36327e-01
 6.66520e+03  1.35770e-01
 6.66546e+03  1.33799e-01
 6.66572e+03  1.32011e-01
 6.66598e+03  1.30803e-01
 6.66624e+03  1.28374e-01
 6.66650e+03  1.27005e-01
 6.66676e+03  1.25705e-01
 6.66703e+03  1.23736e-01
 6.66729e+03  1.21891e-01
 6.66755e+03  1.20984e-01
 6.66781e+03  1.18289e-01
 6.66807e+03  1.17441e-01
 6.66833e+03  1.15998e-01
 6.66859e+03  1.14390e-01
 6.66885e+03  1.13434e-01
 6.66912e+03  1.11086e-01
 6.66938e+03  1.09983e-01
 6.66964e+03  1.09043e-01
 6.66990e+03  1.07679e-01
 6.67016e+03  1.06412e-01
 6.67042e+03  1.04640e-01
 6.67068e+03  1.03627e-01
 6.67094e+03  1.02273e-01
 6.67120e+03  1.00912e-01
 6.67147e+03  9.91678e-02
 6.67173e+03  9.86395e-02
 6.67199e+03  9.73584e-02
 6.67225e+03  9.57521e-02
 6.67251e+03  9.50041e-02
 6.67277e+03  9.39821e-02
 6.67303e+03  9.27731e-02
 6.67329e+03  9.14607e-02
 6.67356e+03  8.99875e-02
 6.67382e+03  8.89519e-02
 6.67408e+03  8.80154e-02
 6.67434e+03  8.70335e-02
 6.67460e+03  8.59932e-02
 6.67486e+03  8.47589e-02
 6.67512e+03  8.38435e-02
 6.67538e+03  8.29455e-02
 6.67565e+03  8.16108e-02
 6.67591e+03  8.07029e-02
 6.67617e+03  8.00505e-02
 6.67643e+03  7.86904e-02
 6.67669e+03  7.75698e-02
 6.67695e+03  7.69244e-02
 6.67721e+03  7.58063e-02
 6.67747e+03  7.48309e-02
 6.67773e+03  7.43581e-02
 6.67800e+03  7.32636e-02
 6.67826e+03  7.21655e-02
 6.67852e+03  7.12458e-02
 6.67878e+03  7.07790e-02
 6.67904e+03  6.96643e-02
 6.67930e+03  6.95598e-02
 6.67956e+03  6.81739e-02
 6.67982e+03  6.76477e-02
 6.68009e+03  6.64623e-02
 6.68035e+03  6.59062e-02
 6.68061e+03  6.53158e-02
 6.68087e+03  6.43480e-02
 6.68113e+03  6.34521e-02
 6.68139e+03  6.27642e-02
 6.68165e+03  6.20559e-02
 6.68191e+03  6.13497e-02
 6.68218e+03  6.05016e-02
 6.68244e+03  6.02188e-02
 6.68270e+03  5.97706e-02
 6.68296e+03  5.80047e-02
 6.68322e+03  5.77180e-02
 6.68348e+03  5.70172e-02
 6.68374e+03  5.61685e-02
 6.68400e+03  5.60226e-02
 6.68426e+03  5.57632e-02
 6.68453e+03  5.47291e-02
 6.68479e+03  5.38773e-02
 6.68505e+03  5.31793e-02
 6.68531e+03  5.28301e-02
 6.68557e+03  5.22530e-02
 6.68583e+03  5.14852e-02
 6.68609e+03  5.07177e-02
 6.68635e+03  5.04133e-02
 6.68662e+03  4.97374e-02
 6.68688e+03  4.91632e-02
 6.68714e+03  4.86405e-02
 6.68740e+03  4.83749e-02
 6.68766e+03  4.76153e-02
 6.68792e+03  4.68796e-02
 6.68818e+03  4.61392e-02
 6.68844e+03  4.61327e-02
 6.68871e+03  4.58087e-02
 6.68897e+03  4.52074e-02
 6.68923e+03  4.44201e-02
 6.68949e+03  4.35795e-02
 6.68975e+03  4.32243e-02
 6.69001e+03  4.28924e-02
 6.69027e+03  4.26743e-02
 6.69053e+03  4.20489e-02
 6.69079e+03  4.19494e-02
 6.69106e+03  4.10601e-02
 6.69132e+03  4.05689e-02
 6.69158e+03  4.04079e-02
 6.69184e+03  4.00737e-02
 6.69210e+03  3.91796e-02
 6.69236e+03  3.92921e-02
 6.69262e+03  3.84906e-02
 6.69288e+03  3.82152e-02
 6.69315e+03  3.77821e-02
 6.69341e+03  3.73599e-02
 6.69367e+03  3.71106e-02
 6.69393e+03  3.62755e-02
 6.69419e+03  3.62233e-02
 6.69445e+03  3.57491e-02
 6.69471e+03  3.53951e-02
 6.69497e+03  3.49351e-02
 6.69524e+03  3.45624e-02
 6.69550e+03  3.39364e-02
 6.69576e+03  3.41509e-02
 6.69602e+03  3.38851e-02
 6.69628e+03  3.30969e-02
 6.69654e+03  3.27111e-02
 6.69680e+03  3.23487e-02
 6.69706e+03  3.21305e-02
 6.69732e+03  3.15141e-02
 6.69759e+03  3.13260e-02
 6.69785e+03  3.13749e-02
 6.69811e+03  3.08872e-02
 6.69837e+03  3.06089e-02
 6.69863e+03  3.06021e-02
 6.69889e+03  2.99652e-02
 6.69915e+03  2.96996e-02
 6.69941e+03  2.91757e-02
 6.69968e+03  2.92620e-02
 6.69994e+03  2.86262e-02
 6.70020e+03  2.84703e-02
 6.70046e+03  2.82375e-02
 6.70072e+03  2.77148e-02
 6.70098e+03  2.75199e-02
 6.70124e+03  2.72293e-02
 6.70150e+03  2.71403e-02
 6.70177e+03  2.68511e-02
 6.70203e+03  2.65987e-02
 6.70229e+03  2.63031e-02
 6.70255e+03  2.59286e-02
 6.70281e+03  2.54531e-02
 6.70307e+03  2.54129e-02
 6.70333e+03  2.51865e-02
 6.70359e+03  2.51369e-02
 6.70385e+03  2.46321e-02
 6.70412e+03  2.44481e-02
 6.70438e+03  2.40782e-02
 6.70464e+03  2.41560e-02
 6.70490e+03  2.36518e-02
 6.70516e+03  2.37659e-02
 6.70542e+03  2.32888e-02
 6.70568e+03  2.33799e-02
 6.70594e+03  2.27695e-02
 6.70621e+03  2.24187e-02
 6.70647e+03  2.24230e-02
 6.70673e+03  2.22466e-02
 6.70699e+03  2.19642e-02
 6.70725e+03  2.16504e-02
 6.70751e+03  2.14761e-02
 6.70777e+03  2.13379e-02
 6.70803e+03  2.11699e-02
 6.70830e+03  2.08394e-02
 6.70856e+03  2.06013e-02
 6.70882e+03  2.06263e-02
 6.70908e+03  2.04004e-02
 6.70934e+03  2.02540e-02
 6.70960e+03  1.99009e-02
 6.70986e+03  1.96347e-02
 6.71012e+03  1.99286e-02
 6.71038e+03  1.93846e-02
 6.71065e+03  1.93689e-02
 6.71091e+03  1.92170e-02
 6.71117e+03  1.88051e-02
 6.71143e+03  1.87621e-02
 6.71169e+03  1.86426e-02
 6.71195e+03  1.82379e-02
 6.71221e+03  1.83990e-02
 6.71247e+03  1.80627e-02
 6.71274e+03  1.76786e-02
 6.71300e+03  1.78875e-02
 6.71326e+03  1.74645e-02
 6.71352e+03  1.72729e-02
 6.71378e+03  1.73741e-02
 6.71404e+03  1.72169e-02
 6.71430e+03  1.68826e-02
 6.71456e+03  1.68513e-02
 6.71483e+03  1.65429e-02
 6.71509e+03  1.66854e-02
 6.71535e+03  1.65063e-02
 6.71561e+03  1.62501e-02
 6.71587e+03  1.60906e-02
 6.71613e+03  1.59113e-02
 6.71639e+03  1.55816e-02
 6.71665e+03  1.56343e-02
 6.71692e+03  1.55030e-02
 6.71718e+03  1.54557e-02
 6.71744e+03  1.52373e-02
 6.71770e+03  1.49514e-02
 6.71796e+03  1.49405e-02
 6.71822e+03  1.47282e-02
 6.71848e+03  1.45221e-02
 6.71874e+03  1.47172e-02
 6.71900e+03  1.43309e-02
 6.71927e+03  1.43011e-02
 6.71953e+03  1.39998e-02
 6.71979e+03  1.40546e-02
 6.72005e+03  1.37924e-02
 6.72031e+03  1.38035e-02
 6.72057e+03  1.36833e-02
 6.72083e+03  1.33200e-02
 6.72109e+03  1.35216e-02
 6.72135e+03  1.33187e-02
 6.72162e+03  1.31176e-02
 6.72188e+03  1.32481e-02
 6.72214e+03  1.29271e-02
 6.72240e+03  1.27682e-02
 6.72266e+03  1.28152e-02
 6.72292e+03  1.27523e-02
 6.72318e+03  1.27758e-02
 6.72344e+03  1.24124e-02
 6.72371e+03  1.22753e-02
 6.72397e+03  1.23735e-02
 6.72423e+03  1.22370e-02
 6.72449e+03  1.20399e-02
 6.72475e+03  1.19268e-02
 6.72501e+03  1.19961e-02
 6.72527e+03  1.18614e-02
 6.72553e+03  1.18012e-02
 6.72580e+03  1.15684e-02
 6.72606e+03  1.15854e-02
 6.72632e+03  1.13880e-02
 6.72658e+03  1.13110e-02
 6.72684e+03  1.09988e-02
 6.72710e+03  1.10882e-02
 6.72736e+03  1.09484e-02
 6.72762e+03  1.08090e-02
 6.72789e+03  1.09383e-02
 6.72815e+03  1.06385e-02
 6.72841e+03  1.07034e-02
 6.72867e+03  1.05654e-02
 6.72893e+03  1.04473e-02
 6.72919e+03  1.02559e-02
 6.72945e+03  1.02687e-02
 6.72971e+03  1.04482e-02
 6.72997e+03  1.02970e-02
 6.73024e+03  1.01972e-02
 6.73050e+03  1.00145e-02
 6.73076e+03  1.00046e-02
 6.73102e+03  9.80112e-03
 6.73128e+03  9.76574e-03
 6.73154e+03  9.66673e-03
 6.73180e+03  9.56175e-03
 6.73206e+03  9.43630e-03
 6.73233e+03  9.24641e-03
 6.73259e+03  9.44849e-03
 6.73285e+03  9.36425e-03
 6.73311e+03  9.17701e-03
 6.73337e+03  9.20664e-03
 6.73363e+03  9.09517e-03
 6.73389e+03  9.07795e-03
 6.73415e+03  8.88503e-03
 6.73442e+03  8.87111e-03
 6.73468e+03  8.83855e-03
 6.73494e+03  8.64983e-03
 6.73520e+03  8.57663e-03
 6.73546e+03  8.64793e-03
 6.73572e+03  8.53354e-03
 6.73598e+03  8.51217e-03
 6.73624e+03  8.42549e-03
 6.73650e+03  8.42646e-03
 6.73677e+03  8.23279e-03
 6.73703e+03  8.25628e-03
 6.73729e+03  8.22313e-03
 6.73755e+03  8.23594e-03
 6.73781e+03  7.99849e-03
 6.73807e+03  7.76454e-03
 6.73833e+03  7.85941e-03
 6.73859e+03  7.84363e-03
 6.73886e+03  7.68507e-03
 6.73912e+03  7.77628e-03
 6.73938e+03  7.68459e-03
 6.73964e+03  7.57405e-03
 6.73990e+03  7.65548e-03
 6.74016e+03  7.60352e-03
 6.74042e+03  7.39917e-03
 6.74068e+03  7.45491e-03
 6.74095e+03  7.36566e-03
 6.74121e+03  7.49266e-03
 6.74147e+03  7.20943e-03
 6.74173e+03  7.19863e-03
 6.74199e+03  7.25000e-03
 6.74225e+03  7.01662e-03
 6.74251e+03  7.10343e-03
 6.74277e+03  7.04769e-03
 6.74303e+03  6.76971e-03
 6.74330e+03  6.83106e-03
 6.74356e+03  6.82341e-03
 6.74382e+03  6.76490e-03
 6.74408e+03  6.58569e-03
 6.74434e+03  6.61110e-03
 6.74460e+03  6.81470e-03
 6.74486e+03  6.71880e-03
 6.74512e+03  6.60594e-03
 6.74539e+03  6.40904e-03
 6.74565e+03  6.59887e-03
 6.74591e+03  6.49469e-03
 6.74617e+03  6.37096e-03
 6.74643e+03  6.40182e-03
 6.74669e+03  6.28123e-03
 6.74695e+03  6.34853e-03
 6.74721e+03  6.21125e-03
 6.74748e+03  6.08701e-03
 6.74774e+03  6.10432e-03
 6.74800e+03  6.02164e-03
 6.74826e+03  6.21639e-03
 6.74852e+03  6.15658e-03
 6.74878e+03  5.86838e-03
 6.74904e+03  5.93652e-03
 6.74930e+03  6.01634e-03
 6.74956e+03  5.88882e-03
 6.74983e+03  5.87071e-03
 6.75009e+03  5.90129e-03
 6.75035e+03  5.76408e-03
 6.75061e+03  5.68349e-03
 6.75087e+03  5.61172e-03
 6.75113e+03  5.57898e-03
 6.75139e+03  5.67147e-03
 6.75165e+03  5.53344e-03
 6.75192e+03  5.45815e-03
 6.75218e+03  5.37406e-03
 6.75244e+03  5.44748e-03
 6.75270e+03  5.36940e-03
 6.75296e+03  5.40360e-03
 6.75322e+03  5.42954e-03
 6.75348e+03  5.30039e-03
 6.75374e+03  5.20024e-03
 6.75401e+03  5.29491e-03
 6.75427e+03  5.17359e-03
 6.75453e+03  5.14228e-03
 6.75479e+03  5.14122e-03
 6.75505e+03  5.11204e-03
 6.75531e+03  5.16744e-03
 6.75557e+03  4.94445e-03
 6.75583e+03  5.18982e-03
 6.75609e+03  4.93760e-03
 6.75636e+03  4.77803e-03
 6.75662e+03  4.98597e-03
 6.75688e+03  4.90167e-03
 6.75714e+03  4.80769e-03
 6.75740e+03  4.80949e-03
 6.75766e+03  4.84683e-03
 6.75792e+03  4.75442e-03
 6.75818e+03  4.65753e-03
 6.75845e+03  4.56525e-03
 6.75871e+03  4.64075e-03
 6.75897e+03  4.64993e-03
 6.75923e+03  4.55464e-03
 6.75949e+03  4.70548e-03
 6.75975e+03  4.64310e-03
 6.76001e+03  4.59074e-03
 6.76027e+03  4.55492e-03
 6.76054e+03  4.51889e-03
 6.76080e+03  4.40933e-03
 6.76106e+03  4.38328e-03
 6.76132e+03  4.50195e-03
 6.76158e+03  4.29670e-03
 6.76184e+03  4.23214e-03
 6.76210e+03  4.19567e-03
 6.76236e+03  4.25083e-03
 6.76262e+03  4.25087e-03
 6.76289e+03  4.13471e-03
 6.76315e+03  4.25432e-03
 6.76341e+03  4.14880e-03
 6.76367e+03  4.22885e-03
 6.76393e+03  4.14867e-03
 6.76419e+03  4.10725e-03
 6.76445e+03  4.14497e-03
 6.76471e+03  3.90894e-03
 6.76498e+03  3.93919e-03
 6.76524e+03  3.97683e-03
 6.76550e+03  3.90280e-03
 6.76576e+03  3.92384e-03
 6.76602e+03  4.04789e-03
 6.76628e+03  3.81004e-03
 6.76654e+03  3.83223e-03
 6.76680e+03  3.86468e-03
 6.76707e+03  3.75115e-03
 6.76733e+03  3.75904e-03
 6.76759e+03  3.66131e-03
 6.76785e+03  3.79717e-03
 6.76811e+03  3.78839e-03
 6.76837e+03  3.61222e-03
 6.76863e+03  3.80853e-03
 6.76889e+03  3.75050e-03
 6.76915e+03  3.66600e-03
 6.76942e+03  3.69390e-03
 6.76968e+03  3.60681e-03
 6.76994e+03  3.61483e-03
 6.77020e+03  3.54867e-03
 6.77046e+03  3.63913e-03
 6.77072e+03  3.54115e-03
 6.77098e+03  3.58391e-03
 6.77124e+03  3.54891e-03
 6.77151e+03  3.53060e-03
 6.77177e+03  3.45311e-03
 6.77203e+03  3.47589e-03
 6.77229e+03  3.38687e-03
 6.77255e+03  3.40610e-03
 6.77281e+03  3.41730e-03
 6.77307e+03  3.42396e-03
 6.77333e+03  3.39091e-03
 6.77360e+03  3.27678e-03
 6.77386e+03  3.31817e-03
 6.77412e+03  3.28658e-03
 6.77438e+03  3.32898e-03
 6.77464e+03  3.23597e-03
 6.77490e+03  3.32674e-03
 6.77516e+03  3.17211e-03
 6.77542e+03  3.11561e-03
 6.77568e+03  3.11625e-03
 6.77595e+03  3.21480e-03
 6.77621e+03  3.13978e-03
 6.77647e+03  3.11365e-03
 6.77673e+03  3.20701e-03
 6.77699e+03  3.04719e-03
 6.77725e+03  3.04051e-03
 6.77751e+03  3.00964e-03
 6.77777e+03  2.96426e-03
 6.77804e+03  2.96634e-03
 6.77830e+03  2.98826e-03
 6.77856e+03  3.00379e-03
 6.77882e+03  3.00571e-03
 6.77908e+03  2.92914e-03
 6.77934e+03  2.93867e-03
 6.77960e+03  3.06909e-03
 6.77986e+03  2.93177e-03
 6.78012e+03  2.81570e-03
 6.78039e+03  2.93968e-03
 6.78065e+03  2.97652e-03
 6.78091e+03  2.94223e-03
 6.78117e+03  2.88896e-03
 6.78143e+03  2.79485e-03
 6.78169e+03  2.79986e-03
 6.78195e+03  2.81578e-03
 6.78221e+03  2.83338e-03
 6.78248e+03  2.83540e-03
 6.78274e+03  2.68759e-03
 6.78300e+03  2.71946e-03
 6.78326e+03  2.64376e-03
 6.78352e+03  2.66007e-03
 6.78378e+03  2.76374e-03
 6.78404e+03  2.62298e-03
 6.78430e+03  2.61219e-03
 6.78457e+03  2.59289e-03
 6.78483e+03  2.67728e-03
 6.78509e+03  2.52003e-03
 6.78535e+03  2.57688e-03
 6.78561e+03  2.61344e-03
 6.78587e+03  2.62242e-03
 6.78613e+03  2.45745e-03
 6.78639e+03  2.51591e-03
 6.78666e+03  2.60809e-03
 6.78692e+03  2.61010e-03
 6.78718e+03  2.50776e-03
 6.78744e+03  2.53525e-03
 6.78770e+03  2.47777e-03
 6.78796e+03  2.40002e-03
 6.78822e+03  2.55641e-03
 6.78848e+03  2.48263e-03
 6.78874e+03  2.38343e-03
 6.78901e+03  2.50994e-03
 6.78927e+03  2.43753e-03
 6.78953e+03  2.30332e-03
 6.78979e+03  2.37749e-03
 6.79005e+03  2.41814e-03
 6.79031e+03  2.33204e-03
 6.79057e+03  2.42469e-03
 6.79083e+03  2.29832e-03
 6.79110e+03  2.24414e-03
 6.79136e+03  2.43103e-03
 6.79162e+03  2.23015e-03
 6.79188e+03  2.34186e-03
 6.79214e+03  2.25667e-03
 6.79240e+03  2.28168e-03
 6.79266e+03  2.23378e-03
 6.79292e+03  2.29435e-03
 6.79319e+03  2.27900e-03
 6.79345e+03  2.25324e-03
 6.79371e+03  2.18863e-03
 6.79397e+03  2.22708e-03
 6.79423e+03  2.34229e-03
 6.79449e+03  2.18235e-03
 6.79475e+03  2.20498e-03
 6.79501e+03  2.12500e-03
 6.79527e+03  2.16787e-03
 6.79554e+03  2.10809e-03
 6.79580e+03  2.13783e-03
 6.79606e+03  2.07590e-03
 6.79632e+03  2.15227e-03
 6.79658e+03  2.16604e-03
 6.79684e+03  2.13008e-03
 6.79710e+03  2.06773e-03
 6.79736e+03  2.02090e-03
 6.79763e+03  2.15810e-03
 6.79789e+03  2.05961e-03
 6.79815e+03  2.13155e-03
 6.79841e+03  2.06233e-03
 6.79867e+03  2.03508e-03
 6.79893e+03  1.95462e-03
 6.79919e+03  1.99025e-03
 6.79945e+03  1.99183e-03
 6.79972e+03  2.01034e-03
 6.79998e+03  2.08611e-03
 6.80024e+03  2.06064e-03
 6.80050e+03  1.98232e-03
