   7435.228      5.4466245E-03
   7435.489      5.5636261E-03
   7435.751      5.7162121E-03
   7436.012      5.9067332E-03
   7436.273      6.1342418E-03
   7436.535      6.3926969E-03
   7436.796      6.6706184E-03
   7437.058      6.9532041E-03
   7437.319      7.2253300E-03
   7437.580      7.4746693E-03
   7437.842      7.6931850E-03
   7438.103      7.8770500E-03
   7438.364      8.0261724E-03
   7438.625      8.1440341E-03
   7438.887      8.2378518E-03
   7439.148      8.3185285E-03
   7439.410      8.3993562E-03
   7439.671      8.4919967E-03
   7439.933      8.6036781E-03
   7440.194      8.7348549E-03
   7440.455      8.8795032E-03
   7440.717      9.0281600E-03
   7440.978      9.1728130E-03
   7441.239      9.3094464E-03
   7441.500      9.4390353E-03
   7441.762      9.5659541E-03
   7442.023      9.6942857E-03
   7442.285      9.8250546E-03
   7442.546      9.9551072E-03
   7442.808      1.0078131E-02
   7443.069      1.0188568E-02
   7443.330      1.0284412E-02
   7443.592      1.0369213E-02
   7443.853      1.0451331E-02
   7444.114      1.0541398E-02
   7444.375      1.0649082E-02
   7444.637      1.0780483E-02
   7444.898      1.0935938E-02
   7445.160      1.1110925E-02
   7445.421      1.1298131E-02
   7445.683      1.1489488E-02
   7445.944      1.1678951E-02
   7446.206      1.1863611E-02
   7446.467      1.2043058E-02
   7446.728      1.2218256E-02
   7446.989      1.2390051E-02
   7447.251      1.2557207E-02
   7447.512      1.2716625E-02
   7447.773      1.2865482E-02
   7448.035      1.3004187E-02
   7448.296      1.3138030E-02
   7448.558      1.3276907E-02
   7448.819      1.3431516E-02
   7449.081      1.3609691E-02
   7449.342      1.3813214E-02
   7449.604      1.4036883E-02
   7449.865      1.4271555E-02
   7450.126      1.4507751E-02
   7450.388      1.4739840E-02
   7450.649      1.4968403E-02
   7450.910      1.5198068E-02
   7451.171      1.5435265E-02
   7451.433      1.5684051E-02
   7451.694      1.5944323E-02
   7451.956      1.6211633E-02
   7452.217      1.6479697E-02
   7452.479      1.6742995E-02
   7452.740      1.6998684E-02
   7453.001      1.7246423E-02
   7453.263      1.7487360E-02
   7453.524      1.7723149E-02
   7453.786      1.7956849E-02
   7454.047      1.8194282E-02
   7454.308      1.8443890E-02
   7454.570      1.8714527E-02
   7454.831      1.9010013E-02
   7455.093      1.9326489E-02
   7455.354      1.9653646E-02
   7455.615      1.9979652E-02
   7455.877      2.0298401E-02
   7456.138      2.0611767E-02
   7456.399      2.0927442E-02
   7456.661      2.1254228E-02
   7456.922      2.1596214E-02
   7457.184      2.1952122E-02
   7457.445      2.2317678E-02
   7457.707      2.2689637E-02
   7457.968      2.3069030E-02
   7458.229      2.3460448E-02
   7458.491      2.3868646E-02
   7458.752      2.4293838E-02
   7459.014      2.4729621E-02
   7459.275      2.5165893E-02
   7459.537      2.5593981E-02
   7459.798      2.6013004E-02
   7460.059      2.6430817E-02
   7460.321      2.6860178E-02
   7460.582      2.7312769E-02
   7460.843      2.7792707E-02
   7461.105      2.8295405E-02
   7461.366      2.8810816E-02
   7461.628      2.9328989E-02
   7461.889      2.9844996E-02
   7462.150      3.0359408E-02
   7462.412      3.0875660E-02
   7462.673      3.1397384E-02
   7462.935      3.1926747E-02
   7463.196      3.2465301E-02
   7463.458      3.3015359E-02
   7463.719      3.3579506E-02
   7463.980      3.4160323E-02
   7464.242      3.4758691E-02
   7464.503      3.5374913E-02
   7464.765      3.6008578E-02
   7465.026      3.6660548E-02
   7465.288      3.7332803E-02
   7465.549      3.8026467E-02
   7465.811      3.8740676E-02
   7466.072      3.9470918E-02
   7466.333      4.0209021E-02
   7466.595      4.0946107E-02
   7466.856      4.1676793E-02
   7467.118      4.2401958E-02
   7467.379      4.3129563E-02
   7467.641      4.3871924E-02
   7467.902      4.4640377E-02
   7468.164      4.5441568E-02
   7468.425      4.6275482E-02
   7468.686      4.7136888E-02
   7468.948      4.8018627E-02
   7469.209      4.8914358E-02
   7469.471      4.9821153E-02
   7469.732      5.0739951E-02
   7469.993      5.1675711E-02
   7470.255      5.2635640E-02
   7470.516      5.3627197E-02
   7470.778      5.4654960E-02
   7471.039      5.5719621E-02
   7471.301      5.6818217E-02
   7471.562      5.7944153E-02
   7471.823      5.9089232E-02
   7472.085      6.0244408E-02
   7472.346      6.1402995E-02
   7472.608      6.2563151E-02
   7472.869      6.3730516E-02
   7473.131      6.4916514E-02
   7473.392      6.6134162E-02
   7473.654      6.7393936E-02
   7473.915      6.8699636E-02
   7474.176      7.0050143E-02
   7474.438      7.1442083E-02
   7474.699      7.2872058E-02
   7474.961      7.4338064E-02
   7475.222      7.5838558E-02
   7475.484      7.7370964E-02
   7475.745      7.8932405E-02
   7476.007      8.0519654E-02
   7476.268      8.2131013E-02
   7476.530      8.3767451E-02
   7476.791      8.5432515E-02
   7477.052      8.7131195E-02
   7477.314      8.8868551E-02
   7477.575      9.0646327E-02
   7477.837      9.2462674E-02
   7478.098      9.4312415E-02
   7478.360      9.6190728E-02
   7478.621      9.8095104E-02
   7478.883      0.1000283    
   7479.144      0.1019979    
   7479.406      0.1040161    
   7479.667      0.1060968    
   7479.929      0.1082525    
   7480.190      0.1104906    
   7480.452      0.1128110    
   7480.713      0.1152054    
   7480.975      0.1176600    
   7481.236      0.1201586    
   7481.498      0.1226870    
   7481.759      0.1252372    
   7482.020      0.1278111    
   7482.282      0.1304200    
   7482.543      0.1330812    
   7482.805      0.1358101    
   7483.066      0.1386147    
   7483.328      0.1414924    
   7483.589      0.1444330    
   7483.851      0.1474228    
   7484.112      0.1504503    
   7484.374      0.1535098    
   7484.635      0.1566038    
   7484.896      0.1597432    
   7485.158      0.1629455    
   7485.419      0.1662311    
   7485.681      0.1696196    
   7485.942      0.1731236    
   7486.204      0.1767443    
   7486.465      0.1804693    
   7486.727      0.1842755    
   7486.988      0.1881340    
   7487.250      0.1920193    
   7487.511      0.1959155    
   7487.773      0.1998193    
   7488.034      0.2037401    
   7488.296      0.2076954    
   7488.557      0.2117052    
   7488.819      0.2157855    
   7489.080      0.2199458    
   7489.342      0.2241893    
   7489.603      0.2285159    
   7489.865      0.2329251    
   7490.126      0.2374150    
   7490.388      0.2419810    
   7490.649      0.2466157    
   7490.911      0.2513121    
   7491.172      0.2560669    
   7491.434      0.2608834    
   7491.695      0.2657709    
   7491.957      0.2707393    
   7492.218      0.2757940    
   7492.479      0.2809334    
   7492.741      0.2861494    
   7493.002      0.2914309    
   7493.264      0.2967655    
   7493.525      0.3021424    
   7493.787      0.3075539    
   7494.048      0.3129988    
   7494.310      0.3184850    
   7494.572      0.3240308    
   7494.833      0.3296603    
   7495.095      0.3353941    
   7495.356      0.3412381    
   7495.618      0.3471767    
   7495.879      0.3531775    
   7496.141      0.3592039    
   7496.402      0.3652308    
   7496.664      0.3712521    
   7496.925      0.3772765    
   7497.187      0.3833155    
   7497.448      0.3893745    
   7497.709      0.3954518    
   7497.971      0.4015472    
   7498.232      0.4076673    
   7498.494      0.4138268    
   7498.756      0.4200408    
   7499.017      0.4263180    
   7499.279      0.4326553    
   7499.540      0.4390350    
   7499.802      0.4454338    
   7500.063      0.4518268    
   7500.325      0.4581961    
   7500.586      0.4645323    
   7500.848      0.4708343    
   7501.109      0.4771055    
   7501.371      0.4833506    
   7501.632      0.4895770    
   7501.894      0.4957926    
   7502.155      0.5020033    
   7502.417      0.5082104    
   7502.678      0.5144097    
   7502.940      0.5205937    
   7503.202      0.5267562    
   7503.463      0.5328933    
   7503.725      0.5390044    
   7503.986      0.5450889    
   7504.248      0.5511475    
   7504.509      0.5571824    
   7504.771      0.5631939    
   7505.032      0.5691818    
   7505.293      0.5751432    
   7505.555      0.5810702    
   7505.817      0.5869494    
   7506.078      0.5927573    
   7506.340      0.5984632    
   7506.602      0.6040348    
   7506.863      0.6094525    
   7507.125      0.6147189    
   7507.386      0.6198588    
   7507.647      0.6249117    
   7507.909      0.6299189    
   7508.170      0.6349097    
   7508.432      0.6398973    
   7508.694      0.6448792    
   7508.955      0.6498433    
   7509.217      0.6547692    
   7509.478      0.6596336    
   7509.740      0.6644134    
   7510.001      0.6690879    
   7510.263      0.6736424    
   7510.524      0.6780669    
   7510.786      0.6823506    
   7511.047      0.6864866    
   7511.309      0.6904723    
   7511.571      0.6943166    
   7511.832      0.6980420    
   7512.094      0.7016775    
   7512.355      0.7052500    
   7512.617      0.7087731    
   7512.878      0.7122435    
   7513.140      0.7156453    
   7513.401      0.7189595    
   7513.663      0.7221732    
   7513.924      0.7252851    
   7514.186      0.7283061    
   7514.448      0.7312536    
   7514.709      0.7341456    
   7514.971      0.7369928    
   7515.232      0.7397902    
   7515.494      0.7425179    
   7515.755      0.7451496    
   7516.017      0.7476666    
   7516.278      0.7500634    
   7516.540      0.7523447    
   7516.802      0.7545142    
   7517.063      0.7565653    
   7517.325      0.7584876    
   7517.586      0.7602801    
   7517.848      0.7619694    
   7518.109      0.7636074    
   7518.371      0.7652567    
   7518.633      0.7669632    
   7518.894      0.7687408    
   7519.156      0.7705702    
   7519.417      0.7724134    
   7519.679      0.7742265    
   7519.940      0.7759731    
   7520.202      0.7776265    
   7520.463      0.7791740    
   7520.725      0.7806144    
   7520.987      0.7819568    
   7521.248      0.7832139    
   7521.510      0.7843961    
   7521.771      0.7855104    
   7522.033      0.7865608    
   7522.294      0.7875495    
   7522.556      0.7884764    
   7522.818      0.7893375    
   7523.079      0.7901216    
   7523.341      0.7908173    
   7523.603      0.7914237    
   7523.864      0.7919637    
   7524.125      0.7924866    
   7524.387      0.7930529    
   7524.649      0.7937087    
   7524.910      0.7944672    
   7525.172      0.7953028    
   7525.434      0.7961673    
   7525.695      0.7970099    
   7525.957      0.7977989    
   7526.218      0.7985284    
   7526.480      0.7992129    
   7526.741      0.7998750    
   7527.003      0.8005310    
   7527.265      0.8011806    
   7527.526      0.8018082    
   7527.788      0.8023891    
   7528.049      0.8029019    
   7528.311      0.8033401    
   7528.573      0.8037160    
   7528.834      0.8040566    
   7529.096      0.8043903    
   7529.357      0.8047369    
   7529.619      0.8051012    
   7529.880      0.8054760    
   7530.142      0.8058542    
   7530.404      0.8062357    
   7530.665      0.8066278    
   7530.927      0.8070427    
   7531.188      0.8074871    
   7531.450      0.8079567    
   7531.711      0.8084370    
   7531.973      0.8089097    
   7532.235      0.8093665    
   7532.497      0.8098164    
   7532.758      0.8102830    
   7533.020      0.8107979    
   7533.281      0.8113822    
   7533.543      0.8120337    
   7533.805      0.8127249    
   7534.066      0.8134104    
   7534.328      0.8140442    
   7534.589      0.8145951    
   7534.851      0.8150551    
   7535.112      0.8154365    
   7535.374      0.8157656    
   7535.636      0.8160681    
   7535.897      0.8163625    
   7536.159      0.8166564    
   7536.420      0.8169498    
   7536.682      0.8172505    
   7536.944      0.8175808    
   7537.206      0.8179755    
   7537.467      0.8184650    
   7537.729      0.8190569    
   7537.990      0.8197245    
   7538.252      0.8204168    
   7538.513      0.8210782    
   7538.775      0.8216608    
   7539.037      0.8221439    
   7539.298      0.8225381    
   7539.560      0.8228809    
   7539.821      0.8232279    
   7540.083      0.8236319    
   7540.345      0.8241222    
   7540.606      0.8246959    
   7540.868      0.8253195    
   7541.129      0.8259444    
   7541.391      0.8265304    
   7541.653      0.8270589    
   7541.915      0.8275381    
   7542.176      0.8279923    
   7542.438      0.8284456    
   7542.699      0.8289080    
   7542.961      0.8293696    
   7543.223      0.8298097    
   7543.484      0.8302057    
   7543.746      0.8305459    
   7544.007      0.8308334    
   7544.269      0.8310871    
   7544.531      0.8313387    
   7544.792      0.8316235    
   7545.054      0.8319711    
   7545.315      0.8323978    
   7545.577      0.8328972    
   7545.839      0.8334422    
   7546.101      0.8339924    
   7546.362      0.8345117    
   7546.624      0.8349769    
   7546.885      0.8353851    
   7547.147      0.8357486    
   7547.409      0.8360890    
   7547.670      0.8364291    
   7547.932      0.8367820    
   7548.194      0.8371457    
   7548.455      0.8375041    
   7548.717      0.8378356    
   7548.979      0.8381292    
   7549.240      0.8383936    
   7549.502      0.8386509    
   7549.764      0.8389226    
   7550.025      0.8392147    
   7550.287      0.8395163    
   7550.548      0.8398042    
   7550.810      0.8400596    
   7551.072      0.8402739    
   7551.333      0.8404504    
   7551.595      0.8405956    
   7551.857      0.8407117    
   7552.118      0.8407921    
   7552.380      0.8408306    
   7552.642      0.8408273    
   7552.903      0.8407935    
   7553.165      0.8407511    
   7553.427      0.8407255    
   7553.688      0.8407367    
   7553.950      0.8407950    
   7554.211      0.8408931    
   7554.473      0.8410063    
   7554.735      0.8410996    
   7554.997      0.8411386    
   7555.258      0.8411084    
   7555.520      0.8410200    
   7555.782      0.8409091    
   7556.043      0.8408181    
   7556.305      0.8407789    
   7556.566      0.8407962    
   7556.828      0.8408455    
   7557.090      0.8408832    
   7557.352      0.8408684    
   7557.613      0.8407793    
   7557.875      0.8406246    
   7558.137      0.8404245    
   7558.398      0.8401994    
   7558.660      0.8399511    
   7558.921      0.8396699    
   7559.183      0.8393483    
   7559.445      0.8389951    
   7559.707      0.8386322    
   7559.968      0.8382845    
   7560.230      0.8379616    
   7560.492      0.8376513    
   7560.753      0.8373308    
   7561.015      0.8369854    
   7561.276      0.8366236    
   7561.538      0.8362740    
   7561.800      0.8359673    
   7562.062      0.8357122    
   7562.323      0.8354862    
   7562.585      0.8352421    
   7562.847      0.8349291    
   7563.108      0.8345090    
   7563.370      0.8339664    
   7563.632      0.8333065    
   7563.894      0.8325495    
   7564.155      0.8317274    
   7564.417      0.8308859    
   7564.678      0.8300776    
   7564.940      0.8293540    
   7565.202      0.8287460    
   7565.463      0.8282588    
   7565.725      0.8278663    
   7565.987      0.8275234    
   7566.249      0.8271772    
   7566.510      0.8267806    
   7566.772      0.8263018    
   7567.034      0.8257309    
   7567.295      0.8250865    
   7567.557      0.8244093    
   7567.819      0.8237503    
   7568.081      0.8231525    
   7568.342      0.8226365    
   7568.604      0.8221934    
   7568.865      0.8217940    
   7569.127      0.8213995    
   7569.389      0.8209720    
   7569.650      0.8204758    
   7569.912      0.8198763    
   7570.174      0.8191433    
   7570.436      0.8182634    
   7570.697      0.8172524    
   7570.959      0.8161623    
   7571.221      0.8150643    
   7571.482      0.8140333    
   7571.744      0.8131152    
   7572.006      0.8123173    
   7572.268      0.8116043    
   7572.529      0.8109210    
   7572.791      0.8102149    
   7573.053      0.8094562    
   7573.314      0.8086512    
   7573.576      0.8078321    
   7573.838      0.8070371    
   7574.100      0.8062873    
   7574.361      0.8055767    
   7574.623      0.8048781    
   7574.885      0.8041621    
   7575.146      0.8034207    
   7575.408      0.8026710    
   7575.670      0.8019434    
   7575.932      0.8012580    
   7576.193      0.8006113    
   7576.455      0.7999789    
   7576.717      0.7993309    
   7576.978      0.7986530    
   7577.240      0.7979475    
   7577.501      0.7972314    
   7577.763      0.7965178    
   7578.025      0.7958046    
   7578.287      0.7950721    
   7578.548      0.7942965    
   7578.810      0.7934619    
   7579.072      0.7925724    
   7579.333      0.7916487    
   7579.595      0.7907155    
   7579.857      0.7897887    
   7580.119      0.7888762    
   7580.381      0.7879853    
   7580.643      0.7871282    
   7580.904      0.7863202    
   7581.166      0.7855678    
   7581.428      0.7848609    
   7581.689      0.7841740    
   7581.951      0.7834684    
   7582.213      0.7827036    
   7582.475      0.7818452    
   7582.736      0.7808744    
   7582.998      0.7797912    
   7583.260      0.7786168    
   7583.521      0.7773910    
   7583.783      0.7761663    
   7584.045      0.7749933    
   7584.307      0.7739099    
   7584.568      0.7729251    
   7584.830      0.7720155    
   7585.092      0.7711362    
   7585.354      0.7702402    
   7585.615      0.7693034    
   7585.877      0.7683334    
   7586.139      0.7673591    
   7586.400      0.7664091    
   7586.662      0.7654836    
   7586.924      0.7645458    
   7587.186      0.7635332    
   7587.447      0.7623841    
   7587.709      0.7610645    
   7587.971      0.7595808    
   7588.232      0.7579794    
   7588.495      0.7563247    
   7588.756      0.7546808    
   7589.018      0.7530888    
   7589.280      0.7515600    
   7589.542      0.7500812    
   7589.803      0.7486236    
   7590.065      0.7471541    
   7590.327      0.7456509    
   7590.588      0.7441059    
   7590.850      0.7425265    
   7591.112      0.7409248    
   7591.374      0.7393075    
   7591.635      0.7376711    
   7591.897      0.7360038    
   7592.159      0.7342896    
   7592.420      0.7325139    
   7592.683      0.7306634    
   7592.944      0.7287240    
   7593.206      0.7266824    
   7593.468      0.7245309    
   7593.729      0.7222671    
   7593.991      0.7198988    
   7594.253      0.7174429    
   7594.515      0.7149199    
   7594.776      0.7123488    
   7595.038      0.7097437    
   7595.300      0.7071130    
   7595.562      0.7044647    
   7595.824      0.7018044    
   7596.085      0.6991333    
   7596.347      0.6964421    
   7596.609      0.6937120    
   7596.871      0.6909174    
   7597.132      0.6880367    
   7597.394      0.6850629    
   7597.656      0.6820079    
   7597.917      0.6788954    
   7598.179      0.6757446    
   7598.441      0.6725574    
   7598.703      0.6693102    
   7598.965      0.6659696    
   7599.227      0.6625104    
   7599.488      0.6589365    
   7599.750      0.6552745    
   7600.012      0.6515573    
   7600.273      0.6478044    
   7600.535      0.6440164    
   7600.797      0.6401812    
   7601.059      0.6362857    
   7601.321      0.6323255    
   7601.583      0.6283032    
   7601.844      0.6242226    
   7602.106      0.6200870    
   7602.368      0.6158944    
   7602.629      0.6116398    
   7602.892      0.6073155    
   7603.153      0.6029090    
   7603.415      0.5984100    
   7603.677      0.5938120    
   7603.938      0.5891181    
   7604.200      0.5843373    
   7604.462      0.5794869    
   7604.724      0.5745871    
   7604.986      0.5696596    
   7605.248      0.5647200    
   7605.509      0.5597737    
   7605.771      0.5548151    
   7606.033      0.5498281    
   7606.294      0.5447896    
   7606.557      0.5396764    
   7606.818      0.5344695    
   7607.080      0.5291601    
   7607.342      0.5237576    
   7607.604      0.5182866    
   7607.865      0.5127746    
   7608.127      0.5072381    
   7608.389      0.5016795    
   7608.651      0.4960910    
   7608.913      0.4904706    
   7609.174      0.4848230    
   7609.436      0.4791605    
   7609.698      0.4734929    
   7609.960      0.4678219    
   7610.222      0.4621436    
   7610.483      0.4564558    
   7610.745      0.4507653    
   7611.007      0.4450861    
   7611.269      0.4394303    
   7611.531      0.4337934    
   7611.792      0.4281555    
   7612.054      0.4224919    
   7612.316      0.4167918    
   7612.578      0.4110723    
   7612.840      0.4053717    
   7613.102      0.3997336    
   7613.363      0.3941853    
   7613.625      0.3887295    
   7613.887      0.3833497    
   7614.149      0.3780202    
   7614.411      0.3727206    
   7614.672      0.3674363    
   7614.934      0.3621602    
   7615.196      0.3568861    
   7615.458      0.3516065    
   7615.720      0.3463120    
   7615.981      0.3409960    
   7616.243      0.3356621    
   7616.505      0.3303295    
   7616.767      0.3250280    
   7617.029      0.3197862    
   7617.291      0.3146192    
   7617.552      0.3095208    
   7617.814      0.3044705    
   7618.076      0.2994492    
   7618.338      0.2944543    
   7618.600      0.2895041    
   7618.861      0.2846279    
   7619.123      0.2798516    
   7619.385      0.2751797    
   7619.647      0.2705938    
   7619.909      0.2660624    
   7620.170      0.2615562    
   7620.432      0.2570606    
   7620.694      0.2525775    
   7620.956      0.2481195    
   7621.218      0.2437017    
   7621.479      0.2393356    
   7621.742      0.2350293    
   7622.003      0.2307900    
   7622.265      0.2266224    
   7622.527      0.2225296    
   7622.789      0.2185111    
   7623.051      0.2145628    
   7623.313      0.2106818    
   7623.574      0.2068698    
   7623.836      0.2031325    
   7624.098      0.1994770    
   7624.360      0.1959069    
   7624.622      0.1924186    
   7624.884      0.1890015    
   7625.146      0.1856412    
   7625.407      0.1823240    
   7625.669      0.1790433    
   7625.931      0.1757991    
   7626.193      0.1725958    
   7626.455      0.1694367    
   7626.716      0.1663198    
   7626.979      0.1632404    
   7627.240      0.1601980    
   7627.502      0.1571984    
   7627.764      0.1542539    
   7628.026      0.1513756    
   7628.288      0.1485682    
   7628.549      0.1458293    
   7628.811      0.1431533    
   7629.073      0.1405354    
   7629.335      0.1379741    
   7629.597      0.1354702    
   7629.858      0.1330234    
   7630.121      0.1306303    
   7630.382      0.1282822    
   7630.644      0.1259657    
   7630.906      0.1236683    
   7631.168      0.1213824    
   7631.430      0.1191108    
   7631.691      0.1168650    
   7631.954      0.1146599    
   7632.215      0.1125064    
   7632.477      0.1104081    
   7632.739      0.1083615    
   7633.001      0.1063624    
   7633.263      0.1044102    
   7633.524      0.1025089    
   7633.787      0.1006615    
   7634.048      9.8865360E-02
   7634.310      9.7107567E-02
   7634.572      9.5369585E-02
   7634.834      9.3634322E-02
   7635.096      9.1894634E-02
   7635.358      9.0158567E-02
   7635.620      8.8445880E-02
   7635.881      8.6780593E-02
   7636.143      8.5181162E-02
   7636.405      8.3654054E-02
   7636.667      8.2193010E-02
   7636.929      8.0783345E-02
   7637.191      7.9407491E-02
   7637.453      7.8051671E-02
   7637.714      7.6707810E-02
   7637.977      7.5373501E-02
   7638.238      7.4049950E-02
   7638.500      7.2738230E-02
   7638.762      7.1437798E-02
   7639.024      7.0148051E-02
   7639.286      6.8871632E-02
   7639.548      6.7615017E-02
   7639.810      6.6385530E-02
   7640.071      6.5186799E-02
   7640.333      6.4016722E-02
   7640.595      6.2870644E-02
   7640.857      6.1746262E-02
   7641.119      6.0647093E-02
   7641.381      5.9581373E-02
   7641.643      5.8556609E-02
   7641.904      5.7574522E-02
   7642.167      5.6628935E-02
   7642.428      5.5706788E-02
   7642.690      5.4794811E-02
   7642.952      5.3883862E-02
   7643.214      5.2972678E-02
   7643.476      5.2066401E-02
   7643.738      5.1172022E-02
   7644.000      5.0292224E-02
   7644.262      4.9423914E-02
   7644.523      4.8559312E-02
   7644.785      4.7691587E-02
   7645.047      4.6820249E-02
   7645.309      4.5952685E-02
   7645.571      4.5101546E-02
   7645.833      4.4279262E-02
   7646.095      4.3490194E-02
   7646.356      4.2730618E-02
   7646.619      4.1992426E-02
   7646.880      4.1270342E-02
   7647.143      4.0565901E-02
   7647.404      3.9885323E-02
   7647.666      3.9232615E-02
   7647.928      3.8604159E-02
   7648.190      3.7988666E-02
   7648.452      3.7372217E-02
   7648.714      3.6745626E-02
   7648.976      3.6109194E-02
   7649.238      3.5472155E-02
   7649.500      3.4846973E-02
   7649.761      3.4243710E-02
   7650.023      3.3665378E-02
   7650.285      3.3109866E-02
   7650.547      3.2573912E-02
   7650.809      3.2056715E-02
   7651.071      3.1561092E-02
   7651.333      3.1088516E-02
   7651.595      3.0636452E-02
   7651.856      3.0196594E-02
   7652.119      2.9757245E-02
   7652.380      2.9309602E-02
   7652.643      2.8852018E-02
   7652.904      2.8391631E-02
   7653.166      2.7939042E-02
   7653.428      2.7502891E-02
   7653.690      2.7085450E-02
   7653.952      2.6683658E-02
   7654.214      2.6292151E-02
   7654.476      2.5907356E-02
   7654.738      2.5526959E-02
   7655.000      2.5149383E-02
   7655.262      2.4771821E-02
   7655.523      2.4390189E-02
   7655.785      2.4002347E-02
   7656.047      2.3610000E-02
   7656.309      2.3219073E-02
   7656.571      2.2837084E-02
   7656.833      2.2469738E-02
   7657.095      2.2119470E-02
   7657.357      2.1785647E-02
   7657.619      2.1466546E-02
   7657.881      2.1159964E-02
   7658.143      2.0862507E-02
   7658.405      2.0570058E-02
   7658.667      2.0277744E-02
   7658.928      1.9982688E-02
   7659.190      1.9684585E-02
   7659.452      1.9385450E-02
   7659.714      1.9088661E-02
   7659.976      1.8797433E-02
   7660.238      1.8513748E-02
   7660.500      1.8238435E-02
   7660.762      1.7972158E-02
   7661.024      1.7716439E-02
   7661.286      1.7474040E-02
   7661.548      1.7246505E-02
   7661.810      1.7032562E-02
   7662.072      1.6827025E-02
   7662.333      1.6622115E-02
   7662.595      1.6411347E-02
   7662.857      1.6192000E-02
   7663.119      1.5966004E-02
   7663.381      1.5737645E-02
   7663.643      1.5511082E-02
   7663.905      1.5288416E-02
   7664.167      1.5069383E-02
   7664.429      1.4853165E-02
   7664.691      1.4639990E-02
   7664.953      1.4432881E-02
   7665.215      1.4237314E-02
   7665.477      1.4058352E-02
   7665.739      1.3897462E-02
   7666.000      1.3751145E-02
   7666.263      1.3611706E-02
   7666.524      1.3470098E-02
   7666.787      1.3319840E-02
   7667.048      1.3157770E-02
   7667.311      1.2984335E-02
   7667.572      1.2802050E-02
   7667.834      1.2613958E-02
   7668.096      1.2423279E-02
   7668.358      1.2232402E-02
   7668.620      1.2042540E-02
   7668.882      1.1853584E-02
   7669.144      1.1666132E-02
   7669.406      1.1482905E-02
   7669.668      1.1310339E-02
   7669.930      1.1157080E-02
   7670.192      1.1029361E-02
   7670.454      1.0926886E-02
   7670.716      1.0839861E-02
   7670.978      1.0751737E-02
   7671.240      1.0644319E-02
   7671.502      1.0505084E-02
   7671.764      1.0332650E-02
   7672.026      1.0137985E-02
   7672.288      9.9401632E-03
   7672.550      9.7586904E-03
   7672.812      9.6069397E-03
   7673.074      9.4891656E-03
   7673.335      9.4014555E-03
   7673.598      9.3344245E-03
   7673.859      9.2758425E-03
   7674.122      9.2138834E-03
   7674.383      9.1407150E-03
   7674.646      9.0535982E-03
   7674.907      8.9549264E-03
   7675.169      8.8499589E-03
   7675.431      8.7436987E-03
   7675.693      8.6393747E-03
   7675.955      8.5390955E-03
   7676.217      8.4431926E-03
   7676.479      8.3501022E-03
   7676.741      8.2552973E-03
   7677.003      8.1529757E-03
   7677.265      8.0387061E-03
   7677.527      7.9121804E-03
   7677.789      7.7785682E-03
   7678.051      7.6466249E-03
   7678.313      7.5254724E-03
   7678.575      7.4211829E-03
   7678.837      7.3344577E-03
   7679.099      7.2606411E-03
   7679.361      7.1922624E-03
   7679.623      7.1226950E-03
   7679.885      7.0488630E-03
   7680.147      6.9722990E-03
   7680.409      6.8978732E-03
   7680.671      6.8301167E-03
   7680.933      6.7711053E-03
   7681.195      6.7195068E-03
   7681.457      6.6708284E-03
   7681.719      6.6197198E-03
   7681.980      6.5627908E-03
   7682.243      6.4999452E-03
   7682.505      6.4343805E-03
   7682.767      6.3700220E-03
   7683.029      6.3090725E-03
   7683.291      6.2509035E-03
   7683.553      6.1928499E-03
   7683.814      6.1322455E-03
   7684.077      6.0671852E-03
   7684.338      5.9967185E-03
   7684.601      5.9206216E-03
   7684.863      5.8397292E-03
   7685.125      5.7571791E-03
   7685.387      5.6783133E-03
   7685.648      5.6094392E-03
   7685.911      5.5546565E-03
   7686.172      5.5129845E-03
   7686.435      5.4780887E-03
   7686.697      5.4403031E-03
   7686.958      5.3908965E-03
   7687.221      5.3259488E-03
   7687.482      5.2474979E-03
   7687.745      5.1621422E-03
   7688.006      5.0779488E-03
   7688.269      5.0005838E-03
   7688.531      4.9330136E-03
   7688.792      4.8764567E-03
   7689.055      4.8330333E-03
   7689.316      4.8059402E-03
   7689.579      4.7969464E-03
   7689.841      4.8031793E-03
   7690.103      4.8155477E-03
   7690.365      4.8211087E-03
   7690.626      4.8072692E-03
   7690.889      4.7663338E-03
   7691.151      4.6987259E-03
   7691.413      4.6126759E-03
   7691.675      4.5213993E-03
   7691.937      4.4393525E-03
   7692.199      4.3764669E-03
   7692.461      4.3354789E-03
   7692.723      4.3113199E-03
   7692.985      4.2943074E-03
   7693.247      4.2744805E-03
   7693.509      4.2448053E-03
   7693.771      4.2025158E-03
   7694.033      4.1490523E-03
   7694.295      4.0890956E-03
   7694.557      4.0298789E-03
   7694.819      3.9789560E-03
   7695.081      3.9423327E-03
   7695.343      3.9222888E-03
   7695.605      3.9163763E-03
   7695.867      3.9186082E-03
   7696.129      3.9223544E-03
   7696.391      3.9227614E-03
   7696.653      3.9180540E-03
   7696.915      3.9080647E-03
   7697.177      3.8931461E-03
   7697.439      3.8728099E-03
   7697.701      3.8458789E-03
   7697.963      3.8123631E-03
   7698.225      3.7743072E-03
   7698.487      3.7358452E-03
   7698.750      3.7016871E-03
   7699.011      3.6755828E-03
   7699.273      3.6589222E-03
   7699.535      3.6499987E-03
   7699.797      3.6448499E-03
   7700.060      3.6381292E-03
   7700.321      3.6251226E-03
   7700.583      3.6043075E-03
   7700.846      3.5782158E-03
   7701.107      3.5531800E-03
   7701.370      3.5370281E-03
   7701.632      3.5359787E-03
   7701.894      3.5524766E-03
   7702.156      3.5852126E-03
   7702.418      3.6296179E-03
   7702.680      3.6798485E-03
   7702.942      3.7295823E-03
