  2.99849e+03  7.07541e-03
  3.00054e+03  7.13133e-03
  3.00260e+03  7.17246e-03
  3.00465e+03  7.39590e-03
  3.00671e+03  7.33837e-03
  3.00876e+03  7.15962e-03
  3.01081e+03  7.30301e-03
  3.01287e+03  7.31282e-03
  3.01492e+03  7.13675e-03
  3.01698e+03  7.25284e-03
  3.01903e+03  7.27258e-03
  3.02108e+03  7.33404e-03
  3.02314e+03  7.32598e-03
  3.02519e+03  7.48522e-03
  3.02725e+03  7.64042e-03
  3.02930e+03  7.30417e-03
  3.03135e+03  7.55770e-03
  3.03341e+03  7.38555e-03
  3.03546e+03  7.26232e-03
  3.03752e+03  7.39578e-03
  3.03957e+03  7.29190e-03
  3.04162e+03  7.13725e-03
  3.04368e+03  7.45814e-03
  3.04573e+03  7.53040e-03
  3.04779e+03  7.57323e-03
  3.04984e+03  7.42132e-03
  3.05190e+03  7.38142e-03
  3.05395e+03  7.43162e-03
  3.05600e+03  7.33190e-03
  3.05806e+03  7.47611e-03
  3.06011e+03  7.63045e-03
  3.06217e+03  7.41218e-03
  3.06422e+03  7.58418e-03
  3.06627e+03  7.60296e-03
  3.06833e+03  7.81490e-03
  3.07038e+03  7.84628e-03
  3.07244e+03  7.52850e-03
  3.07449e+03  7.76551e-03
  3.07654e+03  7.80036e-03
  3.07860e+03  7.60541e-03
  3.08065e+03  7.61032e-03
  3.08271e+03  7.97846e-03
  3.08476e+03  7.82989e-03
  3.08681e+03  7.82349e-03
  3.08887e+03  7.77177e-03
  3.09092e+03  8.08831e-03
  3.09298e+03  7.90782e-03
  3.09503e+03  7.82442e-03
  3.09708e+03  7.97236e-03
  3.09914e+03  8.07004e-03
  3.10119e+03  7.88171e-03
  3.10325e+03  7.93214e-03
  3.10530e+03  7.82326e-03
  3.10735e+03  7.89218e-03
  3.10941e+03  7.85717e-03
  3.11146e+03  7.94214e-03
  3.11351e+03  7.93977e-03
  3.11557e+03  7.97478e-03
  3.11762e+03  7.10185e-03
  3.11968e+03  7.61359e-03
  3.12173e+03  7.39846e-03
  3.12378e+03  7.31666e-03
  3.12584e+03  8.24771e-03
  3.12789e+03  8.27041e-03
  3.12995e+03  8.30164e-03
  3.13200e+03  8.31116e-03
  3.13405e+03  8.17191e-03
  3.13611e+03  8.25133e-03
  3.13816e+03  8.23960e-03
  3.14022e+03  8.15250e-03
  3.14227e+03  8.25175e-03
  3.14432e+03  8.32936e-03
  3.14638e+03  8.26344e-03
  3.14843e+03  8.32443e-03
  3.15049e+03  8.59613e-03
  3.15254e+03  9.57302e-03
  3.15459e+03  8.81603e-03
  3.15665e+03  8.59710e-03
  3.15870e+03  8.30798e-03
  3.16076e+03  8.56966e-03
  3.16281e+03  8.72725e-03
  3.16486e+03  8.51265e-03
  3.16692e+03  8.64918e-03
  3.16897e+03  8.77216e-03
  3.17103e+03  8.70966e-03
  3.17308e+03  8.39713e-03
  3.17514e+03  8.55021e-03
  3.17719e+03  8.70374e-03
  3.17924e+03  8.79360e-03
  3.18130e+03  9.04124e-03
  3.18335e+03  8.79733e-03
  3.18541e+03  8.84092e-03
  3.18746e+03  9.08948e-03
  3.18951e+03  9.17774e-03
  3.19157e+03  9.03522e-03
  3.19362e+03  9.17250e-03
  3.19568e+03  9.35065e-03
  3.19773e+03  9.22344e-03
  3.19978e+03  9.37999e-03
  3.20184e+03  9.48499e-03
  3.20389e+03  9.48351e-03
  3.20595e+03  9.51364e-03
  3.20800e+03  9.15589e-03
  3.21005e+03  9.59487e-03
  3.21211e+03  9.50327e-03
  3.21416e+03  9.69408e-03
  3.21622e+03  9.35827e-03
  3.21827e+03  9.67848e-03
  3.22032e+03  9.48777e-03
  3.22238e+03  9.47573e-03
  3.22443e+03  9.45781e-03
  3.22649e+03  9.76187e-03
  3.22854e+03  9.77743e-03
  3.23059e+03  9.76510e-03
  3.23265e+03  9.92925e-03
  3.23470e+03  1.00261e-02
  3.23675e+03  1.00943e-02
  3.23881e+03  1.02297e-02
  3.24086e+03  1.08173e-02
  3.24292e+03  1.11397e-02
  3.24497e+03  1.14063e-02
  3.24702e+03  1.24136e-02
  3.24908e+03  1.33199e-02
  3.25113e+03  1.41427e-02
  3.25319e+03  1.51426e-02
  3.25524e+03  1.67936e-02
  3.25729e+03  1.81174e-02
  3.25935e+03  1.95162e-02
  3.26140e+03  2.14712e-02
  3.26346e+03  2.30465e-02
  3.26551e+03  2.42085e-02
  3.26756e+03  2.53499e-02
  3.26962e+03  2.64784e-02
  3.27167e+03  2.75814e-02
  3.27373e+03  2.82695e-02
  3.27578e+03  2.92654e-02
  3.27783e+03  3.00931e-02
  3.27989e+03  3.09785e-02
  3.28194e+03  3.17681e-02
  3.28400e+03  3.31152e-02
  3.28605e+03  3.36106e-02
  3.28810e+03  3.44840e-02
  3.29016e+03  3.47293e-02
  3.29221e+03  3.59365e-02
  3.29427e+03  3.65817e-02
  3.29632e+03  3.73499e-02
  3.29838e+03  3.80460e-02
  3.30043e+03  3.86106e-02
  3.30248e+03  3.96228e-02
  3.30454e+03  4.05549e-02
  3.30659e+03  4.10081e-02
  3.30865e+03  4.18595e-02
  3.31070e+03  4.27782e-02
  3.31275e+03  4.32215e-02
  3.31481e+03  4.37400e-02
  3.31686e+03  4.51990e-02
  3.31892e+03  4.54986e-02
  3.32097e+03  4.64216e-02
  3.32302e+03  4.75112e-02
  3.32508e+03  4.84732e-02
  3.32713e+03  4.90830e-02
  3.32919e+03  5.01373e-02
  3.33124e+03  5.10544e-02
  3.33329e+03  5.18717e-02
  3.33535e+03  5.27110e-02
  3.33740e+03  5.41330e-02
  3.33946e+03  5.49267e-02
  3.34151e+03  5.57923e-02
  3.34356e+03  5.68731e-02
  3.34562e+03  5.78826e-02
  3.34767e+03  5.90174e-02
  3.34973e+03  6.07018e-02
  3.35178e+03  6.15422e-02
  3.35383e+03  6.22580e-02
  3.35589e+03  6.31611e-02
  3.35794e+03  6.44300e-02
  3.36000e+03  6.54253e-02
  3.36205e+03  6.65619e-02
  3.36410e+03  6.74687e-02
  3.36616e+03  6.83060e-02
  3.36821e+03  6.95194e-02
  3.37026e+03  7.04135e-02
  3.37232e+03  7.09490e-02
  3.37437e+03  7.14082e-02
  3.37643e+03  7.19228e-02
  3.37848e+03  7.30461e-02
  3.38053e+03  7.44537e-02
  3.38259e+03  7.53286e-02
  3.38464e+03  7.64752e-02
  3.38670e+03  7.75468e-02
  3.38875e+03  7.88388e-02
  3.39080e+03  7.94349e-02
  3.39286e+03  8.04969e-02
  3.39491e+03  8.12478e-02
  3.39697e+03  8.24624e-02
  3.39902e+03  8.31608e-02
  3.40107e+03  8.44428e-02
  3.40313e+03  8.63287e-02
  3.40518e+03  8.77659e-02
  3.40724e+03  8.92280e-02
  3.40929e+03  9.01522e-02
  3.41134e+03  9.14953e-02
  3.41340e+03  9.32571e-02
  3.41545e+03  9.46014e-02
  3.41751e+03  9.61961e-02
  3.41956e+03  9.85882e-02
  3.42161e+03  1.00241e-01
  3.42367e+03  1.01611e-01
  3.42572e+03  1.03898e-01
  3.42778e+03  1.04772e-01
  3.42983e+03  1.07377e-01
  3.43189e+03  1.10328e-01
  3.43394e+03  1.11617e-01
  3.43599e+03  1.12376e-01
  3.43805e+03  1.14505e-01
  3.44010e+03  1.16723e-01
  3.44216e+03  1.18885e-01
  3.44421e+03  1.20341e-01
  3.44626e+03  1.22208e-01
  3.44832e+03  1.24286e-01
  3.45037e+03  1.26380e-01
  3.45243e+03  1.29500e-01
  3.45448e+03  1.30952e-01
  3.45653e+03  1.32842e-01
  3.45859e+03  1.34831e-01
  3.46064e+03  1.37647e-01
  3.46270e+03  1.39681e-01
  3.46475e+03  1.42400e-01
  3.46680e+03  1.44376e-01
  3.46886e+03  1.46810e-01
  3.47091e+03  1.48851e-01
  3.47297e+03  1.51621e-01
  3.47502e+03  1.53846e-01
  3.47707e+03  1.55629e-01
  3.47913e+03  1.57297e-01
  3.48118e+03  1.59904e-01
  3.48324e+03  1.62252e-01
  3.48529e+03  1.64020e-01
  3.48734e+03  1.66308e-01
  3.48940e+03  1.68203e-01
  3.49145e+03  1.69667e-01
  3.49350e+03  1.71227e-01
  3.49556e+03  1.72859e-01
  3.49761e+03  1.74591e-01
  3.49967e+03  1.76390e-01
  3.50172e+03  1.77740e-01
  3.50377e+03  1.79643e-01
  3.50583e+03  1.80622e-01
  3.50788e+03  1.82036e-01
  3.50994e+03  1.82765e-01
  3.51199e+03  1.84543e-01
  3.51404e+03  1.86034e-01
  3.51610e+03  1.87192e-01
  3.51815e+03  1.87809e-01
  3.52021e+03  1.88998e-01
  3.52226e+03  1.89339e-01
  3.52431e+03  1.90155e-01
  3.52637e+03  1.92198e-01
  3.52842e+03  1.93053e-01
  3.53048e+03  1.94339e-01
  3.53253e+03  1.95225e-01
  3.53458e+03  1.95621e-01
  3.53664e+03  1.95207e-01
  3.53869e+03  1.96767e-01
  3.54075e+03  1.98452e-01
  3.54280e+03  1.99791e-01
  3.54485e+03  1.99219e-01
  3.54691e+03  2.00354e-01
  3.54896e+03  2.00650e-01
  3.55102e+03  2.01443e-01
  3.55307e+03  2.01879e-01
  3.55512e+03  2.02328e-01
  3.55718e+03  2.02049e-01
  3.55923e+03  2.02314e-01
  3.56129e+03  2.02527e-01
  3.56334e+03  2.02034e-01
  3.56540e+03  2.01900e-01
  3.56745e+03  2.01860e-01
  3.56950e+03  2.02254e-01
  3.57156e+03  2.01158e-01
  3.57361e+03  2.01067e-01
  3.57567e+03  2.01113e-01
  3.57772e+03  2.00300e-01
  3.57977e+03  1.99629e-01
  3.58183e+03  2.00487e-01
  3.58388e+03  2.00004e-01
  3.58594e+03  1.98711e-01
  3.58799e+03  1.98618e-01
  3.59004e+03  1.98684e-01
  3.59210e+03  1.99075e-01
  3.59415e+03  1.99203e-01
  3.59621e+03  1.98833e-01
  3.59826e+03  1.99086e-01
  3.60031e+03  1.99734e-01
  3.60237e+03  2.00277e-01
  3.60442e+03  2.00572e-01
  3.60648e+03  2.01258e-01
  3.60853e+03  2.02196e-01
  3.61058e+03  2.03484e-01
  3.61264e+03  2.05098e-01
  3.61469e+03  2.05888e-01
  3.61675e+03  2.07581e-01
  3.61880e+03  2.09720e-01
  3.62085e+03  2.11236e-01
  3.62291e+03  2.12360e-01
  3.62496e+03  2.14515e-01
  3.62701e+03  2.16097e-01
  3.62907e+03  2.18089e-01
  3.63112e+03  2.19311e-01
  3.63318e+03  2.20600e-01
  3.63523e+03  2.22332e-01
  3.63728e+03  2.24128e-01
  3.63934e+03  2.24911e-01
  3.64139e+03  2.25623e-01
  3.64345e+03  2.27356e-01
  3.64550e+03  2.27021e-01
  3.64755e+03  2.27190e-01
  3.64961e+03  2.26791e-01
  3.65166e+03  2.26834e-01
  3.65372e+03  2.26678e-01
  3.65577e+03  2.25916e-01
  3.65782e+03  2.25061e-01
  3.65988e+03  2.24157e-01
  3.66193e+03  2.22752e-01
  3.66399e+03  2.20632e-01
  3.66604e+03  2.19923e-01
  3.66809e+03  2.18268e-01
  3.67015e+03  2.16480e-01
  3.67220e+03  2.15102e-01
  3.67426e+03  2.12298e-01
  3.67631e+03  2.10948e-01
  3.67836e+03  2.08895e-01
  3.68042e+03  2.08155e-01
  3.68247e+03  2.06543e-01
  3.68453e+03  2.04987e-01
  3.68658e+03  2.03753e-01
  3.68864e+03  2.03109e-01
  3.69069e+03  2.01860e-01
  3.69274e+03  2.00541e-01
  3.69480e+03  1.99960e-01
  3.69685e+03  1.98685e-01
  3.69891e+03  1.96362e-01
  3.70096e+03  1.93692e-01
  3.70301e+03  1.90434e-01
  3.70507e+03  1.84996e-01
  3.70712e+03  1.76672e-01
  3.70918e+03  1.67398e-01
  3.71123e+03  1.55836e-01
  3.71328e+03  1.43129e-01
  3.71534e+03  1.27314e-01
  3.71739e+03  1.12256e-01
  3.71945e+03  9.62763e-02
  3.72150e+03  8.15261e-02
  3.72355e+03  6.75195e-02
  3.72561e+03  5.50846e-02
  3.72766e+03  4.43370e-02
  3.72972e+03  3.57561e-02
  3.73177e+03  2.86333e-02
  3.73382e+03  2.31723e-02
  3.73588e+03  1.98664e-02
  3.73793e+03  1.73599e-02
  3.73999e+03  1.32639e-02
  3.74204e+03  1.12445e-02
  3.74409e+03  9.72038e-03
  3.74615e+03  8.72291e-03
  3.74820e+03  7.99448e-03
  3.75025e+03  7.40586e-03
  3.75231e+03  6.76318e-03
  3.75436e+03  6.39693e-03
  3.75642e+03  6.05276e-03
  3.75847e+03  5.78425e-03
  3.76052e+03  5.41290e-03
  3.76258e+03  5.36075e-03
  3.76463e+03  5.23194e-03
  3.76669e+03  5.04617e-03
  3.76874e+03  4.77948e-03
  3.77079e+03  4.84371e-03
  3.77285e+03  4.60909e-03
  3.77490e+03  4.54794e-03
  3.77696e+03  4.46311e-03
  3.77901e+03  4.32508e-03
  3.78106e+03  4.22966e-03
  3.78312e+03  4.18364e-03
  3.78517e+03  4.12610e-03
  3.78723e+03  3.98683e-03
  3.78928e+03  3.98724e-03
  3.79133e+03  3.98806e-03
  3.79339e+03  3.84203e-03
  3.79544e+03  3.82027e-03
  3.79750e+03  3.88229e-03
  3.79955e+03  3.80490e-03
  3.80160e+03  3.70959e-03
  3.80366e+03  3.76054e-03
  3.80571e+03  3.65911e-03
  3.80777e+03  3.60182e-03
  3.80982e+03  3.59447e-03
  3.81188e+03  3.57305e-03
  3.81393e+03  3.47471e-03
  3.81598e+03  3.44071e-03
  3.81804e+03  3.39964e-03
  3.82009e+03  3.39179e-03
  3.82215e+03  3.44633e-03
  3.82420e+03  3.29711e-03
  3.82625e+03  3.39851e-03
  3.82831e+03  3.27057e-03
  3.83036e+03  3.29474e-03
  3.83242e+03  3.22794e-03
  3.83447e+03  3.21678e-03
  3.83652e+03  3.15410e-03
  3.83858e+03  3.05346e-03
  3.84063e+03  3.08658e-03
  3.84269e+03  3.10655e-03
  3.84474e+03  3.05539e-03
  3.84679e+03  2.96477e-03
  3.84885e+03  2.96919e-03
  3.85090e+03  2.95531e-03
  3.85296e+03  2.83513e-03
  3.85501e+03  2.85533e-03
  3.85706e+03  2.82299e-03
  3.85912e+03  2.81518e-03
  3.86117e+03  2.82904e-03
  3.86323e+03  2.82250e-03
  3.86528e+03  2.85617e-03
  3.86733e+03  2.74064e-03
  3.86939e+03  2.72061e-03
  3.87144e+03  2.70202e-03
  3.87350e+03  2.74570e-03
  3.87555e+03  2.62164e-03
  3.87760e+03  2.61044e-03
  3.87966e+03  2.71682e-03
  3.88171e+03  2.61289e-03
  3.88376e+03  2.60858e-03
  3.88582e+03  2.60692e-03
  3.88787e+03  2.55990e-03
  3.88993e+03  2.47547e-03
  3.89198e+03  2.46542e-03
  3.89403e+03  2.47999e-03
  3.89609e+03  2.46789e-03
  3.89814e+03  2.42989e-03
  3.90020e+03  2.39178e-03
  3.90225e+03  2.38056e-03
  3.90430e+03  2.35645e-03
  3.90636e+03  2.35157e-03
  3.90841e+03  2.34668e-03
  3.91047e+03  2.25348e-03
  3.91252e+03  2.21771e-03
  3.91457e+03  2.26357e-03
  3.91663e+03  2.24836e-03
  3.91868e+03  2.18389e-03
  3.92074e+03  2.20911e-03
  3.92279e+03  2.15979e-03
  3.92484e+03  2.15175e-03
  3.92690e+03  2.15111e-03
  3.92895e+03  2.14110e-03
  3.93101e+03  2.16540e-03
  3.93306e+03  2.13775e-03
  3.93511e+03  2.07841e-03
  3.93717e+03  2.16749e-03
  3.93922e+03  2.06552e-03
  3.94128e+03  2.07215e-03
  3.94333e+03  2.09720e-03
  3.94539e+03  2.09435e-03
  3.94744e+03  2.06443e-03
  3.94949e+03  2.04922e-03
  3.95155e+03  2.01748e-03
  3.95360e+03  2.26201e-03
  3.95566e+03  1.85687e-03
  3.95771e+03  1.88216e-03
  3.95976e+03  1.91353e-03
  3.96182e+03  1.86732e-03
  3.96387e+03  1.86605e-03
  3.96593e+03  1.87326e-03
  3.96798e+03  1.87086e-03
  3.97003e+03  1.83770e-03
  3.97209e+03  3.15361e-03
  3.97414e+03  2.96414e-03
  3.97620e+03  1.85723e-03
  3.97825e+03  1.76862e-03
  3.98030e+03  1.75300e-03
  3.98236e+03  1.76682e-03
  3.98441e+03  1.80989e-03
  3.98647e+03  1.75291e-03
  3.98852e+03  1.69418e-03
  3.99057e+03  1.73282e-03
  3.99263e+03  1.73152e-03
  3.99468e+03  1.75080e-03
  3.99674e+03  1.70076e-03
  3.99879e+03  1.66771e-03
  4.00084e+03  1.66720e-03
