 5.75023e+03  2.49680e-03
 5.75049e+03  2.33722e-03
 5.75075e+03  2.67495e-03
 5.75101e+03  2.35954e-03
 5.75127e+03  2.25507e-03
 5.75153e+03  2.49583e-03
 5.75179e+03  2.67848e-03
 5.75205e+03  2.62917e-03
 5.75231e+03  2.53740e-03
 5.75257e+03  2.47472e-03
 5.75283e+03  2.72701e-03
 5.75309e+03  2.69186e-03
 5.75335e+03  2.43246e-03
 5.75361e+03  2.69825e-03
 5.75387e+03  2.73807e-03
 5.75413e+03  2.72747e-03
 5.75439e+03  2.60094e-03
 5.75465e+03  2.63698e-03
 5.75492e+03  2.80138e-03
 5.75518e+03  2.69315e-03
 5.75544e+03  2.49253e-03
 5.75570e+03  2.60841e-03
 5.75596e+03  2.71077e-03
 5.75622e+03  2.65293e-03
 5.75648e+03  2.60397e-03
 5.75674e+03  2.67402e-03
 5.75700e+03  2.98397e-03
 5.75726e+03  2.73058e-03
 5.75752e+03  2.72243e-03
 5.75778e+03  2.53727e-03
 5.75804e+03  2.86657e-03
 5.75830e+03  2.91635e-03
 5.75856e+03  2.71413e-03
 5.75882e+03  2.69756e-03
 5.75908e+03  2.86311e-03
 5.75934e+03  2.74711e-03
 5.75960e+03  2.76655e-03
 5.75986e+03  2.70559e-03
 5.76012e+03  3.00514e-03
 5.76039e+03  3.02982e-03
 5.76065e+03  2.72612e-03
 5.76091e+03  2.71053e-03
 5.76117e+03  2.86256e-03
 5.76143e+03  3.09240e-03
 5.76169e+03  2.68043e-03
 5.76195e+03  2.72280e-03
 5.76221e+03  3.12633e-03
 5.76247e+03  3.15059e-03
 5.76273e+03  2.92122e-03
 5.76299e+03  2.89061e-03
 5.76325e+03  3.01969e-03
 5.76351e+03  3.08058e-03
 5.76377e+03  3.13507e-03
 5.76403e+03  2.84167e-03
 5.76429e+03  3.04821e-03
 5.76455e+03  3.19479e-03
 5.76481e+03  3.08956e-03
 5.76507e+03  2.85664e-03
 5.76533e+03  3.04648e-03
 5.76560e+03  3.27902e-03
 5.76586e+03  3.07902e-03
 5.76612e+03  3.05650e-03
 5.76638e+03  3.08342e-03
 5.76664e+03  3.44417e-03
 5.76690e+03  3.07486e-03
 5.76716e+03  3.13103e-03
 5.76742e+03  3.27322e-03
 5.76768e+03  3.20816e-03
 5.76794e+03  3.40960e-03
 5.76820e+03  3.05794e-03
 5.76846e+03  3.10875e-03
 5.76872e+03  3.50498e-03
 5.76898e+03  3.37671e-03
 5.76924e+03  3.21781e-03
 5.76950e+03  3.16469e-03
 5.76976e+03  3.44118e-03
 5.77002e+03  3.57287e-03
 5.77028e+03  3.36023e-03
 5.77054e+03  3.18624e-03
 5.77081e+03  3.47422e-03
 5.77107e+03  3.57642e-03
 5.77133e+03  3.40601e-03
 5.77159e+03  3.29719e-03
 5.77185e+03  3.61514e-03
 5.77211e+03  3.67020e-03
 5.77237e+03  3.55159e-03
 5.77263e+03  3.21682e-03
 5.77289e+03  3.36281e-03
 5.77315e+03  3.80807e-03
 5.77341e+03  3.78060e-03
 5.77367e+03  3.46079e-03
 5.77393e+03  3.61848e-03
 5.77419e+03  3.74015e-03
 5.77445e+03  3.84465e-03
 5.77471e+03  3.47374e-03
 5.77497e+03  3.44152e-03
 5.77523e+03  3.79538e-03
 5.77549e+03  3.86820e-03
 5.77575e+03  3.59295e-03
 5.77602e+03  3.55071e-03
 5.77628e+03  3.83485e-03
 5.77654e+03  3.86715e-03
 5.77680e+03  3.64867e-03
 5.77706e+03  3.61945e-03
 5.77732e+03  3.97230e-03
 5.77758e+03  3.96110e-03
 5.77784e+03  3.69988e-03
 5.77810e+03  3.45731e-03
 5.77836e+03  3.91623e-03
 5.77862e+03  4.08053e-03
 5.77888e+03  3.84232e-03
 5.77914e+03  3.65880e-03
 5.77940e+03  3.80282e-03
 5.77966e+03  4.11532e-03
 5.77992e+03  4.09075e-03
 5.78018e+03  3.87716e-03
 5.78044e+03  3.70419e-03
 5.78070e+03  4.37113e-03
 5.78096e+03  4.04702e-03
 5.78123e+03  3.78512e-03
 5.78149e+03  3.74006e-03
 5.78175e+03  4.17089e-03
 5.78201e+03  4.20564e-03
 5.78227e+03  3.99237e-03
 5.78253e+03  3.87230e-03
 5.78279e+03  4.07350e-03
 5.78305e+03  4.30054e-03
 5.78331e+03  4.19089e-03
 5.78357e+03  4.02027e-03
 5.78383e+03  4.42055e-03
 5.78409e+03  4.51361e-03
 5.78435e+03  4.26240e-03
 5.78461e+03  3.80383e-03
 5.78487e+03  4.31158e-03
 5.78513e+03  4.49544e-03
 5.78539e+03  4.29069e-03
 5.78565e+03  3.88355e-03
 5.78591e+03  4.16896e-03
 5.78617e+03  4.66450e-03
 5.78644e+03  4.46881e-03
 5.78670e+03  4.24357e-03
 5.78696e+03  4.26136e-03
 5.78722e+03  4.53312e-03
 5.78748e+03  4.58943e-03
 5.78774e+03  4.22783e-03
 5.78800e+03  4.36599e-03
 5.78826e+03  4.77590e-03
 5.78852e+03  4.43267e-03
 5.78878e+03  4.41110e-03
 5.78904e+03  4.38080e-03
 5.78930e+03  4.54981e-03
 5.78956e+03  4.74393e-03
 5.78982e+03  4.54175e-03
 5.79008e+03  4.24474e-03
 5.79034e+03  4.52553e-03
 5.79060e+03  4.84458e-03
 5.79086e+03  4.78653e-03
 5.79112e+03  4.57932e-03
 5.79138e+03  4.51723e-03
 5.79165e+03  5.10060e-03
 5.79191e+03  4.81787e-03
 5.79217e+03  4.73343e-03
 5.79243e+03  4.53124e-03
 5.79269e+03  4.97939e-03
 5.79295e+03  4.75707e-03
 5.79321e+03  4.47287e-03
 5.79347e+03  4.93285e-03
 5.79373e+03  5.03213e-03
 5.79399e+03  4.99809e-03
 5.79425e+03  4.73844e-03
 5.79451e+03  4.61508e-03
 5.79477e+03  4.97933e-03
 5.79503e+03  5.26690e-03
 5.79529e+03  4.73618e-03
 5.79555e+03  4.47368e-03
 5.79581e+03  4.98835e-03
 5.79607e+03  5.45338e-03
 5.79633e+03  4.99853e-03
 5.79660e+03  4.80070e-03
 5.79686e+03  5.16210e-03
 5.79712e+03  5.47979e-03
 5.79738e+03  5.29533e-03
 5.79764e+03  5.02509e-03
 5.79790e+03  5.07267e-03
 5.79816e+03  5.56107e-03
 5.79842e+03  5.35422e-03
 5.79868e+03  4.85857e-03
 5.79894e+03  5.03819e-03
 5.79920e+03  5.56836e-03
 5.79946e+03  5.78023e-03
 5.79972e+03  5.01000e-03
 5.79998e+03  5.10062e-03
 5.80024e+03  5.56583e-03
 5.80050e+03  5.74133e-03
 5.80076e+03  5.27987e-03
 5.80102e+03  5.20710e-03
 5.80128e+03  5.60737e-03
 5.80154e+03  5.67907e-03
 5.80181e+03  5.50556e-03
 5.80207e+03  5.13177e-03
 5.80233e+03  5.41975e-03
 5.80259e+03  6.10282e-03
 5.80285e+03  5.92235e-03
 5.80311e+03  5.14195e-03
 5.80337e+03  5.55953e-03
 5.80363e+03  6.18026e-03
 5.80389e+03  5.83785e-03
 5.80415e+03  5.61878e-03
 5.80441e+03  5.47219e-03
 5.80467e+03  5.86239e-03
 5.80493e+03  6.12313e-03
 5.80519e+03  5.83477e-03
 5.80545e+03  5.63177e-03
 5.80571e+03  6.14676e-03
 5.80597e+03  6.27461e-03
 5.80623e+03  5.87781e-03
 5.80649e+03  5.41476e-03
 5.80675e+03  6.14017e-03
 5.80702e+03  6.22119e-03
 5.80728e+03  5.85455e-03
 5.80754e+03  5.65646e-03
 5.80780e+03  5.86958e-03
 5.80806e+03  6.35732e-03
 5.80832e+03  6.18466e-03
 5.80858e+03  6.00912e-03
 5.80884e+03  5.92605e-03
 5.80910e+03  6.50058e-03
 5.80936e+03  6.21969e-03
 5.80962e+03  6.12623e-03
 5.80988e+03  5.97369e-03
 5.81014e+03  6.45135e-03
 5.81040e+03  6.65453e-03
 5.81066e+03  6.11257e-03
 5.81092e+03  6.06562e-03
 5.81118e+03  6.56344e-03
 5.81144e+03  6.86723e-03
 5.81170e+03  6.28191e-03
 5.81196e+03  6.00937e-03
 5.81223e+03  6.59940e-03
 5.81249e+03  6.80647e-03
 5.81275e+03  6.66020e-03
 5.81301e+03  6.10716e-03
 5.81327e+03  6.47593e-03
 5.81353e+03  6.98417e-03
 5.81379e+03  6.75448e-03
 5.81405e+03  6.38037e-03
 5.81431e+03  6.53606e-03
 5.81457e+03  7.07017e-03
 5.81483e+03  7.26023e-03
 5.81509e+03  6.29285e-03
 5.81535e+03  6.62054e-03
 5.81561e+03  6.84705e-03
 5.81587e+03  7.11425e-03
 5.81613e+03  6.86963e-03
 5.81639e+03  6.57842e-03
 5.81665e+03  7.11375e-03
 5.81691e+03  7.34857e-03
 5.81717e+03  6.97116e-03
 5.81744e+03  6.73188e-03
 5.81770e+03  7.12945e-03
 5.81796e+03  7.51436e-03
 5.81822e+03  7.20400e-03
 5.81848e+03  6.67815e-03
 5.81874e+03  7.20086e-03
 5.81900e+03  7.73784e-03
 5.81926e+03  7.41410e-03
 5.81952e+03  7.14053e-03
 5.81978e+03  6.97509e-03
 5.82004e+03  7.55728e-03
 5.82030e+03  7.63489e-03
 5.82056e+03  7.15709e-03
 5.82082e+03  7.10885e-03
 5.82108e+03  7.94227e-03
 5.82134e+03  7.90640e-03
 5.82160e+03  7.37154e-03
 5.82186e+03  7.22578e-03
 5.82212e+03  7.80154e-03
 5.82238e+03  7.86786e-03
 5.82265e+03  7.90956e-03
 5.82291e+03  7.02086e-03
 5.82317e+03  7.60067e-03
 5.82343e+03  8.03153e-03
 5.82369e+03  8.02738e-03
 5.82395e+03  7.39139e-03
 5.82421e+03  7.47125e-03
 5.82447e+03  8.19987e-03
 5.82473e+03  8.19948e-03
 5.82499e+03  7.61782e-03
 5.82525e+03  7.96127e-03
 5.82551e+03  7.89652e-03
 5.82577e+03  8.33800e-03
 5.82603e+03  7.90731e-03
 5.82629e+03  7.79912e-03
 5.82655e+03  8.11804e-03
 5.82681e+03  8.56669e-03
 5.82707e+03  8.07974e-03
 5.82733e+03  7.60846e-03
 5.82759e+03  7.94393e-03
 5.82785e+03  8.80403e-03
 5.82812e+03  8.36737e-03
 5.82838e+03  7.97636e-03
 5.82864e+03  8.31823e-03
 5.82890e+03  8.81794e-03
 5.82916e+03  9.00147e-03
 5.82942e+03  8.58226e-03
 5.82968e+03  8.31961e-03
 5.82994e+03  8.67316e-03
 5.83020e+03  9.06982e-03
 5.83046e+03  8.32627e-03
 5.83072e+03  8.51254e-03
 5.83098e+03  8.80690e-03
 5.83124e+03  8.88343e-03
 5.83150e+03  8.47413e-03
 5.83176e+03  8.80035e-03
 5.83202e+03  8.89429e-03
 5.83228e+03  9.23756e-03
 5.83254e+03  8.78230e-03
 5.83280e+03  8.75944e-03
 5.83306e+03  8.99915e-03
 5.83333e+03  9.18324e-03
 5.83359e+03  9.38107e-03
 5.83385e+03  9.02398e-03
 5.83411e+03  9.11825e-03
 5.83437e+03  9.21336e-03
 5.83463e+03  9.43767e-03
 5.83489e+03  8.92170e-03
 5.83515e+03  8.89827e-03
 5.83541e+03  9.44385e-03
 5.83567e+03  9.60672e-03
 5.83593e+03  9.12557e-03
 5.83619e+03  9.54864e-03
 5.83645e+03  9.82125e-03
 5.83671e+03  9.99410e-03
 5.83697e+03  9.28761e-03
 5.83723e+03  9.42646e-03
 5.83749e+03  9.65205e-03
 5.83775e+03  9.88408e-03
 5.83801e+03  9.83828e-03
 5.83827e+03  9.85406e-03
 5.83854e+03  9.87366e-03
 5.83880e+03  1.00836e-02
 5.83906e+03  1.01867e-02
 5.83932e+03  9.78220e-03
 5.83958e+03  1.00711e-02
 5.83984e+03  1.03188e-02
 5.84010e+03  9.93892e-03
 5.84036e+03  1.00065e-02
 5.84062e+03  1.01621e-02
 5.84088e+03  1.04166e-02
 5.84114e+03  1.07386e-02
 5.84140e+03  1.01452e-02
 5.84166e+03  1.04280e-02
 5.84192e+03  1.03131e-02
 5.84218e+03  1.06262e-02
 5.84244e+03  1.04578e-02
 5.84270e+03  1.02952e-02
 5.84296e+03  1.08608e-02
 5.84322e+03  1.09709e-02
 5.84348e+03  1.04511e-02
 5.84375e+03  1.04509e-02
 5.84401e+03  1.09832e-02
 5.84427e+03  1.11977e-02
 5.84453e+03  1.09610e-02
 5.84479e+03  1.07185e-02
 5.84505e+03  1.11563e-02
 5.84531e+03  1.15124e-02
 5.84557e+03  1.09568e-02
 5.84583e+03  1.06471e-02
 5.84609e+03  1.12005e-02
 5.84635e+03  1.17884e-02
 5.84661e+03  1.14934e-02
 5.84687e+03  1.10798e-02
 5.84713e+03  1.12847e-02
 5.84739e+03  1.17608e-02
 5.84765e+03  1.18050e-02
 5.84791e+03  1.10202e-02
 5.84817e+03  1.13021e-02
 5.84843e+03  1.20369e-02
 5.84869e+03  1.21261e-02
 5.84896e+03  1.16264e-02
 5.84922e+03  1.16539e-02
 5.84948e+03  1.18391e-02
 5.84974e+03  1.23351e-02
 5.85000e+03  1.19872e-02
 5.85026e+03  1.12770e-02
 5.85052e+03  1.23757e-02
 5.85078e+03  1.27978e-02
 5.85104e+03  1.23998e-02
 5.85130e+03  1.19681e-02
 5.85156e+03  1.22325e-02
 5.85182e+03  1.30085e-02
 5.85208e+03  1.29689e-02
 5.85234e+03  1.23299e-02
 5.85260e+03  1.23870e-02
 5.85286e+03  1.30288e-02
 5.85312e+03  1.31382e-02
 5.85338e+03  1.26498e-02
 5.85364e+03  1.23279e-02
 5.85390e+03  1.30709e-02
 5.85417e+03  1.36548e-02
 5.85443e+03  1.27509e-02
 5.85469e+03  1.26020e-02
 5.85495e+03  1.31325e-02
 5.85521e+03  1.37962e-02
 5.85547e+03  1.35135e-02
 5.85573e+03  1.25468e-02
 5.85599e+03  1.33587e-02
 5.85625e+03  1.43984e-02
 5.85651e+03  1.37935e-02
 5.85677e+03  1.29596e-02
 5.85703e+03  1.35887e-02
 5.85729e+03  1.43277e-02
 5.85755e+03  1.47489e-02
 5.85781e+03  1.31849e-02
 5.85807e+03  1.34894e-02
 5.85833e+03  1.42315e-02
 5.85859e+03  1.50966e-02
 5.85885e+03  1.42060e-02
 5.85912e+03  1.36124e-02
 5.85938e+03  1.47034e-02
 5.85964e+03  1.53930e-02
 5.85990e+03  1.47729e-02
 5.86016e+03  1.41206e-02
 5.86042e+03  1.45492e-02
 5.86068e+03  1.59200e-02
 5.86094e+03  1.55509e-02
 5.86120e+03  1.40783e-02
 5.86146e+03  1.45960e-02
 5.86172e+03  1.61321e-02
 5.86198e+03  1.61705e-02
 5.86224e+03  1.45895e-02
 5.86250e+03  1.47490e-02
 5.86276e+03  1.58759e-02
 5.86302e+03  1.64854e-02
 5.86328e+03  1.56530e-02
 5.86354e+03  1.49206e-02
 5.86380e+03  1.60985e-02
 5.86406e+03  1.72371e-02
 5.86433e+03  1.59425e-02
 5.86459e+03  1.49352e-02
 5.86485e+03  1.63513e-02
 5.86511e+03  1.72580e-02
 5.86537e+03  1.71931e-02
 5.86563e+03  1.55724e-02
 5.86589e+03  1.59126e-02
 5.86615e+03  1.74058e-02
 5.86641e+03  1.79075e-02
 5.86667e+03  1.61426e-02
 5.86693e+03  1.58895e-02
 5.86719e+03  1.76852e-02
 5.86745e+03  1.83755e-02
 5.86771e+03  1.74273e-02
 5.86797e+03  1.62202e-02
 5.86823e+03  1.72688e-02
 5.86849e+03  1.88339e-02
 5.86875e+03  1.82350e-02
 5.86901e+03  1.65695e-02
 5.86927e+03  1.75188e-02
 5.86954e+03  1.92142e-02
 5.86980e+03  1.87358e-02
 5.87006e+03  1.73163e-02
 5.87032e+03  1.73344e-02
 5.87058e+03  1.92695e-02
 5.87084e+03  1.99652e-02
 5.87110e+03  1.82404e-02
 5.87136e+03  1.68848e-02
 5.87162e+03  1.91869e-02
 5.87188e+03  2.06589e-02
 5.87214e+03  1.90669e-02
 5.87240e+03  1.75742e-02
 5.87266e+03  1.91301e-02
 5.87292e+03  2.08903e-02
 5.87318e+03  2.05828e-02
 5.87344e+03  1.82446e-02
 5.87370e+03  1.89693e-02
 5.87396e+03  2.11296e-02
 5.87422e+03  2.13333e-02
 5.87448e+03  1.92805e-02
 5.87475e+03  1.90044e-02
 5.87501e+03  2.07960e-02
 5.87527e+03  2.20435e-02
 5.87553e+03  2.02975e-02
 5.87579e+03  1.91132e-02
 5.87605e+03  2.08279e-02
 5.87631e+03  2.25169e-02
 5.87657e+03  2.15187e-02
 5.87683e+03  1.94919e-02
 5.87709e+03  2.07880e-02
 5.87735e+03  2.27450e-02
 5.87761e+03  2.24115e-02
 5.87787e+03  2.01135e-02
 5.87813e+03  2.05881e-02
 5.87839e+03  2.23933e-02
 5.87865e+03  2.36216e-02
 5.87891e+03  2.18616e-02
 5.87917e+03  2.06454e-02
 5.87943e+03  2.25760e-02
 5.87969e+03  2.45717e-02
 5.87996e+03  2.30589e-02
 5.88022e+03  2.07823e-02
 5.88048e+03  2.24655e-02
 5.88074e+03  2.46010e-02
 5.88100e+03  2.45075e-02
 5.88126e+03  2.21571e-02
 5.88152e+03  2.25514e-02
 5.88178e+03  2.46867e-02
 5.88204e+03  2.52063e-02
 5.88230e+03  2.32349e-02
 5.88256e+03  2.26370e-02
 5.88282e+03  2.44332e-02
 5.88308e+03  2.67645e-02
 5.88334e+03  2.43468e-02
 5.88360e+03  2.32204e-02
 5.88386e+03  2.43786e-02
 5.88412e+03  2.68477e-02
 5.88438e+03  2.57497e-02
 5.88464e+03  2.38668e-02
 5.88490e+03  2.44505e-02
 5.88517e+03  2.69781e-02
 5.88543e+03  2.74175e-02
 5.88569e+03  2.51373e-02
 5.88595e+03  2.41476e-02
 5.88621e+03  2.66743e-02
 5.88647e+03  2.84917e-02
 5.88673e+03  2.65536e-02
 5.88699e+03  2.42737e-02
 5.88725e+03  2.64477e-02
 5.88751e+03  2.88402e-02
 5.88777e+03  2.78432e-02
 5.88803e+03  2.57590e-02
 5.88829e+03  2.65298e-02
 5.88855e+03  2.91947e-02
 5.88881e+03  2.91871e-02
 5.88907e+03  2.74171e-02
 5.88933e+03  2.62964e-02
 5.88959e+03  2.89017e-02
 5.88985e+03  3.02575e-02
 5.89011e+03  2.87051e-02
 5.89038e+03  2.70543e-02
 5.89064e+03  2.87626e-02
 5.89090e+03  3.08707e-02
 5.89116e+03  3.00349e-02
 5.89142e+03  2.82179e-02
 5.89168e+03  2.85405e-02
 5.89194e+03  3.07315e-02
 5.89220e+03  3.12009e-02
 5.89246e+03  2.91921e-02
 5.89272e+03  2.85553e-02
 5.89298e+03  3.10330e-02
 5.89324e+03  3.26704e-02
 5.89350e+03  3.06063e-02
 5.89376e+03  2.92257e-02
 5.89402e+03  3.11900e-02
 5.89428e+03  3.32270e-02
 5.89454e+03  3.21574e-02
 5.89480e+03  3.06559e-02
 5.89506e+03  3.11691e-02
 5.89532e+03  3.34368e-02
 5.89558e+03  3.38015e-02
 5.89585e+03  3.21840e-02
 5.89611e+03  3.13072e-02
 5.89637e+03  3.37369e-02
 5.89663e+03  3.45952e-02
 5.89689e+03  3.33215e-02
 5.89715e+03  3.18894e-02
 5.89741e+03  3.35221e-02
 5.89767e+03  3.56222e-02
 5.89793e+03  3.47052e-02
 5.89819e+03  3.30026e-02
 5.89845e+03  3.36738e-02
 5.89871e+03  3.57909e-02
 5.89897e+03  3.64795e-02
 5.89923e+03  3.46672e-02
 5.89949e+03  3.38184e-02
 5.89975e+03  3.62726e-02
 5.90001e+03  3.76039e-02
 5.90027e+03  3.62323e-02
 5.90053e+03  3.45635e-02
 5.90079e+03  3.59991e-02
 5.90106e+03  3.79169e-02
 5.90132e+03  3.75677e-02
 5.90158e+03  3.63445e-02
 5.90184e+03  3.61123e-02
 5.90210e+03  3.90484e-02
 5.90236e+03  3.89548e-02
 5.90262e+03  3.81663e-02
 5.90288e+03  3.74951e-02
 5.90314e+03  3.89979e-02
 5.90340e+03  3.96319e-02
 5.90366e+03  3.93253e-02
 5.90392e+03  3.86394e-02
 5.90418e+03  3.90770e-02
 5.90444e+03  4.06468e-02
 5.90470e+03  4.09930e-02
 5.90496e+03  3.98044e-02
 5.90522e+03  4.01338e-02
 5.90548e+03  4.13082e-02
 5.90574e+03  4.14621e-02
 5.90600e+03  4.09887e-02
 5.90627e+03  4.10639e-02
 5.90653e+03  4.17695e-02
 5.90679e+03  4.31019e-02
 5.90705e+03  4.26333e-02
 5.90731e+03  4.19064e-02
 5.90757e+03  4.24011e-02
 5.90783e+03  4.38654e-02
 5.90809e+03  4.36268e-02
 5.90835e+03  4.30605e-02
 5.90861e+03  4.34573e-02
 5.90887e+03  4.46454e-02
 5.90913e+03  4.52079e-02
 5.90939e+03  4.45706e-02
 5.90965e+03  4.50610e-02
 5.90991e+03  4.48010e-02
 5.91017e+03  4.60700e-02
 5.91043e+03  4.66137e-02
 5.91069e+03  4.62270e-02
 5.91095e+03  4.52950e-02
 5.91121e+03  4.70914e-02
 5.91148e+03  4.75802e-02
 5.91174e+03  4.76232e-02
 5.91200e+03  4.74465e-02
 5.91226e+03  4.77767e-02
 5.91252e+03  4.95220e-02
 5.91278e+03  4.88506e-02
 5.91304e+03  4.88173e-02
 5.91330e+03  4.84452e-02
 5.91356e+03  4.95992e-02
 5.91382e+03  5.06349e-02
 5.91408e+03  5.08592e-02
 5.91434e+03  4.97503e-02
 5.91460e+03  5.08408e-02
 5.91486e+03  5.21674e-02
 5.91512e+03  5.23854e-02
 5.91538e+03  5.11981e-02
 5.91564e+03  5.13120e-02
 5.91590e+03  5.23155e-02
 5.91616e+03  5.43562e-02
 5.91642e+03  5.34361e-02
 5.91669e+03  5.26038e-02
 5.91695e+03  5.36206e-02
 5.91721e+03  5.53757e-02
 5.91747e+03  5.57482e-02
 5.91773e+03  5.35263e-02
 5.91799e+03  5.39206e-02
 5.91825e+03  5.64280e-02
 5.91851e+03  5.77512e-02
 5.91877e+03  5.65714e-02
 5.91903e+03  5.56659e-02
 5.91929e+03  5.72124e-02
 5.91955e+03  5.95993e-02
 5.91981e+03  5.89245e-02
 5.92007e+03  5.71432e-02
 5.92033e+03  5.80336e-02
 5.92059e+03  6.02177e-02
 5.92085e+03  6.16176e-02
 5.92111e+03  5.99049e-02
 5.92137e+03  5.88979e-02
 5.92163e+03  6.15095e-02
 5.92190e+03  6.28361e-02
 5.92216e+03  6.11164e-02
 5.92242e+03  6.06011e-02
 5.92268e+03  6.14404e-02
 5.92294e+03  6.47467e-02
 5.92320e+03  6.51698e-02
 5.92346e+03  6.27271e-02
 5.92372e+03  6.23185e-02
 5.92398e+03  6.65021e-02
 5.92424e+03  6.74308e-02
 5.92450e+03  6.54162e-02
 5.92476e+03  6.48519e-02
 5.92502e+03  6.63141e-02
 5.92528e+03  6.95275e-02
 5.92554e+03  6.84092e-02
 5.92580e+03  6.63912e-02
 5.92606e+03  6.76747e-02
 5.92632e+03  7.08281e-02
 5.92658e+03  7.13129e-02
 5.92685e+03  6.82501e-02
 5.92711e+03  6.83139e-02
 5.92737e+03  7.16664e-02
 5.92763e+03  7.41921e-02
 5.92789e+03  7.26560e-02
 5.92815e+03  7.05055e-02
 5.92841e+03  7.18846e-02
 5.92867e+03  7.61421e-02
 5.92893e+03  7.53235e-02
 5.92919e+03  7.20934e-02
 5.92945e+03  7.28921e-02
 5.92971e+03  7.73701e-02
 5.92997e+03  7.79147e-02
 5.93023e+03  7.54252e-02
 5.93049e+03  7.46945e-02
 5.93075e+03  7.78516e-02
 5.93101e+03  8.14414e-02
 5.93127e+03  7.94330e-02
 5.93153e+03  7.68474e-02
 5.93179e+03  7.88764e-02
 5.93206e+03  8.33744e-02
 5.93232e+03  8.35946e-02
 5.93258e+03  8.02302e-02
 5.93284e+03  7.97122e-02
 5.93310e+03  8.40763e-02
 5.93336e+03  8.66182e-02
 5.93362e+03  8.42946e-02
 5.93388e+03  8.21310e-02
 5.93414e+03  8.41456e-02
 5.93440e+03  8.82805e-02
 5.93466e+03  8.74086e-02
 5.93492e+03  8.43452e-02
 5.93518e+03  8.50731e-02
 5.93544e+03  8.94578e-02
 5.93570e+03  9.06091e-02
 5.93596e+03  8.85494e-02
 5.93622e+03  8.66826e-02
 5.93648e+03  9.02482e-02
 5.93674e+03  9.42002e-02
 5.93700e+03  9.29068e-02
 5.93727e+03  9.02697e-02
 5.93753e+03  9.13284e-02
 5.93779e+03  9.59731e-02
 5.93805e+03  9.63432e-02
 5.93831e+03  9.37961e-02
 5.93857e+03  9.30582e-02
 5.93883e+03  9.68895e-02
 5.93909e+03  1.00373e-01
 5.93935e+03  9.77425e-02
 5.93961e+03  9.61502e-02
 5.93987e+03  9.85328e-02
 5.94013e+03  1.03228e-01
 5.94039e+03  1.03122e-01
 5.94065e+03  9.95520e-02
 5.94091e+03  1.00024e-01
 5.94117e+03  1.04149e-01
 5.94143e+03  1.05567e-01
 5.94169e+03  1.04056e-01
 5.94195e+03  1.01876e-01
 5.94221e+03  1.04782e-01
 5.94248e+03  1.09542e-01
 5.94274e+03  1.08647e-01
 5.94300e+03  1.06039e-01
 5.94326e+03  1.06875e-01
 5.94352e+03  1.11139e-01
 5.94378e+03  1.12262e-01
 5.94404e+03  1.10483e-01
 5.94430e+03  1.09108e-01
 5.94456e+03  1.12536e-01
 5.94482e+03  1.15952e-01
 5.94508e+03  1.15262e-01
 5.94534e+03  1.12463e-01
 5.94560e+03  1.13483e-01
 5.94586e+03  1.18694e-01
 5.94612e+03  1.20475e-01
 5.94638e+03  1.16924e-01
 5.94664e+03  1.17099e-01
 5.94690e+03  1.19770e-01
 5.94716e+03  1.24050e-01
 5.94742e+03  1.22210e-01
 5.94769e+03  1.19267e-01
 5.94795e+03  1.20903e-01
 5.94821e+03  1.25947e-01
 5.94847e+03  1.27457e-01
 5.94873e+03  1.24892e-01
 5.94899e+03  1.24207e-01
 5.94925e+03  1.27444e-01
 5.94951e+03  1.31908e-01
 5.94977e+03  1.29881e-01
 5.95003e+03  1.27003e-01
 5.95029e+03  1.29894e-01
 5.95055e+03  1.35525e-01
 5.95081e+03  1.35957e-01
 5.95107e+03  1.31828e-01
 5.95133e+03  1.31345e-01
 5.95159e+03  1.35799e-01
 5.95185e+03  1.40064e-01
 5.95211e+03  1.37706e-01
 5.95237e+03  1.34386e-01
 5.95263e+03  1.37984e-01
 5.95290e+03  1.43470e-01
 5.95316e+03  1.43469e-01
 5.95342e+03  1.40250e-01
 5.95368e+03  1.39122e-01
 5.95394e+03  1.44227e-01
 5.95420e+03  1.48961e-01
 5.95446e+03  1.45547e-01
 5.95472e+03  1.43047e-01
 5.95498e+03  1.46647e-01
 5.95524e+03  1.53335e-01
 5.95550e+03  1.53060e-01
 5.95576e+03  1.48595e-01
 5.95602e+03  1.48366e-01
 5.95628e+03  1.55384e-01
 5.95654e+03  1.59353e-01
 5.95680e+03  1.54863e-01
 5.95706e+03  1.51783e-01
 5.95732e+03  1.56228e-01
 5.95758e+03  1.63521e-01
 5.95784e+03  1.62594e-01
 5.95810e+03  1.57500e-01
 5.95837e+03  1.56643e-01
 5.95863e+03  1.63854e-01
 5.95889e+03  1.69390e-01
 5.95915e+03  1.65231e-01
 5.95941e+03  1.60287e-01
 5.95967e+03  1.66873e-01
 5.95993e+03  1.74199e-01
 5.96019e+03  1.72947e-01
 5.96045e+03  1.65512e-01
 5.96071e+03  1.67232e-01
 5.96097e+03  1.76560e-01
 5.96123e+03  1.80225e-01
 5.96149e+03  1.73845e-01
 5.96175e+03  1.71489e-01
 5.96201e+03  1.77291e-01
 5.96227e+03  1.86247e-01
 5.96253e+03  1.83824e-01
 5.96279e+03  1.76585e-01
 5.96305e+03  1.79130e-01
 5.96331e+03  1.87971e-01
 5.96358e+03  1.91886e-01
 5.96384e+03  1.84940e-01
 5.96410e+03  1.82294e-01
 5.96436e+03  1.89846e-01
 5.96462e+03  1.97727e-01
 5.96488e+03  1.94328e-01
 5.96514e+03  1.87230e-01
 5.96540e+03  1.90408e-01
 5.96566e+03  2.00641e-01
 5.96592e+03  2.04213e-01
 5.96618e+03  1.94529e-01
 5.96644e+03  1.92396e-01
 5.96670e+03  2.03243e-01
 5.96696e+03  2.12179e-01
 5.96722e+03  2.05096e-01
 5.96748e+03  1.99003e-01
 5.96774e+03  2.04250e-01
 5.96800e+03  2.15240e-01
 5.96826e+03  2.17006e-01
 5.96852e+03  2.07725e-01
 5.96879e+03  2.06171e-01
 5.96905e+03  2.17064e-01
 5.96931e+03  2.24534e-01
 5.96957e+03  2.18437e-01
 5.96983e+03  2.10338e-01
 5.97009e+03  2.17616e-01
 5.97035e+03  2.30596e-01
 5.97061e+03  2.28555e-01
 5.97087e+03  2.19692e-01
 5.97113e+03  2.18857e-01
 5.97139e+03  2.30142e-01
 5.97165e+03  2.38702e-01
 5.97191e+03  2.28905e-01
 5.97217e+03  2.22559e-01
 5.97243e+03  2.32075e-01
 5.97269e+03  2.45793e-01
 5.97295e+03  2.42584e-01
 5.97321e+03  2.32945e-01
 5.97347e+03  2.32780e-01
 5.97373e+03  2.47204e-01
 5.97400e+03  2.54137e-01
 5.97426e+03  2.44462e-01
 5.97452e+03  2.36921e-01
 5.97478e+03  2.46868e-01
 5.97504e+03  2.61182e-01
 5.97530e+03  2.57642e-01
 5.97556e+03  2.45104e-01
 5.97582e+03  2.47562e-01
 5.97608e+03  2.64792e-01
 5.97634e+03  2.69165e-01
 5.97660e+03  2.57558e-01
 5.97686e+03  2.51231e-01
 5.97712e+03  2.65141e-01
 5.97738e+03  2.78577e-01
 5.97764e+03  2.71253e-01
 5.97790e+03  2.59526e-01
 5.97816e+03  2.63754e-01
 5.97842e+03  2.82259e-01
 5.97868e+03  2.84679e-01
 5.97894e+03  2.71825e-01
 5.97921e+03  2.66264e-01
 5.97947e+03  2.81513e-01
 5.97973e+03  2.95560e-01
 5.97999e+03  2.86712e-01
 5.98025e+03  2.74281e-01
 5.98051e+03  2.81553e-01
 5.98077e+03  3.00604e-01
 5.98103e+03  3.00339e-01
 5.98129e+03  2.87355e-01
 5.98155e+03  2.85156e-01
 5.98181e+03  3.00850e-01
 5.98207e+03  3.11839e-01
 5.98233e+03  3.01855e-01
 5.98259e+03  2.90071e-01
 5.98285e+03  2.99476e-01
 5.98311e+03  3.19142e-01
 5.98337e+03  3.17792e-01
 5.98363e+03  3.03144e-01
 5.98389e+03  3.00172e-01
 5.98415e+03  3.18571e-01
 5.98442e+03  3.29492e-01
 5.98468e+03  3.20424e-01
 5.98494e+03  3.06304e-01
 5.98520e+03  3.18658e-01
 5.98546e+03  3.37393e-01
 5.98572e+03  3.34399e-01
 5.98598e+03  3.19071e-01
 5.98624e+03  3.17497e-01
 5.98650e+03  3.37746e-01
 5.98676e+03  3.47149e-01
 5.98702e+03  3.36506e-01
 5.98728e+03  3.26971e-01
 5.98754e+03  3.36949e-01
 5.98780e+03  3.54156e-01
 5.98806e+03  3.53344e-01
 5.98832e+03  3.37737e-01
 5.98858e+03  3.36938e-01
 5.98884e+03  3.56903e-01
 5.98910e+03  3.66915e-01
 5.98937e+03  3.53075e-01
 5.98963e+03  3.43842e-01
 5.98989e+03  3.55252e-01
 5.99015e+03  3.73591e-01
 5.99041e+03  3.72110e-01
 5.99067e+03  3.57050e-01
 5.99093e+03  3.57977e-01
 5.99119e+03  3.75697e-01
 5.99145e+03  3.86153e-01
 5.99171e+03  3.73238e-01
 5.99197e+03  3.62140e-01
 5.99223e+03  3.73208e-01
 5.99249e+03  3.93934e-01
 5.99275e+03  3.90027e-01
 5.99301e+03  3.77310e-01
 5.99327e+03  3.75487e-01
 5.99353e+03  3.96227e-01
 5.99379e+03  4.05154e-01
 5.99405e+03  3.92744e-01
 5.99431e+03  3.82006e-01
 5.99458e+03  3.94509e-01
 5.99484e+03  4.11701e-01
 5.99510e+03  4.10390e-01
 5.99536e+03  3.94393e-01
 5.99562e+03  3.97091e-01
 5.99588e+03  4.14410e-01
 5.99614e+03  4.23814e-01
 5.99640e+03  4.13688e-01
 5.99666e+03  4.03340e-01
 5.99692e+03  4.13556e-01
 5.99718e+03  4.32259e-01
 5.99744e+03  4.28759e-01
 5.99770e+03  4.16815e-01
 5.99796e+03  4.15182e-01
 5.99822e+03  4.33299e-01
 5.99848e+03  4.43054e-01
 5.99874e+03  4.32846e-01
 5.99900e+03  4.23338e-01
 5.99926e+03  4.33221e-01
 5.99952e+03  4.51890e-01
 5.99979e+03  4.50914e-01
 6.00005e+03  4.35745e-01
 6.00031e+03  4.36209e-01
 6.00057e+03  4.53173e-01
 6.00083e+03  4.64589e-01
 6.00109e+03  4.53684e-01
 6.00135e+03  4.44575e-01
 6.00161e+03  4.53059e-01
 6.00187e+03  4.69661e-01
 6.00213e+03  4.70473e-01
 6.00239e+03  4.57426e-01
 6.00265e+03  4.55521e-01
 6.00291e+03  4.70795e-01
 6.00317e+03  4.82224e-01
 6.00343e+03  4.73238e-01
 6.00369e+03  4.64007e-01
 6.00395e+03  4.72693e-01
 6.00421e+03  4.89326e-01
 6.00447e+03  4.92830e-01
 6.00473e+03  4.78279e-01
 6.00500e+03  4.74841e-01
 6.00526e+03  4.91853e-01
 6.00552e+03  5.05458e-01
 6.00578e+03  4.94672e-01
 6.00604e+03  4.84506e-01
 6.00630e+03  4.91290e-01
 6.00656e+03  5.08546e-01
 6.00682e+03  5.11191e-01
 6.00708e+03  4.96427e-01
 6.00734e+03  4.92650e-01
 6.00760e+03  5.07477e-01
 6.00786e+03  5.24160e-01
 6.00812e+03  5.15330e-01
 6.00838e+03  5.02333e-01
 6.00864e+03  5.08187e-01
 6.00890e+03  5.27775e-01
 6.00916e+03  5.30150e-01
 6.00942e+03  5.16343e-01
 6.00968e+03  5.12075e-01
 6.00994e+03  5.26316e-01
 6.01021e+03  5.40469e-01
 6.01047e+03  5.34288e-01
 6.01073e+03  5.21185e-01
 6.01099e+03  5.26763e-01
 6.01125e+03  5.42431e-01
 6.01151e+03  5.50741e-01
 6.01177e+03  5.36188e-01
 6.01203e+03  5.28216e-01
 6.01229e+03  5.41556e-01
 6.01255e+03  5.57650e-01
 6.01281e+03  5.53209e-01
 6.01307e+03  5.44073e-01
 6.01333e+03  5.44010e-01
 6.01359e+03  5.60011e-01
 6.01385e+03  5.67796e-01
 6.01411e+03  5.58278e-01
 6.01437e+03  5.48117e-01
 6.01463e+03  5.59351e-01
 6.01489e+03  5.75074e-01
 6.01515e+03  5.73822e-01
 6.01542e+03  5.60409e-01
 6.01568e+03  5.60678e-01
 6.01594e+03  5.77595e-01
 6.01620e+03  5.86557e-01
 6.01646e+03  5.76091e-01
 6.01672e+03  5.65239e-01
 6.01698e+03  5.75795e-01
 6.01724e+03  5.91394e-01
 6.01750e+03  5.93934e-01
 6.01776e+03  5.78667e-01
 6.01802e+03  5.74403e-01
 6.01828e+03  5.91890e-01
 6.01854e+03  6.02967e-01
 6.01880e+03  5.94004e-01
 6.01906e+03  5.84969e-01
 6.01932e+03  5.90066e-01
 6.01958e+03  6.08359e-01
 6.01984e+03  6.09362e-01
 6.02010e+03  5.97415e-01
 6.02036e+03  5.92265e-01
 6.02062e+03  6.05051e-01
 6.02089e+03  6.17437e-01
 6.02115e+03  6.11930e-01
 6.02141e+03  5.97895e-01
 6.02167e+03  6.03428e-01
 6.02193e+03  6.21911e-01
 6.02219e+03  6.24883e-01
 6.02245e+03  6.12982e-01
 6.02271e+03  6.06475e-01
 6.02297e+03  6.17836e-01
 6.02323e+03  6.29403e-01
 6.02349e+03  6.28286e-01
 6.02375e+03  6.15347e-01
 6.02401e+03  6.18023e-01
 6.02427e+03  6.34886e-01
 6.02453e+03  6.37261e-01
 6.02479e+03  6.28893e-01
 6.02505e+03  6.20980e-01
 6.02531e+03  6.29539e-01
 6.02557e+03  6.44235e-01
 6.02583e+03  6.43126e-01
 6.02610e+03  6.28979e-01
 6.02636e+03  6.30524e-01
 6.02662e+03  6.44261e-01
 6.02688e+03  6.55293e-01
 6.02714e+03  6.46419e-01
 6.02740e+03  6.33279e-01
 6.02766e+03  6.41606e-01
 6.02792e+03  6.55158e-01
 6.02818e+03  6.58040e-01
 6.02844e+03  6.46470e-01
 6.02870e+03  6.40414e-01
 6.02896e+03  6.55385e-01
 6.02922e+03  6.66551e-01
 6.02948e+03  6.57781e-01
 6.02974e+03  6.48488e-01
 6.03000e+03  6.50834e-01
 6.03026e+03  6.67231e-01
 6.03052e+03  6.71087e-01
 6.03078e+03  6.56790e-01
 6.03104e+03  6.53428e-01
 6.03131e+03  6.63137e-01
 6.03157e+03  6.74688e-01
 6.03183e+03  6.72531e-01
 6.03209e+03  6.62994e-01
 6.03235e+03  6.64503e-01
 6.03261e+03  6.77761e-01
 6.03287e+03  6.82411e-01
 6.03313e+03  6.71520e-01
 6.03339e+03  6.64560e-01
 6.03365e+03  6.73059e-01
 6.03391e+03  6.88353e-01
 6.03417e+03  6.85276e-01
 6.03443e+03  6.75215e-01
 6.03469e+03  6.71962e-01
 6.03495e+03  6.84504e-01
 6.03521e+03  6.93797e-01
 6.03547e+03  6.85706e-01
 6.03573e+03  6.73470e-01
 6.03599e+03  6.79281e-01
 6.03625e+03  6.94470e-01
 6.03652e+03  6.97760e-01
 6.03678e+03  6.85144e-01
 6.03704e+03  6.78764e-01
 6.03730e+03  6.91229e-01
 6.03756e+03  7.01653e-01
 6.03782e+03  6.96838e-01
 6.03808e+03  6.85044e-01
 6.03834e+03  6.88410e-01
 6.03860e+03  7.01726e-01
 6.03886e+03  7.07209e-01
 6.03912e+03  6.95203e-01
 6.03938e+03  6.85528e-01
 6.03964e+03  6.98648e-01
 6.03990e+03  7.11932e-01
 6.04016e+03  7.08125e-01
 6.04042e+03  6.94023e-01
 6.04068e+03  6.95722e-01
 6.04094e+03  7.06068e-01
 6.04120e+03  7.16184e-01
 6.04146e+03  7.06584e-01
 6.04173e+03  6.94730e-01
 6.04199e+03  7.03336e-01
 6.04225e+03  7.17413e-01
 6.04251e+03  7.17274e-01
 6.04277e+03  7.04792e-01
 6.04303e+03  7.00687e-01
 6.04329e+03  7.16224e-01
 6.04355e+03  7.22971e-01
 6.04381e+03  7.14445e-01
 6.04407e+03  7.02062e-01
 6.04433e+03  7.05653e-01
 6.04459e+03  7.22859e-01
 6.04485e+03  7.26860e-01
 6.04511e+03  7.11327e-01
 6.04537e+03  7.04806e-01
 6.04563e+03  7.18089e-01
 6.04589e+03  7.31331e-01
 6.04615e+03  7.23703e-01
 6.04641e+03  7.10145e-01
 6.04667e+03  7.11302e-01
 6.04694e+03  7.29352e-01
 6.04720e+03  7.33314e-01
 6.04746e+03  7.21183e-01
 6.04772e+03  7.11083e-01
 6.04798e+03  7.21220e-01
 6.04824e+03  7.33600e-01
 6.04850e+03  7.32132e-01
 6.04876e+03  7.19242e-01
 6.04902e+03  7.16888e-01
 6.04928e+03  7.30051e-01
 6.04954e+03  7.39245e-01
 6.04980e+03  7.26936e-01
 6.05006e+03  7.15912e-01
 6.05032e+03  7.24342e-01
 6.05058e+03  7.39823e-01
 6.05084e+03  7.40172e-01
 6.05110e+03  7.26450e-01
 6.05136e+03  7.20138e-01
 6.05162e+03  7.34173e-01
 6.05188e+03  7.43023e-01
 6.05215e+03  7.35882e-01
 6.05241e+03  7.24769e-01
 6.05267e+03  7.29403e-01
 6.05293e+03  7.42216e-01
 6.05319e+03  7.44228e-01
 6.05345e+03  7.31825e-01
 6.05371e+03  7.25871e-01
 6.05397e+03  7.35466e-01
 6.05423e+03  7.48624e-01
 6.05449e+03  7.45542e-01
 6.05475e+03  7.30471e-01
 6.05501e+03  7.30213e-01
 6.05527e+03  7.47671e-01
 6.05553e+03  7.49870e-01
 6.05579e+03  7.37952e-01
 6.05605e+03  7.30627e-01
 6.05631e+03  7.40073e-01
 6.05657e+03  7.52510e-01
 6.05683e+03  7.47749e-01
 6.05710e+03  7.36836e-01
 6.05736e+03  7.37730e-01
 6.05762e+03  7.47021e-01
 6.05788e+03  7.54664e-01
 6.05814e+03  7.47411e-01
 6.05840e+03  7.38496e-01
 6.05866e+03  7.40810e-01
 6.05892e+03  7.54070e-01
 6.05918e+03  7.53327e-01
 6.05944e+03  7.43492e-01
 6.05970e+03  7.41543e-01
 6.05996e+03  7.49190e-01
 6.06022e+03  7.59256e-01
 6.06048e+03  7.49438e-01
 6.06074e+03  7.41372e-01
 6.06100e+03  7.44026e-01
 6.06126e+03  7.54965e-01
 6.06152e+03  7.57641e-01
 6.06178e+03  7.47630e-01
 6.06204e+03  7.41003e-01
 6.06231e+03  7.50192e-01
 6.06257e+03  7.59179e-01
 6.06283e+03  7.57854e-01
 6.06309e+03  7.48099e-01
 6.06335e+03  7.46792e-01
 6.06361e+03  7.58484e-01
 6.06387e+03  7.59990e-01
 6.06413e+03  7.54009e-01
 6.06439e+03  7.48491e-01
 6.06465e+03  7.53864e-01
 6.06491e+03  7.62014e-01
 6.06517e+03  7.61040e-01
 6.06543e+03  7.51608e-01
 6.06569e+03  7.48823e-01
 6.06595e+03  7.55841e-01
 6.06621e+03  7.63695e-01
 6.06647e+03  7.60703e-01
 6.06673e+03  7.52084e-01
 6.06699e+03  7.52818e-01
 6.06725e+03  7.61972e-01
 6.06752e+03  7.66164e-01
 6.06778e+03  7.60673e-01
 6.06804e+03  7.50324e-01
 6.06830e+03  7.58272e-01
 6.06856e+03  7.67289e-01
 6.06882e+03  7.64056e-01
 6.06908e+03  7.58134e-01
 6.06934e+03  7.58545e-01
 6.06960e+03  7.63884e-01
 6.06986e+03  7.68083e-01
 6.07012e+03  7.64563e-01
 6.07038e+03  7.59201e-01
 6.07064e+03  7.58699e-01
 6.07090e+03  7.67035e-01
 6.07116e+03  7.68512e-01
 6.07142e+03  7.63781e-01
 6.07168e+03  7.59670e-01
 6.07194e+03  7.63098e-01
 6.07220e+03  7.67601e-01
 6.07246e+03  7.67828e-01
 6.07273e+03  7.62783e-01
 6.07299e+03  7.60802e-01
 6.07325e+03  7.67232e-01
 6.07351e+03  7.70015e-01
 6.07377e+03  7.66241e-01
 6.07403e+03  7.65324e-01
 6.07429e+03  7.66782e-01
 6.07455e+03  7.69660e-01
 6.07481e+03  7.72274e-01
 6.07507e+03  7.66992e-01
 6.07533e+03  7.64325e-01
 6.07559e+03  7.68250e-01
 6.07585e+03  7.73588e-01
 6.07611e+03  7.71451e-01
 6.07637e+03  7.67937e-01
 6.07663e+03  7.67960e-01
 6.07689e+03  7.72854e-01
 6.07715e+03  7.74432e-01
 6.07741e+03  7.71572e-01
 6.07767e+03  7.70978e-01
 6.07794e+03  7.72693e-01
 6.07820e+03  7.77117e-01
 6.07846e+03  7.74612e-01
 6.07872e+03  7.70864e-01
 6.07898e+03  7.70447e-01
 6.07924e+03  7.73780e-01
 6.07950e+03  7.74773e-01
 6.07976e+03  7.75353e-01
 6.08002e+03  7.74400e-01
 6.08028e+03  7.74548e-01
 6.08054e+03  7.77607e-01
 6.08080e+03  7.75268e-01
 6.08106e+03  7.77108e-01
 6.08132e+03  7.73609e-01
 6.08158e+03  7.72891e-01
 6.08184e+03  7.77584e-01
 6.08210e+03  7.79226e-01
 6.08236e+03  7.74397e-01
 6.08262e+03  7.78194e-01
 6.08288e+03  7.76459e-01
 6.08315e+03  7.79770e-01
 6.08341e+03  7.76405e-01
 6.08367e+03  7.72768e-01
 6.08393e+03  7.76402e-01
 6.08419e+03  7.81548e-01
 6.08445e+03  7.81007e-01
 6.08471e+03  7.79387e-01
 6.08497e+03  7.76857e-01
 6.08523e+03  7.78720e-01
 6.08549e+03  7.83211e-01
 6.08575e+03  7.83024e-01
 6.08601e+03  7.80737e-01
 6.08627e+03  7.79934e-01
 6.08653e+03  7.79615e-01
 6.08679e+03  7.85236e-01
 6.08705e+03  7.84214e-01
 6.08731e+03  7.78927e-01
 6.08757e+03  7.80215e-01
 6.08783e+03  7.83749e-01
 6.08809e+03  7.88185e-01
 6.08835e+03  7.84865e-01
 6.08862e+03  7.84795e-01
 6.08888e+03  7.85316e-01
 6.08914e+03  7.87364e-01
 6.08940e+03  7.86314e-01
 6.08966e+03  7.84047e-01
 6.08992e+03  7.84538e-01
 6.09018e+03  7.86077e-01
 6.09044e+03  7.90198e-01
 6.09070e+03  7.87456e-01
 6.09096e+03  7.84213e-01
 6.09122e+03  7.89303e-01
 6.09148e+03  7.89290e-01
 6.09174e+03  7.92099e-01
 6.09200e+03  7.89040e-01
 6.09226e+03  7.85859e-01
 6.09252e+03  7.87392e-01
 6.09278e+03  7.88816e-01
 6.09304e+03  7.91545e-01
 6.09330e+03  7.88989e-01
 6.09356e+03  7.89095e-01
 6.09383e+03  7.89871e-01
 6.09409e+03  7.91541e-01
 6.09435e+03  7.90133e-01
 6.09461e+03  7.89766e-01
 6.09487e+03  7.90899e-01
 6.09513e+03  7.91888e-01
 6.09539e+03  7.93101e-01
 6.09565e+03  7.90739e-01
 6.09591e+03  7.88527e-01
 6.09617e+03  7.94437e-01
 6.09643e+03  7.96209e-01
 6.09669e+03  7.97203e-01
 6.09695e+03  7.90537e-01
 6.09721e+03  7.90693e-01
 6.09747e+03  7.92991e-01
 6.09773e+03  7.97801e-01
 6.09799e+03  7.96961e-01
 6.09825e+03  7.95615e-01
 6.09851e+03  7.91990e-01
 6.09877e+03  7.97071e-01
 6.09904e+03  7.97924e-01
 6.09930e+03  7.95405e-01
 6.09956e+03  7.94153e-01
 6.09982e+03  7.97306e-01
 6.10008e+03  7.97904e-01
 6.10034e+03  7.98057e-01
 6.10060e+03  7.95998e-01
 6.10086e+03  7.94990e-01
 6.10112e+03  8.01611e-01
 6.10138e+03  8.00194e-01
 6.10164e+03  7.99707e-01
 6.10190e+03  7.95286e-01
 6.10216e+03  7.96289e-01
 6.10242e+03  8.00779e-01
 6.10268e+03  8.02079e-01
 6.10294e+03  8.02030e-01
 6.10320e+03  7.99030e-01
 6.10346e+03  8.02726e-01
 6.10372e+03  8.05840e-01
 6.10398e+03  8.02225e-01
 6.10425e+03  7.99989e-01
 6.10451e+03  8.02131e-01
 6.10477e+03  8.00167e-01
 6.10503e+03  8.05520e-01
 6.10529e+03  8.03679e-01
 6.10555e+03  8.04531e-01
 6.10581e+03  8.01476e-01
 6.10607e+03  8.05151e-01
 6.10633e+03  8.04605e-01
 6.10659e+03  8.02785e-01
 6.10685e+03  8.02043e-01
 6.10711e+03  8.08004e-01
 6.10737e+03  8.06606e-01
 6.10763e+03  8.07425e-01
 6.10789e+03  8.04891e-01
 6.10815e+03  8.05403e-01
 6.10841e+03  8.06255e-01
 6.10867e+03  8.05623e-01
 6.10893e+03  8.05047e-01
 6.10919e+03  8.06202e-01
 6.10946e+03  8.07182e-01
 6.10972e+03  8.07135e-01
 6.10998e+03  8.10277e-01
 6.11024e+03  8.06045e-01
 6.11050e+03  8.04999e-01
 6.11076e+03  8.06735e-01
 6.11102e+03  8.08218e-01
 6.11128e+03  8.06585e-01
 6.11154e+03  8.06833e-01
 6.11180e+03  8.08515e-01
 6.11206e+03  8.08118e-01
 6.11232e+03  8.10341e-01
 6.11258e+03  8.08671e-01
 6.11284e+03  8.05917e-01
 6.11310e+03  8.12611e-01
 6.11336e+03  8.12904e-01
 6.11362e+03  8.11503e-01
 6.11388e+03  8.09026e-01
 6.11414e+03  8.12883e-01
 6.11440e+03  8.12211e-01
 6.11467e+03  8.10216e-01
 6.11493e+03  8.10280e-01
 6.11519e+03  8.12499e-01
 6.11545e+03  8.10788e-01
 6.11571e+03  8.08516e-01
 6.11597e+03  8.09695e-01
 6.11623e+03  8.09871e-01
 6.11649e+03  8.11399e-01
 6.11675e+03  8.11764e-01
 6.11701e+03  8.13534e-01
 6.11727e+03  8.13073e-01
 6.11753e+03  8.11451e-01
 6.11779e+03  8.11553e-01
 6.11805e+03  8.15220e-01
 6.11831e+03  8.14212e-01
 6.11857e+03  8.11386e-01
 6.11883e+03  8.12954e-01
 6.11909e+03  8.14922e-01
 6.11935e+03  8.15820e-01
 6.11962e+03  8.13052e-01
 6.11988e+03  8.15342e-01
 6.12014e+03  8.12420e-01
 6.12040e+03  8.14588e-01
 6.12066e+03  8.15947e-01
 6.12092e+03  8.12786e-01
 6.12118e+03  8.12882e-01
 6.12144e+03  8.12743e-01
 6.12170e+03  8.15100e-01
 6.12196e+03  8.15025e-01
 6.12222e+03  8.12404e-01
 6.12248e+03  8.15613e-01
 6.12274e+03  8.14703e-01
 6.12300e+03  8.18117e-01
 6.12326e+03  8.15043e-01
 6.12352e+03  8.11350e-01
 6.12378e+03  8.14195e-01
 6.12404e+03  8.14750e-01
 6.12430e+03  8.16077e-01
 6.12456e+03  8.13332e-01
 6.12483e+03  8.13413e-01
 6.12509e+03  8.16156e-01
 6.12535e+03  8.14521e-01
 6.12561e+03  8.14646e-01
 6.12587e+03  8.11368e-01
 6.12613e+03  8.15281e-01
 6.12639e+03  8.16244e-01
 6.12665e+03  8.20745e-01
 6.12691e+03  8.14272e-01
 6.12717e+03  8.12947e-01
 6.12743e+03  8.15609e-01
 6.12769e+03  8.18672e-01
 6.12795e+03  8.17298e-01
 6.12821e+03  8.16678e-01
 6.12847e+03  8.13632e-01
 6.12873e+03  8.18152e-01
 6.12899e+03  8.16085e-01
 6.12925e+03  8.13604e-01
 6.12951e+03  8.14706e-01
 6.12977e+03  8.13901e-01
 6.13004e+03  8.18399e-01
 6.13030e+03  8.17524e-01
 6.13056e+03  8.16293e-01
 6.13082e+03  8.14377e-01
 6.13108e+03  8.13856e-01
 6.13134e+03  8.19012e-01
 6.13160e+03  8.18605e-01
 6.13186e+03  8.16839e-01
 6.13212e+03  8.13360e-01
 6.13238e+03  8.17625e-01
 6.13264e+03  8.18641e-01
 6.13290e+03  8.16267e-01
 6.13316e+03  8.16251e-01
 6.13342e+03  8.13543e-01
 6.13368e+03  8.17328e-01
 6.13394e+03  8.17102e-01
 6.13420e+03  8.14879e-01
 6.13446e+03  8.14393e-01
 6.13472e+03  8.14459e-01
 6.13498e+03  8.17582e-01
 6.13525e+03  8.19067e-01
 6.13551e+03  8.15741e-01
 6.13577e+03  8.13209e-01
 6.13603e+03  8.13761e-01
 6.13629e+03  8.17516e-01
 6.13655e+03  8.16339e-01
 6.13681e+03  8.11966e-01
 6.13707e+03  8.14979e-01
 6.13733e+03  8.15042e-01
 6.13759e+03  8.14568e-01
 6.13785e+03  8.13419e-01
 6.13811e+03  8.13876e-01
 6.13837e+03  8.13402e-01
 6.13863e+03  8.17109e-01
 6.13889e+03  8.17084e-01
 6.13915e+03  8.14869e-01
 6.13941e+03  8.12685e-01
 6.13967e+03  8.16324e-01
 6.13993e+03  8.14129e-01
 6.14019e+03  8.14668e-01
 6.14046e+03  8.13634e-01
 6.14072e+03  8.11469e-01
 6.14098e+03  8.12937e-01
 6.14124e+03  8.18258e-01
 6.14150e+03  8.14406e-01
 6.14176e+03  8.11713e-01
 6.14202e+03  8.11299e-01
 6.14228e+03  8.16248e-01
 6.14254e+03  8.16569e-01
 6.14280e+03  8.14798e-01
 6.14306e+03  8.11374e-01
 6.14332e+03  8.13064e-01
 6.14358e+03  8.15088e-01
 6.14384e+03  8.16411e-01
 6.14410e+03  8.11319e-01
 6.14436e+03  8.12814e-01
 6.14462e+03  8.10133e-01
 6.14488e+03  8.13394e-01
 6.14514e+03  8.13755e-01
 6.14540e+03  8.10611e-01
 6.14567e+03  8.09073e-01
 6.14593e+03  8.13597e-01
 6.14619e+03  8.15212e-01
 6.14645e+03  8.13435e-01
 6.14671e+03  8.08204e-01
 6.14697e+03  8.09707e-01
 6.14723e+03  8.11415e-01
 6.14749e+03  8.12508e-01
 6.14775e+03  8.09418e-01
 6.14801e+03  8.09380e-01
 6.14827e+03  8.08520e-01
 6.14853e+03  8.13947e-01
 6.14879e+03  8.14329e-01
 6.14905e+03  8.09085e-01
 6.14931e+03  8.10281e-01
 6.14957e+03  8.10585e-01
 6.14983e+03  8.12998e-01
 6.15009e+03  8.12681e-01
 6.15035e+03  8.06974e-01
 6.15061e+03  8.06932e-01
 6.15088e+03  8.10210e-01
 6.15114e+03  8.10167e-01
 6.15140e+03  8.10076e-01
 6.15166e+03  8.04486e-01
 6.15192e+03  8.06832e-01
 6.15218e+03  8.10375e-01
 6.15244e+03  8.10825e-01
 6.15270e+03  8.05705e-01
 6.15296e+03  8.06822e-01
 6.15322e+03  8.08176e-01
 6.15348e+03  8.08527e-01
 6.15374e+03  8.09866e-01
 6.15400e+03  8.06129e-01
 6.15426e+03  8.03828e-01
 6.15452e+03  8.09721e-01
 6.15478e+03  8.10465e-01
 6.15504e+03  8.06911e-01
 6.15530e+03  8.02498e-01
 6.15556e+03  8.01658e-01
 6.15582e+03  8.07399e-01
 6.15608e+03  8.08799e-01
 6.15635e+03  8.04581e-01
 6.15661e+03  8.02135e-01
 6.15687e+03  8.06268e-01
 6.15713e+03  8.05375e-01
 6.15739e+03  8.08011e-01
 6.15765e+03  8.05239e-01
 6.15791e+03  8.02067e-01
 6.15817e+03  8.03908e-01
 6.15843e+03  8.08498e-01
 6.15869e+03  8.05046e-01
 6.15895e+03  8.00649e-01
 6.15921e+03  8.01159e-01
 6.15947e+03  8.04419e-01
 6.15973e+03  8.05651e-01
 6.15999e+03  8.03202e-01
 6.16025e+03  7.98291e-01
 6.16051e+03  7.98815e-01
 6.16077e+03  8.05771e-01
 6.16103e+03  8.04442e-01
 6.16129e+03  8.03356e-01
 6.16156e+03  7.99902e-01
 6.16182e+03  7.99512e-01
 6.16208e+03  8.02156e-01
 6.16234e+03  8.06063e-01
 6.16260e+03  7.96943e-01
 6.16286e+03  7.95387e-01
 6.16312e+03  8.01321e-01
 6.16338e+03  8.02571e-01
 6.16364e+03  8.03051e-01
 6.16390e+03  7.99165e-01
 6.16416e+03  7.95730e-01
 6.16442e+03  8.00244e-01
 6.16468e+03  8.02565e-01
 6.16494e+03  8.00794e-01
 6.16520e+03  7.95302e-01
 6.16546e+03  7.98766e-01
 6.16572e+03  7.99469e-01
 6.16598e+03  8.01599e-01
 6.16624e+03  7.99724e-01
 6.16650e+03  7.94606e-01
 6.16677e+03  7.95854e-01
 6.16703e+03  8.01131e-01
 6.16729e+03  8.00319e-01
 6.16755e+03  7.95905e-01
 6.16781e+03  7.94114e-01
 6.16807e+03  7.97355e-01
 6.16833e+03  7.99862e-01
 6.16859e+03  7.96913e-01
 6.16885e+03  7.92182e-01
 6.16911e+03  7.92655e-01
 6.16937e+03  7.95170e-01
 6.16963e+03  7.98869e-01
 6.16989e+03  7.96542e-01
 6.17015e+03  7.91390e-01
 6.17041e+03  7.91874e-01
 6.17067e+03  7.96331e-01
 6.17093e+03  7.97816e-01
 6.17119e+03  7.93387e-01
 6.17145e+03  7.91260e-01
 6.17171e+03  7.93217e-01
 6.17198e+03  7.96354e-01
 6.17224e+03  7.97164e-01
 6.17250e+03  7.92073e-01
 6.17276e+03  7.91154e-01
 6.17302e+03  7.92395e-01
 6.17328e+03  7.96160e-01
 6.17354e+03  7.92216e-01
 6.17380e+03  7.90892e-01
 6.17406e+03  7.88668e-01
 6.17432e+03  7.90787e-01
 6.17458e+03  7.92759e-01
 6.17484e+03  7.93601e-01
 6.17510e+03  7.88657e-01
 6.17536e+03  7.84471e-01
 6.17562e+03  7.93220e-01
 6.17588e+03  7.94075e-01
 6.17614e+03  7.90883e-01
 6.17640e+03  7.89847e-01
 6.17666e+03  7.88507e-01
 6.17692e+03  7.90345e-01
 6.17719e+03  7.92787e-01
 6.17745e+03  7.87447e-01
 6.17771e+03  7.86218e-01
 6.17797e+03  7.89191e-01
 6.17823e+03  7.90087e-01
 6.17849e+03  7.91537e-01
 6.17875e+03  7.88746e-01
 6.17901e+03  7.85785e-01
 6.17927e+03  7.88073e-01
 6.17953e+03  7.88517e-01
 6.17979e+03  7.88126e-01
 6.18005e+03  7.85610e-01
 6.18031e+03  7.84559e-01
 6.18057e+03  7.85169e-01
 6.18083e+03  7.89431e-01
 6.18109e+03  7.87596e-01
 6.18135e+03  7.82132e-01
 6.18161e+03  7.83692e-01
 6.18187e+03  7.86776e-01
 6.18213e+03  7.88227e-01
 6.18240e+03  7.86898e-01
 6.18266e+03  7.81985e-01
 6.18292e+03  7.86015e-01
 6.18318e+03  7.88758e-01
 6.18344e+03  7.86487e-01
 6.18370e+03  7.81837e-01
 6.18396e+03  7.80509e-01
 6.18422e+03  7.84258e-01
 6.18448e+03  7.88198e-01
 6.18474e+03  7.87490e-01
 6.18500e+03  7.81203e-01
 6.18526e+03  7.79631e-01
 6.18552e+03  7.83833e-01
 6.18578e+03  7.83178e-01
 6.18604e+03  7.84974e-01
 6.18630e+03  7.77517e-01
 6.18656e+03  7.78512e-01
 6.18682e+03  7.83785e-01
 6.18708e+03  7.84293e-01
 6.18735e+03  7.81442e-01
 6.18761e+03  7.74665e-01
 6.18787e+03  7.79554e-01
 6.18813e+03  7.81552e-01
 6.18839e+03  7.82267e-01
 6.18865e+03  7.78167e-01
 6.18891e+03  7.74789e-01
 6.18917e+03  7.78353e-01
 6.18943e+03  7.82158e-01
 6.18969e+03  7.81903e-01
 6.18995e+03  7.76801e-01
 6.19021e+03  7.74978e-01
 6.19047e+03  7.79681e-01
 6.19073e+03  7.83100e-01
 6.19099e+03  7.81416e-01
 6.19125e+03  7.74102e-01
 6.19151e+03  7.74345e-01
 6.19177e+03  7.79045e-01
 6.19203e+03  7.81971e-01
 6.19229e+03  7.78530e-01
 6.19256e+03  7.73569e-01
 6.19282e+03  7.73620e-01
 6.19308e+03  7.77603e-01
 6.19334e+03  7.78562e-01
 6.19360e+03  7.75490e-01
 6.19386e+03  7.70564e-01
 6.19412e+03  7.74516e-01
 6.19438e+03  7.80005e-01
 6.19464e+03  7.76547e-01
 6.19490e+03  7.74081e-01
 6.19516e+03  7.72260e-01
 6.19542e+03  7.71610e-01
 6.19568e+03  7.73464e-01
 6.19594e+03  7.73834e-01
 6.19620e+03  7.70598e-01
 6.19646e+03  7.70144e-01
 6.19672e+03  7.71824e-01
 6.19698e+03  7.74873e-01
 6.19724e+03  7.72078e-01
 6.19750e+03  7.69063e-01
 6.19777e+03  7.67688e-01
 6.19803e+03  7.70417e-01
 6.19829e+03  7.72503e-01
 6.19855e+03  7.70267e-01
 6.19881e+03  7.66854e-01
 6.19907e+03  7.66105e-01
 6.19933e+03  7.68588e-01
 6.19959e+03  7.74449e-01
 6.19985e+03  7.70540e-01
 6.20011e+03  7.63856e-01
 6.20037e+03  7.69252e-01
 6.20063e+03  7.72029e-01
 6.20089e+03  7.69996e-01
 6.20115e+03  7.65619e-01
 6.20141e+03  7.61881e-01
 6.20167e+03  7.65429e-01
 6.20193e+03  7.69740e-01
 6.20219e+03  7.69138e-01
 6.20245e+03  7.63752e-01
 6.20271e+03  7.61321e-01
 6.20298e+03  7.66063e-01
 6.20324e+03  7.66917e-01
 6.20350e+03  7.65010e-01
 6.20376e+03  7.58960e-01
 6.20402e+03  7.61514e-01
 6.20428e+03  7.65087e-01
 6.20454e+03  7.65885e-01
 6.20480e+03  7.62634e-01
 6.20506e+03  7.58258e-01
 6.20532e+03  7.61709e-01
 6.20558e+03  7.64946e-01
 6.20584e+03  7.62942e-01
 6.20610e+03  7.60652e-01
 6.20636e+03  7.54458e-01
 6.20662e+03  7.57893e-01
 6.20688e+03  7.64586e-01
 6.20714e+03  7.60242e-01
 6.20740e+03  7.59781e-01
 6.20766e+03  7.54047e-01
 6.20792e+03  7.55324e-01
 6.20819e+03  7.60508e-01
 6.20845e+03  7.60146e-01
 6.20871e+03  7.56627e-01
 6.20897e+03  7.52954e-01
 6.20923e+03  7.57817e-01
 6.20949e+03  7.58508e-01
 6.20975e+03  7.56307e-01
 6.21001e+03  7.51385e-01
 6.21027e+03  7.49767e-01
 6.21053e+03  7.55064e-01
 6.21079e+03  7.59494e-01
 6.21105e+03  7.54916e-01
 6.21131e+03  7.48448e-01
 6.21157e+03  7.52600e-01
 6.21183e+03  7.54435e-01
 6.21209e+03  7.55864e-01
 6.21235e+03  7.51602e-01
 6.21261e+03  7.46639e-01
 6.21287e+03  7.49434e-01
 6.21313e+03  7.53271e-01
 6.21340e+03  7.50150e-01
 6.21366e+03  7.47825e-01
 6.21392e+03  7.44478e-01
 6.21418e+03  7.44945e-01
 6.21444e+03  7.49048e-01
 6.21470e+03  7.47331e-01
 6.21496e+03  7.44474e-01
 6.21522e+03  7.40666e-01
 6.21548e+03  7.43339e-01
 6.21574e+03  7.48963e-01
 6.21600e+03  7.45282e-01
 6.21626e+03  7.41412e-01
 6.21652e+03  7.38929e-01
 6.21678e+03  7.43273e-01
 6.21704e+03  7.46323e-01
 6.21730e+03  7.40957e-01
 6.21756e+03  7.36500e-01
 6.21782e+03  7.38870e-01
 6.21808e+03  7.40277e-01
 6.21834e+03  7.41725e-01
 6.21860e+03  7.35933e-01
 6.21887e+03  7.33860e-01
 6.21913e+03  7.34735e-01
 6.21939e+03  7.38393e-01
 6.21965e+03  7.36281e-01
 6.21991e+03  7.34147e-01
 6.22017e+03  7.30353e-01
 6.22043e+03  7.30470e-01
 6.22069e+03  7.34746e-01
 6.22095e+03  7.33575e-01
 6.22121e+03  7.25050e-01
 6.22147e+03  7.25433e-01
 6.22173e+03  7.29266e-01
 6.22199e+03  7.33751e-01
 6.22225e+03  7.31197e-01
 6.22251e+03  7.22947e-01
 6.22277e+03  7.22480e-01
 6.22303e+03  7.23515e-01
 6.22329e+03  7.30212e-01
 6.22355e+03  7.26965e-01
 6.22381e+03  7.21439e-01
 6.22408e+03  7.22139e-01
 6.22434e+03  7.24879e-01
 6.22460e+03  7.25062e-01
 6.22486e+03  7.22568e-01
 6.22512e+03  7.16341e-01
 6.22538e+03  7.16662e-01
 6.22564e+03  7.20155e-01
 6.22590e+03  7.19437e-01
 6.22616e+03  7.16140e-01
 6.22642e+03  7.12421e-01
 6.22668e+03  7.13206e-01
 6.22694e+03  7.16859e-01
 6.22720e+03  7.19337e-01
 6.22746e+03  7.10714e-01
 6.22772e+03  7.07082e-01
 6.22798e+03  7.09660e-01
 6.22824e+03  7.12927e-01
 6.22850e+03  7.13002e-01
 6.22876e+03  7.05479e-01
 6.22902e+03  7.02922e-01
 6.22929e+03  7.05970e-01
 6.22955e+03  7.09502e-01
 6.22981e+03  7.05615e-01
 6.23007e+03  7.01110e-01
 6.23033e+03  6.96536e-01
 6.23059e+03  7.01369e-01
 6.23085e+03  7.02330e-01
 6.23111e+03  6.99776e-01
 6.23137e+03  6.96323e-01
 6.23163e+03  6.93931e-01
 6.23189e+03  6.99069e-01
 6.23215e+03  6.99140e-01
 6.23241e+03  6.96344e-01
 6.23267e+03  6.90620e-01
 6.23293e+03  6.89975e-01
 6.23319e+03  6.93471e-01
 6.23345e+03  6.95242e-01
 6.23371e+03  6.87640e-01
 6.23397e+03  6.84609e-01
 6.23423e+03  6.82997e-01
 6.23450e+03  6.89518e-01
 6.23476e+03  6.90230e-01
 6.23502e+03  6.81852e-01
 6.23528e+03  6.77268e-01
 6.23554e+03  6.78060e-01
 6.23580e+03  6.81670e-01
 6.23606e+03  6.80808e-01
 6.23632e+03  6.78057e-01
 6.23658e+03  6.68721e-01
 6.23684e+03  6.73675e-01
 6.23710e+03  6.77616e-01
 6.23736e+03  6.75456e-01
 6.23762e+03  6.71102e-01
 6.23788e+03  6.64604e-01
 6.23814e+03  6.67934e-01
 6.23840e+03  6.69923e-01
 6.23866e+03  6.66675e-01
 6.23892e+03  6.61638e-01
 6.23918e+03  6.57970e-01
 6.23944e+03  6.63380e-01
 6.23971e+03  6.65798e-01
 6.23997e+03  6.59436e-01
 6.24023e+03  6.53400e-01
 6.24049e+03  6.51811e-01
 6.24075e+03  6.54687e-01
 6.24101e+03  6.59403e-01
 6.24127e+03  6.53049e-01
 6.24153e+03  6.46864e-01
 6.24179e+03  6.46018e-01
 6.24205e+03  6.49791e-01
 6.24231e+03  6.50034e-01
 6.24257e+03  6.44325e-01
 6.24283e+03  6.36025e-01
 6.24309e+03  6.40409e-01
 6.24335e+03  6.45426e-01
 6.24361e+03  6.40936e-01
 6.24387e+03  6.36892e-01
 6.24413e+03  6.30683e-01
 6.24439e+03  6.33736e-01
 6.24465e+03  6.33273e-01
 6.24492e+03  6.31760e-01
 6.24518e+03  6.27287e-01
 6.24544e+03  6.26699e-01
 6.24570e+03  6.26496e-01
 6.24596e+03  6.29324e-01
 6.24622e+03  6.26626e-01
 6.24648e+03  6.20780e-01
 6.24674e+03  6.16856e-01
 6.24700e+03  6.18494e-01
 6.24726e+03  6.20814e-01
 6.24752e+03  6.16619e-01
 6.24778e+03  6.10993e-01
 6.24804e+03  6.08554e-01
 6.24830e+03  6.11505e-01
 6.24856e+03  6.12759e-01
 6.24882e+03  6.10838e-01
 6.24908e+03  6.01674e-01
 6.24934e+03  5.99301e-01
 6.24960e+03  6.02022e-01
 6.24987e+03  6.01840e-01
 6.25013e+03  5.98322e-01
 6.25039e+03  5.91635e-01
 6.25065e+03  5.91252e-01
 6.25091e+03  5.96646e-01
 6.25117e+03  5.95789e-01
 6.25143e+03  5.91833e-01
 6.25169e+03  5.82915e-01
 6.25195e+03  5.84572e-01
 6.25221e+03  5.83869e-01
 6.25247e+03  5.86522e-01
 6.25273e+03  5.78613e-01
 6.25299e+03  5.73362e-01
 6.25325e+03  5.74524e-01
 6.25351e+03  5.77318e-01
 6.25377e+03  5.74783e-01
 6.25403e+03  5.70117e-01
 6.25429e+03  5.64067e-01
 6.25455e+03  5.66453e-01
 6.25481e+03  5.66707e-01
 6.25508e+03  5.67319e-01
 6.25534e+03  5.57912e-01
 6.25560e+03  5.55504e-01
 6.25586e+03  5.56700e-01
 6.25612e+03  5.60123e-01
 6.25638e+03  5.58159e-01
 6.25664e+03  5.50493e-01
 6.25690e+03  5.45979e-01
 6.25716e+03  5.48014e-01
 6.25742e+03  5.49403e-01
 6.25768e+03  5.44875e-01
 6.25794e+03  5.39263e-01
 6.25820e+03  5.36882e-01
 6.25846e+03  5.40980e-01
 6.25872e+03  5.39832e-01
 6.25898e+03  5.35107e-01
 6.25924e+03  5.32103e-01
 6.25950e+03  5.26970e-01
 6.25976e+03  5.29904e-01
 6.26002e+03  5.29254e-01
 6.26029e+03  5.24755e-01
 6.26055e+03  5.19187e-01
 6.26081e+03  5.17497e-01
 6.26107e+03  5.19825e-01
 6.26133e+03  5.21135e-01
 6.26159e+03  5.15130e-01
 6.26185e+03  5.06870e-01
 6.26211e+03  5.07558e-01
 6.26237e+03  5.11359e-01
 6.26263e+03  5.09622e-01
 6.26289e+03  5.03575e-01
 6.26315e+03  4.99032e-01
 6.26341e+03  4.97792e-01
 6.26367e+03  5.00179e-01
 6.26393e+03  4.97382e-01
 6.26419e+03  4.93551e-01
 6.26445e+03  4.87255e-01
 6.26471e+03  4.89146e-01
 6.26497e+03  4.90221e-01
 6.26523e+03  4.87755e-01
 6.26550e+03  4.81197e-01
 6.26576e+03  4.75982e-01
 6.26602e+03  4.79182e-01
 6.26628e+03  4.81351e-01
 6.26654e+03  4.77281e-01
 6.26680e+03  4.69987e-01
 6.26706e+03  4.66355e-01
 6.26732e+03  4.68666e-01
 6.26758e+03  4.69149e-01
 6.26784e+03  4.68034e-01
 6.26810e+03  4.61922e-01
 6.26836e+03  4.56800e-01
 6.26862e+03  4.59349e-01
 6.26888e+03  4.59389e-01
 6.26914e+03  4.56581e-01
 6.26940e+03  4.49700e-01
 6.26966e+03  4.48092e-01
 6.26992e+03  4.49165e-01
 6.27018e+03  4.50786e-01
 6.27044e+03  4.45678e-01
 6.27071e+03  4.39282e-01
 6.27097e+03  4.38677e-01
 6.27123e+03  4.38622e-01
 6.27149e+03  4.38721e-01
 6.27175e+03  4.36040e-01
 6.27201e+03  4.30316e-01
 6.27227e+03  4.26975e-01
 6.27253e+03  4.27698e-01
 6.27279e+03  4.26803e-01
 6.27305e+03  4.23508e-01
 6.27331e+03  4.17400e-01
 6.27357e+03  4.16864e-01
 6.27383e+03  4.21379e-01
 6.27409e+03  4.18871e-01
 6.27435e+03  4.11830e-01
 6.27461e+03  4.08064e-01
 6.27487e+03  4.06757e-01
 6.27513e+03  4.09450e-01
 6.27539e+03  4.07793e-01
 6.27565e+03  4.03630e-01
 6.27592e+03  3.98018e-01
 6.27618e+03  3.97831e-01
 6.27644e+03  4.00880e-01
 6.27670e+03  3.97715e-01
 6.27696e+03  3.93844e-01
 6.27722e+03  3.87134e-01
 6.27748e+03  3.89326e-01
 6.27774e+03  3.89734e-01
 6.27800e+03  3.87348e-01
 6.27826e+03  3.82004e-01
 6.27852e+03  3.76316e-01
 6.27878e+03  3.78693e-01
 6.27904e+03  3.79702e-01
 6.27930e+03  3.76895e-01
 6.27956e+03  3.70286e-01
 6.27982e+03  3.68820e-01
 6.28008e+03  3.69476e-01
 6.28034e+03  3.68962e-01
 6.28060e+03  3.65711e-01
 6.28086e+03  3.60388e-01
 6.28112e+03  3.57051e-01
 6.28139e+03  3.60242e-01
 6.28165e+03  3.59295e-01
 6.28191e+03  3.56324e-01
 6.28217e+03  3.52496e-01
 6.28243e+03  3.48639e-01
 6.28269e+03  3.50209e-01
 6.28295e+03  3.48370e-01
 6.28321e+03  3.46608e-01
 6.28347e+03  3.42876e-01
 6.28373e+03  3.41175e-01
 6.28399e+03  3.39576e-01
 6.28425e+03  3.38843e-01
 6.28451e+03  3.38516e-01
 6.28477e+03  3.32640e-01
 6.28503e+03  3.33648e-01
 6.28529e+03  3.31225e-01
 6.28555e+03  3.30448e-01
 6.28581e+03  3.26829e-01
 6.28607e+03  3.23428e-01
 6.28633e+03  3.21600e-01
 6.28660e+03  3.21492e-01
 6.28686e+03  3.20377e-01
 6.28712e+03  3.18791e-01
 6.28738e+03  3.12495e-01
 6.28764e+03  3.11779e-01
 6.28790e+03  3.14255e-01
 6.28816e+03  3.13567e-01
 6.28842e+03  3.08688e-01
 6.28868e+03  3.05173e-01
 6.28894e+03  3.04124e-01
 6.28920e+03  3.03961e-01
 6.28946e+03  3.02713e-01
 6.28972e+03  2.99408e-01
 6.28998e+03  2.96375e-01
 6.29024e+03  2.95482e-01
 6.29050e+03  2.95083e-01
 6.29076e+03  2.91815e-01
 6.29102e+03  2.90081e-01
 6.29128e+03  2.87591e-01
 6.29154e+03  2.86279e-01
 6.29181e+03  2.87951e-01
 6.29207e+03  2.84716e-01
 6.29233e+03  2.81271e-01
 6.29259e+03  2.78471e-01
 6.29285e+03  2.77803e-01
 6.29311e+03  2.77188e-01
 6.29337e+03  2.76499e-01
 6.29363e+03  2.74001e-01
 6.29389e+03  2.70585e-01
 6.29415e+03  2.70589e-01
 6.29441e+03  2.70218e-01
 6.29467e+03  2.67210e-01
 6.29493e+03  2.64694e-01
 6.29519e+03  2.61866e-01
 6.29545e+03  2.62627e-01
 6.29571e+03  2.61594e-01
 6.29597e+03  2.59587e-01
 6.29623e+03  2.56548e-01
 6.29649e+03  2.55808e-01
 6.29675e+03  2.54894e-01
 6.29702e+03  2.54008e-01
 6.29728e+03  2.51188e-01
 6.29754e+03  2.47466e-01
 6.29780e+03  2.45145e-01
 6.29806e+03  2.47845e-01
 6.29832e+03  2.44417e-01
 6.29858e+03  2.42441e-01
 6.29884e+03  2.40541e-01
 6.29910e+03  2.38384e-01
 6.29936e+03  2.38549e-01
 6.29962e+03  2.38032e-01
 6.29988e+03  2.35383e-01
 6.30014e+03  2.32724e-01
 6.30040e+03  2.32558e-01
 6.30066e+03  2.32103e-01
 6.30092e+03  2.30000e-01
 6.30118e+03  2.28848e-01
 6.30144e+03  2.25717e-01
 6.30170e+03  2.24070e-01
 6.30196e+03  2.24790e-01
 6.30223e+03  2.22083e-01
 6.30249e+03  2.20131e-01
 6.30275e+03  2.18049e-01
 6.30301e+03  2.19120e-01
 6.30327e+03  2.17944e-01
 6.30353e+03  2.16055e-01
 6.30379e+03  2.12660e-01
 6.30405e+03  2.12483e-01
 6.30431e+03  2.10725e-01
 6.30457e+03  2.10051e-01
 6.30483e+03  2.08340e-01
 6.30509e+03  2.06356e-01
 6.30535e+03  2.04661e-01
 6.30561e+03  2.04683e-01
 6.30587e+03  2.04598e-01
 6.30613e+03  2.01136e-01
 6.30639e+03  1.99230e-01
 6.30665e+03  1.98157e-01
 6.30691e+03  1.97922e-01
 6.30717e+03  1.98406e-01
 6.30744e+03  1.95948e-01
 6.30770e+03  1.93000e-01
 6.30796e+03  1.92490e-01
 6.30822e+03  1.90675e-01
 6.30848e+03  1.89675e-01
 6.30874e+03  1.90106e-01
 6.30900e+03  1.87187e-01
 6.30926e+03  1.85929e-01
 6.30952e+03  1.84630e-01
 6.30978e+03  1.84692e-01
 6.31004e+03  1.82543e-01
 6.31030e+03  1.80495e-01
 6.31056e+03  1.80612e-01
 6.31082e+03  1.79570e-01
 6.31108e+03  1.78116e-01
 6.31134e+03  1.76843e-01
 6.31160e+03  1.75581e-01
 6.31186e+03  1.73033e-01
 6.31212e+03  1.73329e-01
 6.31238e+03  1.71366e-01
 6.31265e+03  1.71303e-01
 6.31291e+03  1.69209e-01
 6.31317e+03  1.67673e-01
 6.31343e+03  1.68828e-01
 6.31369e+03  1.66633e-01
 6.31395e+03  1.64674e-01
 6.31421e+03  1.63218e-01
 6.31447e+03  1.63234e-01
 6.31473e+03  1.62885e-01
 6.31499e+03  1.60412e-01
 6.31525e+03  1.59206e-01
 6.31551e+03  1.59020e-01
 6.31577e+03  1.57063e-01
 6.31603e+03  1.57741e-01
 6.31629e+03  1.55381e-01
 6.31655e+03  1.53167e-01
 6.31681e+03  1.52921e-01
 6.31707e+03  1.53424e-01
 6.31733e+03  1.51196e-01
 6.31760e+03  1.50450e-01
 6.31786e+03  1.48524e-01
 6.31812e+03  1.48129e-01
 6.31838e+03  1.48312e-01
 6.31864e+03  1.46272e-01
 6.31890e+03  1.44180e-01
 6.31916e+03  1.43141e-01
 6.31942e+03  1.43761e-01
 6.31968e+03  1.43895e-01
 6.31994e+03  1.42828e-01
 6.32020e+03  1.39409e-01
 6.32046e+03  1.39509e-01
 6.32072e+03  1.38614e-01
 6.32098e+03  1.38440e-01
 6.32124e+03  1.37533e-01
 6.32150e+03  1.36538e-01
 6.32176e+03  1.33730e-01
 6.32202e+03  1.34257e-01
 6.32228e+03  1.33369e-01
 6.32254e+03  1.32871e-01
 6.32281e+03  1.30232e-01
 6.32307e+03  1.29763e-01
 6.32333e+03  1.29711e-01
 6.32359e+03  1.30217e-01
 6.32385e+03  1.28403e-01
 6.32411e+03  1.26299e-01
 6.32437e+03  1.25385e-01
 6.32463e+03  1.26203e-01
 6.32489e+03  1.25950e-01
 6.32515e+03  1.24171e-01
 6.32541e+03  1.21475e-01
 6.32567e+03  1.22319e-01
 6.32593e+03  1.22604e-01
 6.32619e+03  1.22778e-01
 6.32645e+03  1.20182e-01
 6.32671e+03  1.18503e-01
 6.32697e+03  1.18905e-01
 6.32723e+03  1.19358e-01
 6.32749e+03  1.18543e-01
 6.32775e+03  1.16368e-01
 6.32802e+03  1.14392e-01
 6.32828e+03  1.14895e-01
 6.32854e+03  1.16023e-01
 6.32880e+03  1.14929e-01
 6.32906e+03  1.12822e-01
 6.32932e+03  1.10693e-01
 6.32958e+03  1.11164e-01
 6.32984e+03  1.12205e-01
 6.33010e+03  1.11111e-01
 6.33036e+03  1.09011e-01
 6.33062e+03  1.08265e-01
 6.33088e+03  1.08634e-01
 6.33114e+03  1.09164e-01
 6.33140e+03  1.08079e-01
 6.33166e+03  1.06474e-01
 6.33192e+03  1.04339e-01
 6.33218e+03  1.04517e-01
 6.33244e+03  1.06404e-01
 6.33270e+03  1.04640e-01
 6.33296e+03  1.02106e-01
 6.33323e+03  1.01110e-01
 6.33349e+03  1.01556e-01
 6.33375e+03  1.03541e-01
 6.33401e+03  1.01696e-01
 6.33427e+03  9.97822e-02
 6.33453e+03  9.85497e-02
 6.33479e+03  9.91823e-02
 6.33505e+03  9.96339e-02
 6.33531e+03  9.88552e-02
 6.33557e+03  9.58751e-02
 6.33583e+03  9.49805e-02
 6.33609e+03  9.70313e-02
 6.33635e+03  9.69818e-02
 6.33661e+03  9.56041e-02
 6.33687e+03  9.28363e-02
 6.33713e+03  9.16784e-02
 6.33739e+03  9.37580e-02
 6.33765e+03  9.51776e-02
 6.33791e+03  9.34582e-02
 6.33817e+03  9.11511e-02
 6.33844e+03  9.00624e-02
 6.33870e+03  9.12665e-02
 6.33896e+03  9.17104e-02
 6.33922e+03  9.10639e-02
 6.33948e+03  8.79433e-02
 6.33974e+03  8.77725e-02
 6.34000e+03  8.90166e-02
 6.34026e+03  8.99059e-02
 6.34052e+03  8.79323e-02
 6.34078e+03  8.49520e-02
 6.34104e+03  8.52511e-02
 6.34130e+03  8.64303e-02
 6.34156e+03  8.76964e-02
 6.34182e+03  8.59283e-02
 6.34208e+03  8.33760e-02
 6.34234e+03  8.23545e-02
 6.34260e+03  8.41031e-02
 6.34286e+03  8.50193e-02
 6.34312e+03  8.37526e-02
 6.34338e+03  8.07916e-02
 6.34365e+03  8.00896e-02
 6.34391e+03  8.22111e-02
 6.34417e+03  8.38531e-02
 6.34443e+03  8.09820e-02
 6.34469e+03  7.90383e-02
 6.34495e+03  7.76822e-02
 6.34521e+03  7.88032e-02
 6.34547e+03  8.06006e-02
 6.34573e+03  7.84415e-02
 6.34599e+03  7.66208e-02
 6.34625e+03  7.62429e-02
 6.34651e+03  7.82947e-02
 6.34677e+03  7.92764e-02
 6.34703e+03  7.64078e-02
 6.34729e+03  7.50416e-02
 6.34755e+03  7.43171e-02
 6.34781e+03  7.58875e-02
 6.34807e+03  7.68273e-02
 6.34833e+03  7.46229e-02
 6.34859e+03  7.22052e-02
 6.34885e+03  7.21609e-02
 6.34912e+03  7.47860e-02
 6.34938e+03  7.50811e-02
 6.34964e+03  7.27432e-02
 6.34990e+03  7.04893e-02
 6.35016e+03  7.06125e-02
 6.35042e+03  7.29786e-02
 6.35068e+03  7.31358e-02
 6.35094e+03  7.12828e-02
 6.35120e+03  6.80217e-02
 6.35146e+03  6.87071e-02
 6.35172e+03  7.04669e-02
 6.35198e+03  7.07066e-02
 6.35224e+03  6.83334e-02
 6.35250e+03  6.70777e-02
 6.35276e+03  6.72891e-02
 6.35302e+03  6.86975e-02
 6.35328e+03  6.96562e-02
 6.35354e+03  6.77602e-02
 6.35380e+03  6.44419e-02
 6.35406e+03  6.48781e-02
 6.35433e+03  6.69119e-02
 6.35459e+03  6.71564e-02
 6.35485e+03  6.56449e-02
 6.35511e+03  6.35996e-02
 6.35537e+03  6.36832e-02
 6.35563e+03  6.50338e-02
 6.35589e+03  6.51768e-02
 6.35615e+03  6.36871e-02
 6.35641e+03  6.23609e-02
 6.35667e+03  6.24183e-02
 6.35693e+03  6.32971e-02
 6.35719e+03  6.36143e-02
 6.35745e+03  6.31221e-02
 6.35771e+03  6.06563e-02
 6.35797e+03  6.07479e-02
 6.35823e+03  6.15404e-02
 6.35849e+03  6.18213e-02
 6.35875e+03  6.09591e-02
 6.35901e+03  5.90957e-02
 6.35927e+03  5.92168e-02
 6.35954e+03  6.05109e-02
 6.35980e+03  6.08139e-02
 6.36006e+03  5.84230e-02
 6.36032e+03  5.77484e-02
 6.36058e+03  5.74677e-02
 6.36084e+03  5.80371e-02
 6.36110e+03  5.86257e-02
 6.36136e+03  5.78457e-02
 6.36162e+03  5.66931e-02
 6.36188e+03  5.62016e-02
 6.36214e+03  5.63170e-02
 6.36240e+03  5.65513e-02
 6.36266e+03  5.62804e-02
 6.36292e+03  5.51795e-02
 6.36318e+03  5.42343e-02
 6.36344e+03  5.53496e-02
 6.36370e+03  5.58650e-02
 6.36396e+03  5.42449e-02
 6.36422e+03  5.35720e-02
 6.36448e+03  5.29601e-02
 6.36475e+03  5.44650e-02
 6.36501e+03  5.45104e-02
 6.36527e+03  5.25672e-02
 6.36553e+03  5.18897e-02
 6.36579e+03  5.19209e-02
 6.36605e+03  5.21644e-02
 6.36631e+03  5.22485e-02
 6.36657e+03  5.15607e-02
 6.36683e+03  5.10841e-02
 6.36709e+03  5.01188e-02
 6.36735e+03  5.11835e-02
 6.36761e+03  5.13388e-02
 6.36787e+03  5.03543e-02
 6.36813e+03  4.93242e-02
 6.36839e+03  4.96319e-02
 6.36865e+03  5.00481e-02
 6.36891e+03  4.94671e-02
 6.36917e+03  4.79946e-02
 6.36943e+03  4.74808e-02
 6.36969e+03  4.81281e-02
 6.36996e+03  4.86060e-02
 6.37022e+03  4.83157e-02
 6.37048e+03  4.69912e-02
 6.37074e+03  4.60782e-02
 6.37100e+03  4.66230e-02
 6.37126e+03  4.66890e-02
 6.37152e+03  4.64681e-02
 6.37178e+03  4.59987e-02
 6.37204e+03  4.46423e-02
 6.37230e+03  4.56825e-02
 6.37256e+03  4.58173e-02
 6.37282e+03  4.53819e-02
 6.37308e+03  4.41884e-02
 6.37334e+03  4.40310e-02
 6.37360e+03  4.38893e-02
 6.37386e+03  4.45239e-02
 6.37412e+03  4.43079e-02
 6.37438e+03  4.24698e-02
 6.37464e+03  4.23524e-02
 6.37490e+03  4.29201e-02
 6.37517e+03  4.31166e-02
 6.37543e+03  4.29160e-02
 6.37569e+03  4.11644e-02
 6.37595e+03  4.07108e-02
 6.37621e+03  4.15077e-02
 6.37647e+03  4.17842e-02
 6.37673e+03  4.22810e-02
 6.37699e+03  4.02987e-02
 6.37725e+03  3.95570e-02
 6.37751e+03  4.04549e-02
 6.37777e+03  4.08634e-02
 6.37803e+03  4.02622e-02
 6.37829e+03  3.90511e-02
 6.37855e+03  3.83955e-02
 6.37881e+03  3.88900e-02
 6.37907e+03  3.93806e-02
 6.37933e+03  3.94838e-02
 6.37959e+03  3.74065e-02
 6.37985e+03  3.73515e-02
 6.38012e+03  3.84288e-02
 6.38038e+03  3.83321e-02
 6.38064e+03  3.79764e-02
 6.38090e+03  3.60242e-02
 6.38116e+03  3.64848e-02
 6.38142e+03  3.62807e-02
 6.38168e+03  3.74072e-02
 6.38194e+03  3.67561e-02
 6.38220e+03  3.50070e-02
 6.38246e+03  3.48145e-02
 6.38272e+03  3.59283e-02
 6.38298e+03  3.66465e-02
 6.38324e+03  3.53501e-02
 6.38350e+03  3.42079e-02
 6.38376e+03  3.36402e-02
 6.38402e+03  3.43301e-02
 6.38428e+03  3.49855e-02
 6.38454e+03  3.40402e-02
 6.38480e+03  3.37975e-02
 6.38506e+03  3.31169e-02
 6.38533e+03  3.34804e-02
 6.38559e+03  3.40854e-02
 6.38585e+03  3.44430e-02
 6.38611e+03  3.24032e-02
 6.38637e+03  3.09278e-02
 6.38663e+03  3.19318e-02
 6.38689e+03  3.33241e-02
 6.38715e+03  3.28341e-02
 6.38741e+03  3.14101e-02
 6.38767e+03  3.03378e-02
 6.38793e+03  3.11896e-02
 6.38819e+03  3.17566e-02
 6.38845e+03  3.23471e-02
 6.38871e+03  3.07706e-02
 6.38897e+03  2.99136e-02
 6.38923e+03  3.07752e-02
 6.38949e+03  3.09738e-02
 6.38975e+03  3.05683e-02
 6.39001e+03  3.03946e-02
 6.39027e+03  2.86922e-02
 6.39054e+03  2.90579e-02
 6.39080e+03  3.01041e-02
 6.39106e+03  3.01525e-02
 6.39132e+03  2.91448e-02
 6.39158e+03  2.78945e-02
 6.39184e+03  2.83674e-02
 6.39210e+03  2.92763e-02
 6.39236e+03  2.84459e-02
 6.39262e+03  2.83129e-02
 6.39288e+03  2.72437e-02
 6.39314e+03  2.76665e-02
 6.39340e+03  2.84875e-02
 6.39366e+03  2.84995e-02
 6.39392e+03  2.73140e-02
 6.39418e+03  2.68235e-02
 6.39444e+03  2.68114e-02
 6.39470e+03  2.75954e-02
 6.39496e+03  2.74247e-02
 6.39522e+03  2.67235e-02
 6.39548e+03  2.60294e-02
 6.39575e+03  2.60218e-02
 6.39601e+03  2.72232e-02
 6.39627e+03  2.63892e-02
 6.39653e+03  2.55747e-02
 6.39679e+03  2.49506e-02
 6.39705e+03  2.58943e-02
 6.39731e+03  2.62785e-02
 6.39757e+03  2.65686e-02
 6.39783e+03  2.56382e-02
 6.39809e+03  2.50080e-02
 6.39835e+03  2.45562e-02
 6.39861e+03  2.59483e-02
 6.39887e+03  2.56195e-02
 6.39913e+03  2.49567e-02
 6.39939e+03  2.36615e-02
 6.39965e+03  2.40500e-02
 6.39991e+03  2.47837e-02
 6.40017e+03  2.45934e-02
 6.40043e+03  2.41238e-02
 6.40069e+03  2.38291e-02
 6.40096e+03  2.38120e-02
 6.40122e+03  2.39617e-02
 6.40148e+03  2.46519e-02
 6.40174e+03  2.38645e-02
 6.40200e+03  2.27610e-02
 6.40226e+03  2.35306e-02
 6.40252e+03  2.30640e-02
 6.40278e+03  2.38411e-02
 6.40304e+03  2.26963e-02
 6.40330e+03  2.27164e-02
 6.40356e+03  2.24518e-02
 6.40382e+03  2.33725e-02
 6.40408e+03  2.37730e-02
 6.40434e+03  2.28747e-02
 6.40460e+03  2.14509e-02
 6.40486e+03  2.22293e-02
 6.40512e+03  2.24945e-02
 6.40538e+03  2.28230e-02
 6.40564e+03  2.21940e-02
 6.40590e+03  2.17450e-02
 6.40617e+03  2.10732e-02
 6.40643e+03  2.25317e-02
 6.40669e+03  2.21625e-02
 6.40695e+03  2.25672e-02
 6.40721e+03  2.17593e-02
 6.40747e+03  2.15641e-02
 6.40773e+03  2.15936e-02
 6.40799e+03  2.19957e-02
 6.40825e+03  2.14858e-02
 6.40851e+03  2.14644e-02
 6.40877e+03  2.05459e-02
 6.40903e+03  2.09639e-02
 6.40929e+03  2.18687e-02
 6.40955e+03  2.08843e-02
 6.40981e+03  2.06350e-02
 6.41007e+03  2.00760e-02
 6.41033e+03  2.07812e-02
 6.41059e+03  2.08175e-02
 6.41085e+03  2.04952e-02
 6.41111e+03  1.98168e-02
 6.41138e+03  1.97696e-02
 6.41164e+03  1.99899e-02
 6.41190e+03  2.08175e-02
 6.41216e+03  2.06817e-02
 6.41242e+03  1.97423e-02
 6.41268e+03  1.98260e-02
 6.41294e+03  2.05081e-02
 6.41320e+03  2.07513e-02
 6.41346e+03  2.05810e-02
 6.41372e+03  2.01077e-02
 6.41398e+03  1.87347e-02
 6.41424e+03  1.94273e-02
 6.41450e+03  2.00335e-02
 6.41476e+03  1.97641e-02
 6.41502e+03  1.96940e-02
 6.41528e+03  1.86784e-02
 6.41554e+03  1.90564e-02
 6.41580e+03  1.97635e-02
 6.41606e+03  1.95691e-02
 6.41632e+03  1.94106e-02
 6.41658e+03  1.84630e-02
 6.41685e+03  1.84068e-02
 6.41711e+03  1.92122e-02
 6.41737e+03  1.99311e-02
 6.41763e+03  1.90908e-02
 6.41789e+03  1.87302e-02
 6.41815e+03  1.82210e-02
 6.41841e+03  1.88864e-02
 6.41867e+03  1.95351e-02
 6.41893e+03  1.89193e-02
 6.41919e+03  1.79249e-02
 6.41945e+03  1.81090e-02
 6.41971e+03  1.91033e-02
 6.41997e+03  1.84344e-02
 6.42023e+03  1.86288e-02
 6.42049e+03  1.80867e-02
 6.42075e+03  1.78425e-02
 6.42101e+03  1.84103e-02
 6.42127e+03  1.87035e-02
 6.42153e+03  1.82746e-02
 6.42179e+03  1.73439e-02
 6.42206e+03  1.79277e-02
 6.42232e+03  1.80671e-02
 6.42258e+03  1.87920e-02
 6.42284e+03  1.82906e-02
 6.42310e+03  1.73140e-02
 6.42336e+03  1.73442e-02
 6.42362e+03  1.75534e-02
 6.42388e+03  1.87095e-02
 6.42414e+03  1.81351e-02
 6.42440e+03  1.79387e-02
 6.42466e+03  1.70800e-02
 6.42492e+03  1.71862e-02
 6.42518e+03  1.77629e-02
 6.42544e+03  1.83707e-02
 6.42570e+03  1.71432e-02
 6.42596e+03  1.65089e-02
 6.42622e+03  1.67608e-02
 6.42648e+03  1.77952e-02
 6.42674e+03  1.75490e-02
 6.42700e+03  1.70892e-02
 6.42727e+03  1.67803e-02
 6.42753e+03  1.64369e-02
 6.42779e+03  1.76896e-02
 6.42805e+03  1.75117e-02
 6.42831e+03  1.69381e-02
 6.42857e+03  1.62939e-02
 6.42883e+03  1.66411e-02
 6.42909e+03  1.65763e-02
 6.42935e+03  1.67866e-02
 6.42961e+03  1.68116e-02
 6.42987e+03  1.61594e-02
 6.43013e+03  1.62286e-02
 6.43039e+03  1.68205e-02
 6.43065e+03  1.69864e-02
 6.43091e+03  1.61177e-02
 6.43117e+03  1.61566e-02
 6.43143e+03  1.61427e-02
 6.43169e+03  1.65480e-02
 6.43195e+03  1.64098e-02
 6.43221e+03  1.60600e-02
 6.43248e+03  1.59706e-02
 6.43274e+03  1.54310e-02
 6.43300e+03  1.57469e-02
 6.43326e+03  1.64909e-02
 6.43352e+03  1.59385e-02
 6.43378e+03  1.56745e-02
 6.43404e+03  1.55029e-02
 6.43430e+03  1.56915e-02
 6.43456e+03  1.57285e-02
 6.43482e+03  1.58878e-02
 6.43508e+03  1.52491e-02
 6.43534e+03  1.45436e-02
 6.43560e+03  1.53511e-02
 6.43586e+03  1.56309e-02
 6.43612e+03  1.60071e-02
 6.43638e+03  1.53321e-02
 6.43664e+03  1.48223e-02
 6.43690e+03  1.46185e-02
 6.43716e+03  1.51783e-02
 6.43742e+03  1.46968e-02
 6.43769e+03  1.50198e-02
 6.43795e+03  1.47989e-02
 6.43821e+03  1.44721e-02
 6.43847e+03  1.47167e-02
 6.43873e+03  1.52663e-02
 6.43899e+03  1.46517e-02
 6.43925e+03  1.41828e-02
 6.43951e+03  1.43109e-02
 6.43977e+03  1.40919e-02
 6.44003e+03  1.48357e-02
 6.44029e+03  1.38598e-02
 6.44055e+03  1.41595e-02
 6.44081e+03  1.37461e-02
 6.44107e+03  1.45459e-02
 6.44133e+03  1.43112e-02
 6.44159e+03  1.44231e-02
 6.44185e+03  1.34883e-02
 6.44211e+03  1.36701e-02
 6.44237e+03  1.38616e-02
 6.44263e+03  1.39492e-02
 6.44290e+03  1.37997e-02
 6.44316e+03  1.36505e-02
 6.44342e+03  1.38260e-02
 6.44368e+03  1.41539e-02
 6.44394e+03  1.32930e-02
 6.44420e+03  1.38650e-02
 6.44446e+03  1.39684e-02
 6.44472e+03  1.31265e-02
 6.44498e+03  1.32298e-02
 6.44524e+03  1.34764e-02
 6.44550e+03  1.31898e-02
 6.44576e+03  1.31454e-02
 6.44602e+03  1.32734e-02
 6.44628e+03  1.29982e-02
 6.44654e+03  1.33479e-02
 6.44680e+03  1.32719e-02
 6.44706e+03  1.29191e-02
 6.44732e+03  1.26469e-02
 6.44758e+03  1.27303e-02
 6.44785e+03  1.28060e-02
 6.44811e+03  1.27687e-02
 6.44837e+03  1.27505e-02
 6.44863e+03  1.28433e-02
 6.44889e+03  1.25857e-02
 6.44915e+03  1.20910e-02
 6.44941e+03  1.22890e-02
 6.44967e+03  1.23445e-02
 6.44993e+03  1.31318e-02
 6.45019e+03  1.21110e-02
 6.45045e+03  2.95042e-03
