750.0 		-9.17E-05
749.8 		-0.000122784
749.6 		-0.000197762
749.4 		-0.000115347
749.2 		-0.000118771
749.0 		-9.21E-05
748.8 		-0.000132741
748.6 		-7.42E-05
748.4 		-6.45E-05
748.2 		-0.000167337
748.0 		-0.000242652
747.8 		-5.61E-05
747.6 		-0.00012771
747.4 		-7.33E-05
747.2 		-5.04E-05
747.0 		-0.000173983
746.8 		-5.72E-05
746.6 		-0.00014606
746.4 		-0.000177632
746.2 		-5.05E-05
746.0 		-0.000145994
745.8 		-8.37E-05
745.6 		-0.000148494
745.4 		-0.000149767
745.2 		-0.000261688
745.0 		-0.000172294
744.8 		-3.33E-05
744.6 		-0.000100445
744.4 		-0.000124712
744.2 		-0.000105024
744.0 		-0.000202064
743.8 		-8.54E-05
743.6 		-0.000139051
743.4 		-0.000181145
743.2 		-5.78E-05
743.0 		-0.000137117
742.8 		-0.000167616
742.6 		-0.000121086
742.4 		-9.89E-05
742.2 		-0.000199145
742.0 		-0.00016755
741.8 		1.73E-05
741.6 		-0.000107235
741.4 		-7.55E-05
741.2 		-0.000293326
741.0 		-0.000126041
740.8 		-0.000132404
740.6 		-0.000179592
740.4 		-0.000235487
740.2 		-0.000265157
740.0 		-0.000177856
739.8 		-0.00027236
739.6 		-0.000261292
739.4 		-0.000135012
739.2 		-0.000213994
739.0 		-0.000226058
738.8 		-0.000137432
738.6 		-0.000253109
738.4 		-0.000124644
738.2 		-0.000171217
738.0 		-0.00020641
737.8 		-0.000175917
737.6 		-0.000145233
737.4 		-5.02E-05
737.2 		-0.000233645
737.0 		-0.000136879
736.8 		-0.000196582
736.6 		-8.26E-05
736.4 		-0.000307214
736.2 		-0.000106729
736.0 		-6.49E-05
735.8 		-0.00010862
735.6 		-0.000239276
735.4 		-0.000163683
735.2 		-0.000278483
735.0 		-0.000182156
734.8 		-0.000204682
734.6 		-0.000207644
734.4 		-0.000205616
734.2 		-0.00022025
734.0 		-0.000143276
733.8 		-0.00015539
733.6 		-0.000216163
733.4 		-0.000173028
733.2 		-0.000216826
733.0 		-0.000119047
732.8 		-0.000153218
732.6 		-0.000105962
732.4 		-0.000263028
732.2 		-0.000208328
732.0 		-8.27E-05
731.8 		-0.000113195
731.6 		-0.000116174
731.4 		-0.000173736
731.2 		-0.000211839
731.0 		-7.75E-06
730.8 		-9.59E-05
730.6 		-0.000179609
730.4 		-3.26E-05
730.2 		-0.000166075
730.0 		-0.000158784
729.8 		-4.35E-05
729.6 		-4.10E-05
729.4 		-3.06E-05
729.2 		-0.000114123
729.0 		3.45E-05
728.8 		-0.000110594
728.6 		-0.000100548
728.4 		-0.000134603
728.2 		-3.30E-05
728.0 		-0.000156867
727.8 		-2.02E-06
727.6 		-0.000124385
727.4 		-0.000134444
727.2 		-4.59E-05
727.0 		4.11E-06
726.8 		-0.000132974
726.6 		-2.43E-05
726.4 		-6.88E-05
726.2 		-4.74E-05
726.0 		-5.50E-05
725.8 		-4.05E-05
725.6 		-0.000150628
725.4 		-0.000110731
725.2 		-5.36E-05
725.0 		-0.0001051
724.8 		4.64E-05
724.6 		-2.25E-05
724.4 		-4.33E-06
724.2 		-2.28E-06
724.0 		-5.95E-05
723.8 		5.34E-05
723.6 		3.24E-05
723.4 		-0.000198581
723.2 		-5.45E-05
723.0 		-7.46E-05
722.8 		-9.77E-05
722.6 		-9.63E-05
722.4 		-3.01E-05
722.2 		-1.74E-05
722.0 		-3.03E-05
721.8 		4.40E-09
721.6 		-2.85E-05
721.4 		-2.27E-05
721.2 		1.44E-05
721.0 		-3.92E-05
720.8 		-5.13E-05
720.6 		-3.27E-05
720.4 		0.000151893
720.2 		2.98E-05
720.0 		-6.32E-05
719.8 		1.66E-05
719.6 		-6.13E-05
719.4 		4.91E-05
719.2 		-1.96E-05
719.0 		1.42E-05
718.8 		3.89E-05
718.6 		-3.31E-07
718.4 		0.000256576
718.2 		2.89E-05
718.0 		0.000176084
717.8 		6.65E-05
717.6 		0.000130338
717.4 		0.000154514
717.2 		0.000100883
717.0 		9.58E-05
716.8 		0.000140974
716.6 		0.000204296
716.4 		0.000293221
716.2 		0.000171552
716.0 		0.000214724
715.8 		0.000226239
715.6 		0.000249839
715.4 		0.000291025
715.2 		0.000290192
715.0 		0.000274582
714.8 		0.000360206
714.6 		0.000390636
714.4 		0.000254485
714.2 		0.000406118
714.0 		0.000297202
713.8 		0.000473668
713.6 		0.000427116
713.4 		0.000390104
713.2 		0.000433585
713.0 		0.000345132
712.8 		0.000475132
712.6 		0.000486317
712.4 		0.000522529
712.2 		0.00059642
712.0 		0.000520461
711.8 		0.000506526
711.6 		0.000680138
711.4 		0.000577663
711.2 		0.000604507
711.0 		0.000701409
710.8 		0.00064664
710.6 		0.000780894
710.4 		0.000718674
710.2 		0.000602948
710.0 		0.000744219
709.8 		0.000844993
709.6 		0.000714928
709.4 		0.000768119
709.2 		0.000798747
709.0 		0.000776215
708.8 		0.000815225
708.6 		0.000907769
708.4 		0.000981459
708.2 		0.000937816
708.0 		0.000962549
707.8 		0.000954258
707.6 		0.000963409
707.4 		0.000901767
707.2 		0.000814554
707.0 		0.000896752
706.8 		0.000979085
706.6 		0.00103585
706.4 		0.000917571
706.2 		0.000995455
706.0 		0.001029371
705.8 		0.001080654
705.6 		0.001046315
705.4 		0.001099444
705.2 		0.001196076
705.0 		0.001095133
704.8 		0.001063885
704.6 		0.001092528
704.4 		0.001203145
704.2 		0.001088944
704.0 		0.001173719
703.8 		0.001083484
703.6 		0.001316783
703.4 		0.001126169
703.2 		0.001184966
703.0 		0.00130869
702.8 		0.001211764
702.6 		0.001306824
702.4 		0.001274224
702.2 		0.001318433
702.0 		0.001313812
701.8 		0.001414809
701.6 		0.001489495
701.4 		0.001205489
701.2 		0.001520947
701.0 		0.00144047
700.8 		0.001521784
700.6 		0.001509606
700.4 		0.001800988
700.2 		0.001561823
700.0 		0.001533246
699.8 		0.001646615
699.6 		0.001575105
699.4 		0.00172184
699.2 		0.00166588
699.0 		0.001737174
698.8 		0.001633284
698.6 		0.001769821
698.4 		0.001713476
698.2 		0.001762792
698.0 		0.001918343
697.8 		0.001905623
697.6 		0.001901393
697.4 		0.001980071
697.2 		0.00209895
697.0 		0.002086939
696.8 		0.002146751
696.6 		0.002266324
696.4 		0.00213005
696.2 		0.002163313
696.0 		0.002297851
695.8 		0.002305235
695.6 		0.002402897
695.4 		0.002499584
695.2 		0.002528008
695.0 		0.002575472
694.8 		0.002665169
694.6 		0.002723691
694.4 		0.002754455
694.2 		0.002831366
694.0 		0.002864082
693.8 		0.002946524
693.6 		0.003093424
693.4 		0.003090659
693.2 		0.003148652
693.0 		0.003208438
692.8 		0.00339917
692.6 		0.003291416
692.4 		0.003593057
692.2 		0.003446453
692.0 		0.003717885
691.8 		0.003832545
691.6 		0.003961253
691.4 		0.003899283
691.2 		0.004180367
691.0 		0.004320606
690.8 		0.004350665
690.6 		0.004466013
690.4 		0.004609058
690.2 		0.00468819
690.0 		0.004914746
689.8 		0.005130235
689.6 		0.005183792
689.4 		0.005362398
689.2 		0.00559342
689.0 		0.005695984
688.8 		0.005912944
688.6 		0.005997226
688.4 		0.006145488
688.2 		0.006320748
688.0 		0.006602332
687.8 		0.006746161
687.6 		0.00708917
687.4 		0.00734664
687.2 		0.007579383
687.0 		0.007817958
686.8 		0.008203733
686.6 		0.008526582
686.4 		0.0087552
686.2 		0.00904029
686.0 		0.009395372
685.8 		0.009960541
685.6 		0.010215689
685.4 		0.010595
685.2 		0.011243145
685.0 		0.011522241
684.8 		0.012033982
684.6 		0.012425367
684.4 		0.013157474
684.2 		0.013484899
684.0 		0.014122123
683.8 		0.014821999
683.6 		0.015409322
683.4 		0.016067149
683.2 		0.016985014
683.0 		0.017659815
682.8 		0.018485339
682.6 		0.019428462
682.4 		0.020210395
682.2 		0.02120927
682.0 		0.022324877
681.8 		0.023266597
681.6 		0.024581665
681.4 		0.025722669
681.2 		0.027116941
681.0 		0.028647203
680.8 		0.030047461
680.6 		0.031561632
680.4 		0.033501618
680.2 		0.035431858
680.0 		0.037370894
679.8 		0.039322861
679.6 		0.041675124
679.4 		0.043882832
679.2 		0.046438023
679.0 		0.049428597
678.8 		0.052366
678.6 		0.055804953
678.4 		0.059122965
678.2 		0.062798738
678.0 		0.066806436
677.8 		0.071325429
677.6 		0.076488808
677.4 		0.081394628
677.2 		0.086992994
677.0 		0.09296456
676.8 		0.09969607
676.6 		0.106802873
676.4 		0.114571676
676.2 		0.122917987
676.0 		0.132364392
675.8 		0.142444551
675.6 		0.153979436
675.4 		0.166330293
675.2 		0.179579437
675.0 		0.195217148
674.8 		0.211243048
674.6 		0.229899705
674.4 		0.249619544
674.2 		0.271802306
674.0 		0.296214968
673.8 		0.323259354
673.6 		0.354867369
673.4 		0.388482273
673.2 		0.427444756
673.0 		0.47006622
672.8 		0.519128382
672.6 		0.571811736
672.4 		0.633727133
672.2 		0.700550795
672.0 		0.777636588
671.8 		0.866278529
671.6 		0.968246162
671.4 		1.080607176
671.2 		1.214092374
671.0 		1.36599946
670.8 		1.538145185
670.6 		1.738703847
670.4 		1.968562365
670.2 		2.247269869
670.0 		2.551347971
669.8 		2.925310373
669.6 		3.356544733
669.4 		3.85630846
669.2 		4.448360443
669.0 		5.146152973
668.8 		5.952660561
668.6 		6.909440517
668.4 		8.08334446
668.2 		9.438191414
668.0 		11.06489277
667.8 		13.003829
667.6 		15.30064964
667.4 		17.94078064
667.2 		21.1306057
667.0 		24.7651062
666.8 		28.92526627
666.6 		33.60202408
666.4 		38.77534866
666.2 		44.32453918
666.0 		50.17652512
665.8 		56.37557602
665.6 		62.31958771
665.4 		68.19101715
665.2 		73.47612
665.0 		78.3588028
664.8 		82.42050934
664.6 		85.86225891
664.4 		88.52773285
664.2 		90.56509399
664.0 		92.11193848
663.8 		93.24409485
663.6 		94.04138184
663.4 		94.61036682
663.2 		95.01096344
663.0 		95.35406494
662.8 		95.58487701
662.6 		95.77984619
662.4 		95.93847656
662.2 		96.02760315
662.0 		96.07951355
661.8 		96.11375427
661.6 		96.0800705
661.4 		96.00009918
661.2 		95.86357117
661.0 		95.69328308
660.8 		95.48220062
660.6 		95.24073792
660.4 		94.99453735
660.2 		94.78019714
660.0 		94.55690765
659.8 		94.37583923
659.6 		94.24603271
659.4 		94.19127655
659.2 		94.1501236
659.0 		94.1280899
658.8 		94.1077652
658.6 		93.97393799
658.4 		93.66470337
658.2 		93.064888
658.0 		91.9889679
657.8 		90.28872681
657.6 		87.78128815
657.4 		84.3812027
657.2 		79.95331573
657.0 		74.71897888
656.8 		68.53887177
656.6 		61.94807816
656.4 		55.18917847
656.2 		48.39289093
656.0 		41.87154388
655.8 		35.87348938
655.6 		30.47805786
655.4 		25.64034081
655.2 		21.61720467
655.0 		18.0782814
654.8 		15.13131905
654.6 		12.63067532
654.4 		10.60531139
654.2 		8.876158714
654.0 		7.48939085
653.8 		6.335690022
653.6 		5.373562336
653.4 		4.583035946
653.2 		3.922522545
653.0 		3.365887403
652.8 		2.888402224
652.6 		2.500029802
652.4 		2.159739017
652.2 		1.878034115
652.0 		1.63411963
651.8 		1.431947112
651.6 		1.253399491
651.4 		1.103653312
651.2 		0.974815071
651.0 		0.862475574
650.8 		0.765967667
650.6 		0.682440281
650.4 		0.609943509
650.2 		0.544158638
650.0 		0.488786966
649.8 		0.43878752
649.6 		0.394386113
649.4 		0.355250359
649.2 		0.321206838
649.0 		0.289423615
648.8 		0.262109101
648.6 		0.237955451
648.4 		0.215968743
648.2 		0.196445242
648.0 		0.178896844
647.8 		0.16341053
647.6 		0.149375975
647.4 		0.137083218
647.2 		0.125908673
647.0 		0.115252122
646.8 		0.106085233
646.6 		0.097781606
646.4 		0.090271764
646.2 		0.083469279
646.0 		0.077358171
645.8 		0.071660772
645.6 		0.066530816
645.4 		0.061795965
645.2 		0.057490293
645.0 		0.053380232
644.8 		0.049798183
644.6 		0.046551418
644.4 		0.04317262
644.2 		0.040407714
644.0 		0.037719
643.8 		0.035332218
643.6 		0.033279397
643.4 		0.031192575
643.2 		0.029141892
643.0 		0.027484627
642.8 		0.02578599
642.6 		0.024102727
642.4 		0.022733733
642.2 		0.021693412
642.0 		0.020394251
641.8 		0.019302234
641.6 		0.018035006
641.4 		0.017264297
641.2 		0.016210925
641.0 		0.015425557
640.8 		0.014450722
640.6 		0.013554737
640.4 		0.013156506
640.2 		0.012418405
640.0 		0.011807911
639.8 		0.011195409
639.6 		0.010720789
639.4 		0.01018662
639.2 		0.009596457
639.0 		0.009030216
638.8 		0.00878387
638.6 		0.00832443
638.4 		0.007901179
638.2 		0.007590848
638.0 		0.007346854
637.8 		0.007022642
637.6 		0.006620052
637.4 		0.006394444
637.2 		0.006005201
637.0 		0.005725469
636.8 		0.005483561
636.6 		0.00526282
636.4 		0.005170472
636.2 		0.004860259
636.0 		0.004832341
635.8 		0.00451643
635.6 		0.004360756
635.4 		0.004120353
635.2 		0.003923914
635.0 		0.003827136
634.8 		0.003686646
634.6 		0.003538708
634.4 		0.003373496
634.2 		0.003312852
634.0 		0.003294942
633.8 		0.002989457
633.6 		0.002950842
633.4 		0.002937553
633.2 		0.002746728
633.0 		0.002677759
632.8 		0.002630068
632.6 		0.00256897
632.4 		0.002404685
632.2 		0.002383304
632.0 		0.002302908
631.8 		0.002195061
631.6 		0.002185578
631.4 		0.001937419
631.2 		0.001966004
631.0 		0.001972618
630.8 		0.001949775
630.6 		0.00190926
630.4 		0.001832759
630.2 		0.001775044
630.0 		0.001783172
629.8 		0.001619946
629.6 		0.001605855
629.4 		0.00150329
629.2 		0.00152888
629.0 		0.001429382
628.8 		0.001335723
628.6 		0.00134831
628.4 		0.001356076
628.2 		0.001396979
628.0 		0.001285448
627.8 		0.001316062
627.6 		0.001253696
627.4 		0.001194787
627.2 		0.001218961
627.0 		0.001175855
626.8 		0.001024111
626.6 		0.001008373
626.4 		0.000981826
626.2 		0.000974318
626.0 		0.000868289
625.8 		0.000804511
625.6 		0.000872737
625.4 		0.000795511
625.2 		0.000867016
625.0 		0.000797982
624.8 		0.000776763
624.6 		0.00073279
624.4 		0.000780666
624.2 		0.000624518
624.0 		0.000560662
623.8 		0.000603227
623.6 		0.000432746
623.4 		0.000477102
623.2 		0.000369579
623.0 		0.000346321
622.8 		0.000263181
622.6 		0.00018451
622.4 		0.000234003
622.2 		0.00023552
622.0 		0.000204656
621.8 		0.000280792
621.6 		0.000137469
621.4 		0.000193233
621.2 		0.00013445
621.0 		0.0002437
620.8 		0.000264898
620.6 		0.000112191
620.4 		0.000107604
620.2 		0.000174463
620.0 		7.34E-05
619.8 		7.66E-05
619.6 		1.42E-05
619.4 		7.95E-05
619.2 		-8.43E-05
619.0 		8.34E-05
618.8 		2.70E-05
618.6 		-8.00E-05
618.4 		4.12E-05
618.2 		3.18E-06
618.0 		-7.20E-05
617.8 		2.14E-05
617.6 		0.000117236
617.4 		-1.40E-05
617.2 		-9.65E-05
617.0 		1.05E-05
616.8 		-6.75E-05
616.6 		-2.38E-05
616.4 		-2.13E-05
616.2 		-5.50E-05
616.0 		4.15E-05
615.8 		-0.0001001
615.6 		-9.84E-05
615.4 		-0.000106042
615.2 		-4.07E-05
615.0 		-5.89E-05
614.8 		-0.000146004
614.6 		-8.02E-06
614.4 		-6.36E-05
614.2 		-7.33E-05
614.0 		-0.000211519
613.8 		-0.000100112
613.6 		-0.000148704
613.4 		-7.15E-05
613.2 		-0.000161879
613.0 		-0.000166646
612.8 		-7.64E-05
612.6 		-0.000125253
612.4 		-8.84E-05
612.2 		-0.000150361
612.0 		-0.000108253
611.8 		-0.000122007
611.6 		-0.000167722
611.4 		-0.000202613
611.2 		-0.000182501
611.0 		-0.000182092
610.8 		-0.000133983
610.6 		-0.000144577
610.4 		-0.000140139
610.2 		-0.000135032
610.0 		-0.000129487
609.8 		-7.58E-05
609.6 		-0.000180711
609.4 		-0.00013751
609.2 		-0.000120098
609.0 		-0.000155918
608.8 		-4.92E-05
608.6 		-6.95E-05
608.4 		-0.000103931
608.2 		-0.000157876
608.0 		-0.000181015
607.8 		-0.000290484
607.6 		-0.000104252
607.4 		-9.60E-05
607.2 		-0.00019709
607.0 		-0.000120646
606.8 		-0.000197064
606.6 		-0.000128409
606.4 		-0.000238265
606.2 		-8.98E-05
606.0 		-0.000116984
605.8 		-0.000104819
605.6 		-9.82E-05
605.4 		-0.000121383
605.2 		-0.000148274
605.0 		-0.000180854
604.8 		-0.000158279
604.6 		-0.000118142
604.4 		-0.000175817
604.2 		-0.000207848
604.0 		-0.00014309
603.8 		-6.41E-05
603.6 		-0.000179625
603.4 		-0.000260957
603.2 		-0.000149984
603.0 		-0.000216545
602.8 		-0.000146866
602.6 		-0.000169914
602.4 		-0.000221158
602.2 		-6.40E-05
602.0 		-0.000148243
601.8 		-6.93E-05
601.6 		-0.000108847
601.4 		1.94E-05
601.2 		-5.59E-05
601.0 		-4.19E-05
600.8 		-0.000110076
600.6 		-5.72E-05
600.4 		-0.000161615
600.2 		-7.31E-05
600.0 		-0.000242603
