 5.90001e+03  7.16409e-04
 5.90027e+03  7.37313e-04
 5.90053e+03  8.45307e-04
 5.90079e+03  7.84838e-04
 5.90106e+03  7.15698e-04
 5.90132e+03  6.87439e-04
 5.90158e+03  7.10354e-04
 5.90184e+03  8.28625e-04
 5.90210e+03  7.53880e-04
 5.90236e+03  8.27201e-04
 5.90262e+03  8.10207e-04
 5.90288e+03  7.24126e-04
 5.90314e+03  8.80765e-04
 5.90340e+03  6.90109e-04
 5.90366e+03  7.09228e-04
 5.90392e+03  7.93090e-04
 5.90418e+03  7.45199e-04
 5.90444e+03  6.89301e-04
 5.90470e+03  8.44675e-04
 5.90496e+03  7.80085e-04
 5.90522e+03  7.82768e-04
 5.90548e+03  7.32807e-04
 5.90574e+03  7.64412e-04
 5.90600e+03  7.61359e-04
 5.90627e+03  8.21566e-04
 5.90653e+03  6.95135e-04
 5.90679e+03  8.84507e-04
 5.90705e+03  7.92063e-04
 5.90731e+03  7.31342e-04
 5.90757e+03  7.95176e-04
 5.90783e+03  7.48511e-04
 5.90809e+03  8.24418e-04
 5.90835e+03  7.13649e-04
 5.90861e+03  7.37839e-04
 5.90887e+03  7.99149e-04
 5.90913e+03  7.84386e-04
 5.90939e+03  8.07803e-04
 5.90965e+03  8.65338e-04
 5.90991e+03  8.81206e-04
 5.91017e+03  9.00021e-04
 5.91043e+03  7.77290e-04
 5.91069e+03  8.34898e-04
 5.91095e+03  8.05218e-04
 5.91121e+03  8.50109e-04
 5.91148e+03  7.73318e-04
 5.91174e+03  8.56449e-04
 5.91200e+03  7.59504e-04
 5.91226e+03  8.51520e-04
 5.91252e+03  7.79655e-04
 5.91278e+03  8.25758e-04
 5.91304e+03  8.51041e-04
 5.91330e+03  8.03628e-04
 5.91356e+03  7.51565e-04
 5.91382e+03  8.53575e-04
 5.91408e+03  8.30431e-04
 5.91434e+03  7.76452e-04
 5.91460e+03  8.33092e-04
 5.91486e+03  8.37230e-04
 5.91512e+03  7.67442e-04
 5.91538e+03  9.55132e-04
 5.91564e+03  9.13531e-04
 5.91590e+03  7.82991e-04
 5.91616e+03  7.91177e-04
 5.91642e+03  8.63025e-04
 5.91669e+03  7.81096e-04
 5.91695e+03  7.60698e-04
 5.91721e+03  8.51090e-04
 5.91747e+03  8.66065e-04
 5.91773e+03  8.67223e-04
 5.91799e+03  9.18103e-04
 5.91825e+03  8.18997e-04
 5.91851e+03  9.34903e-04
 5.91877e+03  9.07010e-04
 5.91903e+03  8.43331e-04
 5.91929e+03  8.82248e-04
 5.91955e+03  8.51998e-04
 5.91981e+03  9.12678e-04
 5.92007e+03  9.88241e-04
 5.92033e+03  7.99977e-04
 5.92059e+03  9.62258e-04
 5.92085e+03  9.72551e-04
 5.92111e+03  8.20918e-04
 5.92137e+03  7.55169e-04
 5.92163e+03  8.88094e-04
 5.92190e+03  8.70165e-04
 5.92216e+03  9.76508e-04
 5.92242e+03  9.32586e-04
 5.92268e+03  9.29702e-04
 5.92294e+03  9.32167e-04
 5.92320e+03  9.62218e-04
 5.92346e+03  9.27493e-04
 5.92372e+03  9.52521e-04
 5.92398e+03  8.92353e-04
 5.92424e+03  9.79904e-04
 5.92450e+03  8.05153e-04
 5.92476e+03  9.44687e-04
 5.92502e+03  9.30144e-04
 5.92528e+03  9.26368e-04
 5.92554e+03  8.81407e-04
 5.92580e+03  8.69227e-04
 5.92606e+03  8.43046e-04
 5.92632e+03  9.24794e-04
 5.92658e+03  8.95523e-04
 5.92685e+03  9.07870e-04
 5.92711e+03  9.84343e-04
 5.92737e+03  9.62284e-04
 5.92763e+03  9.28820e-04
 5.92789e+03  8.55954e-04
 5.92815e+03  9.20093e-04
 5.92841e+03  9.73146e-04
 5.92867e+03  9.61728e-04
 5.92893e+03  9.38889e-04
 5.92919e+03  1.12051e-03
 5.92945e+03  1.01303e-03
 5.92971e+03  1.05282e-03
 5.92997e+03  1.03995e-03
 5.93023e+03  1.01696e-03
 5.93049e+03  9.98919e-04
 5.93075e+03  1.03924e-03
 5.93101e+03  9.15803e-04
 5.93127e+03  1.02833e-03
 5.93153e+03  9.53027e-04
 5.93179e+03  9.43420e-04
 5.93206e+03  8.35590e-04
 5.93232e+03  1.04180e-03
 5.93258e+03  1.05190e-03
 5.93284e+03  9.81947e-04
 5.93310e+03  9.10501e-04
 5.93336e+03  9.51700e-04
 5.93362e+03  9.96744e-04
 5.93388e+03  9.86795e-04
 5.93414e+03  9.79490e-04
 5.93440e+03  1.10360e-03
 5.93466e+03  9.32892e-04
 5.93492e+03  9.84973e-04
 5.93518e+03  1.10541e-03
 5.93544e+03  1.01677e-03
 5.93570e+03  1.09282e-03
 5.93596e+03  1.11258e-03
 5.93622e+03  1.00795e-03
 5.93648e+03  1.04270e-03
 5.93674e+03  1.12893e-03
 5.93700e+03  1.08503e-03
 5.93727e+03  1.16580e-03
 5.93753e+03  1.06702e-03
 5.93779e+03  1.13172e-03
 5.93805e+03  1.05697e-03
 5.93831e+03  1.02777e-03
 5.93857e+03  1.08856e-03
 5.93883e+03  1.15920e-03
 5.93909e+03  1.13452e-03
 5.93935e+03  1.03947e-03
 5.93961e+03  1.16437e-03
 5.93987e+03  1.24475e-03
 5.94013e+03  1.19203e-03
 5.94039e+03  1.19949e-03
 5.94065e+03  1.03725e-03
 5.94091e+03  1.12966e-03
 5.94117e+03  1.07053e-03
 5.94143e+03  1.08117e-03
 5.94169e+03  1.19588e-03
 5.94195e+03  1.11650e-03
 5.94221e+03  1.05059e-03
 5.94248e+03  1.19538e-03
 5.94274e+03  1.26488e-03
 5.94300e+03  1.14320e-03
 5.94326e+03  1.18557e-03
 5.94352e+03  1.20310e-03
 5.94378e+03  1.21056e-03
 5.94404e+03  1.28190e-03
 5.94430e+03  1.17267e-03
 5.94456e+03  1.06455e-03
 5.94482e+03  1.12953e-03
 5.94508e+03  1.20629e-03
 5.94534e+03  1.15399e-03
 5.94560e+03  1.21635e-03
 5.94586e+03  1.25674e-03
 5.94612e+03  1.13553e-03
 5.94638e+03  1.16657e-03
 5.94664e+03  1.20977e-03
 5.94690e+03  1.16647e-03
 5.94716e+03  1.26052e-03
 5.94742e+03  1.30935e-03
 5.94769e+03  1.23343e-03
 5.94795e+03  1.31388e-03
 5.94821e+03  1.32538e-03
 5.94847e+03  1.26893e-03
 5.94873e+03  1.30456e-03
 5.94899e+03  1.25315e-03
 5.94925e+03  1.29631e-03
 5.94951e+03  1.34891e-03
 5.94977e+03  1.36029e-03
 5.95003e+03  1.38326e-03
 5.95029e+03  1.25635e-03
 5.95055e+03  1.29234e-03
 5.95081e+03  1.29515e-03
 5.95107e+03  1.30572e-03
 5.95133e+03  1.43741e-03
 5.95159e+03  1.38157e-03
 5.95185e+03  1.29678e-03
 5.95211e+03  1.40001e-03
 5.95237e+03  1.24973e-03
 5.95263e+03  1.41586e-03
 5.95290e+03  1.37562e-03
 5.95316e+03  1.47220e-03
 5.95342e+03  1.31471e-03
 5.95368e+03  1.40254e-03
 5.95394e+03  1.39345e-03
 5.95420e+03  1.43630e-03
 5.95446e+03  1.29157e-03
 5.95472e+03  1.50792e-03
 5.95498e+03  1.39437e-03
 5.95524e+03  1.34025e-03
 5.95550e+03  1.50777e-03
 5.95576e+03  1.46408e-03
 5.95602e+03  1.39545e-03
 5.95628e+03  1.45548e-03
 5.95654e+03  1.45523e-03
 5.95680e+03  1.46753e-03
 5.95706e+03  1.38269e-03
 5.95732e+03  1.45930e-03
 5.95758e+03  1.48024e-03
 5.95784e+03  1.45187e-03
 5.95810e+03  1.50960e-03
 5.95837e+03  1.34749e-03
 5.95863e+03  1.50761e-03
 5.95889e+03  1.49762e-03
 5.95915e+03  1.37812e-03
 5.95941e+03  1.46795e-03
 5.95967e+03  1.68148e-03
 5.95993e+03  1.65800e-03
 5.96019e+03  1.61228e-03
 5.96045e+03  1.39216e-03
 5.96071e+03  1.55120e-03
 5.96097e+03  1.52251e-03
 5.96123e+03  1.51792e-03
 5.96149e+03  1.62747e-03
 5.96175e+03  1.48986e-03
 5.96201e+03  1.59312e-03
 5.96227e+03  1.79198e-03
 5.96253e+03  1.62117e-03
 5.96279e+03  1.61607e-03
 5.96305e+03  1.66501e-03
 5.96331e+03  1.73567e-03
 5.96358e+03  1.60776e-03
 5.96384e+03  1.75747e-03
 5.96410e+03  1.72698e-03
 5.96436e+03  1.63653e-03
 5.96462e+03  1.66870e-03
 5.96488e+03  1.72829e-03
 5.96514e+03  1.59676e-03
 5.96540e+03  1.59442e-03
 5.96566e+03  1.64411e-03
 5.96592e+03  1.70651e-03
 5.96618e+03  1.66439e-03
 5.96644e+03  1.71002e-03
 5.96670e+03  1.66237e-03
 5.96696e+03  1.76050e-03
 5.96722e+03  1.77437e-03
 5.96748e+03  1.79086e-03
 5.96774e+03  1.77451e-03
 5.96800e+03  1.84275e-03
 5.96826e+03  1.78640e-03
 5.96852e+03  1.67023e-03
 5.96879e+03  1.77859e-03
 5.96905e+03  1.88304e-03
 5.96931e+03  1.79166e-03
 5.96957e+03  1.80151e-03
 5.96983e+03  1.86506e-03
 5.97009e+03  1.99968e-03
 5.97035e+03  1.90461e-03
 5.97061e+03  1.83975e-03
 5.97087e+03  1.82097e-03
 5.97113e+03  1.87292e-03
 5.97139e+03  1.85388e-03
 5.97165e+03  1.95045e-03
 5.97191e+03  1.90707e-03
 5.97217e+03  1.79024e-03
 5.97243e+03  1.89413e-03
 5.97269e+03  1.97959e-03
 5.97295e+03  1.97365e-03
 5.97321e+03  1.84596e-03
 5.97347e+03  1.90212e-03
 5.97373e+03  2.06510e-03
 5.97400e+03  1.98195e-03
 5.97426e+03  2.10501e-03
 5.97452e+03  2.02641e-03
 5.97478e+03  1.85375e-03
 5.97504e+03  2.13962e-03
 5.97530e+03  2.02948e-03
 5.97556e+03  2.13895e-03
 5.97582e+03  1.98988e-03
 5.97608e+03  2.05843e-03
 5.97634e+03  2.01366e-03
 5.97660e+03  2.17043e-03
 5.97686e+03  2.28215e-03
 5.97712e+03  2.08886e-03
 5.97738e+03  2.23091e-03
 5.97764e+03  2.15180e-03
 5.97790e+03  2.16842e-03
 5.97816e+03  2.10756e-03
 5.97842e+03  2.17765e-03
 5.97868e+03  2.06518e-03
 5.97894e+03  2.17990e-03
 5.97921e+03  2.21729e-03
 5.97947e+03  2.25025e-03
 5.97973e+03  2.30650e-03
 5.97999e+03  2.14153e-03
 5.98025e+03  2.30868e-03
 5.98051e+03  2.27336e-03
 5.98077e+03  2.38266e-03
 5.98103e+03  2.35412e-03
 5.98129e+03  2.30147e-03
 5.98155e+03  2.46266e-03
 5.98181e+03  2.31380e-03
 5.98207e+03  2.48345e-03
 5.98233e+03  2.37981e-03
 5.98259e+03  2.33937e-03
 5.98285e+03  2.44412e-03
 5.98311e+03  2.56820e-03
 5.98337e+03  2.48380e-03
 5.98363e+03  2.45101e-03
 5.98389e+03  2.47217e-03
 5.98415e+03  2.44063e-03
 5.98442e+03  2.53108e-03
 5.98468e+03  2.58541e-03
 5.98494e+03  2.50899e-03
 5.98520e+03  2.61684e-03
 5.98546e+03  2.60348e-03
 5.98572e+03  2.46665e-03
 5.98598e+03  2.60753e-03
 5.98624e+03  2.50995e-03
 5.98650e+03  2.69007e-03
 5.98676e+03  2.78613e-03
 5.98702e+03  2.61863e-03
 5.98728e+03  2.69321e-03
 5.98754e+03  2.88195e-03
 5.98780e+03  2.82526e-03
 5.98806e+03  2.91335e-03
 5.98832e+03  2.77813e-03
 5.98858e+03  3.02417e-03
 5.98884e+03  2.76899e-03
 5.98910e+03  2.86214e-03
 5.98937e+03  2.92659e-03
 5.98963e+03  2.91905e-03
 5.98989e+03  3.11036e-03
 5.99015e+03  3.10865e-03
 5.99041e+03  3.06040e-03
 5.99067e+03  3.05843e-03
 5.99093e+03  3.15096e-03
 5.99119e+03  3.07829e-03
 5.99145e+03  3.06108e-03
 5.99171e+03  3.20753e-03
 5.99197e+03  3.08663e-03
 5.99223e+03  3.23497e-03
 5.99249e+03  3.24142e-03
 5.99275e+03  3.22120e-03
 5.99301e+03  3.25642e-03
 5.99327e+03  3.38287e-03
 5.99353e+03  3.36067e-03
 5.99379e+03  3.29730e-03
 5.99405e+03  3.39135e-03
 5.99431e+03  3.37310e-03
 5.99458e+03  3.34918e-03
 5.99484e+03  3.45185e-03
 5.99510e+03  3.53058e-03
 5.99536e+03  3.67900e-03
 5.99562e+03  3.50537e-03
 5.99588e+03  3.49483e-03
 5.99614e+03  3.46478e-03
 5.99640e+03  3.77823e-03
 5.99666e+03  3.82875e-03
 5.99692e+03  3.65135e-03
 5.99718e+03  3.65872e-03
 5.99744e+03  3.72006e-03
 5.99770e+03  3.85372e-03
 5.99796e+03  3.83243e-03
 5.99822e+03  3.92092e-03
 5.99848e+03  4.05836e-03
 5.99874e+03  3.85716e-03
 5.99900e+03  3.86087e-03
 5.99926e+03  3.91214e-03
 5.99952e+03  4.06757e-03
 5.99979e+03  4.02621e-03
 6.00005e+03  4.06012e-03
 6.00031e+03  4.04136e-03
 6.00057e+03  4.17230e-03
 6.00083e+03  4.23696e-03
 6.00109e+03  4.22862e-03
 6.00135e+03  4.25322e-03
 6.00161e+03  4.31363e-03
 6.00187e+03  4.27530e-03
 6.00213e+03  4.42872e-03
 6.00239e+03  4.42010e-03
 6.00265e+03  4.34901e-03
 6.00291e+03  4.61213e-03
 6.00317e+03  4.59873e-03
 6.00343e+03  4.47824e-03
 6.00369e+03  4.53619e-03
 6.00395e+03  4.61224e-03
 6.00421e+03  4.72278e-03
 6.00447e+03  4.89077e-03
 6.00473e+03  4.85771e-03
 6.00500e+03  4.90817e-03
 6.00526e+03  4.83810e-03
 6.00552e+03  5.09969e-03
 6.00578e+03  5.03585e-03
 6.00604e+03  4.80646e-03
 6.00630e+03  5.09616e-03
 6.00656e+03  5.01065e-03
 6.00682e+03  5.12317e-03
 6.00708e+03  5.42154e-03
 6.00734e+03  5.21438e-03
 6.00760e+03  5.37439e-03
 6.00786e+03  5.51692e-03
 6.00812e+03  5.45654e-03
 6.00838e+03  5.56798e-03
 6.00864e+03  5.44325e-03
 6.00890e+03  5.70069e-03
 6.00916e+03  5.82322e-03
 6.00942e+03  5.80551e-03
 6.00968e+03  5.79322e-03
 6.00994e+03  5.90866e-03
 6.01021e+03  5.99232e-03
 6.01047e+03  6.07183e-03
 6.01073e+03  6.14352e-03
 6.01099e+03  6.14846e-03
 6.01125e+03  6.23602e-03
 6.01151e+03  6.26982e-03
 6.01177e+03  6.41713e-03
 6.01203e+03  6.44036e-03
 6.01229e+03  6.58800e-03
 6.01255e+03  6.46621e-03
 6.01281e+03  6.55107e-03
 6.01307e+03  6.70495e-03
 6.01333e+03  6.74100e-03
 6.01359e+03  6.97916e-03
 6.01385e+03  6.96301e-03
 6.01411e+03  7.01661e-03
 6.01437e+03  7.22621e-03
 6.01463e+03  7.17953e-03
 6.01489e+03  7.32196e-03
 6.01515e+03  7.52234e-03
 6.01542e+03  7.60622e-03
 6.01568e+03  7.56635e-03
 6.01594e+03  7.71179e-03
 6.01620e+03  7.92142e-03
 6.01646e+03  8.03515e-03
 6.01672e+03  7.95882e-03
 6.01698e+03  8.09795e-03
 6.01724e+03  8.19202e-03
 6.01750e+03  8.05938e-03
 6.01776e+03  8.12422e-03
 6.01802e+03  8.27907e-03
 6.01828e+03  8.50772e-03
 6.01854e+03  8.79443e-03
 6.01880e+03  8.67961e-03
 6.01906e+03  9.02282e-03
 6.01932e+03  9.13476e-03
 6.01958e+03  9.23567e-03
 6.01984e+03  9.27654e-03
 6.02010e+03  9.29929e-03
 6.02036e+03  9.40176e-03
 6.02062e+03  9.72322e-03
 6.02089e+03  9.69143e-03
 6.02115e+03  9.78298e-03
 6.02141e+03  9.83901e-03
 6.02167e+03  1.03004e-02
 6.02193e+03  1.03276e-02
 6.02219e+03  1.05651e-02
 6.02245e+03  1.06692e-02
 6.02271e+03  1.06394e-02
 6.02297e+03  1.08254e-02
 6.02323e+03  1.08834e-02
 6.02349e+03  1.09757e-02
 6.02375e+03  1.15559e-02
 6.02401e+03  1.13600e-02
 6.02427e+03  1.15658e-02
 6.02453e+03  1.17796e-02
 6.02479e+03  1.16380e-02
 6.02505e+03  1.20766e-02
 6.02531e+03  1.20918e-02
 6.02557e+03  1.23341e-02
 6.02583e+03  1.27496e-02
 6.02610e+03  1.30022e-02
 6.02636e+03  1.31289e-02
 6.02662e+03  1.32518e-02
 6.02688e+03  1.33038e-02
 6.02714e+03  1.37922e-02
 6.02740e+03  1.41560e-02
 6.02766e+03  1.42066e-02
 6.02792e+03  1.45151e-02
 6.02818e+03  1.43528e-02
 6.02844e+03  1.48507e-02
 6.02870e+03  1.47738e-02
 6.02896e+03  1.51673e-02
 6.02922e+03  1.51867e-02
 6.02948e+03  1.58495e-02
 6.02974e+03  1.58781e-02
 6.03000e+03  1.62820e-02
 6.03026e+03  1.64674e-02
 6.03052e+03  1.68484e-02
 6.03078e+03  1.69780e-02
 6.03104e+03  1.68855e-02
 6.03131e+03  1.75604e-02
 6.03157e+03  1.77232e-02
 6.03183e+03  1.78961e-02
 6.03209e+03  1.82385e-02
 6.03235e+03  1.86718e-02
 6.03261e+03  1.90359e-02
 6.03287e+03  1.93037e-02
 6.03313e+03  1.92623e-02
 6.03339e+03  1.98408e-02
 6.03365e+03  2.04395e-02
 6.03391e+03  2.07292e-02
 6.03417e+03  2.11542e-02
 6.03443e+03  2.10182e-02
 6.03469e+03  2.18289e-02
 6.03495e+03  2.18361e-02
 6.03521e+03  2.24834e-02
 6.03547e+03  2.29601e-02
 6.03573e+03  2.31077e-02
 6.03599e+03  2.33349e-02
 6.03625e+03  2.42139e-02
 6.03652e+03  2.45140e-02
 6.03678e+03  2.52355e-02
 6.03704e+03  2.55056e-02
 6.03730e+03  2.59850e-02
 6.03756e+03  2.64531e-02
 6.03782e+03  2.67730e-02
 6.03808e+03  2.74862e-02
 6.03834e+03  2.84194e-02
 6.03860e+03  2.85472e-02
 6.03886e+03  2.90200e-02
 6.03912e+03  2.95579e-02
 6.03938e+03  3.02155e-02
 6.03964e+03  3.05083e-02
 6.03990e+03  3.12847e-02
 6.04016e+03  3.13849e-02
 6.04042e+03  3.22963e-02
 6.04068e+03  3.27147e-02
 6.04094e+03  3.32882e-02
 6.04120e+03  3.42890e-02
 6.04146e+03  3.50002e-02
 6.04173e+03  3.56719e-02
 6.04199e+03  3.57587e-02
 6.04225e+03  3.65138e-02
 6.04251e+03  3.73216e-02
 6.04277e+03  3.81880e-02
 6.04303e+03  3.88943e-02
 6.04329e+03  3.98439e-02
 6.04355e+03  4.15664e-02
 6.04381e+03  4.13750e-02
 6.04407e+03  4.23601e-02
 6.04433e+03  4.35485e-02
 6.04459e+03  4.41149e-02
 6.04485e+03  4.57837e-02
 6.04511e+03  4.58669e-02
 6.04537e+03  4.66286e-02
 6.04563e+03  4.78933e-02
 6.04589e+03  4.90764e-02
 6.04615e+03  5.00326e-02
 6.04641e+03  5.06557e-02
 6.04667e+03  5.21547e-02
 6.04694e+03  5.29042e-02
 6.04720e+03  5.49741e-02
 6.04746e+03  5.60039e-02
 6.04772e+03  5.71341e-02
 6.04798e+03  5.77601e-02
 6.04824e+03  5.90605e-02
 6.04850e+03  6.05787e-02
 6.04876e+03  6.23001e-02
 6.04902e+03  6.29007e-02
 6.04928e+03  6.46675e-02
 6.04954e+03  6.59709e-02
 6.04980e+03  6.68003e-02
 6.05006e+03  6.93875e-02
 6.05032e+03  7.03664e-02
 6.05058e+03  7.20309e-02
 6.05084e+03  7.39289e-02
 6.05110e+03  7.57465e-02
 6.05136e+03  7.71159e-02
 6.05162e+03  7.92833e-02
 6.05188e+03  8.02101e-02
 6.05215e+03  8.23647e-02
 6.05241e+03  8.38743e-02
 6.05267e+03  8.64217e-02
 6.05293e+03  8.83745e-02
 6.05319e+03  9.07028e-02
 6.05345e+03  9.21479e-02
 6.05371e+03  9.48233e-02
 6.05397e+03  9.63816e-02
 6.05423e+03  9.87945e-02
 6.05449e+03  1.01106e-01
 6.05475e+03  1.03241e-01
 6.05501e+03  1.05837e-01
 6.05527e+03  1.09304e-01
 6.05553e+03  1.10983e-01
 6.05579e+03  1.13564e-01
 6.05605e+03  1.15986e-01
 6.05631e+03  1.19152e-01
 6.05657e+03  1.22004e-01
 6.05683e+03  1.24629e-01
 6.05710e+03  1.28369e-01
 6.05736e+03  1.30858e-01
 6.05762e+03  1.33209e-01
 6.05788e+03  1.37438e-01
 6.05814e+03  1.40495e-01
 6.05840e+03  1.43821e-01
 6.05866e+03  1.47384e-01
 6.05892e+03  1.50628e-01
 6.05918e+03  1.54077e-01
 6.05944e+03  1.57268e-01
 6.05970e+03  1.60906e-01
 6.05996e+03  1.64377e-01
 6.06022e+03  1.68030e-01
 6.06048e+03  1.73043e-01
 6.06074e+03  1.76456e-01
 6.06100e+03  1.80944e-01
 6.06126e+03  1.85508e-01
 6.06152e+03  1.90816e-01
 6.06178e+03  1.94387e-01
 6.06204e+03  1.98752e-01
 6.06231e+03  2.04058e-01
 6.06257e+03  2.08816e-01
 6.06283e+03  2.12770e-01
 6.06309e+03  2.16947e-01
 6.06335e+03  2.21065e-01
 6.06361e+03  2.28448e-01
 6.06387e+03  2.32551e-01
 6.06413e+03  2.39139e-01
 6.06439e+03  2.43740e-01
 6.06465e+03  2.49466e-01
 6.06491e+03  2.53891e-01
 6.06517e+03  2.61320e-01
 6.06543e+03  2.66290e-01
 6.06569e+03  2.70919e-01
 6.06595e+03  2.76577e-01
 6.06621e+03  2.82775e-01
 6.06647e+03  2.88728e-01
 6.06673e+03  2.96081e-01
 6.06699e+03  3.00527e-01
 6.06725e+03  3.07712e-01
 6.06752e+03  3.12443e-01
 6.06778e+03  3.21879e-01
 6.06804e+03  3.27034e-01
 6.06830e+03  3.33568e-01
 6.06856e+03  3.41807e-01
 6.06882e+03  3.47477e-01
 6.06908e+03  3.53434e-01
 6.06934e+03  3.61494e-01
 6.06960e+03  3.67593e-01
 6.06986e+03  3.74438e-01
 6.07012e+03  3.82008e-01
 6.07038e+03  3.88397e-01
 6.07064e+03  3.93986e-01
 6.07090e+03  4.02485e-01
 6.07116e+03  4.09740e-01
 6.07142e+03  4.17307e-01
 6.07168e+03  4.23390e-01
 6.07194e+03  4.29919e-01
 6.07220e+03  4.38017e-01
 6.07246e+03  4.44142e-01
 6.07273e+03  4.51829e-01
 6.07299e+03  4.58728e-01
 6.07325e+03  4.65099e-01
 6.07351e+03  4.70834e-01
 6.07377e+03  4.76747e-01
 6.07403e+03  4.83949e-01
 6.07429e+03  4.89739e-01
 6.07455e+03  4.98008e-01
 6.07481e+03  5.02202e-01
 6.07507e+03  5.09106e-01
 6.07533e+03  5.14609e-01
 6.07559e+03  5.21539e-01
 6.07585e+03  5.26753e-01
 6.07611e+03  5.33945e-01
 6.07637e+03  5.39943e-01
 6.07663e+03  5.47558e-01
 6.07689e+03  5.50449e-01
 6.07715e+03  5.54136e-01
 6.07741e+03  5.61565e-01
 6.07767e+03  5.65882e-01
 6.07794e+03  5.72744e-01
 6.07820e+03  5.76442e-01
 6.07846e+03  5.80201e-01
 6.07872e+03  5.84403e-01
 6.07898e+03  5.88979e-01
 6.07924e+03  5.93270e-01
 6.07950e+03  5.96917e-01
 6.07976e+03  6.02036e-01
 6.08002e+03  6.04858e-01
 6.08028e+03  6.10072e-01
 6.08054e+03  6.13740e-01
 6.08080e+03  6.14896e-01
 6.08106e+03  6.14767e-01
 6.08132e+03  6.22758e-01
 6.08158e+03  6.29139e-01
 6.08184e+03  6.25892e-01
 6.08210e+03  6.27912e-01
 6.08236e+03  6.32043e-01
 6.08262e+03  6.36879e-01
 6.08288e+03  6.39377e-01
 6.08315e+03  6.36718e-01
 6.08341e+03  6.39822e-01
 6.08367e+03  6.41869e-01
 6.08393e+03  6.45916e-01
 6.08419e+03  6.50022e-01
 6.08445e+03  6.47389e-01
 6.08471e+03  6.50168e-01
 6.08497e+03  6.49264e-01
 6.08523e+03  6.55234e-01
 6.08549e+03  6.53391e-01
 6.08575e+03  6.53664e-01
 6.08601e+03  6.54585e-01
 6.08627e+03  6.55306e-01
 6.08653e+03  6.58319e-01
 6.08679e+03  6.60187e-01
 6.08705e+03  6.59378e-01
 6.08731e+03  6.60179e-01
 6.08757e+03  6.58324e-01
 6.08783e+03  6.61436e-01
 6.08809e+03  6.60079e-01
 6.08835e+03  6.59149e-01
 6.08862e+03  6.60580e-01
 6.08888e+03  6.60292e-01
 6.08914e+03  6.63605e-01
 6.08940e+03  6.58682e-01
 6.08966e+03  6.63254e-01
 6.08992e+03  6.62528e-01
 6.09018e+03  6.60874e-01
 6.09044e+03  6.60409e-01
 6.09070e+03  6.61699e-01
 6.09096e+03  6.62976e-01
 6.09122e+03  6.63730e-01
 6.09148e+03  6.61845e-01
 6.09174e+03  6.60484e-01
 6.09200e+03  6.60294e-01
 6.09226e+03  6.63729e-01
 6.09252e+03  6.60152e-01
 6.09278e+03  6.61592e-01
 6.09304e+03  6.58227e-01
 6.09330e+03  6.58837e-01
 6.09356e+03  6.59759e-01
 6.09383e+03  6.58393e-01
 6.09409e+03  6.58312e-01
 6.09435e+03  6.56985e-01
 6.09461e+03  6.58226e-01
 6.09487e+03  6.59735e-01
 6.09513e+03  6.60357e-01
 6.09539e+03  6.60428e-01
 6.09565e+03  6.58473e-01
 6.09591e+03  6.59888e-01
 6.09617e+03  6.58725e-01
 6.09643e+03  6.60937e-01
 6.09669e+03  6.56358e-01
 6.09695e+03  6.55966e-01
 6.09721e+03  6.57989e-01
 6.09747e+03  6.55947e-01
 6.09773e+03  6.57691e-01
 6.09799e+03  6.56919e-01
 6.09825e+03  6.58031e-01
 6.09851e+03  6.58998e-01
 6.09877e+03  6.56475e-01
 6.09904e+03  6.55253e-01
 6.09930e+03  6.55467e-01
 6.09956e+03  6.58240e-01
 6.09982e+03  6.56755e-01
 6.10008e+03  6.58974e-01
 6.10034e+03  6.54745e-01
 6.10060e+03  6.56691e-01
 6.10086e+03  6.56003e-01
 6.10112e+03  6.58212e-01
 6.10138e+03  6.57019e-01
 6.10164e+03  6.57587e-01
 6.10190e+03  6.54798e-01
 6.10216e+03  6.58953e-01
 6.10242e+03  6.56624e-01
 6.10268e+03  6.56638e-01
 6.10294e+03  6.57264e-01
 6.10320e+03  6.57744e-01
 6.10346e+03  6.59031e-01
 6.10372e+03  6.59607e-01
 6.10398e+03  6.56864e-01
 6.10425e+03  6.59041e-01
 6.10451e+03  6.59320e-01
 6.10477e+03  6.58855e-01
 6.10503e+03  6.59484e-01
 6.10529e+03  6.57910e-01
 6.10555e+03  6.60012e-01
 6.10581e+03  6.61574e-01
 6.10607e+03  6.61355e-01
 6.10633e+03  6.59807e-01
 6.10659e+03  6.63015e-01
 6.10685e+03  6.60044e-01
 6.10711e+03  6.63803e-01
 6.10737e+03  6.62942e-01
 6.10763e+03  6.60544e-01
 6.10789e+03  6.61073e-01
 6.10815e+03  6.61975e-01
 6.10841e+03  6.63080e-01
 6.10867e+03  6.63877e-01
 6.10893e+03  6.65090e-01
 6.10919e+03  6.66418e-01
 6.10946e+03  6.64017e-01
 6.10972e+03  6.62752e-01
 6.10998e+03  6.65038e-01
 6.11024e+03  6.63720e-01
 6.11050e+03  6.65191e-01
 6.11076e+03  6.66640e-01
 6.11102e+03  6.70306e-01
 6.11128e+03  6.68093e-01
 6.11154e+03  6.67003e-01
 6.11180e+03  6.67752e-01
 6.11206e+03  6.67230e-01
 6.11232e+03  6.67077e-01
 6.11258e+03  6.67239e-01
 6.11284e+03  6.67713e-01
 6.11310e+03  6.67272e-01
 6.11336e+03  6.70883e-01
 6.11362e+03  6.68905e-01
 6.11388e+03  6.68531e-01
 6.11414e+03  6.70179e-01
 6.11440e+03  6.73672e-01
 6.11467e+03  6.75564e-01
 6.11493e+03  6.69989e-01
 6.11519e+03  6.73129e-01
 6.11545e+03  6.73275e-01
 6.11571e+03  6.74217e-01
 6.11597e+03  6.73447e-01
 6.11623e+03  6.73436e-01
 6.11649e+03  6.74342e-01
 6.11675e+03  6.76410e-01
 6.11701e+03  6.73162e-01
 6.11727e+03  6.77088e-01
 6.11753e+03  6.74526e-01
 6.11779e+03  6.74868e-01
 6.11805e+03  6.74810e-01
 6.11831e+03  6.76782e-01
 6.11857e+03  6.76451e-01
 6.11883e+03  6.77888e-01
 6.11909e+03  6.77628e-01
 6.11935e+03  6.78148e-01
 6.11962e+03  6.76362e-01
 6.11988e+03  6.76394e-01
 6.12014e+03  6.76675e-01
 6.12040e+03  6.78283e-01
 6.12066e+03  6.79814e-01
 6.12092e+03  6.77414e-01
 6.12118e+03  6.80363e-01
 6.12144e+03  6.77471e-01
 6.12170e+03  6.79973e-01
 6.12196e+03  6.81350e-01
 6.12222e+03  6.79383e-01
 6.12248e+03  6.80535e-01
 6.12274e+03  6.79379e-01
 6.12300e+03  6.82855e-01
 6.12326e+03  6.80600e-01
 6.12352e+03  6.78798e-01
 6.12378e+03  6.79358e-01
 6.12404e+03  6.81986e-01
 6.12430e+03  6.81355e-01
 6.12456e+03  6.81275e-01
 6.12483e+03  6.76410e-01
 6.12509e+03  6.80239e-01
 6.12535e+03  6.79341e-01
 6.12561e+03  6.81717e-01
 6.12587e+03  6.79376e-01
 6.12613e+03  6.78949e-01
 6.12639e+03  6.81144e-01
 6.12665e+03  6.82840e-01
 6.12691e+03  6.82553e-01
 6.12717e+03  6.79763e-01
 6.12743e+03  6.78540e-01
 6.12769e+03  6.82055e-01
 6.12795e+03  6.80601e-01
 6.12821e+03  6.80977e-01
 6.12847e+03  6.80862e-01
 6.12873e+03  6.80771e-01
 6.12899e+03  6.81485e-01
 6.12925e+03  6.81426e-01
 6.12951e+03  6.80902e-01
 6.12977e+03  6.78609e-01
 6.13004e+03  6.81839e-01
 6.13030e+03  6.79839e-01
 6.13056e+03  6.77399e-01
 6.13082e+03  6.77029e-01
 6.13108e+03  6.78124e-01
 6.13134e+03  6.79384e-01
 6.13160e+03  6.78854e-01
 6.13186e+03  6.79645e-01
 6.13212e+03  6.78873e-01
 6.13238e+03  6.79428e-01
 6.13264e+03  6.78983e-01
 6.13290e+03  6.79397e-01
 6.13316e+03  6.77305e-01
 6.13342e+03  6.78846e-01
 6.13368e+03  6.77976e-01
 6.13394e+03  6.78008e-01
 6.13420e+03  6.77442e-01
 6.13446e+03  6.78295e-01
 6.13472e+03  6.76899e-01
 6.13498e+03  6.78180e-01
 6.13525e+03  6.77546e-01
 6.13551e+03  6.77867e-01
 6.13577e+03  6.78446e-01
 6.13603e+03  6.75235e-01
 6.13629e+03  6.77291e-01
 6.13655e+03  6.78823e-01
 6.13681e+03  6.78249e-01
 6.13707e+03  6.75366e-01
 6.13733e+03  6.76231e-01
 6.13759e+03  6.76025e-01
 6.13785e+03  6.77995e-01
 6.13811e+03  6.74524e-01
 6.13837e+03  6.75482e-01
 6.13863e+03  6.73377e-01
 6.13889e+03  6.78835e-01
 6.13915e+03  6.79762e-01
 6.13941e+03  6.76111e-01
 6.13967e+03  6.75104e-01
 6.13993e+03  6.74980e-01
 6.14019e+03  6.77320e-01
 6.14046e+03  6.74892e-01
 6.14072e+03  6.74183e-01
 6.14098e+03  6.75472e-01
 6.14124e+03  6.73839e-01
 6.14150e+03  6.76095e-01
 6.14176e+03  6.75612e-01
 6.14202e+03  6.76041e-01
 6.14228e+03  6.75134e-01
 6.14254e+03  6.74357e-01
 6.14280e+03  6.76049e-01
 6.14306e+03  6.73230e-01
 6.14332e+03  6.72830e-01
 6.14358e+03  6.71915e-01
 6.14384e+03  6.72264e-01
 6.14410e+03  6.74514e-01
 6.14436e+03  6.74359e-01
 6.14462e+03  6.68959e-01
 6.14488e+03  6.70544e-01
 6.14514e+03  6.69977e-01
 6.14540e+03  6.69878e-01
 6.14567e+03  6.70763e-01
 6.14593e+03  6.71947e-01
 6.14619e+03  6.71385e-01
 6.14645e+03  6.69445e-01
 6.14671e+03  6.69966e-01
 6.14697e+03  6.68084e-01
 6.14723e+03  6.66770e-01
 6.14749e+03  6.64795e-01
 6.14775e+03  6.66745e-01
 6.14801e+03  6.66243e-01
 6.14827e+03  6.63689e-01
 6.14853e+03  6.63285e-01
 6.14879e+03  6.61865e-01
 6.14905e+03  6.63417e-01
 6.14931e+03  6.62142e-01
 6.14957e+03  6.57397e-01
 6.14983e+03  6.60672e-01
 6.15009e+03  6.58602e-01
 6.15035e+03  6.57717e-01
 6.15061e+03  6.56160e-01
 6.15088e+03  6.52291e-01
 6.15114e+03  6.51598e-01
 6.15140e+03  6.52813e-01
 6.15166e+03  6.51965e-01
 6.15192e+03  6.48701e-01
 6.15218e+03  6.46146e-01
 6.15244e+03  6.47301e-01
 6.15270e+03  6.44802e-01
 6.15296e+03  6.40008e-01
 6.15322e+03  6.39220e-01
 6.15348e+03  6.36369e-01
 6.15374e+03  6.37654e-01
 6.15400e+03  6.32361e-01
 6.15426e+03  6.32084e-01
 6.15452e+03  6.28695e-01
 6.15478e+03  6.24935e-01
 6.15504e+03  6.24862e-01
 6.15530e+03  6.22838e-01
 6.15556e+03  6.18084e-01
 6.15582e+03  6.14715e-01
 6.15608e+03  6.11755e-01
 6.15635e+03  6.09976e-01
 6.15661e+03  6.08146e-01
 6.15687e+03  6.02389e-01
 6.15713e+03  6.00520e-01
 6.15739e+03  5.92881e-01
 6.15765e+03  5.93615e-01
 6.15791e+03  5.87401e-01
 6.15817e+03  5.85423e-01
 6.15843e+03  5.79109e-01
 6.15869e+03  5.76279e-01
 6.15895e+03  5.73102e-01
 6.15921e+03  5.68046e-01
 6.15947e+03  5.63668e-01
 6.15973e+03  5.60082e-01
 6.15999e+03  5.54806e-01
 6.16025e+03  5.48152e-01
 6.16051e+03  5.43388e-01
 6.16077e+03  5.39399e-01
 6.16103e+03  5.34588e-01
 6.16129e+03  5.29961e-01
 6.16156e+03  5.24488e-01
 6.16182e+03  5.17035e-01
 6.16208e+03  5.12782e-01
 6.16234e+03  5.06746e-01
 6.16260e+03  5.03600e-01
 6.16286e+03  4.96425e-01
 6.16312e+03  4.90312e-01
 6.16338e+03  4.84981e-01
 6.16364e+03  4.79281e-01
 6.16390e+03  4.73254e-01
 6.16416e+03  4.66708e-01
 6.16442e+03  4.60676e-01
 6.16468e+03  4.55498e-01
 6.16494e+03  4.49269e-01
 6.16520e+03  4.43358e-01
 6.16546e+03  4.35942e-01
 6.16572e+03  4.28607e-01
 6.16598e+03  4.23437e-01
 6.16624e+03  4.17975e-01
 6.16650e+03  4.13057e-01
 6.16677e+03  4.04410e-01
 6.16703e+03  3.97861e-01
 6.16729e+03  3.92949e-01
 6.16755e+03  3.87962e-01
 6.16781e+03  3.80841e-01
 6.16807e+03  3.73429e-01
 6.16833e+03  3.68227e-01
 6.16859e+03  3.61215e-01
 6.16885e+03  3.56030e-01
 6.16911e+03  3.50756e-01
 6.16937e+03  3.42891e-01
 6.16963e+03  3.37015e-01
 6.16989e+03  3.31377e-01
 6.17015e+03  3.25957e-01
 6.17041e+03  3.20602e-01
 6.17067e+03  3.14320e-01
 6.17093e+03  3.07215e-01
 6.17119e+03  3.01784e-01
 6.17145e+03  2.94752e-01
 6.17171e+03  2.89744e-01
 6.17198e+03  2.84474e-01
 6.17224e+03  2.77973e-01
 6.17250e+03  2.72894e-01
 6.17276e+03  2.67840e-01
 6.17302e+03  2.63546e-01
 6.17328e+03  2.57976e-01
 6.17354e+03  2.52188e-01
 6.17380e+03  2.46088e-01
 6.17406e+03  2.42098e-01
 6.17432e+03  2.38192e-01
 6.17458e+03  2.32854e-01
 6.17484e+03  2.28407e-01
 6.17510e+03  2.24052e-01
 6.17536e+03  2.19356e-01
 6.17562e+03  2.14923e-01
 6.17588e+03  2.09783e-01
 6.17614e+03  2.03964e-01
 6.17640e+03  1.99928e-01
 6.17666e+03  1.97964e-01
 6.17692e+03  1.93085e-01
 6.17719e+03  1.88502e-01
 6.17745e+03  1.84905e-01
 6.17771e+03  1.80235e-01
 6.17797e+03  1.77275e-01
 6.17823e+03  1.73448e-01
 6.17849e+03  1.69134e-01
 6.17875e+03  1.65509e-01
 6.17901e+03  1.62263e-01
 6.17927e+03  1.58999e-01
 6.17953e+03  1.55585e-01
 6.17979e+03  1.51276e-01
 6.18005e+03  1.48425e-01
 6.18031e+03  1.45319e-01
 6.18057e+03  1.42601e-01
 6.18083e+03  1.39836e-01
 6.18109e+03  1.35929e-01
 6.18135e+03  1.32618e-01
 6.18161e+03  1.30106e-01
 6.18187e+03  1.28487e-01
 6.18213e+03  1.25662e-01
 6.18240e+03  1.22208e-01
 6.18266e+03  1.19376e-01
 6.18292e+03  1.17238e-01
 6.18318e+03  1.14908e-01
 6.18344e+03  1.12096e-01
 6.18370e+03  1.08739e-01
 6.18396e+03  1.06931e-01
 6.18422e+03  1.04804e-01
 6.18448e+03  1.03683e-01
 6.18474e+03  1.00886e-01
 6.18500e+03  9.87797e-02
 6.18526e+03  9.56008e-02
 6.18552e+03  9.35225e-02
 6.18578e+03  9.23088e-02
 6.18604e+03  9.03024e-02
 6.18630e+03  8.78561e-02
 6.18656e+03  8.65429e-02
 6.18682e+03  8.48797e-02
 6.18708e+03  8.36856e-02
 6.18735e+03  8.12541e-02
 6.18761e+03  7.92571e-02
 6.18787e+03  7.84051e-02
 6.18813e+03  7.67283e-02
 6.18839e+03  7.49661e-02
 6.18865e+03  7.36658e-02
 6.18891e+03  7.12589e-02
 6.18917e+03  7.02782e-02
 6.18943e+03  6.88725e-02
 6.18969e+03  6.75817e-02
 6.18995e+03  6.59814e-02
 6.19021e+03  6.43215e-02
 6.19047e+03  6.37811e-02
 6.19073e+03  6.19656e-02
 6.19099e+03  6.17879e-02
 6.19125e+03  5.93735e-02
 6.19151e+03  5.80774e-02
 6.19177e+03  5.70079e-02
 6.19203e+03  5.63184e-02
 6.19229e+03  5.56054e-02
 6.19256e+03  5.40885e-02
 6.19282e+03  5.27381e-02
 6.19308e+03  5.18243e-02
 6.19334e+03  5.11026e-02
 6.19360e+03  4.97487e-02
 6.19386e+03  4.88805e-02
 6.19412e+03  4.77594e-02
 6.19438e+03  4.68914e-02
 6.19464e+03  4.60266e-02
 6.19490e+03  4.51412e-02
 6.19516e+03  4.44451e-02
 6.19542e+03  4.35176e-02
 6.19568e+03  4.23040e-02
 6.19594e+03  4.17565e-02
 6.19620e+03  4.12315e-02
 6.19646e+03  4.04368e-02
 6.19672e+03  3.89597e-02
 6.19698e+03  3.87337e-02
 6.19724e+03  3.79169e-02
 6.19750e+03  3.77570e-02
 6.19777e+03  3.67411e-02
 6.19803e+03  3.59188e-02
 6.19829e+03  3.49475e-02
 6.19855e+03  3.43247e-02
 6.19881e+03  3.40425e-02
 6.19907e+03  3.35071e-02
 6.19933e+03  3.30471e-02
 6.19959e+03  3.21173e-02
 6.19985e+03  3.15019e-02
 6.20011e+03  3.11018e-02
 6.20037e+03  3.04051e-02
 6.20063e+03  2.97828e-02
 6.20089e+03  2.94113e-02
 6.20115e+03  2.86571e-02
 6.20141e+03  2.82073e-02
 6.20167e+03  2.74692e-02
 6.20193e+03  2.75255e-02
 6.20219e+03  2.71169e-02
 6.20245e+03  2.64583e-02
 6.20271e+03  2.61067e-02
 6.20298e+03  2.52858e-02
 6.20324e+03  2.49033e-02
 6.20350e+03  2.46667e-02
 6.20376e+03  2.40206e-02
 6.20402e+03  2.36945e-02
 6.20428e+03  2.35695e-02
 6.20454e+03  2.30596e-02
 6.20480e+03  2.24122e-02
 6.20506e+03  2.24286e-02
 6.20532e+03  2.21599e-02
 6.20558e+03  2.16710e-02
 6.20584e+03  2.13995e-02
 6.20610e+03  2.10703e-02
 6.20636e+03  2.02125e-02
 6.20662e+03  2.00907e-02
 6.20688e+03  1.93595e-02
 6.20714e+03  1.94168e-02
 6.20740e+03  1.92663e-02
 6.20766e+03  1.85696e-02
 6.20792e+03  1.83082e-02
 6.20819e+03  1.84811e-02
 6.20845e+03  1.82402e-02
 6.20871e+03  1.77101e-02
 6.20897e+03  1.75454e-02
 6.20923e+03  1.72229e-02
 6.20949e+03  1.71198e-02
 6.20975e+03  1.67188e-02
 6.21001e+03  1.60520e-02
 6.21027e+03  1.62137e-02
 6.21053e+03  1.61195e-02
 6.21079e+03  1.56171e-02
 6.21105e+03  1.58669e-02
 6.21131e+03  1.51220e-02
 6.21157e+03  1.49507e-02
 6.21183e+03  1.47190e-02
 6.21209e+03  1.46654e-02
 6.21235e+03  1.44071e-02
 6.21261e+03  1.40850e-02
 6.21287e+03  1.38181e-02
 6.21313e+03  1.35250e-02
 6.21340e+03  1.33292e-02
 6.21366e+03  1.37120e-02
 6.21392e+03  1.32705e-02
 6.21418e+03  1.32613e-02
 6.21444e+03  1.29503e-02
 6.21470e+03  1.22394e-02
 6.21496e+03  1.23700e-02
 6.21522e+03  1.24355e-02
 6.21548e+03  1.20535e-02
 6.21574e+03  1.20680e-02
 6.21600e+03  1.17962e-02
 6.21626e+03  1.13718e-02
 6.21652e+03  1.14967e-02
 6.21678e+03  1.12876e-02
 6.21704e+03  1.11533e-02
 6.21730e+03  1.09346e-02
 6.21756e+03  1.08121e-02
 6.21782e+03  1.06111e-02
 6.21808e+03  1.05047e-02
 6.21834e+03  1.02138e-02
 6.21860e+03  1.00130e-02
 6.21887e+03  1.00745e-02
 6.21913e+03  9.89278e-03
 6.21939e+03  9.84855e-03
 6.21965e+03  9.59080e-03
 6.21991e+03  9.58086e-03
 6.22017e+03  9.64191e-03
 6.22043e+03  9.34171e-03
 6.22069e+03  9.29029e-03
 6.22095e+03  8.90886e-03
 6.22121e+03  9.01465e-03
 6.22147e+03  8.86965e-03
 6.22173e+03  8.92751e-03
 6.22199e+03  8.60109e-03
 6.22225e+03  8.48008e-03
 6.22251e+03  8.30731e-03
 6.22277e+03  8.32785e-03
 6.22303e+03  8.33782e-03
 6.22329e+03  8.29485e-03
 6.22355e+03  8.17789e-03
 6.22381e+03  7.80947e-03
 6.22408e+03  7.85224e-03
 6.22434e+03  7.70778e-03
 6.22460e+03  7.63580e-03
 6.22486e+03  7.53597e-03
 6.22512e+03  7.65080e-03
 6.22538e+03  7.31635e-03
 6.22564e+03  7.31125e-03
 6.22590e+03  7.21911e-03
 6.22616e+03  7.19851e-03
 6.22642e+03  6.80384e-03
 6.22668e+03  7.05084e-03
 6.22694e+03  6.94987e-03
 6.22720e+03  6.80060e-03
 6.22746e+03  6.70958e-03
 6.22772e+03  6.62378e-03
 6.22798e+03  6.67919e-03
 6.22824e+03  6.35326e-03
 6.22850e+03  6.42383e-03
 6.22876e+03  6.35577e-03
 6.22902e+03  6.25329e-03
 6.22929e+03  6.33353e-03
 6.22955e+03  6.05893e-03
 6.22981e+03  6.05420e-03
 6.23007e+03  6.07773e-03
 6.23033e+03  5.97148e-03
 6.23059e+03  5.87225e-03
 6.23085e+03  5.81350e-03
 6.23111e+03  5.82398e-03
 6.23137e+03  5.69020e-03
 6.23163e+03  5.59820e-03
 6.23189e+03  5.72940e-03
 6.23215e+03  5.47724e-03
 6.23241e+03  5.56507e-03
 6.23267e+03  5.43642e-03
 6.23293e+03  5.30068e-03
 6.23319e+03  5.26931e-03
 6.23345e+03  5.19401e-03
 6.23371e+03  5.19857e-03
 6.23397e+03  5.19165e-03
 6.23423e+03  4.86626e-03
 6.23450e+03  4.96686e-03
 6.23476e+03  5.01522e-03
 6.23502e+03  4.88779e-03
 6.23528e+03  4.95804e-03
 6.23554e+03  4.94365e-03
 6.23580e+03  4.69437e-03
 6.23606e+03  4.75935e-03
 6.23632e+03  4.66988e-03
 6.23658e+03  4.59139e-03
 6.23684e+03  4.73183e-03
 6.23710e+03  4.56731e-03
 6.23736e+03  4.50395e-03
 6.23762e+03  4.34482e-03
 6.23788e+03  4.57777e-03
 6.23814e+03  4.32873e-03
 6.23840e+03  4.33016e-03
 6.23866e+03  4.27032e-03
 6.23892e+03  4.26784e-03
 6.23918e+03  4.26432e-03
 6.23944e+03  4.19392e-03
 6.23971e+03  4.14124e-03
 6.23997e+03  4.13964e-03
 6.24023e+03  4.10562e-03
 6.24049e+03  4.04500e-03
 6.24075e+03  3.87758e-03
 6.24101e+03  3.95316e-03
 6.24127e+03  4.00487e-03
 6.24153e+03  3.79503e-03
 6.24179e+03  3.83108e-03
 6.24205e+03  3.91452e-03
 6.24231e+03  3.77795e-03
 6.24257e+03  3.61704e-03
 6.24283e+03  3.72597e-03
 6.24309e+03  3.65225e-03
 6.24335e+03  3.74363e-03
 6.24361e+03  3.67301e-03
 6.24387e+03  3.61257e-03
 6.24413e+03  3.43980e-03
 6.24439e+03  3.48273e-03
 6.24465e+03  3.31754e-03
 6.24492e+03  3.61755e-03
 6.24518e+03  3.40500e-03
 6.24544e+03  3.40603e-03
 6.24570e+03  3.26928e-03
 6.24596e+03  3.28048e-03
 6.24622e+03  3.28464e-03
 6.24648e+03  3.34435e-03
 6.24674e+03  3.38322e-03
 6.24700e+03  3.23829e-03
 6.24726e+03  3.20051e-03
 6.24752e+03  3.20175e-03
 6.24778e+03  3.21347e-03
 6.24804e+03  3.21061e-03
 6.24830e+03  3.03284e-03
 6.24856e+03  3.02296e-03
 6.24882e+03  2.90427e-03
 6.24908e+03  2.93316e-03
 6.24934e+03  2.99682e-03
 6.24960e+03  3.04201e-03
 6.24987e+03  3.01609e-03
 6.25013e+03  3.07161e-03
 6.25039e+03  3.03585e-03
 6.25065e+03  2.83434e-03
 6.25091e+03  3.03633e-03
 6.25117e+03  2.70870e-03
 6.25143e+03  2.89493e-03
 6.25169e+03  2.72975e-03
 6.25195e+03  2.71787e-03
 6.25221e+03  2.66479e-03
 6.25247e+03  2.74386e-03
 6.25273e+03  2.76736e-03
 6.25299e+03  2.77314e-03
 6.25325e+03  2.64810e-03
 6.25351e+03  2.64161e-03
 6.25377e+03  2.68460e-03
 6.25403e+03  2.57499e-03
 6.25429e+03  2.56605e-03
 6.25455e+03  2.54913e-03
 6.25481e+03  2.44899e-03
 6.25508e+03  2.62087e-03
 6.25534e+03  2.46700e-03
 6.25560e+03  2.50725e-03
 6.25586e+03  2.51369e-03
 6.25612e+03  2.40967e-03
 6.25638e+03  2.37453e-03
 6.25664e+03  2.43096e-03
 6.25690e+03  2.40467e-03
 6.25716e+03  2.46380e-03
 6.25742e+03  2.48320e-03
 6.25768e+03  2.53708e-03
 6.25794e+03  2.30514e-03
 6.25820e+03  2.30107e-03
 6.25846e+03  2.18582e-03
 6.25872e+03  2.26863e-03
 6.25898e+03  2.20126e-03
 6.25924e+03  2.25470e-03
 6.25950e+03  2.43939e-03
 6.25976e+03  2.36996e-03
 6.26002e+03  2.24046e-03
 6.26029e+03  2.31256e-03
 6.26055e+03  2.29765e-03
 6.26081e+03  2.24036e-03
 6.26107e+03  2.18092e-03
 6.26133e+03  2.18258e-03
 6.26159e+03  2.24194e-03
 6.26185e+03  2.06065e-03
 6.26211e+03  2.17065e-03
 6.26237e+03  1.97526e-03
 6.26263e+03  2.17852e-03
 6.26289e+03  2.12417e-03
 6.26315e+03  2.15040e-03
 6.26341e+03  2.18823e-03
 6.26367e+03  2.20445e-03
 6.26393e+03  1.97031e-03
 6.26419e+03  2.09675e-03
 6.26445e+03  2.00407e-03
 6.26471e+03  1.92907e-03
 6.26497e+03  2.01300e-03
 6.26523e+03  2.01345e-03
 6.26550e+03  1.93521e-03
 6.26576e+03  1.89061e-03
 6.26602e+03  1.92297e-03
 6.26628e+03  1.94904e-03
 6.26654e+03  1.87324e-03
 6.26680e+03  1.88002e-03
 6.26706e+03  1.84419e-03
 6.26732e+03  1.94588e-03
 6.26758e+03  1.86130e-03
 6.26784e+03  1.84767e-03
 6.26810e+03  1.83259e-03
 6.26836e+03  1.81266e-03
 6.26862e+03  1.84136e-03
 6.26888e+03  1.76197e-03
 6.26914e+03  1.87810e-03
 6.26940e+03  1.78101e-03
 6.26966e+03  1.78479e-03
 6.26992e+03  1.67686e-03
 6.27018e+03  1.82693e-03
 6.27044e+03  1.82824e-03
 6.27071e+03  1.81309e-03
 6.27097e+03  1.77873e-03
 6.27123e+03  1.66745e-03
 6.27149e+03  1.78522e-03
 6.27175e+03  1.74857e-03
 6.27201e+03  1.78359e-03
 6.27227e+03  1.71051e-03
 6.27253e+03  1.74881e-03
 6.27279e+03  1.64490e-03
 6.27305e+03  1.55471e-03
 6.27331e+03  1.72243e-03
 6.27357e+03  1.63945e-03
 6.27383e+03  1.64801e-03
 6.27409e+03  1.54038e-03
 6.27435e+03  1.47198e-03
 6.27461e+03  1.56867e-03
 6.27487e+03  1.50642e-03
 6.27513e+03  1.55749e-03
 6.27539e+03  1.51691e-03
 6.27565e+03  1.43897e-03
 6.27592e+03  1.41855e-03
 6.27618e+03  1.48280e-03
 6.27644e+03  1.45292e-03
 6.27670e+03  1.57038e-03
 6.27696e+03  1.40706e-03
 6.27722e+03  1.41332e-03
 6.27748e+03  1.45616e-03
 6.27774e+03  1.40208e-03
 6.27800e+03  1.42536e-03
 6.27826e+03  1.44129e-03
 6.27852e+03  1.43462e-03
 6.27878e+03  1.46574e-03
 6.27904e+03  1.53967e-03
 6.27930e+03  1.42959e-03
 6.27956e+03  1.29825e-03
 6.27982e+03  1.44058e-03
 6.28008e+03  1.46975e-03
 6.28034e+03  1.26409e-03
 6.28060e+03  1.27847e-03
 6.28086e+03  1.34452e-03
 6.28112e+03  1.32686e-03
 6.28139e+03  1.29738e-03
 6.28165e+03  1.31889e-03
 6.28191e+03  1.31040e-03
 6.28217e+03  1.22523e-03
 6.28243e+03  1.22235e-03
 6.28269e+03  1.27179e-03
 6.28295e+03  1.20827e-03
 6.28321e+03  1.38520e-03
 6.28347e+03  1.31103e-03
 6.28373e+03  1.31232e-03
 6.28399e+03  1.19917e-03
 6.28425e+03  1.23359e-03
 6.28451e+03  1.22737e-03
 6.28477e+03  1.20119e-03
 6.28503e+03  1.30440e-03
 6.28529e+03  1.25087e-03
 6.28555e+03  1.21613e-03
 6.28581e+03  1.23313e-03
 6.28607e+03  1.07704e-03
 6.28633e+03  1.23431e-03
 6.28660e+03  1.33828e-03
 6.28686e+03  1.06684e-03
 6.28712e+03  1.05654e-03
 6.28738e+03  1.18020e-03
 6.28764e+03  1.16328e-03
 6.28790e+03  1.14143e-03
 6.28816e+03  1.12100e-03
 6.28842e+03  1.17139e-03
 6.28868e+03  1.13246e-03
 6.28894e+03  1.08861e-03
 6.28920e+03  1.06595e-03
 6.28946e+03  1.11124e-03
 6.28972e+03  1.20065e-03
 6.28998e+03  1.11709e-03
 6.29024e+03  1.07780e-03
 6.29050e+03  1.22172e-03
 6.29076e+03  1.16817e-03
 6.29102e+03  1.02836e-03
 6.29128e+03  9.80614e-04
 6.29154e+03  1.08393e-03
 6.29181e+03  1.17627e-03
 6.29207e+03  1.18622e-03
 6.29233e+03  1.09554e-03
 6.29259e+03  1.14871e-03
 6.29285e+03  1.19713e-03
 6.29311e+03  1.05978e-03
 6.29337e+03  9.14100e-04
 6.29363e+03  9.79540e-04
 6.29389e+03  1.02567e-03
 6.29415e+03  1.02143e-03
 6.29441e+03  1.04884e-03
 6.29467e+03  1.11546e-03
 6.29493e+03  1.00427e-03
 6.29519e+03  9.42531e-04
 6.29545e+03  1.11062e-03
 6.29571e+03  9.78647e-04
 6.29597e+03  1.05292e-03
 6.29623e+03  1.00269e-03
 6.29649e+03  1.11585e-03
 6.29675e+03  1.02224e-03
 6.29702e+03  9.65801e-04
 6.29728e+03  9.74641e-04
 6.29754e+03  1.00185e-03
 6.29780e+03  1.08976e-03
 6.29806e+03  1.06924e-03
 6.29832e+03  9.40610e-04
 6.29858e+03  9.42121e-04
 6.29884e+03  9.58254e-04
 6.29910e+03  9.65790e-04
 6.29936e+03  9.58090e-04
 6.29962e+03  9.80345e-04
 6.29988e+03  9.76184e-04
 6.30014e+03  9.37573e-04
