800		0.001237897
799.5		0.001392689
799		0.001480971
798.5		0.001530695
798		0.001430243
797.5		0.001738178
797		0.00147263
796.5		0.001518706
796		0.001560491
795.5		0.001556336
795		0.001529292
794.5		0.00148121
794		0.001651572
793.5		0.001571047
793		0.001556657
792.5		0.001584818
792		0.001595692
791.5		0.001725959
791		0.001599884
790.5		0.001750983
790		0.001681829
789.5		0.00173197
789		0.001721112
788.5		0.001627784
788		0.001805981
787.5		0.001838178
787		0.001772202
786.5		0.001824218
786		0.001880233
785.5		0.00201268
785		0.001958953
784.5		0.001971343
784		0.001975896
783.5		0.001929986
783		0.00194869
782.5		0.002028033
782		0.002115934
781.5		0.002209036
781		0.002220853
780.5		0.002237372
780		0.002200567
779.5		0.002213757
779		0.002275227
778.5		0.002257018
778		0.002434532
777.5		0.002557554
777		0.002470534
776.5		0.002441717
776		0.002623807
775.5		0.002542159
775		0.002655892
774.5		0.002676473
774		0.002699134
773.5		0.00272157
773		0.0028538
772.5		0.002899582
772		0.002909284
771.5		0.002991836
771		0.003033788
770.5		0.003064536
770		0.003131251
769.5		0.003277689
769		0.003473879
768.5		0.003303404
768		0.003449418
767.5		0.003486281
767		0.003567135
766.5		0.003751952
766		0.003843817
765.5		0.003854393
765		0.004031623
764.5		0.004112235
764		0.004037209
763.5		0.004326383
763		0.004281074
762.5		0.004546054
762		0.004685901
761.5		0.004695503
761		0.005033791
760.5		0.005013182
760		0.005049974
759.5		0.005291619
759		0.005235502
758.5		0.005542403
758		0.005780085
757.5		0.005957896
757		0.006113519
756.5		0.006099992
756		0.006384956
755.5		0.006537802
755		0.006735149
754.5		0.007037961
754		0.007356316
753.5		0.007438835
753		0.007621108
752.5		0.007872195
752		0.008133133
751.5		0.008461815
751		0.008677458
750.5		0.009069838
750		0.009320348
749.5		0.009633281
749		0.009881827
748.5		0.010325341
748		0.010688352
747.5		0.011023223
747		0.011639703
746.5		0.011905673
746		0.012265483
745.5		0.012745843
745		0.013211193
744.5		0.013680466
744		0.014172675
743.5		0.014953164
743		0.015438959
742.5		0.016052153
742		0.016676001
741.5		0.017456282
741		0.01813357
740.5		0.018768748
740		0.019809827
739.5		0.020467725
739		0.021336643
738.5		0.022371912
738		0.023224792
737.5		0.02430233
737		0.025563739
736.5		0.026458362
736		0.027760947
735.5		0.029018512
735		0.030387845
734.5		0.031909656
734		0.033422407
733.5		0.035289291
733		0.036842767
732.5		0.038535751
732		0.04056491
731.5		0.042709291
731		0.04482016
730.5		0.047216885
730		0.049714692
729.5		0.052289084
729		0.055121008
728.5		0.058022112
728		0.061269686
727.5		0.06466078
727		0.068240203
726.5		0.072019495
726		0.076025419
725.5		0.080577567
725		0.085342318
724.5		0.090463206
724		0.095825978
723.5		0.10151694
723		0.107653238
722.5		0.114239879
722		0.121775001
721.5		0.129154384
721		0.137598887
720.5		0.146506846
720		0.155986831
719.5		0.166141704
719		0.177304357
718.5		0.189088717
718		0.20206736
717.5		0.216270119
717		0.231223643
716.5		0.247432545
716		0.265334815
715.5		0.284850508
715		0.305280268
714.5		0.328085661
714		0.353053391
713.5		0.379518271
713		0.408482909
712.5		0.439706445
712		0.47461158
711.5		0.512214363
711		0.553720772
710.5		0.598460615
710		0.647219956
709.5		0.701715648
709		0.760587096
708.5		0.824025273
708		0.89517051
707.5		0.974355459
707		1.058520913
706.5		1.152446628
706		1.25637424
705.5		1.370865107
705		1.497923255
704.5		1.63910985
704		1.794686675
703.5		1.96480155
703		2.156453371
702.5		2.368097305
702		2.599808216
701.5		2.863947392
701		3.157450914
700.5		3.477961302
700		3.840705395
699.5		4.240974426
699		4.692615509
698.5		5.193306446
698		5.758292675
697.5		6.388986111
697		7.08002758
696.5		7.866149902
696		8.746220589
695.5		9.708164215
695		10.79867077
694.5		12.01134968
694		13.34317589
693.5		14.82472706
693		16.47054291
692.5		18.30360794
692		20.29584694
691.5		22.52045059
691		24.92612457
690.5		27.48308182
690		30.2983017
689.5		33.311203
689		36.43820953
688.5		39.78302002
688		43.28808594
687.5		46.86332321
687		50.50246811
686.5		54.17567444
686		57.83425522
685.5		61.4305687
685		64.95716095
684.5		68.31138611
684		71.41501617
683.5		74.37336731
683		77.10151672
682.5		79.5269165
682		81.73995209
681.5		83.70011902
681		85.41675568
680.5		86.88922882
680		88.15830994
679.5		89.22470856
679		90.1183548
678.5		90.87596893
678		91.49124908
677.5		91.99417877
677		92.40206909
676.5		92.73949432
676		93.00805664
675.5		93.2157135
675		93.38205719
674.5		93.51924896
674		93.62723541
673.5		93.71401978
673		93.75260162
672.5		93.84213257
672		93.89533234
671.5		93.94168091
671		93.98773956
670.5		94.02616119
670		94.06283569
669.5		94.10482788
669		94.14002991
668.5		94.17881775
668		94.2116394
667.5		94.25395966
667		94.29117584
666.5		94.3164444
666		94.35115051
665.5		94.34958649
665		94.39837646
664.5		94.44378662
664		94.46521759
663.5		94.48158264
663		94.50646973
662.5		94.52472687
662		94.53730774
661.5		94.55938721
661		94.57201385
660.5		94.57950592
660		94.58821869
659.5		94.59939575
659		94.60184479
658.5		94.60607147
658		94.61335754
657.5		94.61043549
657		94.61164856
656.5		94.59785461
656		94.59893036
655.5		94.58876801
655		94.58617401
654.5		94.58042145
654		94.56916046
653.5		94.55591583
653		94.55190277
652.5		94.53979492
652		94.53050232
651.5		94.51748657
651		94.50752258
650.5		94.49186707
650		94.47707367
649.5		94.46852875
649		94.46722412
648.5		94.45444489
648		94.43940735
647.5		94.42773438
647		94.41811371
646.5		94.40540314
646		94.39182281
645.5		94.39295959
645		94.38143921
644.5		94.37503815
644		94.36299896
643.5		94.36315155
643		94.36194611
642.5		94.36284637
642		94.32600403
641.5		94.35485077
641		94.35562134
640.5		94.35516357
640		94.35871887
639.5		94.36643982
639		94.36004639
638.5		94.36911011
638		94.3759079
637.5		94.38350677
637		94.35144043
636.5		94.39344788
636		94.4074173
635.5		94.40233612
635		94.41055298
634.5		94.41041565
634		94.4140625
633.5		94.41622925
633		94.40876007
632.5		94.40856934
632		94.40428925
631.5		94.39661407
631		94.38064575
630.5		94.36676025
630		94.35433197
629.5		94.32653046
629		94.3093338
628.5		94.28440857
628		94.25003052
627.5		94.21331787
627		94.17998505
626.5		94.13703918
626		94.09713745
625.5		94.04902649
625		94.00198364
624.5		93.95023346
624		93.899086
623.5		93.84368896
623		93.78632355
622.5		93.72381592
622		93.6717453
621.5		93.59967804
621		93.54099274
620.5		93.4740448
620		93.41203308
619.5		93.35025787
619		93.29450989
618.5		93.23729706
618		93.17642975
617.5		93.1322403
617		93.0738678
616.5		92.99652863
616		92.96746826
615.5		92.9444809
615		92.90228271
614.5		92.86106873
614		92.83426666
613.5		92.79656982
613		92.77389526
612.5		92.75424194
612		92.73802185
611.5		92.72593689
611		92.70153046
610.5		92.66594696
610		92.65778351
609.5		92.65679932
609		92.6546936
608.5		92.65091705
608		92.65372467
607.5		92.65655518
607		92.65328217
606.5		92.65378571
606		92.65374756
605.5		92.65115356
605		92.64653778
604.5		92.65105438
604		92.64427185
603.5		92.62761688
603		92.64922333
602.5		92.63667297
602		92.61457825
601.5		92.5914917
601		92.55786133
600.5		92.52911377
600		92.48944092
599.5		92.43808746
599		92.39040375
598.5		92.33541107
598		92.27986908
597.5		92.22219849
597		92.14737701
596.5		92.04256439
596		91.99858093
595.5		91.92314148
595		91.80046844
594.5		91.74520111
594		91.66256714
593.5		91.53285217
593		91.46788788
592.5		91.37405396
592		91.27259064
591.5		91.16802979
591		91.06536865
590.5		90.95398712
590		90.80911255
589.5		90.73434448
589		90.62045288
588.5		90.50615692
588		90.37998199
587.5		90.25367737
587		90.12776947
586.5		90.0062027
586		89.86094666
585.5		89.72048187
585		89.58301544
584.5		89.42483521
584		89.26017761
583.5		89.09679413
583		88.9188385
582.5		88.73430634
582		88.53911591
581.5		88.33415222
581		88.11777496
580.5		87.87733459
580		87.63878632
579.5		87.38748169
579		87.11722565
578.5		86.84166718
578		86.53410339
577.5		86.20920563
577		85.87503052
576.5		85.48751831
576		85.14691925
575.5		84.77002716
575		84.35686493
574.5		83.93260193
574		83.48133087
573.5		83.00579834
573		82.52043152
572.5		81.99739838
572		81.44752502
571.5		80.85335541
571		80.28475952
570.5		79.68308258
570		79.03334808
569.5		78.38223267
569		77.66200256
568.5		76.92673492
568		76.1516571
567.5		75.34957123
567		74.51571655
566.5		73.641922
566		72.72846222
565.5		71.78192902
565		70.7832489
564.5		69.73735809
564		68.66412354
563.5		67.5306015
563		66.34492493
562.5		65.11943817
562		63.83010864
561.5		62.49544525
561		61.09870148
560.5		59.66995239
560		58.16475296
559.5		56.62037659
559		55.03998947
558.5		53.36177826
558		51.65339279
557.5		49.92393875
557		48.13783646
556.5		46.302742
556		44.44494629
555.5		42.53327179
555		40.6039505
554.5		38.65849686
554		36.72776031
553.5		34.76055145
553		32.80400467
552.5		30.8683567
552		28.90678596
551.5		26.98082352
551		25.12875557
550.5		23.2827816
550		21.47669029
549.5		19.73802376
549		18.04751968
548.5		16.4135685
548		14.86854744
547.5		13.39814949
547		12.00721931
546.5		10.69621849
546		9.475448608
545.5		8.325210571
545		7.269752979
544.5		6.322366714
544		5.44934082
543.5		4.662846565
543		3.969496965
542.5		3.346003294
542		2.795801878
541.5		2.31992054
541		1.911711097
540.5		1.558184505
540		1.258584142
539.5		1.008116245
539		0.796230495
538.5		0.624700785
538		0.487531573
537.5		0.374783933
537		0.28568393
536.5		0.216584563
536		0.162016377
535.5		0.120260134
535		0.088755444
534.5		0.065457255
534		0.048062079
533.5		0.035278719
533		0.025991851
532.5		0.019461492
532		0.014731231
531.5		0.011646987
531		0.009367345
530.5		0.007925248
530		0.006857689
529.5		0.006263945
529		0.005855896
528.5		0.005467507
528		0.005328556
527.5		0.005182977
527		0.005178381
526.5		0.005268005
526		0.005158338
525.5		0.005106053
525		0.005187998
524.5		0.005198012
524		0.005140467
523.5		0.005168596
523		0.005115019
522.5		0.005218865
522		0.005132811
521.5		0.005148176
521		0.005135035
520.5		0.005176144
520		0.005119779
519.5		0.005167928
519		0.005106237
518.5		0.005141872
518		0.005246494
517.5		0.005198741
517		0.005178273
516.5		0.005175536
516		0.005161606
515.5		0.005120366
515		0.005208693
514.5		0.005170223
514		0.005176735
513.5		0.005199063
513		0.005168783
512.5		0.00510555
512		0.005151668
511.5		0.005079136
511		0.005086198
510.5		0.005190952
510		0.005182649
509.5		0.0052321
509		0.005174594
508.5		0.00510697
508		0.005172101
507.5		0.005077642
507		0.005023696
506.5		0.005067216
506		0.005023044
505.5		0.0050861
505		0.005169028
504.5		0.005227328
504		0.005116974
503.5		0.005211125
503		0.005091598
502.5		0.005117644
502		0.005017178
501.5		0.005046643
501		0.005070664
500.5		0.005114242
500		0.00513299
499.5		0.005086916
499		0.005113205
498.5		0.005075218
498		0.005090988
497.5		0.005111569
497		0.00501421
496.5		0.005078373
496		0.005058879
495.5		0.005109417
495		0.004996632
494.5		0.00502381
494		0.005268065
493.5		0.005107672
493		0.005061667
492.5		0.005091369
492		0.005178026
491.5		0.005047919
491		0.005029838
490.5		0.005118641
490		0.005041165
489.5		0.005056467
489		0.005024469
488.5		0.004878945
488		0.005078992
487.5		0.005012963
487		0.005064389
486.5		0.005050348
486		0.004930263
485.5		0.005022887
485		0.0049244
484.5		0.004822788
484		0.004874858
483.5		0.004890921
483		0.004849008
482.5		0.004875954
482		0.004866693
481.5		0.004771415
481		0.004828339
480.5		0.00487517
480		0.004770578
479.5		0.004828268
479		0.004801338
478.5		0.004809552
478		0.004787313
477.5		0.004703802
477		0.004692794
476.5		0.004801644
476		0.004738715
475.5		0.004689961
475		0.004587157
474.5		0.004773282
474		0.004643172
473.5		0.004653314
473		0.004566375
472.5		0.004583191
472		0.004525873
471.5		0.004489284
471		0.004528929
470.5		0.004500838
470		0.004471965
469.5		0.004445344
469		0.004428109
468.5		0.004326437
468		0.004362011
467.5		0.004325998
467		0.004358782
466.5		0.00428569
466		0.004312061
465.5		0.004274802
465		0.004206088
464.5		0.00421855
464		0.00435169
463.5		0.004331614
463		0.004278788
462.5		0.004222365
462		0.004379282
461.5		0.00430759
461		0.004236592
460.5		0.004286882
460		0.004281887
459.5		0.004226909
459		0.004379631
458.5		0.004305949
458		0.004191685
457.5		0.004186873
457		0.004205005
456.5		0.004088336
456		0.004149567
455.5		0.004003563
455		0.0040084
454.5		0.004083402
454		0.003872107
453.5		0.003954743
453		0.003786247
452.5		0.00382908
452		0.003792795
451.5		0.003863744
451		0.003922406
450.5		0.003897661
450		0.0039589
