   5313.128      3.5652460E-04
   5316.363      3.6180933E-04
   5319.598      3.6808182E-04
   5322.833      3.7514200E-04
   5326.068      3.8276296E-04
   5329.303      3.9074078E-04
   5332.539      3.9892108E-04
   5335.774      4.0720418E-04
   5339.010      4.1553375E-04
   5342.246      4.2388216E-04
   5345.482      4.3223737E-04
   5348.718      4.4059474E-04
   5351.955      4.4895217E-04
   5355.191      4.5730954E-04
   5358.428      4.6566690E-04
   5361.665      4.7402436E-04
   5364.901      4.8238170E-04
   5368.139      4.9073913E-04
   5371.375      4.9909658E-04
   5374.613      5.0745381E-04
   5377.851      5.1581120E-04
   5381.088      5.2416866E-04
   5384.326      5.3252612E-04
   5387.564      5.4088351E-04
   5390.802      5.4924085E-04
   5394.040      5.5759825E-04
   5397.278      5.6595571E-04
   5400.517      5.7431310E-04
   5403.755      5.8267044E-04
   5406.994      5.9102778E-04
   5410.233      5.9938518E-04
   5413.472      6.0774258E-04
   5416.711      6.1609998E-04
   5419.951      6.2445737E-04
   5423.190      6.3281471E-04
   5426.430      6.4117223E-04
   5429.669      6.4952963E-04
   5432.909      6.5788702E-04
   5436.149      6.6624442E-04
   5439.389      6.7460176E-04
   5442.630      6.8295927E-04
   5445.870      6.9131661E-04
   5449.111      6.9967407E-04
   5452.352      7.0803135E-04
   5455.592      7.1638875E-04
   5458.833      7.2474609E-04
   5462.074      7.3310354E-04
   5465.315      7.4146088E-04
   5468.557      7.4981828E-04
   5471.798      7.5817574E-04
   5475.040      7.6653314E-04
   5478.282      7.7489048E-04
   5481.524      7.8324793E-04
   5484.766      7.9160533E-04
   5488.008      7.9996261E-04
   5491.250      8.0832007E-04
   5494.493      8.1667746E-04
   5497.736      8.2503486E-04
   5500.979      8.3339220E-04
   5504.222      8.4174954E-04
   5507.465      8.5010700E-04
   5510.708      8.5846445E-04
   5513.951      8.6682179E-04
   5517.195      8.7517931E-04
   5520.438      8.8353653E-04
   5523.682      8.9189393E-04
   5526.926      9.0025144E-04
   5530.170      9.0860884E-04
   5533.414      9.1696612E-04
   5536.658      9.2532352E-04
   5539.903      9.3368103E-04
   5543.147      9.4203843E-04
   5546.392      9.5039577E-04
   5549.637      9.5875311E-04
   5552.882      9.6711051E-04
   5556.127      9.7546790E-04
   5559.372      9.8382530E-04
   5562.618      9.9218276E-04
   5565.863      1.0005401E-03
   5569.108      1.0088976E-03
   5572.354      1.0172548E-03
   5575.600      1.0256121E-03
   5578.846      1.0339698E-03
   5582.092      1.0423270E-03
   5585.339      1.0506846E-03
   5588.585      1.0590419E-03
   5591.832      1.0673993E-03
   5595.079      1.0757566E-03
   5598.325      1.0841141E-03
   5601.572      1.0924714E-03
   5604.819      1.1008288E-03
   5608.067      1.1091861E-03
   5611.314      1.1175438E-03
   5614.562      1.1259011E-03
   5617.809      1.1342583E-03
   5621.057      1.1426157E-03
   5624.305      1.1509730E-03
   5627.553      1.1593307E-03
   5630.801      1.1676881E-03
   5634.049      1.1760455E-03
   5637.298      1.1844027E-03
   5640.546      1.1927601E-03
   5643.795      1.2011174E-03
   5647.044      1.2094751E-03
   5650.293      1.2178322E-03
   5653.542      1.2261899E-03
   5656.791      1.2345472E-03
   5660.041      1.2429045E-03
   5663.290      1.2512619E-03
   5666.540      1.2596193E-03
   5669.790      1.2679767E-03
   5673.039      1.2763343E-03
   5676.289      1.2846914E-03
   5679.540      1.2930487E-03
   5682.790      1.3014064E-03
   5686.040      1.3097635E-03
   5689.291      1.3181211E-03
   5692.541      1.3264783E-03
   5695.792      1.3348357E-03
   5699.043      1.3431931E-03
   5702.294      1.3515506E-03
   5705.545      1.3599079E-03
   5708.796      1.3682657E-03
   5712.048      1.3766228E-03
   5715.299      1.3849802E-03
   5718.551      1.3933376E-03
   5721.803      1.4016948E-03
   5725.055      1.4100524E-03
   5728.307      1.4184096E-03
   5731.559      1.4267670E-03
   5734.812      1.4351245E-03
   5738.064      1.4434821E-03
   5741.316      1.4518393E-03
   5744.569      1.4601969E-03
   5747.822      1.4685541E-03
   5751.075      1.4769115E-03
   5754.328      1.4852688E-03
   5757.581      1.4936263E-03
   5760.834      1.5019837E-03
   5764.088      1.5103410E-03
   5767.342      1.5186983E-03
   5770.595      1.5270559E-03
   5773.849      1.5354133E-03
   5777.103      1.5437707E-03
   5780.357      1.5521281E-03
   5783.611      1.5604853E-03
   5786.866      1.5688428E-03
   5790.121      1.5772001E-03
   5793.375      1.5855578E-03
   5796.630      1.5939152E-03
   5799.885      1.6022724E-03
   5803.140      1.6106300E-03
   5806.395      1.6189871E-03
   5809.650      1.6273445E-03
   5812.905      1.6357019E-03
   5816.161      1.6440592E-03
   5819.417      1.6524168E-03
   5822.672      1.6607741E-03
   5825.928      1.6691313E-03
   5829.184      1.6774889E-03
   5832.440      1.6858464E-03
   5835.696      1.6942038E-03
   5838.953      1.7025612E-03
   5842.209      1.7109185E-03
   5845.466      1.7192758E-03
   5848.722      1.7276335E-03
   5851.979      1.7359906E-03
   5855.236      1.7443480E-03
   5858.493      1.7527055E-03
   5861.750      1.7610627E-03
   5865.008      1.7694203E-03
   5868.265      1.7777776E-03
   5871.523      1.7861351E-03
   5874.780      1.7944926E-03
   5878.038      1.8028498E-03
   5881.296      1.8112073E-03
   5884.554      1.8195646E-03
   5887.813      1.8279218E-03
   5891.071      1.8362794E-03
   5894.329      1.8446367E-03
   5897.588      1.8529942E-03
   5900.847      1.8613515E-03
   5904.105      1.8697090E-03
   5907.364      1.8780665E-03
   5910.623      1.8864237E-03
   5913.882      1.8947812E-03
   5917.142      1.9031385E-03
   5920.401      1.9114959E-03
   5923.661      1.9198533E-03
   5926.920      1.9282107E-03
   5930.180      1.9365684E-03
   5933.440      1.9449256E-03
   5936.700      1.9532829E-03
   5939.960      1.9616405E-03
   5943.220      1.9699978E-03
   5946.480      1.9783552E-03
   5949.741      1.9867120E-03
   5953.001      1.9950699E-03
   5956.262      2.0034274E-03
   5959.523      2.0117848E-03
   5962.784      2.0201423E-03
   5966.045      2.0284993E-03
   5969.306      2.0368567E-03
   5972.567      2.0452139E-03
   5975.829      2.0535719E-03
   5979.090      2.0619296E-03
   5982.352      2.0702865E-03
   5985.614      2.0788920E-03
   5988.876      2.0878366E-03
   5992.138      2.0978572E-03
   5995.400      2.1100715E-03
   5998.662      2.1273028E-03
   6001.924      2.1525272E-03
   6005.187      2.1902833E-03
   6008.450      2.2446180E-03
   6011.712      2.3184766E-03
   6014.975      2.4115085E-03
   6018.238      2.5188674E-03
   6021.501      2.6308713E-03
   6024.764      2.7325398E-03
   6028.028      2.8071818E-03
   6031.291      2.8412810E-03
   6034.555      2.8308255E-03
   6037.818      2.7853518E-03
   6041.082      2.7253870E-03
   6044.346      2.6720690E-03
   6047.610      2.6390564E-03
   6050.874      2.6267264E-03
   6054.138      2.6266051E-03
   6057.402      2.6271578E-03
   6060.667      2.6223860E-03
   6063.932      2.6115833E-03
   6067.196      2.5985504E-03
   6070.461      2.5867301E-03
   6073.726      2.5793880E-03
   6076.991      2.5774608E-03
   6080.256      2.5817594E-03
   6083.521      2.5918656E-03
   6086.787      2.6065856E-03
   6090.052      2.6238249E-03
   6093.318      2.6412236E-03
   6096.583      2.6594112E-03
   6099.849      2.6816949E-03
   6103.115      2.7135855E-03
   6106.381      2.7596047E-03
   6109.647      2.8196094E-03
   6112.914      2.8865477E-03
   6116.180      2.9496809E-03
   6119.446      2.9980252E-03
   6122.713      3.0271115E-03
   6125.979      3.0403174E-03
   6129.247      3.0451282E-03
   6132.514      3.0459180E-03
   6135.780      3.0425992E-03
   6139.048      3.0307111E-03
   6142.315      3.0085216E-03
   6145.583      2.9800166E-03
   6148.850      2.9527105E-03
   6152.117      2.9324184E-03
   6155.385      2.9180383E-03
   6158.653      2.9013620E-03
   6161.921      2.8717620E-03
   6165.189      2.8238881E-03
   6168.457      2.7604217E-03
   6171.726      2.6923341E-03
   6174.994      2.6350548E-03
   6178.262      2.6023025E-03
   6181.531      2.6017670E-03
   6184.799      2.6335665E-03
   6188.068      2.6894482E-03
   6191.337      2.7567171E-03
   6194.606      2.8223360E-03
   6197.875      2.8758303E-03
   6201.145      2.9109162E-03
   6204.414      2.9249853E-03
   6207.684      2.9173708E-03
   6210.953      2.8900327E-03
   6214.223      2.8465288E-03
   6217.493      2.7929775E-03
   6220.762      2.7397790E-03
   6224.033      2.6989917E-03
   6227.303      2.6820758E-03
   6230.573      2.6984103E-03
   6233.843      2.7527283E-03
   6237.114      2.8443583E-03
   6240.384      2.9657055E-03
   6243.655      3.1024348E-03
   6246.926      3.2361201E-03
   6250.196      3.3505850E-03
   6253.467      3.4380550E-03
   6256.738      3.5006381E-03
   6260.010      3.5467651E-03
   6263.281      3.5845921E-03
   6266.552      3.6176401E-03
   6269.824      3.6447351E-03
   6273.096      3.6651953E-03
   6276.367      3.6784171E-03
   6279.639      3.6858278E-03
   6282.911      3.6871757E-03
   6286.183      3.6808318E-03
   6289.455      3.6661723E-03
   6292.728      3.6462590E-03
   6296.000      3.6302973E-03
   6299.272      3.6307797E-03
   6302.545      3.6566476E-03
   6305.817      3.7097605E-03
   6309.090      3.7820246E-03
   6312.363      3.8585623E-03
   6315.636      3.9226301E-03
   6318.909      3.9609903E-03
   6322.183      3.9692880E-03
   6325.456      3.9523789E-03
   6328.729      3.9218864E-03
   6332.002      3.8918438E-03
   6335.276      3.8729622E-03
   6338.550      3.8721832E-03
   6341.824      3.8935165E-03
   6345.098      3.9381087E-03
   6348.372      4.0068710E-03
   6351.646      4.0977360E-03
   6354.920      4.2054271E-03
   6358.194      4.3213936E-03
   6361.469      4.4352459E-03
   6364.743      4.5364774E-03
   6368.018      4.6164664E-03
   6371.293      4.6709273E-03
   6374.568      4.7016907E-03
   6377.843      4.7151390E-03
   6381.118      4.7209403E-03
   6384.393      4.7279075E-03
   6387.668      4.7413902E-03
   6390.943      4.7653164E-03
   6394.219      4.8012808E-03
   6397.494      4.8498395E-03
   6400.770      4.9091526E-03
   6404.046      4.9740300E-03
   6407.322      5.0378256E-03
   6410.598      5.0944532E-03
   6413.874      5.1402235E-03
   6417.150      5.1744105E-03
   6420.426      5.1995823E-03
   6423.703      5.2215364E-03
   6426.979      5.2478532E-03
   6430.255      5.2850414E-03
   6433.532      5.3348430E-03
   6436.809      5.3953882E-03
   6440.086      5.4640369E-03
   6443.363      5.5421949E-03
   6446.640      5.6345002E-03
   6449.917      5.7444195E-03
   6453.194      5.8676340E-03
   6456.472      5.9937946E-03
   6459.749      6.1120274E-03
   6463.026      6.2176050E-03
   6466.304      6.3150981E-03
   6469.582      6.4144540E-03
   6472.860      6.5251808E-03
   6476.138      6.6518323E-03
   6479.416      6.7951381E-03
   6482.694      6.9523570E-03
   6485.972      7.1201976E-03
   6489.250      7.2960053E-03
   6492.529      7.4772630E-03
   6495.808      7.6630628E-03
   6499.086      7.8575714E-03
   6502.365      8.0694593E-03
   6505.644      8.3108041E-03
   6508.922      8.5912477E-03
   6512.202      8.9132171E-03
   6515.480      9.2708785E-03
   6518.760      9.6537108E-03
   6522.039      1.0051034E-02
   6525.318      1.0457554E-02
   6528.598      1.0873166E-02
   6531.877      1.1303841E-02
   6535.157      1.1758914E-02
   6538.437      1.2248565E-02
   6541.717      1.2781486E-02
   6544.997      1.3361798E-02
   6548.277      1.3988317E-02
   6551.557      1.4655204E-02
   6554.837      1.5357889E-02
   6558.118      1.6095510E-02
   6561.398      1.6872393E-02
   6564.679      1.7696274E-02
   6567.959      1.8572973E-02
   6571.240      1.9502208E-02
   6574.521      2.0479571E-02
   6577.802      2.1499489E-02
   6581.083      2.2558579E-02
   6584.364      2.3659127E-02
   6587.645      2.4808239E-02
   6590.926      2.6014550E-02
   6594.208      2.7284494E-02
   6597.489      2.8617209E-02
   6600.771      3.0004494E-02
   6604.052      3.1431817E-02
   6607.334      3.2884810E-02
   6610.616      3.4354143E-02
   6613.898      3.5838697E-02
   6617.180      3.7345186E-02
   6620.462      3.8886517E-02
   6623.745      4.0476028E-02
   6627.027      4.2122256E-02
   6630.309      4.3825980E-02
   6633.592      4.5581430E-02
   6636.874      4.7382686E-02
   6640.157      4.9230576E-02
   6643.439      5.1133104E-02
   6646.723      5.3100668E-02
   6650.005      5.5140544E-02
   6653.289      5.7252027E-02
   6656.572      5.9427220E-02
   6659.855      6.1655864E-02
   6663.138      6.3933201E-02
   6666.421      6.6264451E-02
   6669.705      6.8666793E-02
   6672.989      7.1162328E-02
   6676.272      7.3765814E-02
   6679.556      7.6475941E-02
   6682.840      7.9275973E-02
   6686.124      8.2144409E-02
   6689.408      8.5067824E-02
   6692.692      8.8044927E-02
   6695.976      9.1085531E-02
   6699.260      9.4197541E-02
   6702.545      9.7380750E-02
   6705.829      0.1006244    
   6709.114      0.1039138    
   6712.398      0.1072409    
   6715.683      0.1106147    
   6718.968      0.1140615    
   6722.253      0.1176186    
   6725.538      0.1213190    
   6728.823      0.1251718    
   6732.108      0.1291535    
   6735.394      0.1332130    
   6738.679      0.1372939    
   6741.964      0.1413633    
   6745.250      0.1454359    
   6748.536      0.1495769    
   6751.821      0.1538808    
   6755.107      0.1584338    
   6758.393      0.1632790    
   6761.679      0.1683995    
   6764.965      0.1737268    
   6768.251      0.1791707    
   6771.537      0.1846568    
   6774.824      0.1901511    
   6778.110      0.1956623    
   6781.396      0.2012268    
   6784.683      0.2068854    
   6787.970      0.2126658    
   6791.256      0.2185802    
   6794.543      0.2246278    
   6797.830      0.2308052    
   6801.117      0.2371099    
   6804.404      0.2435417    
   6807.691      0.2501042    
   6810.979      0.2568026    
   6814.266      0.2636415    
   6817.554      0.2706201    
   6820.841      0.2777274    
   6824.128      0.2849457    
   6827.416      0.2922543    
   6830.704      0.2996405    
   6833.992      0.3070947    
   6837.280      0.3146073    
   6840.568      0.3221599    
   6843.856      0.3297252    
   6847.144      0.3372768    
   6850.432      0.3448001    
   6853.721      0.3523049    
   6857.009      0.3598276    
   6860.297      0.3674304    
   6863.586      0.3751779    
   6866.875      0.3831134    
   6870.164      0.3912337    
   6873.452      0.3994837    
   6876.741      0.4077716    
   6880.030      0.4160016    
   6883.319      0.4241073    
   6886.608      0.4320643    
   6889.898      0.4398776    
   6893.187      0.4475627    
   6896.477      0.4551230    
   6899.766      0.4625458    
   6903.056      0.4698097    
   6906.345      0.4768999    
   6909.635      0.4838142    
   6912.925      0.4905633    
   6916.214      0.4971692    
   6919.504      0.5036535    
   6922.794      0.5100299    
   6926.085      0.5162872    
   6929.375      0.5223836    
   6932.665      0.5282535    
   6935.956      0.5338364    
   6939.246      0.5391052    
   6942.537      0.5440751    
   6945.827      0.5487925    
   6949.118      0.5533065    
   6952.409      0.5576501    
   6955.699      0.5618312    
   6958.990      0.5658436    
   6962.281      0.5696735    
   6965.572      0.5732968    
   6968.864      0.5766829    
   6972.155      0.5797986    
   6975.446      0.5826211    
   6978.737      0.5851474    
   6982.029      0.5873971    
   6985.321      0.5894067    
   6988.612      0.5912252    
   6991.904      0.5929056    
   6995.196      0.5944906    
   6998.487      0.5960028    
   7001.779      0.5974385    
   7005.071      0.5987684    
   7008.363      0.5999540    
   7011.656      0.6009513    
   7014.948      0.6017290    
   7018.240      0.6022772    
   7021.533      0.6026171    
   7024.825      0.6027988    
   7028.118      0.6028889    
   7031.410      0.6029454    
   7034.703      0.6030098    
   7037.996      0.6031051    
   7041.289      0.6032403    
   7044.582      0.6034119    
   7047.875      0.6035907    
   7051.167      0.6037265    
   7054.460      0.6037564    
   7057.754      0.6036304    
   7061.047      0.6033242    
   7064.341      0.6028523    
   7067.634      0.6022533    
   7070.928      0.6015839    
   7074.221      0.6009042    
   7077.515      0.6002583    
   7080.809      0.5996631    
   7084.103      0.5991088    
   7087.396      0.5985619    
   7090.690      0.5979874    
   7093.984      0.5973566    
   7097.278      0.5966491    
   7100.573      0.5958582    
   7103.867      0.5949869    
   7107.161      0.5940462    
   7110.456      0.5930572    
   7113.750      0.5920567    
   7117.044      0.5910947    
   7120.339      0.5902362    
   7123.634      0.5895374    
   7126.929      0.5890282    
   7130.223      0.5886957    
   7133.518      0.5884907    
   7136.813      0.5883425    
   7140.108      0.5881811    
   7143.403      0.5879416    
   7146.699      0.5875825    
   7149.994      0.5870875    
   7153.289      0.5864688    
   7156.584      0.5857649    
   7159.880      0.5850297    
   7163.176      0.5843239    
   7166.471      0.5837112    
   7169.767      0.5832527    
   7173.063      0.5829926    
   7176.358      0.5829454    
   7179.654      0.5830790    
   7182.950      0.5833131    
   7186.247      0.5835420    
   7189.542      0.5836704    
   7192.838      0.5836452    
   7196.135      0.5834702    
   7199.431      0.5831892    
   7202.728      0.5828529    
   7206.024      0.5824867    
   7209.320      0.5820791    
   7212.617      0.5815930    
   7215.914      0.5809953    
   7219.210      0.5802773    
   7222.507      0.5794706    
   7225.804      0.5786266    
   7229.101      0.5777903    
   7232.398      0.5769777    
   7235.695      0.5761684    
   7238.992      0.5753230    
   7242.290      0.5743968    
   7245.587      0.5733601    
   7248.884      0.5722075    
   7252.182      0.5709682    
   7255.479      0.5697008    
   7258.776      0.5684739    
   7262.074      0.5673401    
   7265.372      0.5663072    
   7268.669      0.5653394    
   7271.967      0.5643747    
   7275.265      0.5633563    
   7278.563      0.5622591    
   7281.861      0.5610952    
   7285.159      0.5598974    
   7288.457      0.5586978    
   7291.755      0.5575048    
   7295.054      0.5563038    
   7298.352      0.5550743    
   7301.650      0.5538055    
   7304.949      0.5525041    
   7308.247      0.5511850    
   7311.546      0.5498589    
   7314.845      0.5485227    
   7318.143      0.5471501    
   7321.442      0.5457001    
   7324.741      0.5441248    
   7328.040      0.5423887    
   7331.339      0.5404851    
   7334.638      0.5384457    
   7337.937      0.5363337    
   7341.236      0.5342203    
   7344.535      0.5321609    
   7347.834      0.5301818    
   7351.134      0.5282807    
   7354.433      0.5264440    
   7357.733      0.5246600    
   7361.032      0.5229186    
   7364.332      0.5212122    
   7367.631      0.5195226    
   7370.931      0.5178154    
   7374.231      0.5160447    
   7377.531      0.5141662    
   7380.831      0.5121565    
   7384.131      0.5100264    
   7387.431      0.5078278    
   7390.731      0.5056366    
   7394.031      0.5035268    
   7397.332      0.5015420    
   7400.632      0.4996832    
   7403.932      0.4979111    
   7407.232      0.4961671    
   7410.533      0.4943984    
   7413.833      0.4925770    
   7417.134      0.4907074    
   7420.435      0.4888149    
   7423.735      0.4869339    
   7427.036      0.4850848    
   7430.337      0.4832681    
   7433.638      0.4814663    
   7436.938      0.4796575    
   7440.240      0.4778345    
   7443.541      0.4760137    
   7446.842      0.4742279    
   7450.143      0.4725134    
   7453.444      0.4708924    
   7456.746      0.4693631    
   7460.047      0.4678970    
   7463.348      0.4664476    
   7466.650      0.4649631    
   7469.951      0.4633986    
   7473.253      0.4617212    
   7476.555      0.4599131    
   7479.856      0.4579727    
   7483.158      0.4559148    
   7486.460      0.4537702    
   7489.762      0.4515757    
   7493.063      0.4493566    
   7496.366      0.4471107    
   7499.667      0.4448029    
   7502.970      0.4423756    
   7506.272      0.4397740    
   7509.574      0.4369599    
   7512.876      0.4339215    
   7516.179      0.4306616    
   7519.481      0.4271889    
   7522.784      0.4235069    
   7526.086      0.4196187    
   7529.389      0.4155348    
   7532.691      0.4112741    
   7535.994      0.4068566    
   7539.296      0.4022883    
   7542.599      0.3975504    
   7545.902      0.3926031    
   7549.205      0.3873982    
   7552.508      0.3818987    
   7555.811      0.3760927    
   7559.114      0.3699917    
   7562.417      0.3636174    
   7565.720      0.3569874    
   7569.023      0.3501028    
   7572.327      0.3429550    
   7575.630      0.3355414    
   7578.934      0.3278862    
   7582.237      0.3200513    
   7585.541      0.3121192    
   7588.844      0.3041677    
   7592.147      0.2962391    
   7595.451      0.2883328    
   7598.755      0.2804158    
   7602.059      0.2724539    
   7605.363      0.2644322    
   7608.667      0.2563627    
   7611.970      0.2482727    
   7615.274      0.2401890    
   7618.578      0.2321281    
   7621.882      0.2240974    
   7625.187      0.2161009    
   7628.491      0.2081516    
   7631.795      0.2002814    
   7635.099      0.1925446    
   7638.403      0.1850043    
   7641.708      0.1777165    
   7645.012      0.1707119    
   7648.317      0.1639903    
   7651.621      0.1575253    
   7654.926      0.1512812    
   7658.230      0.1452280    
   7661.535      0.1393505    
   7664.840      0.1336494    
   7668.145      0.1281359    
   7671.450      0.1228233    
   7674.754      0.1177217    
   7678.060      0.1128395    
   7681.364      0.1081830    
   7684.669      0.1037563    
   7687.975      9.9557780E-02
   7691.280      9.5577300E-02
   7694.585      9.1797233E-02
   7697.890      8.8197134E-02
   7701.195      8.4757045E-02
   7704.500      8.1460856E-02
   7707.806      7.8293920E-02
   7711.111      7.5242564E-02
   7714.417      7.2294481E-02
   7717.723      6.9442086E-02
   7721.028      6.6683546E-02
   7724.333      6.4022690E-02
   7727.640      6.1465017E-02
   7730.945      5.9015300E-02
   7734.251      5.6677427E-02
   7737.557      5.4454599E-02
   7740.863      5.2348476E-02
   7744.168      5.0359540E-02
   7747.474      4.8484080E-02
   7750.780      4.6713386E-02
   7754.086      4.5032602E-02
   7757.393      4.3425221E-02
   7760.699      4.1875504E-02
   7764.005      4.0374763E-02
   7767.311      3.8923591E-02
   7770.617      3.7530802E-02
   7773.924      3.6208916E-02
   7777.230      3.4968521E-02
   7780.537      3.3814520E-02
   7783.843      3.2743558E-02
   7787.149      3.1747803E-02
   7790.456      3.0820310E-02
   7793.763      2.9959474E-02
   7797.069      2.9168263E-02
   7800.376      2.8447142E-02
   7803.683      2.7788576E-02
   7806.990      2.7173690E-02
   7810.296      2.6577540E-02
   7813.603      2.5976570E-02
   7816.910      2.5356764E-02
   7820.217      2.4718571E-02
   7823.524      2.4073500E-02
   7826.831      2.3437720E-02
   7830.138      2.2824451E-02
   7833.445      2.2242438E-02
   7836.753      2.1693207E-02
   7840.060      2.1173161E-02
   7843.367      2.0673482E-02
   7846.674      2.0180369E-02
   7849.982      1.9679215E-02
   7853.289      1.9162940E-02
   7856.597      1.8637192E-02
   7859.904      1.8119659E-02
   7863.212      1.7634287E-02
   7866.520      1.7200755E-02
   7869.827      1.6829368E-02
   7873.134      1.6519971E-02
   7876.442      1.6263651E-02
   7879.750      1.6046003E-02
   7883.058      1.5848543E-02
   7886.366      1.5650999E-02
   7889.673      1.5435449E-02
   7892.981      1.5191139E-02
   7896.290      1.4919121E-02
   7899.597      1.4630510E-02
   7902.905      1.4341957E-02
   7906.213      1.4066390E-02
   7909.521      1.3809032E-02
   7912.830      1.3564921E-02
   7916.138      1.3324899E-02
   7919.446      1.3081077E-02
   7922.754      1.2832909E-02
   7926.063      1.2587680E-02
   7929.371      1.2357825E-02
   7932.679      1.2153513E-02
   7935.988      1.1978176E-02
   7939.296      1.1826335E-02
   7942.605      1.1687477E-02
   7945.914      1.1552347E-02
   7949.222      1.1417238E-02
   7952.531      1.1284276E-02
   7955.839      1.1158420E-02
   7959.148      1.1042373E-02
   7962.457      1.0934173E-02
   7965.766      1.0826978E-02
   7969.074      1.0711426E-02
   7972.383      1.0579802E-02
   7975.692      1.0428257E-02
   7979.001      1.0260417E-02
   7982.310      1.0088397E-02
   7985.619      9.9296244E-03
   7988.928      9.8016514E-03
   7992.237      9.7154295E-03
   7995.546      9.6680876E-03
   7998.855      9.6430881E-03
   8002.165      9.6165072E-03
   8005.474      9.5674507E-03
   8008.783      9.4880480E-03
   8012.093      9.3880976E-03
   8015.402      9.2882682E-03
   8018.711      9.2100734E-03
   8022.021      9.1651473E-03
   8025.330      9.1496985E-03
   8028.640      9.1479532E-03
   8031.949      9.1394149E-03
   8035.259      9.1079231E-03
   8038.568      9.0473713E-03
   8041.878      8.9616068E-03
   8045.188      8.8610966E-03
   8048.498      8.7557379E-03
   8051.807      8.6495597E-03
   8055.117      8.5384585E-03
   8058.427      8.4152892E-03
   8061.737      8.2764542E-03
   8065.046      8.1278840E-03
   8068.356      7.9860725E-03
   8071.667      7.8696348E-03
   8074.977      7.7893562E-03
   8078.287      7.7421209E-03
   8081.596      7.7120294E-03
   8084.907      7.6797679E-03
   8088.217      7.6322430E-03
   8091.527      7.5664367E-03
   8094.837      7.4869641E-03
   8098.147      7.4019637E-03
   8101.458      7.3194667E-03
   8104.768      7.2465776E-03
   8108.078      7.1866987E-03
   8111.389      7.1375165E-03
   8114.699      7.0894877E-03
   8118.009      7.0277858E-03
   8121.320      6.9403425E-03
   8124.630      6.8248287E-03
   8127.941      6.6923667E-03
   8131.251      6.5639983E-03
   8134.562      6.4617703E-03
   8137.873      6.3997353E-03
   8141.183      6.3766306E-03
   8144.494      6.3805571E-03
   8147.805      6.3950401E-03
   8151.115      6.4078290E-03
   8154.426      6.4158519E-03
   8157.737      6.4207450E-03
   8161.048      6.4214566E-03
   8164.358      6.4083496E-03
   8167.669      6.3651414E-03
   8170.980      6.2775812E-03
   8174.292      6.1446810E-03
   8177.603      5.9834225E-03
   8180.914      5.8234041E-03
   8184.225      5.6933961E-03
   8187.536      5.6098695E-03
   8190.847      5.5727484E-03
   8194.157      5.5696135E-03
   8197.469      5.5824514E-03
   8200.780      5.5949586E-03
   8204.092      5.5958568E-03
   8207.402      5.5826181E-03
   8210.714      5.5604307E-03
   8214.025      5.5411328E-03
   8217.337      5.5355551E-03
   8220.647      5.5490448E-03
   8223.959      5.5768867E-03
   8227.271      5.6057973E-03
   8230.582      5.6185103E-03
   8233.894      5.5999109E-03
   8237.205      5.5424599E-03
   8240.517      5.4505905E-03
   8243.828      5.3386679E-03
   8247.140      5.2251727E-03
   8250.451      5.1260982E-03
   8253.763      5.0493656E-03
   8257.075      4.9942685E-03
   8260.387      4.9518938E-03
   8263.698      4.9092406E-03
   8267.010      4.8522772E-03
   8270.321      4.7712829E-03
   8273.634      4.6664211E-03
   8276.945      4.5476253E-03
   8280.257      4.4321469E-03
   8283.569      4.3362761E-03
   8286.881      4.2696516E-03
   8290.192      4.2314269E-03
   8293.505      4.2121285E-03
   8296.816      4.1988143E-03
   8300.129      4.1810968E-03
   8303.440      4.1552093E-03
   8306.753      4.1224556E-03
   8310.065      4.0865461E-03
   8313.377      4.0474082E-03
   8316.689      4.0030181E-03
   8320.002      3.9506769E-03
   8323.313      3.8918462E-03
   8326.626      3.8343044E-03
   8329.938      3.7906324E-03
   8333.250      3.7738243E-03
   8336.563      3.7918738E-03
   8339.875      3.8426595E-03
   8343.188      3.9132545E-03
   8346.500      3.9803553E-03
   8349.812      4.0196171E-03
   8353.124      4.0126466E-03
   8356.437      3.9583445E-03
   8359.749      3.8737662E-03
   8363.062      3.7904847E-03
   8366.374      3.7409060E-03
   8369.687      3.7447768E-03
   8372.999      3.8016702E-03
   8376.312      3.8934217E-03
   8379.624      3.9934372E-03
   8382.937      4.0766173E-03
   8386.250      4.1280123E-03
   8389.563      4.1428371E-03
   8392.875      4.1247141E-03
   8396.188      4.0809447E-03
   8399.500      4.0202630E-03
   8402.813      3.9524059E-03
   8406.126      3.8894694E-03
   8409.438      3.8447285E-03
   8412.751      3.8320313E-03
   8416.064      3.8607677E-03
   8419.377      3.9316961E-03
   8422.689      4.0348554E-03
   8426.003      4.1514807E-03
   8429.315      4.2569367E-03
   8432.629      4.3297675E-03
   8435.941      4.3583652E-03
   8439.255      4.3466412E-03
   8442.567      4.3120231E-03
   8445.881      4.2784587E-03
   8449.193      4.2640720E-03
   8452.507      4.2740651E-03
   8455.819      4.2978935E-03
   8459.133      4.3150545E-03
   8462.445      4.3050423E-03
   8465.759      4.2546834E-03
   8469.072      4.1642035E-03
   8472.385      4.0433737E-03
   8475.698      3.9059615E-03
   8479.012      3.7619649E-03
   8482.324      3.6173889E-03
   8485.638      3.4782048E-03
   8488.951      3.3574589E-03
   8492.265      3.2749730E-03
   8495.577      3.2463851E-03
   8498.891      3.2721008E-03
   8502.204      3.3325120E-03
   8505.518      3.3936678E-03
   8508.831      3.4223706E-03
   8512.145      3.3997251E-03
   8515.458      3.3283201E-03
   8518.771      3.2290909E-03
   8522.084      3.1318788E-03
   8525.397      3.0621686E-03
   8528.711      3.0342776E-03
   8532.024      3.0473734E-03
   8535.338      3.0915486E-03
   8538.651      3.1520787E-03
   8541.965      3.2136887E-03
   8545.278      3.2638710E-03
   8548.592      3.2947154E-03
   8551.906      3.3046620E-03
   8555.220      3.3013606E-03
   8558.533      3.2973255E-03
   8561.847      3.3045600E-03
   8565.160      3.3288943E-03
   8568.474      3.3685900E-03
   8571.787      3.4148144E-03
   8575.101      3.4559059E-03
   8578.415      3.4782658E-03
   8581.729      3.4699352E-03
   8585.042      3.4233432E-03
   8588.355      3.3381348E-03
   8591.670      3.2231223E-03
   8594.983      3.0918720E-03
   8598.297      2.9572374E-03
   8601.611      2.8258662E-03
   8604.925      2.6994168E-03
   8608.238      2.5775258E-03
   8611.553      2.4649366E-03
   8614.866      2.3716623E-03
   8618.180      2.3085694E-03
   8621.494      2.2825452E-03
   8624.808      2.2938645E-03
   8628.122      2.3348446E-03
   8631.436      2.3961237E-03
   8634.749      2.4687455E-03
   8638.063      2.5448059E-03
   8641.377      2.6139724E-03
   8644.691      2.6611006E-03
   8648.005      2.6665775E-03
   8651.319      2.6148497E-03
   8654.633      2.5019343E-03
   8657.947      2.3406930E-03
   8661.261      2.1571759E-03
   8664.575      1.9795503E-03
   8667.889      1.8296271E-03
   8671.203      1.7165883E-03
   8674.517      1.6396387E-03
