   4800.887     -1.9696880E-04
   4804.155     -1.9696880E-04
   4807.423     -1.9696880E-04
   4810.691     -1.9696880E-04
   4813.959     -1.9696880E-04
   4817.227     -1.9696880E-04
   4820.495     -1.9696880E-04
   4823.763     -1.9696880E-04
   4827.031     -1.9696880E-04
   4830.300     -1.9696880E-04
   4833.568     -1.9696880E-04
   4836.836     -1.9696880E-04
   4840.104     -1.9696880E-04
   4843.373     -1.9696880E-04
   4846.641     -1.9696880E-04
   4849.910     -1.9696880E-04
   4853.178     -1.9696880E-04
   4856.446     -1.9696880E-04
   4859.715     -1.9696880E-04
   4862.983     -1.9696880E-04
   4866.252     -1.9696880E-04
   4869.521     -1.9696880E-04
   4872.790     -1.9696880E-04
   4876.058     -1.9696880E-04
   4879.327     -1.9696880E-04
   4882.596     -1.9696880E-04
   4885.865     -1.9696880E-04
   4889.134     -1.9696880E-04
   4892.402     -1.9696880E-04
   4895.671     -1.9696880E-04
   4898.940     -1.9696880E-04
   4902.209     -1.9696880E-04
   4905.479     -1.9696880E-04
   4908.748     -1.9696880E-04
   4912.017     -1.9696880E-04
   4915.286     -1.9696880E-04
   4918.556     -1.9696880E-04
   4921.825     -1.9696880E-04
   4925.094     -1.9696880E-04
   4928.363     -1.9696880E-04
   4931.633     -1.9696880E-04
   4934.902     -1.9696880E-04
   4938.172     -1.9696880E-04
   4941.441     -1.9696880E-04
   4944.711     -1.9696880E-04
   4947.980     -1.9696880E-04
   4951.250     -1.9696880E-04
   4954.520     -1.9696880E-04
   4957.790     -1.9696880E-04
   4961.060     -1.9696880E-04
   4964.329     -1.9696880E-04
   4967.599     -1.9696880E-04
   4970.869     -1.9696880E-04
   4974.139     -1.9696880E-04
   4977.409     -1.9696880E-04
   4980.679     -1.9696880E-04
   4983.949     -1.9696880E-04
   4987.219     -1.9696880E-04
   4990.489     -1.9696880E-04
   4993.759     -1.9696880E-04
   4997.029     -1.9696880E-04
   5000.300     -1.9696880E-04
   5003.570     -1.9696880E-04
   5006.840     -1.9696880E-04
   5010.111     -1.9696880E-04
   5013.381     -1.9696880E-04
   5016.651     -1.9696880E-04
   5019.922     -1.9696880E-04
   5023.192     -1.9696880E-04
   5026.463     -1.9696880E-04
   5029.733     -1.9696880E-04
   5033.004     -1.9696880E-04
   5036.275     -1.9696880E-04
   5039.546     -1.9696880E-04
   5042.816     -1.9696880E-04
   5046.087     -1.9696880E-04
   5049.358     -1.9696880E-04
   5052.629     -1.9696880E-04
   5055.900     -1.9696880E-04
   5059.171     -1.9696880E-04
   5062.442     -1.9696880E-04
   5065.713     -1.9696880E-04
   5068.984     -1.9696880E-04
   5072.255     -1.9696880E-04
   5075.526     -1.9696880E-04
   5078.797     -1.9696880E-04
   5082.069     -1.9696880E-04
   5085.340     -1.9696880E-04
   5088.611     -1.9696880E-04
   5091.883     -1.9696880E-04
   5095.154     -1.9696880E-04
   5098.425     -1.9696880E-04
   5101.697     -1.9696880E-04
   5104.968     -1.9696880E-04
   5108.240     -1.9696880E-04
   5111.512     -1.9696880E-04
   5114.783     -1.9696880E-04
   5118.055     -1.9696880E-04
   5121.327     -1.9696880E-04
   5124.598     -1.9696880E-04
   5127.870     -1.9696880E-04
   5131.142     -1.9696880E-04
   5134.414     -1.9696880E-04
   5137.686     -1.9696880E-04
   5140.958     -1.9696880E-04
   5144.229     -1.9696880E-04
   5147.502     -1.9696880E-04
   5150.774     -1.9696880E-04
   5154.046     -1.9696880E-04
   5157.318     -1.9696880E-04
   5160.590     -1.9696880E-04
   5163.862     -1.9696880E-04
   5167.135     -1.9696880E-04
   5170.407     -1.9696880E-04
   5173.680     -1.9696880E-04
   5176.952     -1.9696880E-04
   5180.224     -1.9696880E-04
   5183.497     -1.9696880E-04
   5186.769     -1.9696880E-04
   5190.042     -1.9696880E-04
   5193.314     -1.9696880E-04
   5196.587     -1.9696880E-04
   5199.860     -1.9696880E-04
   5203.132     -1.9696880E-04
   5206.405     -1.9696880E-04
   5209.678     -1.9696880E-04
   5212.951     -1.9696880E-04
   5216.224     -1.9696880E-04
   5219.497     -1.9696880E-04
   5222.770     -1.9696880E-04
   5226.042     -1.9696880E-04
   5229.315     -1.9696880E-04
   5232.588     -1.9696880E-04
   5235.862     -1.9696880E-04
   5239.135     -1.9696880E-04
   5242.408     -1.9696880E-04
   5245.681     -1.9696880E-04
   5248.955     -1.9696880E-04
   5252.228     -1.9696880E-04
   5255.501     -1.9696880E-04
   5258.774     -1.9696880E-04
   5262.048     -1.9696880E-04
   5265.321     -1.9696880E-04
   5268.595     -1.9696880E-04
   5271.869     -1.9696880E-04
   5275.142     -1.9696880E-04
   5278.416     -1.9696880E-04
   5281.689     -1.9696880E-04
   5284.963     -1.9696880E-04
   5288.237     -1.9696880E-04
   5291.511     -1.9696880E-04
   5294.784     -1.9687903E-04
   5298.058     -1.9666679E-04
   5301.332     -1.9620499E-04
   5304.606     -1.9526402E-04
   5307.880     -1.9345622E-04
   5311.154     -1.9017200E-04
   5314.428     -1.8452236E-04
   5317.702     -1.7531124E-04
   5320.977     -1.6106751E-04
   5324.250     -1.4016157E-04
   5327.525     -1.1101235E-04
   5330.799     -7.2361509E-05
   5334.073     -2.3557435E-05
   5337.348      3.5229761E-05
   5340.622      1.0293636E-04
   5343.896      1.7771615E-04
   5347.171      2.5721983E-04
   5350.445      3.3897342E-04
   5353.720      4.2075609E-04
   5356.995      5.0088286E-04
   5360.269      5.7833601E-04
   5363.544      6.5274019E-04
   5366.818      7.2422362E-04
   5370.093      7.9322589E-04
   5373.368      8.6031359E-04
   5376.643      9.2604285E-04
   5379.917      9.9087832E-04
   5383.192      1.0551661E-03
   5386.467      1.1191404E-03
   5389.743      1.1829465E-03
   5393.018      1.2466677E-03
   5396.292      1.3103107E-03
   5399.567      1.3739539E-03
   5402.843      1.4375972E-03
   5406.118      1.5012403E-03
   5409.393      1.5648835E-03
   5412.668      1.6285263E-03
   5415.944      1.6921698E-03
   5419.219      1.7558131E-03
   5422.494      1.8194560E-03
   5425.770      1.8830992E-03
   5429.045      1.9467425E-03
   5432.321      2.0103857E-03
   5435.596      2.0740284E-03
   5438.872      2.1377422E-03
   5442.147      2.2016566E-03
   5445.423      2.2660098E-03
   5448.699      2.3312599E-03
   5451.975      2.3982439E-03
   5455.250      2.4683974E-03
   5458.526      2.5440399E-03
   5461.802      2.6286866E-03
   5465.078      2.7273353E-03
   5468.354      2.8466359E-03
   5471.630      2.9948379E-03
   5474.906      3.1814468E-03
   5478.182      3.4165599E-03
   5481.458      3.7099584E-03
   5484.734      4.0700994E-03
   5488.010      4.5037637E-03
   5491.286      5.0136433E-03
   5494.563      5.6012436E-03
   5497.839      6.2647075E-03
   5501.115      7.0001385E-03
   5504.392      7.8038340E-03
   5507.668      8.6713182E-03
   5510.944      9.5988410E-03
   5514.221      1.0583339E-02
   5517.498      1.1622729E-02
   5520.774      1.2715969E-02
   5524.050      1.3862731E-02
   5527.327      1.5064938E-02
   5530.604      1.6325513E-02
   5533.880      1.7651726E-02
   5537.157      1.9053962E-02
   5540.434      2.0547854E-02
   5543.711      2.2152998E-02
   5546.988      2.3892790E-02
   5550.265      2.5792738E-02
   5553.542      2.7879322E-02
   5556.819      3.0179333E-02
   5560.096      3.2717720E-02
   5563.373      3.5517443E-02
   5566.650      3.8601361E-02
   5569.927      4.1989028E-02
   5573.204      4.5700990E-02
   5576.481      4.9756486E-02
   5579.759      5.4176524E-02
   5583.036      5.8982290E-02
   5586.313      6.4194679E-02
   5589.591      6.9833390E-02
   5592.868      7.5917214E-02
   5596.146      8.2460761E-02
   5599.423      8.9473926E-02
   5602.701      9.6962221E-02
   5605.979      0.1049257    
   5609.256      0.1133597    
   5612.534      0.1222536    
   5615.812      0.1315896    
   5619.089      0.1413431    
   5622.367      0.1514823    
   5625.645      0.1619737    
   5628.923      0.1727814    
   5632.201      0.1838751    
   5635.479      0.1952281    
   5638.756      0.2068181    
   5642.035      0.2186250    
   5645.313      0.2306279    
   5648.591      0.2427964    
   5651.869      0.2550932    
   5655.147      0.2674740    
   5658.425      0.2798873    
   5661.704      0.2922849    
   5664.982      0.3046247    
   5668.260      0.3168713    
   5671.539      0.3290054    
   5674.817      0.3410153    
   5678.096      0.3528970    
   5681.374      0.3646479    
   5684.653      0.3762628    
   5687.931      0.3877310    
   5691.210      0.3990299    
   5694.489      0.4101327    
   5697.767      0.4210110    
   5701.046      0.4316384    
   5704.325      0.4419958    
   5707.604      0.4520719    
   5710.882      0.4618602    
   5714.162      0.4713632    
   5717.440      0.4805834    
   5720.719      0.4895252    
   5723.999      0.4981910    
   5727.277      0.5065834    
   5730.557      0.5147076    
   5733.835      0.5225686    
   5737.115      0.5301761    
   5740.394      0.5375393    
   5743.673      0.5446653    
   5746.953      0.5515538    
   5750.232      0.5582067    
   5753.511      0.5646186    
   5756.791      0.5707864    
   5760.070      0.5767131    
   5763.350      0.5824025    
   5766.629      0.5878658    
   5769.909      0.5931187    
   5773.188      0.5981738    
   5776.468      0.6030449    
   5779.748      0.6077433    
   5783.027      0.6122761    
   5786.307      0.6166470    
   5789.587      0.6208553    
   5792.867      0.6249071    
   5796.147      0.6288021    
   5799.427      0.6325431    
   5802.707      0.6361377    
   5805.987      0.6395916    
   5809.267      0.6429116    
   5812.547      0.6461010    
   5815.827      0.6491555    
   5819.107      0.6520692    
   5822.388      0.6548321    
   5825.668      0.6574360    
   5828.948      0.6598766    
   5832.229      0.6621575    
   5835.509      0.6642942    
   5838.789      0.6663102    
   5842.070      0.6682376    
   5845.350      0.6701074    
   5848.631      0.6719456    
   5851.911      0.6737592    
   5855.192      0.6755439    
   5858.473      0.6772782    
   5861.753      0.6789345    
   5865.034      0.6804890    
   5868.315      0.6819318    
   5871.596      0.6832686    
   5874.876      0.6845236    
   5878.157      0.6857263    
   5881.438      0.6869054    
   5884.719      0.6880770    
   5888.000      0.6892425    
   5891.281      0.6903877    
   5894.563      0.6914843    
   5897.844      0.6925132    
   5901.125      0.6934593    
   5904.406      0.6943212    
   5907.687      0.6951141    
   5910.968      0.6958627    
   5914.250      0.6965953    
   5917.531      0.6973348    
   5920.813      0.6980939    
   5924.094      0.6988715    
   5927.375      0.6996542    
   5930.657      0.7004195    
   5933.938      0.7011434    
   5937.220      0.7018034    
   5940.502      0.7023856    
   5943.784      0.7028853    
   5947.065      0.7033055    
   5950.347      0.7036556    
   5953.629      0.7039468    
   5956.911      0.7041876    
   5960.192      0.7043855    
   5963.475      0.7045427    
   5966.756      0.7046596    
   5970.039      0.7047329    
   5973.320      0.7047613    
   5976.603      0.7047443    
   5979.885      0.7046844    
   5983.167      0.7045858    
   5986.449      0.7044562    
   5989.731      0.7043031    
   5993.014      0.7041354    
   5996.296      0.7039615    
   5999.578      0.7037858    
   6002.861      0.7036135    
   6006.143      0.7034463    
   6009.426      0.7032831    
   6012.708      0.7031234    
   6015.991      0.7029648    
   6019.273      0.7028051    
   6022.556      0.7026426    
   6025.838      0.7024757    
   6029.122      0.7023032    
   6032.404      0.7021242    
   6035.687      0.7019385    
   6038.970      0.7017459    
   6042.252      0.7015461    
   6045.536      0.7013392    
   6048.818      0.7011249    
   6052.102      0.7009034    
   6055.385      0.7006746    
   6058.667      0.7004386    
   6061.951      0.7001953    
   6065.234      0.6999447    
   6068.517      0.6996869    
   6071.800      0.6994217    
   6075.083      0.6991494    
   6078.367      0.6988698    
   6081.650      0.6985828    
   6084.934      0.6982886    
   6088.217      0.6979873    
   6091.500      0.6976786    
   6094.784      0.6973627    
   6098.068      0.6970394    
   6101.351      0.6967089    
   6104.635      0.6963710    
   6107.918      0.6960262    
   6111.202      0.6956738    
   6114.486      0.6953143    
   6117.770      0.6949475    
   6121.054      0.6945733    
   6124.337      0.6941921    
   6127.622      0.6938034    
   6130.905      0.6934077    
   6134.189      0.6930044    
   6137.473      0.6925941    
   6140.757      0.6921763    
   6144.042      0.6917514    
   6147.326      0.6913192    
   6150.610      0.6908798    
   6153.894      0.6904330    
   6157.178      0.6899790    
   6160.463      0.6895177    
   6163.747      0.6890492    
   6167.031      0.6885734    
   6170.316      0.6880904    
   6173.601      0.6876001    
   6176.885      0.6871024    
   6180.169      0.6865974    
   6183.454      0.6860855    
   6186.739      0.6855659    
   6190.023      0.6850394    
   6193.308      0.6845055    
   6196.593      0.6839642    
   6199.877      0.6834158    
   6203.163      0.6828601    
   6206.447      0.6822972    
   6209.732      0.6817270    
   6213.017      0.6811494    
   6216.302      0.6805646    
   6219.587      0.6799725    
   6222.872      0.6793733    
   6226.157      0.6787668    
   6229.442      0.6781526    
   6232.728      0.6775305    
   6236.013      0.6769002    
   6239.298      0.6762609    
   6242.583      0.6756107    
   6245.869      0.6749480    
   6249.154      0.6742691    
   6252.439      0.6735706    
   6255.725      0.6728478    
   6259.010      0.6720966    
   6262.296      0.6713139    
   6265.582      0.6704988    
   6268.867      0.6696543    
   6272.153      0.6687859    
   6275.438      0.6679037    
   6278.724      0.6670197    
   6282.010      0.6661456    
   6285.296      0.6652926    
   6288.582      0.6644683    
   6291.868      0.6636762    
   6295.154      0.6629162    
   6298.439      0.6621849    
   6301.726      0.6614764    
   6305.012      0.6607847    
   6308.298      0.6601041    
   6311.584      0.6594293    
   6314.870      0.6587564    
   6318.156      0.6580831    
   6321.443      0.6574076    
   6324.729      0.6567287    
   6328.015      0.6560460    
   6331.302      0.6553591    
   6334.588      0.6546679    
   6337.875      0.6539720    
   6341.161      0.6532720    
   6344.447      0.6525675    
   6347.734      0.6518584    
   6351.021      0.6511449    
   6354.307      0.6504270    
   6357.594      0.6497046    
   6360.881      0.6489778    
   6364.167      0.6482466    
   6367.454      0.6475108    
   6370.741      0.6467708    
   6374.028      0.6460262    
   6377.315      0.6452770    
   6380.602      0.6445236    
   6383.889      0.6437657    
   6387.176      0.6430033    
   6390.463      0.6422365    
   6393.750      0.6414652    
   6397.038      0.6406896    
   6400.325      0.6399093    
   6403.612      0.6391248    
   6406.899      0.6383357    
   6410.187      0.6375422    
   6413.474      0.6367442    
   6416.761      0.6359418    
   6420.049      0.6351351    
   6423.336      0.6343238    
   6426.624      0.6335080    
   6429.911      0.6326879    
   6433.199      0.6318634    
   6436.487      0.6310344    
   6439.774      0.6302008    
   6443.062      0.6293628    
   6446.350      0.6285205    
   6449.638      0.6276736    
   6452.925      0.6268225    
   6456.213      0.6259666    
   6459.501      0.6251065    
   6462.789      0.6242418    
   6466.077      0.6233727    
   6469.365      0.6224993    
   6472.653      0.6216213    
   6475.941      0.6207390    
   6479.229      0.6198522    
   6482.518      0.6189609    
   6485.806      0.6180652    
   6489.094      0.6171650    
   6492.383      0.6162603    
   6495.671      0.6153511    
   6498.959      0.6144377    
   6502.248      0.6135197    
   6505.537      0.6125973    
   6508.825      0.6116705    
   6512.113      0.6107392    
   6515.402      0.6098034    
   6518.690      0.6088632    
   6521.979      0.6079186    
   6525.268      0.6069695    
   6528.557      0.6060160    
   6531.846      0.6050582    
   6535.134      0.6040956    
   6538.423      0.6031287    
   6541.712      0.6021575    
   6545.001      0.6011817    
   6548.290      0.6002015    
   6551.579      0.5992169    
   6554.868      0.5982277    
   6558.157      0.5972343    
   6561.447      0.5962363    
   6564.736      0.5952337    
   6568.025      0.5942270    
   6571.314      0.5932156    
   6574.604      0.5922000    
   6577.893      0.5911798    
   6581.182      0.5901551    
   6584.472      0.5891259    
   6587.761      0.5880925    
   6591.051      0.5870545    
   6594.340      0.5860120    
   6597.630      0.5849653    
   6600.919      0.5839137    
   6604.209      0.5828581    
   6607.499      0.5817980    
   6610.789      0.5807333    
   6614.079      0.5796641    
   6617.368      0.5785906    
   6620.658      0.5775125    
   6623.948      0.5764302    
   6627.238      0.5753433    
   6630.528      0.5742520    
   6633.818      0.5731561    
   6637.108      0.5720560    
   6640.398      0.5709513    
   6643.688      0.5698422    
   6646.979      0.5687286    
   6650.269      0.5676106    
   6653.559      0.5664881    
   6656.850      0.5653613    
   6660.140      0.5642300    
   6663.430      0.5630941    
   6666.721      0.5619539    
   6670.011      0.5608093    
   6673.302      0.5596601    
   6676.592      0.5585065    
   6679.883      0.5573485    
   6683.173      0.5561862    
   6686.464      0.5550192    
   6689.755      0.5538479    
   6693.045      0.5526719    
   6696.336      0.5514919    
   6699.627      0.5503071    
   6702.918      0.5491180    
   6706.209      0.5479245    
   6709.500      0.5467265    
   6712.791      0.5455239    
   6716.082      0.5443170    
   6719.373      0.5431057    
   6722.664      0.5418899    
   6725.955      0.5406697    
   6729.246      0.5394450    
   6732.538      0.5382158    
   6735.829      0.5369823    
   6739.120      0.5357442    
   6742.412      0.5345017    
   6745.703      0.5332548    
   6748.994      0.5320035    
   6752.286      0.5307477    
   6755.577      0.5294874    
   6758.869      0.5282227    
   6762.160      0.5269536    
   6765.452      0.5256800    
   6768.744      0.5244020    
   6772.035      0.5231195    
   6775.327      0.5218326    
   6778.619      0.5205412    
   6781.911      0.5192453    
   6785.203      0.5179452    
   6788.495      0.5166404    
   6791.786      0.5153313    
   6795.078      0.5140177    
   6798.371      0.5126997    
   6801.663      0.5113772    
   6804.955      0.5100502    
   6808.247      0.5087190    
   6811.539      0.5073830    
   6814.831      0.5060427    
   6818.123      0.5046982    
   6821.416      0.5033488    
   6824.708      0.5019953    
   6828.000      0.5006373    
   6831.292      0.4992747    
   6834.585      0.4979078    
   6837.877      0.4965365    
   6841.170      0.4951605    
   6844.463      0.4937803    
   6847.755      0.4923955    
   6851.048      0.4910064    
   6854.341      0.4896127    
   6857.633      0.4882148    
   6860.926      0.4868122    
   6864.219      0.4854053    
   6867.512      0.4839940    
   6870.805      0.4825780    
   6874.098      0.4811578    
   6877.391      0.4797330    
   6880.684      0.4783038    
   6883.977      0.4768703    
   6887.270      0.4754321    
   6890.563      0.4739895    
   6893.856      0.4725421    
   6897.149      0.4710902    
   6900.443      0.4696336    
   6903.736      0.4681718    
   6907.029      0.4667050    
   6910.323      0.4652326    
   6913.616      0.4637549    
   6916.909      0.4622723    
   6920.203      0.4607860    
   6923.497      0.4592979    
   6926.790      0.4578098    
   6930.083      0.4563234    
   6933.377      0.4548399    
   6936.671      0.4533581    
   6939.965      0.4518729    
   6943.258      0.4503780    
   6946.552      0.4488633    
   6949.846      0.4473195    
   6953.140      0.4457390    
   6956.434      0.4441181    
   6959.728      0.4424580    
   6963.022      0.4407658    
   6966.316      0.4390521    
   6969.610      0.4373308    
   6972.904      0.4356153    
   6976.198      0.4339177    
   6979.493      0.4322475    
   6982.787      0.4306131    
   6986.081      0.4290199    
   6989.375      0.4274721    
   6992.670      0.4259728    
   6995.964      0.4245225    
   6999.258      0.4231193    
   7002.553      0.4217566    
   7005.848      0.4204257    
   7009.142      0.4191119    
   7012.437      0.4178008    
   7015.731      0.4164764    
   7019.026      0.4151230    
   7022.321      0.4137266    
   7025.616      0.4122734    
   7028.910      0.4107510    
   7032.205      0.4091496    
   7035.500      0.4074601    
   7038.795      0.4056806    
   7042.090      0.4038159    
   7045.385      0.4018803    
   7048.680      0.3999004    
   7051.975      0.3979124    
   7055.270      0.3959624    
   7058.565      0.3941010    
   7061.860      0.3923777    
   7065.156      0.3908326    
   7068.451      0.3894902    
   7071.746      0.3883541    
   7075.042      0.3874050    
   7078.337      0.3866037    
   7081.632      0.3858961    
   7084.928      0.3852229    
   7088.224      0.3845310    
   7091.519      0.3837759    
   7094.814      0.3829290    
   7098.110      0.3819769    
   7101.406      0.3809167    
   7104.702      0.3797493    
   7107.998      0.3784746    
   7111.293      0.3770879    
   7114.589      0.3755743    
   7117.885      0.3739138    
   7121.181      0.3720838    
   7124.477      0.3700666    
   7127.773      0.3678575    
   7131.069      0.3654718    
   7134.365      0.3629480    
   7137.661      0.3603493    
   7140.957      0.3577542    
   7144.253      0.3552475    
   7147.549      0.3529074    
   7150.846      0.3507914    
   7154.142      0.3489314    
   7157.438      0.3473271    
   7160.735      0.3459508    
   7164.031      0.3447534    
   7167.328      0.3436770    
   7170.624      0.3426641    
   7173.921      0.3416654    
   7177.217      0.3406457    
   7180.514      0.3395838    
   7183.811      0.3384745    
   7187.107      0.3373227    
   7190.404      0.3361368    
   7193.701      0.3349268    
   7196.998      0.3336999    
   7200.294      0.3324570    
   7203.591      0.3311979    
   7206.889      0.3299200    
   7210.186      0.3286213    
   7213.482      0.3273026    
   7216.780      0.3259661    
   7220.077      0.3246151    
   7223.374      0.3232518    
   7226.671      0.3218777    
   7229.968      0.3204923    
   7233.265      0.3190962    
   7236.563      0.3176927    
   7239.860      0.3162866    
   7243.157      0.3148848    
   7246.455      0.3134944    
   7249.752      0.3121182    
   7253.050      0.3107560    
   7256.348      0.3094009    
   7259.645      0.3080429    
   7262.942      0.3066703    
   7266.240      0.3052717    
   7269.538      0.3038383    
   7272.835      0.3023649    
   7276.133      0.3008528    
   7279.431      0.2993093    
   7282.729      0.2977462    
   7286.027      0.2961774    
   7289.325      0.2946205    
   7292.623      0.2930951    
   7295.921      0.2916179    
   7299.219      0.2902012    
   7302.517      0.2888544    
   7305.815      0.2875809    
   7309.113      0.2863786    
   7312.412      0.2852421    
   7315.710      0.2841616    
   7319.008      0.2831250    
   7322.307      0.2821179    
   7325.605      0.2811239    
   7328.903      0.2801261    
   7332.202      0.2791067    
   7335.500      0.2780501    
   7338.799      0.2769421    
   7342.097      0.2757731    
   7345.396      0.2745381    
   7348.695      0.2732363    
   7351.993      0.2718720    
   7355.292      0.2704526    
   7358.591      0.2689893    
   7361.890      0.2674951    
   7365.188      0.2659852    
   7368.487      0.2644750    
   7371.786      0.2629795    
   7375.085      0.2615128    
   7378.384      0.2600859    
   7381.684      0.2587073    
   7384.982      0.2573819    
   7388.281      0.2561115    
   7391.581      0.2548951    
   7394.880      0.2537290    
   7398.179      0.2526080    
   7401.479      0.2515250    
   7404.778      0.2504699    
   7408.077      0.2494321    
   7411.376      0.2483990    
   7414.676      0.2473565    
   7417.976      0.2462913    
   7421.275      0.2451919    
   7424.575      0.2440502    
   7427.874      0.2428616    
   7431.174      0.2416282    
   7434.474      0.2403568    
   7437.773      0.2390580    
   7441.073      0.2377455    
   7444.373      0.2364338    
   7447.673      0.2351355    
   7450.973      0.2338610    
   7454.272      0.2326171    
   7457.572      0.2314066    
   7460.873      0.2302285    
   7464.172      0.2290797    
   7467.473      0.2279558    
   7470.773      0.2268517    
   7474.073      0.2257635    
   7477.373      0.2246877    
   7480.673      0.2236220    
   7483.974      0.2225640    
   7487.274      0.2215115    
   7490.574      0.2204616    
   7493.875      0.2194102    
   7497.175      0.2183529    
   7500.476      0.2172842    
   7503.776      0.2161988    
   7507.077      0.2150912    
   7510.377      0.2139567    
   7513.678      0.2127925    
   7516.979      0.2115988    
   7520.279      0.2103786    
   7523.580      0.2091382    
   7526.881      0.2078872    
   7530.182      0.2066367    
   7533.482      0.2053960    
   7536.784      0.2041741    
   7540.084      0.2029759    
   7543.386      0.2018037    
   7546.687      0.2006571    
   7549.987      0.1995347    
   7553.289      0.1984344    
   7556.590      0.1973553    
   7559.891      0.1962977    
   7563.192      0.1952626    
   7566.494      0.1942506    
   7569.795      0.1932616    
   7573.096      0.1922937    
   7576.397      0.1913424    
   7579.699      0.1904016    
   7583.000      0.1894624    
   7586.302      0.1885167    
   7589.604      0.1875564    
   7592.905      0.1865759    
   7596.207      0.1855733    
   7599.508      0.1845499    
   7602.810      0.1835100    
   7606.112      0.1824590    
   7609.414      0.1814020    
   7612.716      0.1803422    
   7616.018      0.1792801    
   7619.319      0.1782141    
   7622.621      0.1771419    
   7625.923      0.1760623    
   7629.225      0.1749758    
   7632.527      0.1738873    
   7635.830      0.1728037    
   7639.132      0.1717331    
   7642.434      0.1706836    
   7645.736      0.1696601    
   7649.038      0.1686638    
   7652.340      0.1676923    
   7655.643      0.1667402    
   7658.945      0.1658008    
   7662.248      0.1648674    
   7665.550      0.1639342    
   7668.853      0.1629982    
   7672.155      0.1620577    
   7675.458      0.1611133    
   7678.761      0.1601656    
   7682.063      0.1592163    
   7685.366      0.1582663    
   7688.668      0.1573159    
   7691.971      0.1563656    
   7695.274      0.1554159    
   7698.577      0.1544672    
   7701.880      0.1535209    
   7705.183      0.1525789    
   7708.486      0.1516438    
   7711.789      0.1507185    
   7715.092      0.1498058    
   7718.395      0.1489082    
   7721.698      0.1480276    
   7725.001      0.1471636    
   7728.305      0.1463150    
   7731.608      0.1454787    
   7734.911      0.1446494    
   7738.215      0.1438223    
   7741.518      0.1429930    
   7744.821      0.1421583    
   7748.125      0.1413177    
   7751.428      0.1404725    
   7754.732      0.1396251    
   7758.036      0.1387787    
   7761.339      0.1379369    
   7764.643      0.1371018    
   7767.946      0.1362749    
   7771.250      0.1354567    
   7774.554      0.1346459    
   7777.858      0.1338405    
   7781.162      0.1330381    
   7784.465      0.1322343    
   7787.770      0.1314270    
   7791.073      0.1306128    
   7794.377      0.1297897    
   7797.682      0.1289578    
   7800.986      0.1281188    
   7804.290      0.1272758    
   7807.594      0.1264325    
   7810.898      0.1255930    
   7814.202      0.1247604    
   7817.507      0.1239372    
   7820.811      0.1231249    
   7824.115      0.1223231    
   7827.420      0.1215313    
   7830.724      0.1207478    
   7834.029      0.1199703    
   7837.333      0.1191969    
   7840.638      0.1184253    
   7843.942      0.1176543    
   7847.247      0.1168839    
   7850.552      0.1161150    
   7853.856      0.1153497    
   7857.161      0.1145896    
   7860.466      0.1138366    
   7863.771      0.1130911    
   7867.076      0.1123537    
   7870.381      0.1116235    
   7873.686      0.1108991    
   7876.991      0.1101797    
   7880.296      0.1094638    
   7883.601      0.1087505    
   7886.906      0.1080396    
   7890.211      0.1073301    
   7893.517      0.1066222    
   7896.822      0.1059157    
   7900.127      0.1052100    
   7903.432      0.1045041    
   7906.738      0.1037962    
   7910.043      0.1030836    
   7913.349      0.1023642    
   7916.654      0.1016358    
   7919.959      0.1008980    
   7923.265      0.1001523    
   7926.571      9.9401839E-02
   7929.876      9.8650709E-02
   7933.182      9.7903162E-02
   7936.488      9.7162493E-02
   7939.793      9.6429937E-02
   7943.099      9.5705688E-02
   7946.405      9.4989061E-02
   7949.711      9.4279103E-02
   7953.017      9.3576021E-02
   7956.323      9.2880368E-02
   7959.629      9.2193097E-02
   7962.935      9.1514997E-02
   7966.241      9.0846874E-02
   7969.547      9.0188928E-02
   7972.854      8.9541212E-02
   7976.160      8.8903993E-02
   7979.466      8.8277765E-02
   7982.772      8.7663427E-02
   7986.079      8.7061539E-02
   7989.385      8.6472340E-02
   7992.691      8.5895456E-02
   7995.998      8.5329339E-02
   7999.304      8.4771678E-02
   8002.611      8.4218912E-02
   8005.917      8.3666921E-02
   8009.224      8.3110899E-02
   8012.530      8.2546614E-02
   8015.837      8.1969880E-02
   8019.144      8.1378810E-02
   8022.451      8.0773376E-02
   8025.757      8.0156095E-02
   8029.064      7.9531744E-02
   8032.371      7.8906707E-02
   8035.678      7.8287609E-02
   8038.985      7.7680565E-02
   8042.292      7.7090725E-02
   8045.599      7.6520249E-02
   8048.906      7.5968876E-02
   8052.213      7.5434186E-02
   8055.521      7.4911669E-02
   8058.828      7.4396200E-02
   8062.135      7.3883004E-02
   8065.442      7.3368318E-02
   8068.750      7.2850019E-02
   8072.057      7.2327808E-02
   8075.364      7.1802266E-02
   8078.671      7.1275264E-02
   8081.979      7.0748381E-02
   8085.287      7.0223086E-02
   8088.594      6.9701165E-02
   8091.901      6.9185182E-02
   8095.209      6.8677865E-02
   8098.517      6.8181887E-02
   8101.825      6.7699961E-02
   8105.132      6.7233406E-02
   8108.440      6.6781923E-02
   8111.748      6.6343620E-02
   8115.056      6.5914564E-02
   8118.364      6.5490119E-02
   8121.672      6.5064900E-02
   8124.980      6.4633608E-02
   8128.288      6.4191312E-02
   8131.596      6.3733540E-02
   8134.904      6.3256294E-02
   8138.212      6.2757514E-02
   8141.520      6.2236439E-02
   8144.829      6.1693456E-02
   8148.137      6.1131306E-02
   8151.445      6.0553607E-02
   8154.753      5.9964161E-02
   8158.062      5.9366509E-02
   8161.370      5.8763977E-02
   8164.679      5.8158841E-02
   8167.987      5.7553880E-02
   8171.296      5.6951568E-02
   8174.604      5.6356661E-02
   8177.913      5.5774208E-02
   8181.222      5.5209439E-02
   8184.530      5.4667495E-02
   8187.839      5.4151952E-02
   8191.148      5.3663932E-02
   8194.457      5.3201523E-02
   8197.766      5.2761760E-02
   8201.074      5.2339606E-02
   8204.384      5.1930740E-02
   8207.692      5.1532034E-02
   8211.001      5.1142842E-02
   8214.311      5.0765138E-02
   8217.620      5.0402101E-02
   8220.929      5.0056592E-02
   8224.238      4.9729876E-02
   8227.547      4.9419742E-02
   8230.856      4.9121048E-02
   8234.166      4.8824720E-02
   8237.476      4.8521824E-02
   8240.784      4.8204020E-02
   8244.094      4.7866337E-02
   8247.403      4.7508281E-02
   8250.713      4.7133863E-02
   8254.022      4.6750892E-02
   8257.332      4.6369135E-02
   8260.642      4.5997899E-02
   8263.951      4.5644131E-02
   8267.261      4.5310896E-02
   8270.570      4.4996265E-02
   8273.880      4.4695158E-02
   8277.190      4.4399805E-02
   8280.500      4.4102944E-02
   8283.810      4.3799665E-02
   8287.120      4.3487441E-02
   8290.430      4.3166801E-02
   8293.740      4.2839676E-02
   8297.050      4.2509779E-02
   8300.360      4.2179991E-02
   8303.670      4.1853249E-02
   8306.980      4.1531011E-02
   8310.291      4.1214243E-02
   8313.601      4.0903080E-02
   8316.911      4.0596463E-02
   8320.222      4.0293746E-02
   8323.532      3.9993502E-02
   8326.842      3.9694227E-02
   8330.152      3.9395090E-02
   8333.463      3.9095726E-02
   8336.773      3.8798045E-02
   8340.084      3.8502965E-02
   8343.395      3.8213726E-02
   8346.705      3.7933428E-02
   8350.017      3.7665352E-02
   8353.327      3.7410386E-02
   8356.638      3.7167877E-02
   8359.948      3.6935348E-02
   8363.260      3.6707830E-02
   8366.570      3.6479905E-02
   8369.881      3.6246050E-02
   8373.192      3.6002152E-02
   8376.503      3.5746474E-02
   8379.814      3.5479523E-02
   8383.125      3.5205387E-02
   8386.437      3.4929689E-02
   8389.748      3.4660082E-02
   8393.059      3.4403797E-02
   8396.370      3.4166433E-02
   8399.682      3.3949908E-02
   8402.993      3.3753116E-02
   8406.304      3.3570997E-02
   8409.615      3.3395067E-02
   8412.927      3.3215687E-02
   8416.238      3.3023588E-02
   8419.550      3.2810915E-02
   8422.861      3.2572422E-02
   8426.173      3.2305870E-02
   8429.485      3.2011569E-02
   8432.797      3.1691805E-02
   8436.108      3.1350583E-02
   8439.420      3.0993404E-02
   8442.731      3.0628514E-02
   8446.044      3.0263655E-02
   8449.355      2.9908715E-02
   8452.667      2.9572429E-02
   8455.979      2.9262410E-02
   8459.291      2.8983021E-02
   8462.604      2.8734878E-02
   8465.915      2.8515562E-02
   8469.228      2.8319838E-02
   8472.540      2.8141767E-02
   8475.852      2.7975056E-02
   8479.164      2.7812544E-02
   8482.477      2.7649265E-02
   8485.789      2.7480239E-02
   8489.102      2.7302315E-02
   8492.414      2.7113993E-02
   8495.726      2.6916161E-02
   8499.038      2.6712211E-02
   8502.352      2.6507109E-02
   8505.664      2.6306687E-02
   8508.977      2.6117265E-02
   8512.289      2.5943914E-02
   8515.602      2.5788777E-02
   8518.914      2.5651166E-02
   8522.228      2.5527352E-02
   8525.540      2.5411617E-02
   8528.853      2.5296299E-02
   8532.166      2.5174631E-02
   8535.479      2.5041711E-02
   8538.791      2.4894997E-02
   8542.104      2.4734439E-02
   8545.417      2.4562119E-02
   8548.730      2.4380852E-02
   8552.043      2.4192780E-02
   8555.356      2.3998555E-02
   8558.670      2.3797721E-02
   8561.983      2.3589360E-02
   8565.297      2.3372125E-02
   8568.609      2.3146685E-02
   8571.923      2.2914847E-02
   8575.236      2.2680607E-02
   8578.550      2.2449279E-02
   8581.863      2.2226512E-02
   8585.177      2.2016760E-02
   8588.490      2.1823162E-02
   8591.804      2.1647060E-02
   8595.118      2.1488002E-02
   8598.432      2.1343643E-02
   8601.745      2.1210931E-02
   8605.059      2.1086589E-02
   8608.373      2.0968059E-02
   8611.687      2.0852201E-02
   8615.000      2.0737352E-02
   8618.314      2.0621937E-02
   8621.628      2.0504611E-02
   8624.942      2.0383654E-02
   8628.256      2.0256666E-02
   8631.570      2.0122275E-02
   8634.885      1.9978112E-02
   8638.198      1.9823989E-02
   8641.513      1.9660305E-02
   8644.827      1.9489883E-02
   8648.142      1.9316433E-02
   8651.455      1.9145263E-02
   8654.770      1.8981013E-02
   8658.084      1.8827848E-02
   8661.398      1.8688081E-02
   8664.713      1.8561525E-02
   8668.027      1.8445244E-02
   8671.342      1.8333679E-02
   8674.656      1.8219553E-02
   8677.972      1.8095298E-02
   8681.286      1.7954065E-02
   8684.601      1.7793654E-02
   8687.916      1.7614193E-02
   8691.230      1.7421423E-02
   8694.545      1.7223855E-02
   8697.860      1.7032152E-02
   8701.175      1.6857224E-02
   8704.489      1.6706912E-02
   8707.805      1.6585743E-02
   8711.120      1.6492704E-02
   8714.435      1.6423829E-02
   8717.750      1.6371008E-02
   8721.065      1.6324978E-02
   8724.380      1.6276842E-02
   8727.695      1.6220015E-02
   8731.011      1.6150743E-02
   8734.326      1.6068850E-02
   8737.642      1.5977653E-02
   8740.957      1.5882159E-02
   8744.272      1.5788909E-02
   8747.588      1.5702697E-02
   8750.903      1.5626896E-02
   8754.219      1.5561431E-02
   8757.534      1.5503655E-02
   8760.850      1.5448411E-02
   8764.165      1.5389740E-02
   8767.481      1.5322016E-02
   8770.797      1.5241778E-02
   8774.112      1.5147350E-02
   8777.429      1.5039851E-02
   8780.744      1.4922442E-02
   8784.061      1.4799932E-02
   8787.376      1.4676566E-02
   8790.692      1.4556232E-02
   8794.008      1.4441502E-02
   8797.324      1.4333148E-02
   8800.641      1.4230482E-02
   8803.957      1.4131939E-02
   8807.272      1.4035621E-02
   8810.589      1.3939002E-02
   8813.905      1.3840046E-02
   8817.222      1.3736570E-02
   8820.538      1.3627704E-02
   8823.854      1.3515553E-02
   8827.171      1.3402274E-02
   8830.487      1.3292491E-02
   8833.804      1.3190627E-02
   8837.120      1.3099348E-02
   8840.437      1.3018417E-02
   8843.753      1.2944072E-02
   8847.070      1.2871046E-02
   8850.387      1.2792963E-02
   8853.703      1.2706321E-02
   8857.021      1.2611910E-02
   8860.337      1.2514026E-02
   8863.654      1.2419350E-02
   8866.971      1.2335083E-02
   8870.288      1.2266370E-02
   8873.604      1.2215337E-02
   8876.922      1.2179691E-02
   8880.239      1.2154603E-02
   8883.556      1.2132759E-02
   8886.873      1.2106652E-02
   8890.190      1.2070624E-02
   8893.507      1.2020710E-02
   8896.824      1.1955230E-02
   8900.142      1.1875721E-02
   8903.459      1.1785650E-02
   8906.776      1.1689837E-02
   8910.094      1.1594654E-02
   8913.411      1.1506035E-02
   8916.729      1.1429838E-02
   8920.046      1.1371117E-02
   8923.364      1.1333946E-02
   8926.682      1.1319460E-02
   8929.999      1.1328693E-02
   8933.317      1.1358872E-02
   8936.635      1.1404670E-02
   8939.952      1.1459144E-02
   8943.271      1.1513836E-02
   8946.588      1.1561320E-02
   8949.906      1.1595408E-02
   8953.224      1.1612795E-02
   8956.542      1.1612216E-02
   8959.859      1.1594518E-02
   8963.178      1.1562956E-02
   8966.496      1.1520965E-02
   8969.814      1.1471437E-02
   8973.133      1.1417431E-02
   8976.450      1.1360765E-02
   8979.769      1.1303216E-02
   8983.087      1.1246836E-02
   8986.405      1.1194486E-02
   8989.724      1.1148676E-02
   8993.042      1.1111861E-02
   8996.360      1.1086565E-02
   8999.679      1.1072926E-02
   9002.998      1.1069979E-02
   9006.316      1.1073598E-02
   9009.635      1.1078051E-02
   9012.953      1.1074950E-02
   9016.272      1.1056289E-02
   9019.591      1.1013934E-02
   9022.909      1.0942155E-02
   9026.229      1.0839218E-02
   9029.547      1.0707280E-02
   9032.866      1.0551024E-02
   9036.185      1.0378191E-02
   9039.504      1.0197416E-02
   9042.822      1.0016668E-02
   9046.142      9.8427897E-03
   9049.461      9.6811848E-03
   9052.780      9.5357699E-03
   9056.100      9.4107203E-03
   9059.418      9.3089091E-03
   9062.737      9.2330053E-03
   9066.057      9.1841733E-03
   9069.376      9.1626141E-03
   9072.695      9.1657816E-03
   9076.015      9.1878539E-03
   9079.334      9.2205387E-03
   9082.653      9.2542656E-03
   9085.974      9.2785954E-03
   9089.293      9.2850802E-03
   9092.612      9.2682494E-03
   9095.933      9.2276540E-03
   9099.252      9.1662239E-03
   9102.571      9.0890499E-03
   9105.892      9.0040127E-03
   9109.211      8.9204246E-03
   9112.531      8.8470057E-03
   9115.851      8.7915659E-03
   9119.171      8.7616611E-03
   9122.490      8.7620532E-03
   9125.811      8.7939398E-03
   9129.131      8.8553894E-03
   9132.450      8.9416401E-03
   9135.771      9.0441704E-03
   9139.091      9.1514140E-03
   9142.411      9.2515126E-03
   9145.731      9.3335491E-03
   9149.052      9.3887607E-03
   9152.372      9.4118034E-03
   9155.692      9.4026290E-03
   9159.013      9.3643954E-03
   9162.333      9.3042543E-03
   9165.653      9.2303669E-03
   9168.975      9.1494266E-03
   9172.295      9.0669887E-03
   9175.615      8.9858547E-03
   9178.936      8.9063225E-03
   9182.257      8.8273305E-03
   9185.577      8.7465234E-03
   9188.898      8.6616753E-03
   9192.219      8.5720178E-03
   9195.539      8.4773945E-03
   9198.860      8.3777998E-03
   9202.182      8.2747908E-03
   9205.502      8.1712035E-03
   9208.823      8.0692321E-03
   9212.145      7.9729324E-03
   9215.465      7.8870235E-03
   9218.786      7.8171231E-03
   9222.107      7.7677486E-03
   9225.429      7.7429344E-03
   9228.750      7.7445181E-03
   9232.071      7.7708950E-03
   9235.393      7.8190826E-03
   9238.714      7.8850724E-03
   9242.035      7.9644676E-03
   9245.356      8.0526508E-03
   9248.678      8.1455251E-03
   9252.000      8.2397945E-03
   9255.321      8.3325440E-03
   9258.643      8.4211677E-03
   9261.965      8.5044922E-03
   9265.286      8.5821506E-03
   9268.607      8.6548086E-03
   9271.930      8.7240292E-03
   9275.251      8.7898951E-03
   9278.573      8.8523226E-03
   9281.895      8.9101139E-03
   9285.217      8.9610210E-03
   9288.539      9.0032043E-03
   9291.860      9.0354457E-03
   9295.183      9.0568466E-03
   9298.505      9.0681566E-03
   9301.827      9.0705426E-03
   9305.149      9.0660164E-03
   9308.471      9.0563279E-03
   9311.794      9.0430761E-03
   9315.115      9.0275742E-03
   9318.438      9.0109305E-03
   9321.761      8.9937216E-03
   9325.083      8.9759501E-03
   9328.405      8.9580240E-03
   9331.728      8.9399209E-03
   9335.050      8.9218654E-03
   9338.372      8.9038117E-03
   9341.695      8.8857561E-03
   9345.018      8.8677015E-03
   9348.340      8.8496450E-03
   9351.663      8.8315913E-03
   9354.985      8.8135349E-03
   9358.309      8.7954812E-03
   9361.631      8.7774284E-03
   9364.954      8.7593729E-03
   9368.277      8.7413201E-03
   9371.600      8.7232646E-03
   9374.923      8.7052071E-03
   9378.246      8.6871553E-03
   9381.569      8.6690998E-03
   9384.893      8.6510433E-03
   9388.215      8.6329887E-03
   9391.538      8.6149350E-03
   9394.861      8.5968794E-03
   9398.185      8.5788248E-03
   9401.508      8.5607683E-03
   9404.832      8.5427146E-03
   9408.155      8.5246610E-03
   9411.479      8.5066045E-03
   9414.802      8.4885517E-03
   9418.125      8.4704962E-03
   9421.448      8.4524425E-03
   9424.772      8.4343860E-03
   9428.096      8.4163304E-03
   9431.419      8.3982768E-03
   9434.743      8.3802212E-03
   9438.067      8.3621684E-03
   9441.391      8.3441120E-03
   9444.715      8.3260573E-03
   9448.038      8.3080046E-03
   9451.362      8.2899500E-03
   9454.687      8.2718926E-03
   9458.010      8.2538398E-03
   9461.334      8.2357833E-03
   9464.658      8.2177296E-03
   9467.982      8.1996741E-03
   9471.307      8.1816185E-03
   9474.631      8.1635648E-03
   9477.955      8.1455093E-03
   9481.279      8.1274565E-03
   9484.604      8.1094000E-03
   9487.928      8.0913445E-03
   9491.252      8.0732908E-03
   9494.576      8.0552353E-03
   9497.900      8.0371806E-03
   9501.226      8.0191270E-03
   9504.550      8.0010714E-03
   9507.874      7.9830168E-03
   9511.199      7.9649631E-03
   9514.523      7.9469075E-03
   9517.849      7.9288539E-03
   9521.173      7.9107974E-03
   9524.498      7.8927428E-03
   9527.822      7.8746881E-03
   9531.147      7.8566326E-03
   9534.472      7.8385798E-03
   9537.797      7.8205243E-03
   9541.122      7.8024697E-03
   9544.447      7.7844132E-03
   9547.772      7.7663590E-03
   9551.098      7.7483049E-03
   9554.422      7.7302502E-03
   9557.748      7.7121947E-03
   9561.072      7.6941405E-03
   9564.397      7.6760855E-03
   9567.724      7.6580308E-03
   9571.049      7.6399748E-03
   9574.374      7.6219211E-03
   9577.699      7.6038665E-03
   9581.024      7.5858114E-03
   9584.350      7.5677559E-03
   9587.676      7.5497008E-03
   9591.001      7.5316471E-03
   9594.327      7.5135920E-03
   9597.652      7.4955379E-03
   9600.979      7.4774823E-03
   9604.304      7.4594282E-03
   9607.629      7.4413740E-03
   9610.955      7.4233180E-03
   9614.281      7.4052620E-03
   9617.606      7.3872092E-03
   9620.933      7.3691541E-03
   9624.259      7.3510990E-03
   9627.585      7.3330449E-03
   9630.911      7.3149898E-03
   9634.237      7.2969338E-03
   9637.563      7.2788806E-03
   9640.890      7.2608255E-03
   9644.216      7.2427704E-03
   9647.541      7.2247158E-03
   9650.868      7.2066607E-03
   9654.194      7.1886056E-03
   9657.521      7.1705510E-03
   9660.847      7.1524968E-03
   9664.174      7.1344422E-03
   9667.500      7.1163876E-03
   9670.826      7.0983316E-03
   9674.153      7.0802770E-03
   9677.479      7.0622228E-03
   9680.807      7.0441682E-03
   9684.133      7.0261122E-03
   9687.459      7.0080590E-03
   9690.786      6.9900039E-03
   9694.113      6.9719488E-03
   9697.439      6.9538928E-03
   9700.767      6.9358391E-03
   9704.094      6.9177849E-03
   9707.421      6.8997294E-03
   9710.747      6.8816752E-03
   9714.074      6.8636197E-03
   9717.401      6.8455650E-03
   9720.729      6.8275095E-03
   9724.056      6.8094558E-03
   9727.383      6.7914007E-03
   9730.710      6.7733466E-03
   9734.037      6.7552910E-03
   9737.364      6.7372355E-03
   9740.692      6.7191804E-03
   9744.020      6.7011262E-03
   9747.347      6.6830730E-03
   9750.674      6.6650165E-03
   9754.002      6.6469614E-03
   9757.329      6.6289078E-03
   9760.657      6.6108527E-03
   9763.984      6.5927980E-03
   9767.313      6.5747430E-03
   9770.640      6.5566888E-03
   9773.968      6.5386347E-03
   9777.296      6.5205796E-03
   9780.623      6.5025231E-03
   9783.951      6.4844694E-03
   9787.279      6.4664143E-03
   9790.606      6.4483592E-03
   9793.936      6.4303055E-03
   9797.263      6.4122505E-03
   9800.591      6.3941954E-03
   9803.919      6.3761412E-03
   9807.247      6.3580857E-03
   9810.575      6.3400310E-03
   9813.903      6.3219760E-03
   9817.231      6.3039209E-03
   9820.561      6.2858658E-03
   9823.889      6.2678116E-03
   9827.217      6.2497566E-03
   9830.545      6.2317024E-03
   9833.874      6.2136478E-03
   9837.202      6.1955932E-03
   9840.530      6.1775376E-03
   9843.859      6.1594830E-03
   9847.188      6.1414288E-03
   9850.517      6.1233733E-03
   9853.845      6.1053191E-03
   9857.174      6.0872640E-03
   9860.503      6.0692094E-03
   9863.831      6.0511543E-03
   9867.160      6.0330997E-03
   9870.489      6.0150456E-03
   9873.818      5.9969900E-03
   9877.147      5.9789349E-03
   9880.477      5.9608808E-03
   9883.805      5.9428252E-03
   9887.135      5.9247701E-03
   9890.464      5.9067155E-03
   9893.793      5.8886609E-03
   9897.122      5.8706058E-03
   9900.451      5.8525531E-03
   9903.780      5.8344966E-03
   9907.109      5.8164429E-03
   9910.439      5.7983883E-03
   9913.769      5.7803332E-03
   9917.098      5.7622786E-03
   9920.428      5.7442235E-03
   9923.757      5.7261689E-03
   9927.087      5.7081138E-03
   9930.416      5.6900592E-03
   9933.746      5.6720036E-03
   9937.075      5.6539495E-03
   9940.405      5.6358944E-03
   9943.734      5.6178407E-03
   9947.064      5.5997842E-03
   9950.395      5.5817300E-03
   9953.725      5.5636754E-03
   9957.054      5.5456203E-03
   9960.385      5.5275653E-03
   9963.714      5.5095111E-03
   9967.044      5.4914565E-03
   9970.375      5.4734014E-03
   9973.704      5.4553472E-03
   9977.034      5.4372917E-03
   9980.365      5.4192366E-03
   9983.695      5.4011815E-03
   9987.025      5.3831278E-03
   9990.355      5.3650727E-03
   9993.687      5.3470181E-03
   9997.017      5.3289630E-03
   10000.35      5.3109080E-03
   10003.68      5.2928538E-03
   10007.01      5.2747987E-03
   10010.34      5.2567441E-03
   10013.67      5.2386895E-03
   10017.00      5.2206344E-03
   10020.33      5.2025798E-03
   10023.66      5.1845238E-03
   10026.99      5.1664691E-03
   10030.32      5.1484150E-03
   10033.65      5.1303599E-03
   10036.98      5.1123062E-03
   10040.32      5.0942511E-03
   10043.65      5.0761956E-03
   10046.98      5.0581405E-03
   10050.31      5.0400868E-03
   10053.64      5.0220313E-03
   10056.97      5.0039776E-03
   10060.30      4.9859216E-03
   10063.63      4.9678674E-03
   10066.96      4.9498118E-03
   10070.29      4.9317568E-03
   10073.63      4.9137031E-03
   10076.96      4.8956485E-03
   10080.29      4.8775938E-03
   10083.62      4.8595378E-03
   10086.95      4.8414837E-03
   10090.28      4.8234286E-03
   10093.62      4.8053749E-03
   10096.95      4.7873193E-03
   10100.28      4.7692643E-03
   10103.61      4.7512092E-03
   10106.94      4.7331550E-03
   10110.27      4.7150999E-03
   10113.61      4.6970453E-03
   10116.94      4.6789907E-03
   10120.27      4.6609361E-03
   10123.60      4.6428815E-03
   10126.93      4.6248264E-03
   10130.26      4.6067713E-03
   10133.60      4.5887167E-03
   10136.93      4.5706620E-03
   10140.26      4.5526079E-03
   10143.59      4.5345523E-03
   10146.93      4.5164973E-03
   10150.26      4.4984431E-03
   10153.59      4.4803875E-03
   10156.92      4.4623357E-03
   10160.25      4.4442927E-03
   10163.59      4.4262642E-03
   10166.92      4.4082664E-03
   10170.25      4.3903287E-03
   10173.58      4.3724971E-03
   10176.92      4.3548443E-03
   10180.25      4.3374803E-03
   10183.58      4.3205521E-03
   10186.92      4.3042488E-03
   10190.25      4.2887940E-03
   10193.58      4.2744279E-03
   10196.91      4.2613833E-03
   10200.25      4.2498577E-03
   10203.58      4.2399820E-03
