   3891.306     -2.7397648E-05
   3896.371     -2.7397648E-05
   3901.436     -2.7397648E-05
   3906.501     -2.7397648E-05
   3911.567     -2.7397648E-05
   3916.633     -2.7397648E-05
   3921.699     -2.7397648E-05
   3926.765     -2.7397648E-05
   3931.832     -2.7397648E-05
   3936.898     -2.7397648E-05
   3941.965     -2.7397648E-05
   3947.032     -2.7397648E-05
   3952.100     -2.7397648E-05
   3957.167     -2.7397648E-05
   3962.235     -2.7397648E-05
   3967.303     -2.7397648E-05
   3972.371     -2.7397648E-05
   3977.440     -2.7397648E-05
   3982.508     -2.7397648E-05
   3987.577     -2.7397648E-05
   3992.646     -2.7397648E-05
   3997.716     -2.7397648E-05
   4002.785     -2.7397648E-05
   4007.855     -2.7397648E-05
   4012.925     -2.7397648E-05
   4017.995     -2.7397648E-05
   4023.065     -2.7397648E-05
   4028.136     -2.7397648E-05
   4033.207     -2.7397648E-05
   4038.278     -2.7397648E-05
   4043.349     -2.7397648E-05
   4048.421     -2.7397648E-05
   4053.493     -2.7397648E-05
   4058.565     -2.7397648E-05
   4063.637     -2.7397648E-05
   4068.709     -2.7397648E-05
   4073.782     -2.7397648E-05
   4078.855     -2.7397648E-05
   4083.928     -2.7397648E-05
   4089.001     -2.7397648E-05
   4094.074     -2.7397648E-05
   4099.148     -2.7397648E-05
   4104.222     -2.7397648E-05
   4109.296     -2.7397648E-05
   4114.371     -2.7397648E-05
   4119.445     -2.7397648E-05
   4124.520     -2.7397648E-05
   4129.595     -2.7397648E-05
   4134.670     -2.7397648E-05
   4139.746     -2.7397648E-05
   4144.822     -2.7397648E-05
   4149.897     -2.7397648E-05
   4154.974     -2.7397648E-05
   4160.050     -2.7397648E-05
   4165.126     -2.7397648E-05
   4170.204     -2.7397648E-05
   4175.280     -2.7397648E-05
   4180.358     -2.7397648E-05
   4185.435     -2.7397648E-05
   4190.513     -2.7397648E-05
   4195.591     -2.7397648E-05
   4200.669     -2.7397648E-05
   4205.747     -2.7397648E-05
   4210.826     -2.7397648E-05
   4215.904     -2.7397648E-05
   4220.983     -2.7397648E-05
   4226.063     -2.7397648E-05
   4231.142     -2.7397648E-05
   4236.222     -2.7397648E-05
   4241.302     -2.7397648E-05
   4246.382     -2.7397648E-05
   4251.462     -2.7397648E-05
   4256.542     -2.7397648E-05
   4261.624     -2.7397648E-05
   4266.705     -2.7397648E-05
   4271.786     -2.7397648E-05
   4276.867     -2.7397648E-05
   4281.949     -2.7397648E-05
   4287.030     -2.7397648E-05
   4292.112     -2.7397648E-05
   4297.195     -2.7397648E-05
   4302.277     -2.7397648E-05
   4307.360     -2.7397648E-05
   4312.443     -2.7397648E-05
   4317.526     -2.7397648E-05
   4322.609     -2.7397648E-05
   4327.693     -2.7397648E-05
   4332.777     -2.7397648E-05
   4337.861     -2.7397648E-05
   4342.945     -2.7397648E-05
   4348.030     -2.7397648E-05
   4353.115     -2.7397648E-05
   4358.200     -2.7397648E-05
   4363.285     -2.7397648E-05
   4368.370     -2.7397648E-05
   4373.456     -2.7397648E-05
   4378.542     -2.7397648E-05
   4383.627     -2.7397648E-05
   4388.714     -2.7397648E-05
   4393.800     -2.7397648E-05
   4398.887     -2.7397648E-05
   4403.974     -2.7397648E-05
   4409.061     -2.7397648E-05
   4414.148     -2.7397648E-05
   4419.236     -2.7397648E-05
   4424.324     -2.7397648E-05
   4429.412     -2.7397648E-05
   4434.500     -2.7397648E-05
   4439.588     -2.7397648E-05
   4444.677     -2.7397648E-05
   4449.766     -2.7397648E-05
   4454.855     -2.7397648E-05
   4459.944     -2.7397648E-05
   4465.034     -2.7397648E-05
   4470.124     -2.7397648E-05
   4475.213     -2.7397648E-05
   4480.304     -2.7397648E-05
   4485.394     -2.7397648E-05
   4490.485     -2.7397648E-05
   4495.576     -2.7397648E-05
   4500.667     -2.7397648E-05
   4505.758     -2.7397648E-05
   4510.850     -2.7397648E-05
   4515.941     -2.7397648E-05
   4521.033     -2.7397648E-05
   4526.125     -2.7397648E-05
   4531.218     -2.7397648E-05
   4536.311     -2.7397648E-05
   4541.403     -2.7397648E-05
   4546.497     -2.7397648E-05
   4551.590     -2.7397648E-05
   4556.683     -2.7397648E-05
   4561.777     -2.7397648E-05
   4566.871     -2.7397648E-05
   4571.965     -2.7397648E-05
   4577.060     -2.7397648E-05
   4582.154     -2.7397648E-05
   4587.249     -2.7397648E-05
   4592.344     -2.7397648E-05
   4597.439     -2.7397648E-05
   4602.535     -2.7397648E-05
   4607.630     -2.7397648E-05
   4612.726     -2.7397648E-05
   4617.822     -2.7397648E-05
   4622.919     -2.7397648E-05
   4628.015     -2.7397648E-05
   4633.112     -2.7397648E-05
   4638.209     -2.7397648E-05
   4643.306     -2.7397648E-05
   4648.404     -2.7397648E-05
   4653.501     -2.7397648E-05
   4658.600     -2.7397648E-05
   4663.698     -2.7397648E-05
   4668.796     -2.7397648E-05
   4673.895     -2.7397648E-05
   4678.993     -2.7397648E-05
   4684.092     -2.7397648E-05
   4689.191     -2.7397648E-05
   4694.291     -2.7397648E-05
   4699.391     -2.7397648E-05
   4704.490     -2.7397648E-05
   4709.590     -2.7397648E-05
   4714.691     -2.7397648E-05
   4719.792     -2.7397648E-05
   4724.892     -2.7397648E-05
   4729.993     -2.7397648E-05
   4735.094     -2.7397648E-05
   4740.196     -2.7397648E-05
   4745.297     -2.7397648E-05
   4750.399     -2.7397648E-05
   4755.501     -2.7397648E-05
   4760.604     -2.7397648E-05
   4765.706     -2.7397648E-05
   4770.809     -2.7397648E-05
   4775.912     -2.7397648E-05
   4781.015     -2.7397648E-05
   4786.118     -2.7397648E-05
   4791.222     -2.7397648E-05
   4796.326     -2.7397648E-05
   4801.430     -2.7397648E-05
   4806.534     -2.7397648E-05
   4811.639     -2.7397648E-05
   4816.743     -2.7397648E-05
   4821.848     -2.7397648E-05
   4826.953     -2.7397648E-05
   4832.059     -2.7397648E-05
   4837.164     -2.7397648E-05
   4842.270     -2.7397648E-05
   4847.376     -2.7397648E-05
   4852.482     -2.7397648E-05
   4857.589     -2.7397648E-05
   4862.696     -2.7397648E-05
   4867.802     -2.7397648E-05
   4872.910     -2.7397648E-05
   4878.017     -2.7397648E-05
   4883.125     -2.7397648E-05
   4888.232     -2.7397648E-05
   4893.340     -2.7397648E-05
   4898.449     -2.7397648E-05
   4903.557     -2.7397648E-05
   4908.666     -2.7397648E-05
   4913.774     -2.7397648E-05
   4918.884     -2.7397648E-05
   4923.993     -2.7397648E-05
   4929.103     -2.7397648E-05
   4934.212     -2.7397648E-05
   4939.322     -2.7397648E-05
   4944.433     -2.7397648E-05
   4949.543     -2.7397648E-05
   4954.653     -2.7397648E-05
   4959.764     -2.7397648E-05
   4964.875     -2.7397648E-05
   4969.987     -2.7397648E-05
   4975.098     -2.7397648E-05
   4980.210     -2.7397648E-05
   4985.322     -2.7397648E-05
   4990.434     -2.7397648E-05
   4995.547     -2.7397648E-05
   5000.659     -2.7397648E-05
   5005.772     -2.7397648E-05
   5010.885     -2.7397648E-05
   5015.999     -2.7397648E-05
   5021.112     -2.7397648E-05
   5026.226     -2.7397648E-05
   5031.340     -2.7397648E-05
   5036.454     -2.7397648E-05
   5041.568     -2.7397648E-05
   5046.683     -2.7397648E-05
   5051.797     -2.7397648E-05
   5056.913     -2.7397648E-05
   5062.028     -2.7397648E-05
   5067.144     -2.7397648E-05
   5072.259     -2.7397648E-05
   5077.375     -2.7397648E-05
   5082.491     -2.7397648E-05
   5087.607     -2.7397648E-05
   5092.724     -2.7397648E-05
   5097.841     -2.7397648E-05
   5102.958     -2.7397648E-05
   5108.075     -2.7397648E-05
   5113.192     -2.7397648E-05
   5118.310     -2.7397648E-05
   5123.428     -2.7397648E-05
   5128.546     -2.7397648E-05
   5133.665     -2.7397648E-05
   5138.783     -2.7397648E-05
   5143.902     -2.7397648E-05
   5149.021     -2.7397648E-05
   5154.140     -2.7397648E-05
   5159.259     -2.7397648E-05
   5164.379     -2.7397648E-05
   5169.499     -2.7397648E-05
   5174.619     -2.7397648E-05
   5179.739     -2.7397648E-05
   5184.860     -2.7397648E-05
   5189.981     -2.7397648E-05
   5195.102     -2.7397648E-05
   5200.223     -2.7397648E-05
   5205.344     -2.7397648E-05
   5210.466     -2.7397648E-05
   5215.588     -2.7397648E-05
   5220.710     -2.7397648E-05
   5225.832     -2.7397648E-05
   5230.955     -2.7397648E-05
   5236.078     -2.7397648E-05
   5241.201     -2.7397648E-05
   5246.324     -2.7397648E-05
   5251.447     -2.7397648E-05
   5256.571     -2.7397648E-05
   5261.694     -2.7397648E-05
   5266.818     -2.7397648E-05
   5271.943     -2.7397648E-05
   5277.067     -2.7397648E-05
   5282.192     -2.7397648E-05
   5287.317     -2.7397648E-05
   5292.442     -2.7397648E-05
   5297.567     -2.7397648E-05
   5302.693     -2.7397648E-05
   5307.819     -2.7397648E-05
   5312.945     -2.7397648E-05
   5318.071     -2.7397648E-05
   5323.198     -2.7397648E-05
   5328.324     -2.7397648E-05
   5333.451     -2.7397648E-05
   5338.578     -2.7397648E-05
   5343.706     -2.7397648E-05
   5348.833     -2.7397648E-05
   5353.961     -2.7397648E-05
   5359.089     -2.7397648E-05
   5364.217     -2.7397648E-05
   5369.346     -2.7397648E-05
   5374.475     -2.7397648E-05
   5379.603     -2.7397648E-05
   5384.732     -2.7397648E-05
   5389.862     -2.7397648E-05
   5394.991     -2.7397648E-05
   5400.121     -2.7397648E-05
   5405.251     -2.7397648E-05
   5410.381     -2.7397648E-05
   5415.512     -2.7397648E-05
   5420.642     -2.7397648E-05
   5425.773     -2.7397648E-05
   5430.904     -2.7397648E-05
   5436.036     -2.7397648E-05
   5441.167     -2.7397648E-05
   5446.299     -2.7397648E-05
   5451.431     -2.7397648E-05
   5456.563     -2.7397648E-05
   5461.695     -2.7397648E-05
   5466.828     -2.7397648E-05
   5471.961     -2.7397648E-05
   5477.094     -2.7397648E-05
   5482.227     -2.7397648E-05
   5487.361     -2.7397648E-05
   5492.495     -2.7397648E-05
   5497.628     -2.7397648E-05
   5502.762     -2.7397648E-05
   5507.897     -2.7397648E-05
   5513.031     -2.7397648E-05
   5518.167     -2.7397648E-05
   5523.301     -2.7397648E-05
   5528.437     -2.7397648E-05
   5533.572     -2.7397648E-05
   5538.708     -2.7397648E-05
   5543.844     -2.7397648E-05
   5548.980     -2.7397648E-05
   5554.116     -2.7397648E-05
   5559.253     -2.7397648E-05
   5564.390     -2.7397648E-05
   5569.526     -2.7397648E-05
   5574.664     -2.7397648E-05
   5579.801     -2.7397648E-05
   5584.939     -2.7397648E-05
   5590.077     -2.7397648E-05
   5595.215     -2.7397648E-05
   5600.354     -2.7397648E-05
   5605.492     -2.7397648E-05
   5610.631     -2.7397648E-05
   5615.770     -2.7397648E-05
   5620.909     -2.7397648E-05
   5626.048     -2.7397648E-05
   5631.188     -2.7397648E-05
   5636.328     -2.7397648E-05
   5641.468     -2.7397648E-05
   5646.608     -2.7397648E-05
   5651.749     -2.7397648E-05
   5656.890     -2.7397648E-05
   5662.031     -2.7397648E-05
   5667.172     -2.7397648E-05
   5672.313     -2.7397648E-05
   5677.455     -2.7397648E-05
   5682.597     -2.7397648E-05
   5687.739     -2.7397648E-05
   5692.881     -2.7397648E-05
   5698.023     -2.7397648E-05
   5703.166     -2.7397648E-05
   5708.309     -2.7397648E-05
   5713.452     -2.7397648E-05
   5718.596     -2.7397648E-05
   5723.739     -2.7397648E-05
   5728.883     -2.7397648E-05
   5734.027     -2.7397648E-05
   5739.171     -2.7397648E-05
   5744.316     -2.7397648E-05
   5749.461     -2.7397648E-05
   5754.605     -2.7397648E-05
   5759.751     -2.7397648E-05
   5764.896     -2.7397648E-05
   5770.042     -2.7397648E-05
   5775.188     -2.7397648E-05
   5780.333     -2.7397648E-05
   5785.480     -2.7397648E-05
   5790.626     -2.7397648E-05
   5795.773     -2.7397648E-05
   5800.920     -2.7397648E-05
   5806.067     -2.7397648E-05
   5811.214     -2.7397648E-05
   5816.362     -2.7397648E-05
   5821.510     -2.7397648E-05
   5826.658     -2.7397648E-05
   5831.806     -2.7397648E-05
   5836.955     -2.7397648E-05
   5842.103     -2.7397648E-05
   5847.252     -2.7397648E-05
   5852.401     -2.7397648E-05
   5857.550     -2.7397648E-05
   5862.700     -2.7397648E-05
   5867.850     -2.7397648E-05
   5873.000     -2.7397648E-05
   5878.150     -2.7397648E-05
   5883.300     -2.7397648E-05
   5888.451     -2.7397648E-05
   5893.602     -2.7397648E-05
   5898.753     -2.7397648E-05
   5903.904     -2.7397648E-05
   5909.056     -2.7397648E-05
   5914.208     -2.7397648E-05
   5919.359     -2.7397648E-05
   5924.512     -2.7397648E-05
   5929.664     -2.7397648E-05
   5934.817     -2.7397648E-05
   5939.970     -2.7397648E-05
   5945.123     -2.7397648E-05
   5950.276     -2.7397648E-05
   5955.430     -2.7397648E-05
   5960.583     -2.7397648E-05
   5965.737     -2.7397648E-05
   5970.891     -2.7397648E-05
   5976.046     -2.7397648E-05
   5981.200     -2.7397648E-05
   5986.355     -2.7397648E-05
   5991.510     -2.7397648E-05
   5996.666     -2.7397648E-05
   6001.821     -2.7397648E-05
   6006.977     -2.7397648E-05
   6012.132     -2.7397648E-05
   6017.289     -2.7397648E-05
   6022.445     -2.7397648E-05
   6027.602     -2.7397648E-05
   6032.758     -2.7397648E-05
   6037.916     -2.7397648E-05
   6043.073     -2.7397648E-05
   6048.230     -2.7397648E-05
   6053.388     -2.7397648E-05
   6058.545     -2.7397648E-05
   6063.704     -2.7397648E-05
   6068.862     -2.7397648E-05
   6074.021     -2.7397648E-05
   6079.180     -2.7397648E-05
   6084.338     -2.7397648E-05
   6089.498     -2.7397648E-05
   6094.657     -2.7397648E-05
   6099.817     -2.7397648E-05
   6104.977     -2.7397648E-05
   6110.137     -2.7397648E-05
   6115.297     -2.7397648E-05
   6120.458     -2.7397648E-05
   6125.618     -2.7397648E-05
   6130.779     -2.7397648E-05
   6135.940     -2.7397648E-05
   6141.102     -2.7397648E-05
   6146.264     -2.7397648E-05
   6151.426     -2.7397648E-05
   6156.587     -2.7397648E-05
   6161.750     -2.7397648E-05
   6166.913     -2.7397648E-05
   6172.075     -2.7397648E-05
   6177.238     -2.7397648E-05
   6182.401     -2.7397648E-05
   6187.564     -2.7397648E-05
   6192.728     -2.7397648E-05
   6197.892     -2.7397648E-05
   6203.056     -2.7397648E-05
   6208.220     -2.7397648E-05
   6213.385     -2.7397648E-05
   6218.550     -2.7397648E-05
   6223.714     -2.7397648E-05
   6228.880     -2.7397648E-05
   6234.045     -2.7397648E-05
   6239.210     -2.7397648E-05
   6244.376     -2.7397648E-05
   6249.542     -2.7397648E-05
   6254.709     -2.7397648E-05
   6259.875     -2.7397648E-05
   6265.042     -2.7397648E-05
   6270.209     -2.7397648E-05
   6275.376     -2.7397648E-05
   6280.543     -2.7397648E-05
   6285.711     -2.7397648E-05
   6290.878     -2.7397648E-05
   6296.047     -2.7397648E-05
   6301.215     -2.7397648E-05
   6306.383     -2.7397648E-05
   6311.552     -2.7397648E-05
   6316.721     -2.7397648E-05
   6321.890     -2.7397648E-05
   6327.059     -2.7397648E-05
   6332.229     -2.7397648E-05
   6337.398     -2.7397648E-05
   6342.569     -2.7397648E-05
   6347.739     -2.7397648E-05
   6352.909     -2.7397648E-05
   6358.080     -2.7397648E-05
   6363.251     -2.7397648E-05
   6368.422     -2.7397648E-05
   6373.593     -2.7397648E-05
   6378.765     -2.7397648E-05
   6383.937     -2.7397648E-05
   6389.108     -2.7397648E-05
   6394.280     -2.7397648E-05
   6399.453     -2.7397648E-05
   6404.625     -2.7397648E-05
   6409.798     -2.7397648E-05
   6414.972     -2.7397648E-05
   6420.145     -2.7397648E-05
   6425.318     -2.7397648E-05
   6430.492     -2.7397648E-05
   6435.666     -2.7397648E-05
   6440.840     -2.7397648E-05
   6446.015     -2.7397648E-05
   6451.189     -2.7397648E-05
   6456.364     -2.7397648E-05
   6461.539     -2.7397648E-05
   6466.714     -2.7397648E-05
   6471.890     -2.7397648E-05
   6477.065     -2.7397648E-05
   6482.241     -2.7397648E-05
   6487.417     -2.7397648E-05
   6492.594     -2.7397648E-05
   6497.771     -2.7397648E-05
   6502.947     -2.7397648E-05
   6508.125     -2.7397648E-05
   6513.302     -2.7397648E-05
   6518.479     -2.7397648E-05
   6523.657     -2.7397648E-05
   6528.834     -2.7397648E-05
   6534.013     -2.7397648E-05
   6539.191     -2.7397648E-05
   6544.370     -2.7397648E-05
   6549.548     -2.7397648E-05
   6554.728     -2.7397648E-05
   6559.907     -2.7397648E-05
   6565.086     -2.7397648E-05
   6570.266     -2.7397648E-05
   6575.446     -2.7397648E-05
   6580.625     -2.7397648E-05
   6585.806     -2.7397648E-05
   6590.986     -2.7397648E-05
   6596.167     -2.7397648E-05
   6601.348     -2.7397648E-05
   6606.529     -2.7397648E-05
   6611.711     -2.7397648E-05
   6616.893     -2.7397648E-05
   6622.074     -2.7397648E-05
   6627.256     -2.7397648E-05
   6632.439     -2.7397648E-05
   6637.621     -2.7397648E-05
   6642.804     -2.7397648E-05
   6647.987     -2.7397648E-05
   6653.170     -2.7397648E-05
   6658.354     -2.7397648E-05
   6663.537     -2.7397648E-05
   6668.721     -2.7397648E-05
   6673.905     -2.7397648E-05
   6679.089     -2.7397648E-05
   6684.273     -2.7397648E-05
   6689.458     -2.7397648E-05
   6694.644     -2.7397648E-05
   6699.829     -2.7397648E-05
   6705.014     -2.7397648E-05
   6710.200     -2.7397648E-05
   6715.385     -2.7397648E-05
   6720.571     -2.7397648E-05
   6725.758     -2.7397648E-05
   6730.944     -2.7397648E-05
   6736.131     -2.7397648E-05
   6741.317     -2.7397648E-05
   6746.505     -2.7397648E-05
   6751.692     -2.7397648E-05
   6756.880     -2.7397648E-05
   6762.067     -2.7397648E-05
   6767.256     -2.7397648E-05
   6772.444     -2.7397648E-05
   6777.632     -2.7397648E-05
   6782.821     -2.7397648E-05
   6788.010     -2.7397648E-05
   6793.199     -2.7397648E-05
   6798.388     -2.7397648E-05
   6803.578     -2.7397648E-05
   6808.768     -2.7397648E-05
   6813.958     -2.7397648E-05
   6819.147     -2.7397648E-05
   6824.338     -2.7397648E-05
   6829.529     -2.7397648E-05
   6834.720     -2.7397648E-05
   6839.911     -2.7397648E-05
   6845.102     -2.7397648E-05
   6850.293     -2.7397648E-05
   6855.485     -2.7397648E-05
   6860.677     -2.7397648E-05
   6865.869     -2.7397648E-05
   6871.062     -2.7397648E-05
   6876.254     -2.7397648E-05
   6881.447     -2.7397648E-05
   6886.640     -2.7397648E-05
   6891.834     -2.7397648E-05
   6897.027     -2.7397648E-05
   6902.221     -2.7397648E-05
   6907.415     -2.7397648E-05
   6912.609     -2.7397648E-05
   6917.803     -2.7397648E-05
   6922.998     -2.7397648E-05
   6928.193     -2.7397648E-05
   6933.388     -2.7397648E-05
   6938.583     -2.7397648E-05
   6943.778     -2.7397648E-05
   6948.975     -2.7397648E-05
   6954.170     -2.7397648E-05
   6959.367     -2.7397648E-05
   6964.563     -2.7397648E-05
   6969.759     -2.7397648E-05
   6974.956     -2.7397648E-05
   6980.153     -2.7397648E-05
   6985.351     -2.7397648E-05
   6990.548     -2.7397648E-05
   6995.746     -2.7397648E-05
   7000.943     -2.7397648E-05
   7006.142     -2.7397648E-05
   7011.340     -2.7397648E-05
   7016.539     -2.7397648E-05
   7021.737     -2.7397648E-05
   7026.937     -2.7397648E-05
   7032.135     -2.7397648E-05
   7037.335     -2.7397648E-05
   7042.535     -2.7397648E-05
   7047.734     -2.7397648E-05
   7052.935     -2.7397648E-05
   7058.135     -2.7397648E-05
   7063.335     -2.7397648E-05
   7068.536     -2.7397648E-05
   7073.737     -2.7397648E-05
   7078.938     -2.7397648E-05
   7084.140     -2.7397648E-05
   7089.341     -2.7397648E-05
   7094.543     -2.7397648E-05
   7099.745     -2.7397648E-05
   7104.948     -2.7397648E-05
   7110.150     -2.7397648E-05
   7115.353     -2.7397648E-05
   7120.556     -2.7397648E-05
   7125.759     -2.7397648E-05
   7130.962     -2.7397648E-05
   7136.166     -2.7397648E-05
   7141.370     -2.7397648E-05
   7146.574     -2.7397648E-05
   7151.778     -2.7397648E-05
   7156.982     -2.7397648E-05
   7162.188     -2.7397648E-05
   7167.392     -2.7397648E-05
   7172.598     -2.7397648E-05
   7177.803     -2.7397648E-05
   7183.008     -2.7397648E-05
   7188.214     -2.7397648E-05
   7193.420     -2.7397648E-05
   7198.626     -2.7397648E-05
   7203.833     -2.7397648E-05
   7209.040     -2.7397648E-05
   7214.247     -2.7397648E-05
   7219.454     -2.7397648E-05
   7224.661     -2.7397648E-05
   7229.869     -2.7397648E-05
   7235.076     -2.7397648E-05
   7240.285     -2.7397648E-05
   7245.493     -2.7397648E-05
   7250.701     -2.7397648E-05
   7255.910     -2.7397648E-05
   7261.119     -2.7397648E-05
   7266.328     -2.7397648E-05
   7271.537     -2.7397648E-05
   7276.747     -2.7397648E-05
   7281.956     -2.7397648E-05
   7287.167     -2.7397648E-05
   7292.376     -2.7397648E-05
   7297.587     -2.7397648E-05
   7302.798     -2.7397648E-05
   7308.009     -2.7397648E-05
   7313.220     -2.7397648E-05
   7318.431     -2.7397648E-05
   7323.643     -2.7397648E-05
   7328.854     -2.7397648E-05
   7334.066     -2.7397648E-05
   7339.278     -2.7397648E-05
   7344.491     -2.7397648E-05
   7349.703     -2.7397648E-05
   7354.917     -2.7397648E-05
   7360.129     -2.7397648E-05
   7365.343     -2.7397648E-05
   7370.556     -2.7397648E-05
   7375.770     -2.7397648E-05
   7380.984     -2.7397648E-05
   7386.198     -2.7397648E-05
   7391.412     -2.7397648E-05
   7396.627     -2.7397648E-05
   7401.842     -2.7397648E-05
   7407.057     -2.7397648E-05
   7412.272     -2.7397648E-05
   7417.487     -2.7397648E-05
   7422.703     -2.7397648E-05
   7427.919     -2.7397648E-05
   7433.135     -2.7397648E-05
   7438.352     -2.7397648E-05
   7443.568     -2.7397648E-05
   7448.785     -2.7397648E-05
   7454.002     -2.7397648E-05
   7459.219     -2.7397648E-05
   7464.437     -2.7397648E-05
   7469.654     -2.7397648E-05
   7474.872     -2.7397648E-05
   7480.090     -2.7397648E-05
   7485.309     -2.7397648E-05
   7490.527     -2.7397648E-05
   7495.746     -2.7397648E-05
   7500.965     -2.7397648E-05
   7506.184     -2.7397648E-05
   7511.404     -2.7397648E-05
   7516.624     -2.7397648E-05
   7521.843     -2.7397648E-05
   7527.063     -2.7397648E-05
   7532.284     -2.7397648E-05
   7537.504     -2.7397648E-05
   7542.725     -2.7397648E-05
   7547.946     -2.7397648E-05
   7553.167     -2.7397648E-05
   7558.389     -2.7397648E-05
   7563.610     -2.7397648E-05
   7568.832     -2.7397648E-05
   7574.054     -2.7397648E-05
   7579.277     -2.7397648E-05
   7584.499     -2.7397648E-05
   7589.722     -2.7397648E-05
   7594.945     -2.7397648E-05
   7600.168     -2.7397648E-05
   7605.391     -2.7397648E-05
   7610.615     -2.7397648E-05
   7615.839     -2.7397648E-05
   7621.063     -2.7397648E-05
   7626.287     -2.7397648E-05
   7631.511     -2.7397648E-05
   7636.736     -2.7397648E-05
   7641.961     -2.7397648E-05
   7647.187     -2.7397648E-05
   7652.412     -2.7397648E-05
   7657.638     -2.7397648E-05
   7662.863     -2.7397648E-05
   7668.089     -2.7397648E-05
   7673.315     -2.7397648E-05
   7678.542     -2.7397648E-05
   7683.769     -2.7397648E-05
   7688.996     -2.7397648E-05
   7694.223     -2.7397648E-05
   7699.450     -2.7397648E-05
   7704.678     -2.7397648E-05
   7709.905     -2.7397648E-05
   7715.133     -2.7397648E-05
   7720.361     -2.7397648E-05
   7725.590     -2.7397648E-05
   7730.819     -2.7397648E-05
   7736.048     -2.7397648E-05
   7741.277     -2.7397648E-05
   7746.506     -2.7397648E-05
   7751.736     -2.7397648E-05
   7756.965     -2.7397648E-05
   7762.195     -2.7397648E-05
   7767.425     -2.7397648E-05
   7772.656     -2.7397648E-05
   7777.887     -2.7397648E-05
   7783.118     -2.7397648E-05
   7788.349     -2.7397648E-05
   7793.580     -2.7397648E-05
   7798.812     -2.7397648E-05
   7804.043     -2.7397648E-05
   7809.275     -2.7397648E-05
   7814.507      3.1709671E-04
   7819.740      4.9543381E-04
   7824.972      7.0142746E-04
   7830.205      9.3412399E-04
   7835.438      1.1930466E-03
   7840.672      1.4791489E-03
   7845.905      1.7919540E-03
   7851.139      2.1319389E-03
   7856.373      2.4986267E-03
   7861.607      2.8915405E-03
   7866.841      3.3121109E-03
   7872.076      3.7589073E-03
   7877.311      4.2328835E-03
   7882.545      4.7340393E-03
   7887.781      5.2609444E-03
   7893.016      5.8217896E-03
   7898.252      6.7453492E-03
   7903.488      8.1297150E-03
   7908.724      9.9394768E-03
   7913.960      1.2033782E-02
   7919.197      1.4199778E-02
   7924.434      1.6221533E-02
   7929.671      1.7953668E-02
   7934.908      1.9384008E-02
   7940.146      2.0622591E-02
   7945.383      2.1848720E-02
   7950.621      2.3245327E-02
   7955.859      2.4986219E-02
   7961.098      2.7274374E-02
   7966.336      3.0416200E-02
   7971.575      3.4836467E-02
   7976.814      4.1062411E-02
   7982.053      4.9631193E-02
   7987.293      6.1034400E-02
   7992.532      7.5701334E-02
   7997.772      9.3983673E-02
   8003.012      0.1161555    
   8008.253      0.1423620    
   8013.493      0.1725429    
   8018.734      0.2063980    
   8023.975      0.2433589    
   8029.216      0.2826104    
   8034.458      0.3231581    
   8039.699      0.3638989    
   8044.941      0.4036693    
   8050.183      0.4412988    
   8055.425      0.4756632    
   8060.668      0.5057732    
   8065.911      0.5309359    
   8071.153      0.5508929    
   8076.397      0.5658732    
   8081.640      0.5765403    
   8086.884      0.5837668    
   8092.127      0.5885136    
   8097.372      0.5916541    
   8102.616      0.5939035    
   8107.860      0.5957431    
   8113.105      0.5973783    
   8118.350      0.5987400    
   8123.595      0.5996024    
   8128.840      0.5997722    
   8134.086      0.5991290    
   8139.332      0.5976081    
   8144.578      0.5949916    
   8149.824      0.5907251    
   8155.071      0.5838978    
   8160.317      0.5733671    
   8165.564      0.5579729    
   8170.812      0.5367996    
   8176.059      0.5093729    
   8181.307      0.4758691    
   8186.554      0.4371834    
   8191.802      0.3948842    
   8197.051      0.3509485    
   8202.299      0.3074296    
   8207.548      0.2660247    
   8212.797      0.2279063    
   8218.046      0.1936552    
   8223.295      0.1634000    
   8228.545      0.1370255    
   8233.794      0.1143495    
   8239.045      9.5199920E-02
   8244.295      7.9398468E-02
   8249.545      6.6717952E-02
   8254.796      5.6794506E-02
   8260.047      4.9140912E-02
   8265.298      4.3200620E-02
   8270.549      3.8436420E-02
   8275.801      3.4433775E-02
   8281.053      3.0953616E-02
   8286.305      2.7919913E-02
   8291.557      2.5364120E-02
   8296.809      2.3306625E-02
   8302.062      2.1698715E-02
   8307.314      2.0403028E-02
   8312.567      1.9258315E-02
   8317.820      1.8154621E-02
   8323.074      1.7089350E-02
   8328.328      1.6153084E-02
   8333.582      1.3019562E-02
   8338.836      1.1520386E-02
   8344.091      1.0105133E-02
   8349.345      8.7776184E-03
   8354.600      7.5340271E-03
   8359.855      6.3819885E-03
   8365.110      5.3138733E-03
   8370.365      4.3258667E-03
   8375.621      3.4332275E-03
   8380.877      2.6168823E-03
   8386.134      1.8959045E-03
   8391.390      1.2550354E-03
   8396.646      7.0190430E-04
   8401.903     -2.7397648E-05
   8407.160     -2.7397648E-05
   8412.417     -2.7397648E-05
   8417.675     -2.7397648E-05
   8422.933     -2.7397648E-05
   8428.190     -2.7397648E-05
   8433.448     -2.7397648E-05
   8438.707     -2.7397648E-05
   8443.966     -2.7397648E-05
   8449.224     -2.7397648E-05
   8454.483     -2.7397648E-05
   8459.742     -2.7397648E-05
   8465.002     -2.7397648E-05
   8470.262     -2.7397648E-05
   8475.521     -2.7397648E-05
   8480.781     -2.7397648E-05
   8486.042     -2.7397648E-05
   8491.303     -2.7397648E-05
   8496.563     -2.7397648E-05
   8501.824     -2.7397648E-05
   8507.085     -2.7397648E-05
   8512.347     -2.7397648E-05
   8517.608     -2.7397648E-05
   8522.870     -2.7397648E-05
   8528.132     -2.7397648E-05
   8533.395     -2.7397648E-05
   8538.657     -2.7397648E-05
   8543.920     -2.7397648E-05
   8549.183     -2.7397648E-05
   8554.446     -2.7397648E-05
   8559.709     -2.7397648E-05
   8564.974     -2.7397648E-05
   8570.237     -2.7397648E-05
   8575.501     -2.7397648E-05
   8580.766     -2.7397648E-05
   8586.029     -2.7397648E-05
   8591.295     -2.7397648E-05
   8596.560     -2.7397648E-05
   8601.824     -2.7397648E-05
   8607.090     -2.7397648E-05
   8612.355     -2.7397648E-05
   8617.621     -2.7397648E-05
   8622.888     -2.7397648E-05
   8628.153     -2.7397648E-05
   8633.420     -2.7397648E-05
   8638.687     -2.7397648E-05
   8643.953     -2.7397648E-05
   8649.221     -2.7397648E-05
   8654.488     -2.7397648E-05
   8659.756     -2.7397648E-05
   8665.023     -2.7397648E-05
   8670.292     -2.7397648E-05
   8675.560     -2.7397648E-05
   8680.828     -2.7397648E-05
   8686.097     -2.7397648E-05
   8691.366     -2.7397648E-05
   8696.635     -2.7397648E-05
   8701.904     -2.7397648E-05
   8707.174     -2.7397648E-05
   8712.443     -2.7397648E-05
   8717.714     -2.7397648E-05
   8722.983     -2.7397648E-05
   8728.254     -2.7397648E-05
   8733.524     -2.7397648E-05
   8738.796     -2.7397648E-05
   8744.066     -2.7397648E-05
   8749.338     -2.7397648E-05
   8754.609     -2.7397648E-05
   8759.882     -2.7397648E-05
   8765.153     -2.7397648E-05
   8770.426     -2.7397648E-05
   8775.698     -2.7397648E-05
   8780.971     -2.7397648E-05
   8786.243     -2.7397648E-05
   8791.517     -2.7397648E-05
   8796.790     -2.7397648E-05
   8802.063     -2.7397648E-05
   8807.337     -2.7397648E-05
   8812.610     -2.7397648E-05
   8817.885     -2.7397648E-05
   8823.159     -2.7397648E-05
   8828.435     -2.7397648E-05
   8833.709     -2.7397648E-05
   8838.984     -2.7397648E-05
   8844.259     -2.7397648E-05
   8849.534     -2.7397648E-05
   8854.811     -2.7397648E-05
   8860.086     -2.7397648E-05
   8865.362     -2.7397648E-05
   8870.639     -2.7397648E-05
   8875.915     -2.7397648E-05
   8881.192     -2.7397648E-05
   8886.470     -2.7397648E-05
   8891.746     -2.7397648E-05
   8897.024     -2.7397648E-05
   8902.302     -2.7397648E-05
   8907.580     -2.7397648E-05
   8912.857     -2.7397648E-05
   8918.136     -2.7397648E-05
   8923.415     -2.7397648E-05
   8928.693     -2.7397648E-05
   8933.973     -2.7397648E-05
   8939.251     -2.7397648E-05
   8944.531     -2.7397648E-05
   8949.811     -2.7397648E-05
   8955.091     -2.7397648E-05
   8960.370     -2.7397648E-05
   8965.651     -2.7397648E-05
   8970.932     -2.7397648E-05
   8976.213     -2.7397648E-05
   8981.493     -2.7397648E-05
   8986.774     -2.7397648E-05
   8992.056     -2.7397648E-05
   8997.337     -2.7397648E-05
   9002.619     -2.7397648E-05
   9007.901     -2.7397648E-05
   9013.184     -2.7397648E-05
   9018.466     -2.7397648E-05
   9023.749     -2.7397648E-05
   9029.032     -2.7397648E-05
   9034.315     -2.7397648E-05
   9039.599     -2.7397648E-05
   9044.882     -2.7397648E-05
   9050.166     -2.7397648E-05
   9055.450     -2.7397648E-05
   9060.734     -2.7397648E-05
   9066.019     -2.7397648E-05
   9071.304     -2.7397648E-05
   9076.588     -2.7397648E-05
   9081.874     -2.7397648E-05
   9087.159     -2.7397648E-05
   9092.444     -2.7397648E-05
   9097.730     -2.7397648E-05
   9103.017     -2.7397648E-05
   9108.303     -2.7397648E-05
   9113.589     -2.7397648E-05
   9118.876     -2.7397648E-05
   9124.162     -2.7397648E-05
   9129.450     -2.7397648E-05
   9134.737     -2.7397648E-05
   9140.024     -2.7397648E-05
   9145.313     -2.7397648E-05
   9150.601     -2.7397648E-05
   9155.889     -2.7397648E-05
   9161.178     -2.7397648E-05
   9166.466     -2.7397648E-05
   9171.755     -2.7397648E-05
   9177.044     -2.7397648E-05
   9182.333     -2.7397648E-05
   9187.623     -2.7397648E-05
