   4405.678     -5.7646772E-04
   4406.539     -1.8504669E-04
   4407.399      2.2458710E-04
   4408.259      6.0383987E-04
   4409.120      9.1136864E-04
   4409.980      1.1140519E-03
   4410.841      1.1867987E-03
   4411.701      1.1303109E-03
   4412.562      9.9078403E-04
   4413.422      8.6515368E-04
   4414.282      8.5837912E-04
   4415.143      1.0014280E-03
   4416.003      1.2024903E-03
   4416.864      1.3147161E-03
   4417.725      1.2641336E-03
   4418.585      1.1156002E-03
   4419.445      1.0106930E-03
   4420.306      1.0658283E-03
   4421.167      1.3015800E-03
   4422.027      1.6337039E-03
   4422.888      1.9236923E-03
   4423.748      2.0535875E-03
   4424.609      1.9914343E-03
   4425.469      1.7962372E-03
   4426.330      1.5768483E-03
   4427.190      1.4304874E-03
   4428.051      1.4111110E-03
   4428.912      1.5179389E-03
   4429.772      1.7048182E-03
   4430.633      1.8981041E-03
   4431.494      2.0327442E-03
   4432.354      2.0886862E-03
   4433.215      2.1058961E-03
   4434.076      2.1468559E-03
   4434.937      2.2233874E-03
   4435.797      2.2706229E-03
   4436.658      2.2038992E-03
   4437.519      2.0027375E-03
   4438.379      1.7267801E-03
   4439.240      1.4725267E-03
   4440.101      1.3206927E-03
   4440.961      1.3063044E-03
   4441.822      1.4042424E-03
   4442.683      1.5440740E-03
   4443.544      1.6590757E-03
   4444.405      1.7345385E-03
   4445.266      1.7925261E-03
   4446.126      1.8409881E-03
   4446.987      1.8640432E-03
   4447.848      1.8593349E-03
   4448.709      1.8643375E-03
   4449.570      1.9254792E-03
   4450.431      2.0508817E-03
   4451.292      2.1864683E-03
   4452.152      2.2496050E-03
   4453.013      2.1897107E-03
   4453.875      2.0163872E-03
   4454.735      1.7763346E-03
   4455.596      1.5133596E-03
   4456.457      1.2650783E-03
   4457.318      1.0852886E-03
   4458.179      1.0483389E-03
   4459.040      1.1971404E-03
   4459.901      1.4843984E-03
   4460.762      1.7898115E-03
   4461.623      1.9972138E-03
   4462.484      2.0625384E-03
   4463.345      2.0186028E-03
   4464.206      1.9228921E-03
   4465.067      1.8035236E-03
   4465.928      1.6635112E-03
   4466.789      1.5308358E-03
   4467.650      1.4614365E-03
   4468.511      1.4744319E-03
   4469.373      1.5277284E-03
   4470.233      1.5703849E-03
   4471.095      1.5883592E-03
   4471.956      1.5825509E-03
   4472.817      1.5383415E-03
   4473.678      1.4315086E-03
   4474.539      1.2527660E-03
   4475.400      1.0155415E-03
   4476.261      7.4284367E-04
   4477.123      4.6020886E-04
   4477.984      2.1187165E-04
   4478.845      6.6258799E-05
   4479.706      7.7004253E-05
   4480.567      2.3446944E-04
   4481.429      4.6978961E-04
   4482.290      7.1147340E-04
   4483.151      9.2852814E-04
   4484.012      1.1254371E-03
   4484.874      1.3078161E-03
   4485.735      1.4601180E-03
   4486.596      1.5583864E-03
   4487.458      1.5968777E-03
   4488.319      1.5908546E-03
   4489.180      1.5514946E-03
   4490.042      1.4683221E-03
   4490.903      1.3203842E-03
   4491.764      1.1014070E-03
   4492.625      8.3589094E-04
   4493.487      5.7100505E-04
   4494.348      3.5486120E-04
   4495.209      2.2568238E-04
   4496.071      2.1168502E-04
   4496.933      3.1718903E-04
   4497.794      4.9414806E-04
   4498.655      6.4090459E-04
   4499.517      6.4763782E-04
   4500.378      4.8486044E-04
   4501.240      2.5017650E-04
   4502.101      1.0430133E-04
   4502.962      1.3943297E-04
   4503.824      3.1716086E-04
   4504.686      5.3185620E-04
   4505.547      6.9862476E-04
   4506.409      7.7451085E-04
   4507.270      7.3721894E-04
   4508.131      5.9101975E-04
   4508.993      3.8461879E-04
   4509.854      1.9504900E-04
   4510.716      8.1541672E-05
   4511.578      5.8105237E-05
   4512.439      1.1028726E-04
   4513.301      2.3169977E-04
   4514.163      4.2057413E-04
   4515.024      6.5269746E-04
   4515.886      8.6933165E-04
   4516.748      1.0114447E-03
   4517.609      1.0589862E-03
   4518.471      1.0385158E-03
   4519.333      9.9990366E-04
   4520.194      9.9129207E-04
   4521.056      1.0329370E-03
   4521.917      1.0877665E-03
   4522.779      1.0829919E-03
   4523.641      9.7572274E-04
   4524.502      8.0206350E-04
   4525.364      6.4990367E-04
   4526.226      5.8644265E-04
   4527.087      6.1206566E-04
   4527.949      6.7462999E-04
   4528.811      7.1901234E-04
   4529.673      7.2034163E-04
   4530.535      6.8338611E-04
   4531.396      6.1986054E-04
   4532.258      5.2943500E-04
   4533.120      4.0412680E-04
   4533.982      2.5064006E-04
   4534.844      9.7212564E-05
   4535.706     -2.3736615E-05
   4536.567     -9.1886614E-05
   4537.429     -9.4815070E-05
   4538.291     -3.8089911E-05
   4539.153      4.3144861E-05
   4540.015      1.0945869E-04
   4540.877      1.5978659E-04
   4541.739      2.2842908E-04
   4542.601      3.4189809E-04
   4543.463      4.8807016E-04
   4544.325      6.1419327E-04
   4545.187      6.5082015E-04
   4546.048      5.3995074E-04
   4546.911      2.8102723E-04
   4547.772     -3.7530481E-05
   4548.634     -2.6877932E-04
   4549.497     -3.0521123E-04
   4550.358     -1.5650678E-04
   4551.221      7.7299774E-05
   4552.083      3.0017589E-04
   4552.944      4.7158150E-04
   4553.807      5.8740441E-04
   4554.668      6.5060495E-04
   4555.531      6.7914667E-04
   4556.393      7.1242737E-04
   4557.255      7.8310730E-04
   4558.117      8.7873172E-04
   4558.979      9.4754406E-04
   4559.841      9.5395400E-04
   4560.703      9.1404433E-04
   4561.565      8.7161851E-04
   4562.428      8.4601366E-04
   4563.290      8.1958494E-04
   4564.152      7.7673898E-04
   4565.014      7.2663190E-04
   4565.876      6.7454297E-04
   4566.738      5.9576135E-04
   4567.601      4.6465144E-04
   4568.463      2.9621550E-04
   4569.325      1.3199852E-04
   4570.188     -3.1055852E-06
   4571.050     -1.1607679E-04
   4571.912     -2.2589765E-04
   4572.774     -3.4667747E-04
   4573.636     -4.7502108E-04
   4574.499     -5.7893811E-04
   4575.361     -6.1000849E-04
   4576.223     -5.4512714E-04
   4577.085     -4.1246702E-04
   4577.948     -2.7027974E-04
   4578.810     -1.5911498E-04
   4579.672     -8.0322054E-05
   4580.535     -8.7959725E-06
   4581.397      7.7654702E-05
   4582.260      1.8209533E-04
   4583.122      2.8993131E-04
   4583.984      3.8886440E-04
   4584.847      4.8281046E-04
   4585.709      5.8110669E-04
   4586.572      6.8170286E-04
   4587.434      7.7180570E-04
   4588.296      8.4242353E-04
   4589.159      8.8133465E-04
   4590.021      8.5476384E-04
   4590.884      7.2643568E-04
   4591.747      5.0900545E-04
   4592.609      2.7984861E-04
   4593.471      1.2388497E-04
   4594.334      6.2223866E-05
   4595.196      4.7059195E-05
   4596.059      1.6331727E-05
   4596.921     -5.2049945E-05
   4597.784     -1.2539038E-04
   4598.646     -1.3674423E-04
   4599.509     -3.1035575E-05
   4600.372      1.8843690E-04
   4601.234      4.5081988E-04
   4602.097      6.6170614E-04
   4602.959      7.6299830E-04
   4603.822      7.5184548E-04
   4604.685      6.5442559E-04
   4605.547      5.0245301E-04
   4606.410      3.3162659E-04
   4607.272      1.9009261E-04
   4608.135      1.2846942E-04
   4608.998      1.7905080E-04
   4609.861      3.2970431E-04
   4610.724      5.1480922E-04
   4611.586      6.4987945E-04
   4612.449      6.9562567E-04
   4613.312      6.7920389E-04
   4614.174      6.5058848E-04
   4615.037      6.3232891E-04
   4615.900      6.2050426E-04
   4616.763      6.1242556E-04
   4617.625      6.1757874E-04
   4618.488      6.4571522E-04
   4619.351      7.0042355E-04
   4620.214      7.8413135E-04
   4621.077      9.0363924E-04
   4621.939      1.0542094E-03
   4622.802      1.1936686E-03
   4623.665      1.2556644E-03
   4624.528      1.2011926E-03
   4625.391      1.0538853E-03
   4626.253      8.8013289E-04
   4627.116      7.4626185E-04
   4627.979      6.9175800E-04
   4628.842      7.1738864E-04
   4629.705      7.8698585E-04
   4630.568      8.5618906E-04
   4631.431      9.1021927E-04
   4632.294      9.6370000E-04
   4633.157      1.0160600E-03
   4634.020      1.0282135E-03
   4634.883      9.5680769E-04
   4635.746      8.0863846E-04
   4636.609      6.4743665E-04
   4637.472      5.4390752E-04
   4638.335      5.2022026E-04
   4639.198      5.4321403E-04
   4640.061      5.6495873E-04
   4640.924      5.6673004E-04
   4641.787      5.6190050E-04
   4642.650      5.6778523E-04
   4643.513      5.8346411E-04
   4644.376      5.9558131E-04
   4645.239      5.9366110E-04
   4646.102      5.7572802E-04
   4646.965      5.4086105E-04
   4647.829      4.8322158E-04
   4648.691      4.0235932E-04
   4649.555      3.2383986E-04
   4650.418      2.9896986E-04
   4651.281      3.6701141E-04
   4652.144      5.0535717E-04
   4653.007      6.1910111E-04
   4653.871      6.0231559E-04
   4654.734      4.3226819E-04
   4655.597      2.0896728E-04
   4656.460      8.4463383E-05
   4657.323      1.3534931E-04
   4658.187      3.0788212E-04
   4659.050      4.8740185E-04
   4659.913      6.0505106E-04
   4660.776      6.7086669E-04
   4661.640      7.2136213E-04
   4662.503      7.6238404E-04
   4663.366      7.7320612E-04
   4664.229      7.5085362E-04
   4665.093      7.3072559E-04
   4665.956      7.5313583E-04
   4666.819      8.2226080E-04
   4667.683      9.0270571E-04
   4668.546      9.5361500E-04
   4669.410      9.5801521E-04
   4670.273      9.2368672E-04
   4671.136      8.6812489E-04
   4672.000      8.0579816E-04
   4672.863      7.4675999E-04
   4673.727      7.0038572E-04
   4674.590      6.7357917E-04
   4675.453      6.6691375E-04
   4676.317      6.7282043E-04
   4677.180      6.8392593E-04
   4678.043      7.0466520E-04
   4678.907      7.4971613E-04
   4679.771      8.3028892E-04
   4680.634      9.4051170E-04
   4681.498      1.0586658E-03
   4682.361      1.1521352E-03
   4683.225      1.1840700E-03
   4684.088      1.1282860E-03
   4684.952      9.9338195E-04
   4685.815      8.3005970E-04
   4686.679      6.9927750E-04
   4687.542      6.2461494E-04
   4688.406      5.8433320E-04
   4689.270      5.5651926E-04
   4690.133      5.5336626E-04
   4690.997      5.9567927E-04
   4691.860      6.7341403E-04
   4692.724      7.5127644E-04
   4693.587      7.9756655E-04
   4694.451      7.9350191E-04
   4695.315      7.2747830E-04
   4696.179      5.9994927E-04
   4697.042      4.3948396E-04
   4697.906      2.9943881E-04
   4698.770      2.3389464E-04
   4699.633      2.7034446E-04
   4700.497      4.0073568E-04
   4701.361      5.8735837E-04
   4702.225      7.7185337E-04
   4703.088      8.9698838E-04
   4703.952      9.3928381E-04
   4704.816      9.2187891E-04
   4705.680      8.9243834E-04
   4706.543      8.8781351E-04
   4707.407      9.1510947E-04
   4708.271      9.5741963E-04
   4709.135      9.9223270E-04
   4709.999      1.0100034E-03
   4710.862      1.0166826E-03
   4711.726      1.0280410E-03
   4712.590      1.0579540E-03
   4713.454      1.1046099E-03
   4714.318      1.1423044E-03
   4715.182      1.1361034E-03
   4716.045      1.0732872E-03
   4716.909      9.8138547E-04
   4717.773      9.0413477E-04
   4718.637      8.5464615E-04
   4719.501      7.9697854E-04
   4720.365      6.8575732E-04
   4721.229      5.2383490E-04
   4722.093      3.7475492E-04
   4722.957      3.1448531E-04
   4723.821      3.7123382E-04
   4724.685      5.0981814E-04
   4725.549      6.6682516E-04
   4726.413      7.9573586E-04
   4727.277      8.7997096E-04
   4728.141      9.1933005E-04
   4729.005      9.1431913E-04
   4729.869      8.6461927E-04
   4730.733      7.7743514E-04
   4731.597      6.7541481E-04
   4732.461      5.9067149E-04
   4733.325      5.5232126E-04
   4734.189      5.7413813E-04
   4735.054      6.4141775E-04
   4735.917      7.1025162E-04
   4736.782      7.3943625E-04
   4737.646      7.3136127E-04
   4738.510      7.2807318E-04
   4739.374      7.6055701E-04
   4740.238      8.1680715E-04
   4741.103      8.6208928E-04
   4741.967      8.6858019E-04
   4742.831      8.2753040E-04
   4743.695      7.5532420E-04
   4744.559      6.8914791E-04
   4745.423      6.7238160E-04
   4746.288      7.3504966E-04
   4747.152      8.8119245E-04
   4748.016      1.0773633E-03
   4748.880      1.2574029E-03
   4749.745      1.3594918E-03
   4750.609      1.3667357E-03
   4751.473      1.3037369E-03
   4752.337      1.1991982E-03
   4753.202      1.0684500E-03
   4754.066      9.2920713E-04
   4754.931      8.1279385E-04
   4755.795      7.5434794E-04
   4756.659      7.7498239E-04
   4757.523      8.6480600E-04
   4758.388      9.8391552E-04
   4759.252      1.0836081E-03
   4760.117      1.1390790E-03
   4760.981      1.1596322E-03
   4761.846      1.1669112E-03
   4762.710      1.1667004E-03
   4763.574      1.1438394E-03
   4764.439      1.0807853E-03
   4765.303      9.8080398E-04
   4766.168      8.8160136E-04
   4767.032      8.4513164E-04
   4767.896      9.2153327E-04
   4768.761      1.1049219E-03
   4769.625      1.3216091E-03
   4770.490      1.4774007E-03
   4771.354      1.5305170E-03
   4772.219      1.5190104E-03
   4773.083      1.5162881E-03
   4773.948      1.5593894E-03
   4774.813      1.6189486E-03
   4775.677      1.6384135E-03
   4776.542      1.5918394E-03
   4777.407      1.4972369E-03
   4778.271      1.3859002E-03
   4779.136      1.2756233E-03
   4780.000      1.1782624E-03
   4780.865      1.1167112E-03
   4781.729      1.1091641E-03
   4782.594      1.1404153E-03
   4783.459      1.1687943E-03
   4784.324      1.1691747E-03
   4785.188      1.1604988E-03
   4786.053      1.1864564E-03
   4786.917      1.2797846E-03
   4787.782      1.4402076E-03
   4788.647      1.6290802E-03
   4789.512      1.7818685E-03
   4790.376      1.8424096E-03
   4791.241      1.8008433E-03
   4792.106      1.6997250E-03
   4792.971      1.5974855E-03
   4793.835      1.5267179E-03
   4794.700      1.4888807E-03
   4795.565      1.4848267E-03
   4796.430      1.5378181E-03
   4797.294      1.6792073E-03
   4798.160      1.9127108E-03
   4799.024      2.1893212E-03
   4799.889      2.4220555E-03
   4800.754      2.5333993E-03
   4801.619      2.5011532E-03
   4802.484      2.3636320E-03
   4803.349      2.1854606E-03
   4804.213      2.0196515E-03
   4805.079      1.8926739E-03
   4805.943      1.8089308E-03
   4806.808      1.7642755E-03
   4807.673      1.7565000E-03
   4808.538      1.7880783E-03
   4809.403      1.8577912E-03
   4810.268      1.9494375E-03
   4811.133      2.0306727E-03
   4811.998      2.0651608E-03
   4812.863      2.0371566E-03
   4813.728      1.9690460E-03
   4814.593      1.9078179E-03
   4815.458      1.8884108E-03
   4816.323      1.9161094E-03
   4817.188      1.9798332E-03
   4818.053      2.0682621E-03
   4818.918      2.1651774E-03
   4819.783      2.2427114E-03
   4820.648      2.2758755E-03
   4821.513      2.2580074E-03
   4822.378      2.2023527E-03
   4823.244      2.1374724E-03
   4824.108      2.1036780E-03
   4824.974      2.1343119E-03
   4825.839      2.2315655E-03
   4826.704      2.3692723E-03
   4827.569      2.5169598E-03
   4828.434      2.6464560E-03
   4829.299      2.7241227E-03
   4830.165      2.7246384E-03
   4831.030      2.6678594E-03
   4831.895      2.6211224E-03
   4832.760      2.6471128E-03
   4833.625      2.7458731E-03
   4834.491      2.8508578E-03
   4835.356      2.8871729E-03
   4836.221      2.8337296E-03
   4837.086      2.7368350E-03
   4837.952      2.6697651E-03
   4838.817      2.6804621E-03
   4839.682      2.7662693E-03
   4840.547      2.8879151E-03
   4841.413      3.0056881E-03
   4842.278      3.1020532E-03
   4843.144      3.1735613E-03
   4844.009      3.2136675E-03
   4844.874      3.2157970E-03
   4845.740      3.1926963E-03
   4846.605      3.1767045E-03
   4847.470      3.1939098E-03
   4848.335      3.2406214E-03
   4849.201      3.2911771E-03
   4850.066      3.3289210E-03
   4850.932      3.3687172E-03
   4851.797      3.4454549E-03
   4852.663      3.5774522E-03
   4853.528      3.7392511E-03
   4854.394      3.8780754E-03
   4855.259      3.9580879E-03
   4856.125      3.9874627E-03
   4856.990      3.9991052E-03
   4857.855      4.0119747E-03
   4858.721      4.0203235E-03
   4859.586      4.0135095E-03
   4860.452      3.9958791E-03
   4861.317      3.9892741E-03
   4862.183      4.0211459E-03
   4863.049      4.1018310E-03
   4863.914      4.2040497E-03
   4864.780      4.2758198E-03
   4865.646      4.2892946E-03
   4866.511      4.2765494E-03
   4867.376      4.3010442E-03
   4868.242      4.3927985E-03
   4869.108      4.5267111E-03
   4869.974      4.6659233E-03
   4870.839      4.8067085E-03
   4871.705      4.9744062E-03
   4872.570      5.1820516E-03
   4873.436      5.4062824E-03
   4874.302      5.5977558E-03
   4875.167      5.7142605E-03
   4876.033      5.7536867E-03
   4876.899      5.7583647E-03
   4877.765      5.7811495E-03
   4878.630      5.8467383E-03
   4879.496      5.9481170E-03
   4880.362      6.0700686E-03
   4881.228      6.2013222E-03
   4882.093      6.3267364E-03
   4882.959      6.4252540E-03
   4883.825      6.4809942E-03
   4884.691      6.4948928E-03
   4885.557      6.4823879E-03
   4886.422      6.4644604E-03
   4887.288      6.4576757E-03
   4888.154      6.4692111E-03
   4889.020      6.5020826E-03
   4889.886      6.5569542E-03
   4890.751      6.6250707E-03
   4891.617      6.6878698E-03
   4892.483      6.7345877E-03
   4893.349      6.7774584E-03
   4894.215      6.8405457E-03
   4895.081      6.9379401E-03
   4895.947      7.0661707E-03
   4896.813      7.2101192E-03
   4897.679      7.3491591E-03
   4898.545      7.4610491E-03
   4899.411      7.5337128E-03
   4900.277      7.5809904E-03
   4901.143      7.6360870E-03
   4902.009      7.7242819E-03
   4902.875      7.8410599E-03
   4903.741      7.9658795E-03
   4904.606      8.0880551E-03
   4905.473      8.2106376E-03
   4906.339      8.3359098E-03
   4907.205      8.4615024E-03
   4908.071      8.5924370E-03
   4908.937      8.7492103E-03
   4909.803      8.9564137E-03
   4910.669      9.2209559E-03
   4911.535      9.5212096E-03
   4912.401      9.8216310E-03
   4913.268      1.0097255E-02
   4914.134      1.0341842E-02
   4915.000      1.0558502E-02
   4915.866      1.0754145E-02
   4916.732      1.0948190E-02
   4917.598      1.1171835E-02
   4918.464      1.1449221E-02
   4919.331      1.1785844E-02
   4920.197      1.2177868E-02
   4921.063      1.2627452E-02
   4921.929      1.3146825E-02
   4922.795      1.3757555E-02
   4923.662      1.4484621E-02
   4924.528      1.5342499E-02
   4925.394      1.6320813E-02
   4926.260      1.7391384E-02
   4927.126      1.8536843E-02
   4927.993      1.9775767E-02
   4928.859      2.1162508E-02
   4929.726      2.2761887E-02
   4930.592      2.4625305E-02
   4931.458      2.6783783E-02
   4932.325      2.9254766E-02
   4933.191      3.2056864E-02
   4934.057      3.5226926E-02
   4934.924      3.8835857E-02
   4935.790      4.2996112E-02
   4936.656      4.7856431E-02
   4937.523      5.3581223E-02
   4938.389      6.0334437E-02
   4939.255      6.8273164E-02
   4940.122      7.7564113E-02
   4940.988      8.8408910E-02
   4941.855      0.1010581    
   4942.721      0.1158053    
   4943.588      0.1329650    
   4944.454      0.1528473    
   4945.321      0.1757278    
   4946.187      0.2018181    
   4947.054      0.2312250    
   4947.920      0.2638870    
   4948.787      0.2994973    
   4949.653      0.3374773    
   4950.520      0.3770061    
   4951.386      0.4170502    
   4952.253      0.4563806    
   4953.120      0.4936455    
   4953.986      0.5275389    
   4954.853      0.5570135    
   4955.719      0.5814116    
   4956.586      0.6004600    
   4957.453      0.6141992    
   4958.319      0.6229393    
   4959.186      0.6272573    
   4960.052      0.6279525    
   4960.919      0.6259089    
   4961.786      0.6219000    
   4962.652      0.6164787    
   4963.519      0.6100338    
   4964.386      0.6029694    
   4965.252      0.5958149    
   4966.119      0.5891427    
   4966.986      0.5833649    
   4967.853      0.5786045    
   4968.719      0.5747651    
   4969.586      0.5717502    
   4970.453      0.5696160    
   4971.320      0.5685060    
   4972.187      0.5684703    
   4973.053      0.5693747    
   4973.920      0.5709808    
   4974.787      0.5730826    
   4975.654      0.5755773    
   4976.521      0.5784589    
   4977.387      0.5817786    
   4978.254      0.5855997    
   4979.121      0.5899508    
   4979.988      0.5947735    
   4980.855      0.5999012    
   4981.722      0.6051184    
   4982.589      0.6102738    
   4983.456      0.6153468    
   4984.323      0.6204207    
   4985.189      0.6255701    
   4986.057      0.6307357    
   4986.923      0.6356943    
   4987.791      0.6401957    
   4988.657      0.6441593    
   4989.524      0.6477232    
   4990.391      0.6510835    
   4991.258      0.6543005    
   4992.125      0.6572595    
   4992.992      0.6597951    
   4993.859      0.6618273    
   4994.727      0.6633992    
   4995.593      0.6646093    
   4996.460      0.6655396    
   4997.328      0.6662282    
   4998.195      0.6666872    
   4999.062      0.6669256    
   4999.929      0.6669692    
   5000.796      0.6668524    
   5001.663      0.6666070    
   5002.530      0.6662664    
   5003.397      0.6658739    
   5004.265      0.6654691    
   5005.132      0.6650433    
   5005.999      0.6645104    
   5006.866      0.6637325    
   5007.733      0.6626091    
   5008.601      0.6611494    
   5009.468      0.6594589    
   5010.335      0.6576514    
   5011.202      0.6557753    
   5012.069      0.6538050    
   5012.937      0.6516996    
   5013.804      0.6494534    
   5014.671      0.6470863    
   5015.538      0.6445779    
   5016.405      0.6418472    
   5017.273      0.6388334    
   5018.140      0.6355835    
   5019.007      0.6322491    
   5019.875      0.6289665    
   5020.742      0.6257445    
   5021.609      0.6224527    
   5022.477      0.6189399    
   5023.344      0.6151832    
   5024.211      0.6113383    
   5025.079      0.6076362    
   5025.946      0.6042216    
   5026.813      0.6010920    
   5027.681      0.5981807    
   5028.548      0.5954728    
   5029.416      0.5930607    
   5030.283      0.5910745    
   5031.151      0.5895605    
   5032.018      0.5884371    
   5032.886      0.5875744    
   5033.753      0.5868952    
   5034.621      0.5864002    
   5035.488      0.5861512    
   5036.356      0.5862459    
   5037.223      0.5867590    
   5038.091      0.5876371    
   5038.958      0.5886472    
   5039.826      0.5894771    
   5040.693      0.5898821    
   5041.561      0.5896990    
   5042.429      0.5887163    
   5043.296      0.5865859    
   5044.164      0.5828835    
   5045.031      0.5772091    
   5045.899      0.5692208    
   5046.767      0.5586137    
   5047.634      0.5451051    
   5048.502      0.5284669    
   5049.370      0.5085955    
   5050.237      0.4856019    
   5051.105      0.4598562    
   5051.973      0.4319403    
   5052.840      0.4025297    
   5053.708      0.3722912    
   5054.576      0.3418459    
   5055.443      0.3117773    
   5056.311      0.2826186    
   5057.179      0.2548133    
   5058.047      0.2286845    
   5058.915      0.2044469    
   5059.782      0.1822374    
   5060.650      0.1621350    
   5061.518      0.1441585    
   5062.386      0.1282435    
   5063.253      0.1142194    
   5064.121      0.1018310    
   5064.989      9.0816967E-02
   5065.857      8.0990382E-02
   5066.725      7.2252460E-02
   5067.593      6.4545400E-02
   5068.460      5.7803787E-02
   5069.328      5.1939256E-02
   5070.196      4.6851419E-02
   5071.064      4.2439152E-02
   5071.932      3.8602881E-02
   5072.800      3.5243254E-02
   5073.668      3.2266051E-02
   5074.536      2.9594282E-02
   5075.404      2.7178740E-02
   5076.272      2.4994409E-02
   5077.140      2.3032388E-02
   5078.008      2.1294806E-02
   5078.875      1.9787109E-02
   5079.744      1.8499989E-02
   5080.612      1.7396528E-02
   5081.479      1.6416978E-02
   5082.348      1.5502530E-02
   5083.216      1.4619512E-02
   5084.084      1.3766521E-02
   5084.952      1.2961734E-02
   5085.820      1.2226909E-02
   5086.688      1.1579241E-02
   5087.556      1.1027587E-02
   5088.424      1.0563626E-02
   5089.292      1.0159704E-02
   5090.161      9.7821429E-03
   5091.029      9.4129024E-03
   5091.896      9.0540862E-03
   5092.765      8.7139308E-03
   5093.633      8.3948243E-03
   5094.501      8.0975303E-03
   5095.369      7.8312848E-03
   5096.237      7.6057352E-03
   5097.105      7.4143880E-03
   5097.974      7.2338167E-03
   5098.842      7.0449119E-03
   5099.710      6.8502352E-03
   5100.579      6.6710096E-03
   5101.447      6.5330486E-03
   5102.315      6.4518754E-03
   5103.183      6.4215027E-03
   5104.052      6.4150877E-03
   5104.920      6.4022122E-03
   5105.788      6.3656769E-03
   5106.656      6.2980922E-03
   5107.525      6.1876895E-03
   5108.393      6.0236119E-03
   5109.261      5.8215559E-03
   5110.130      5.6347651E-03
   5110.998      5.5194409E-03
   5111.867      5.4910602E-03
   5112.735      5.5185980E-03
   5113.603      5.5594528E-03
   5114.472      5.5862269E-03
   5115.340      5.5849547E-03
   5116.208      5.5481270E-03
   5117.077      5.4765497E-03
   5117.945      5.3832177E-03
   5118.814      5.2860077E-03
   5119.682      5.1964987E-03
   5120.551      5.1151020E-03
   5121.419      5.0398833E-03
   5122.288      4.9779839E-03
   5123.156      4.9427329E-03
   5124.024      4.9323011E-03
   5124.893      4.9189269E-03
   5125.762      4.8669996E-03
   5126.630      4.7654780E-03
   5127.499      4.6374029E-03
   5128.367      4.5204032E-03
   5129.236      4.4432543E-03
   5130.104      4.4179899E-03
   5130.973      4.4430131E-03
   5131.841      4.5024673E-03
   5132.710      4.5684278E-03
   5133.579      4.6082819E-03
   5134.447      4.5928201E-03
   5135.316      4.5030704E-03
   5136.185      4.3445961E-03
   5137.053      4.1608363E-03
   5137.922      4.0182653E-03
   5138.791      3.9630439E-03
   5139.659      3.9864499E-03
   5140.528      4.0343264E-03
   5141.396      4.0520611E-03
   5142.265      4.0248665E-03
   5143.134      3.9803004E-03
   5144.003      3.9531128E-03
   5144.872      3.9478848E-03
   5145.740      3.9368784E-03
   5146.609      3.8938697E-03
   5147.478      3.8201849E-03
   5148.347      3.7382056E-03
   5149.215      3.6721514E-03
   5150.084      3.6399714E-03
   5150.953      3.6507505E-03
   5151.822      3.6986887E-03
   5152.690      3.7611541E-03
   5153.560      3.8074835E-03
   5154.428      3.8146141E-03
   5155.297      3.7772891E-03
   5156.166      3.7097835E-03
   5157.035      3.6377618E-03
   5157.904      3.5868001E-03
   5158.772      3.5705573E-03
   5159.642      3.5817740E-03
   5160.510      3.5917999E-03
   5161.379      3.5650386E-03
   5162.248      3.4785189E-03
   5163.117      3.3379802E-03
   5163.986      3.1798088E-03
   5164.855      3.0497289E-03
   5165.724      2.9743661E-03
   5166.593      2.9475950E-03
   5167.462      2.9450492E-03
   5168.331      2.9425027E-03
   5169.200      2.9234518E-03
   5170.069      2.8785153E-03
   5170.938      2.8118363E-03
   5171.807      2.7443233E-03
   5172.676      2.6989691E-03
   5173.545      2.6786742E-03
   5174.414      2.6644929E-03
   5175.283      2.6380739E-03
   5176.152      2.6028228E-03
   5177.021      2.5799733E-03
   5177.891      2.5878053E-03
   5178.760      2.6242454E-03
   5179.629      2.6626205E-03
   5180.498      2.6679642E-03
   5181.367      2.6214400E-03
   5182.236      2.5351888E-03
   5183.105      2.4380495E-03
   5183.975      2.3472765E-03
   5184.844      2.2627998E-03
   5185.713      2.1891594E-03
   5186.582      2.1469237E-03
   5187.451      2.1513584E-03
   5188.321      2.1903780E-03
   5189.190      2.2326778E-03
   5190.059      2.2546155E-03
   5190.928      2.2560542E-03
   5191.797      2.2523983E-03
   5192.667      2.2568929E-03
   5193.536      2.2676049E-03
   5194.405      2.2652927E-03
   5195.275      2.2243110E-03
   5196.144      2.1289706E-03
   5197.013      1.9847024E-03
   5197.883      1.8162675E-03
   5198.752      1.6570459E-03
   5199.621      1.5393316E-03
   5200.491      1.4837394E-03
   5201.360      1.4898758E-03
   5202.229      1.5334768E-03
   5203.099      1.5805176E-03
   5203.968      1.6066628E-03
   5204.837      1.6051412E-03
   5205.707      1.5778694E-03
   5206.577      1.5295029E-03
   5207.446      1.4736576E-03
   5208.315      1.4363517E-03
   5209.185      1.4419961E-03
   5210.054      1.4942954E-03
   5210.924      1.5706158E-03
   5211.793      1.6349504E-03
   5212.663      1.6607001E-03
   5213.532      1.6473077E-03
   5214.402      1.6168134E-03
   5215.271      1.5954996E-03
   5216.141      1.5960642E-03
   5217.010      1.6080871E-03
   5217.880      1.6033432E-03
   5218.750      1.5562613E-03
   5219.619      1.4672918E-03
   5220.489      1.3630391E-03
   5221.358      1.2750025E-03
   5222.228      1.2211920E-03
   5223.098      1.2076237E-03
   5223.967      1.2379863E-03
   5224.837      1.3089250E-03
   5225.707      1.3941603E-03
   5226.576      1.4474945E-03
   5227.446      1.4321811E-03
   5228.315      1.3467008E-03
   5229.185      1.2213563E-03
   5230.055      1.0974506E-03
   5230.924      1.0120064E-03
   5231.794      9.8716212E-04
   5232.664      1.0206987E-03
   5233.534      1.0846221E-03
   5234.403      1.1432809E-03
   5235.273      1.1755142E-03
   5236.143      1.1797003E-03
   5237.013      1.1642006E-03
   5237.882      1.1393933E-03
   5238.752      1.1165563E-03
   5239.622      1.1009102E-03
   5240.492      1.0847682E-03
   5241.361      1.0577020E-03
   5242.231      1.0237402E-03
   5243.101      9.9932356E-04
   5243.971      9.9676335E-04
   5244.841      1.0121044E-03
   5245.711      1.0287450E-03
   5246.581      1.0253832E-03
   5247.451      9.8797947E-04
   5248.320      9.2179578E-04
   5249.190      8.5051160E-04
   5250.060      7.9376908E-04
   5250.930      7.4573519E-04
   5251.800      6.8844360E-04
   5252.670      6.2138151E-04
   5253.540      5.6697370E-04
   5254.410      5.4685998E-04
   5255.280      5.6543824E-04
   5256.150      6.1203272E-04
   5257.020      6.6493778E-04
   5257.890      6.9412607E-04
   5258.760      6.7903381E-04
   5259.630      6.2851771E-04
   5260.500      5.7797669E-04
   5261.370      5.6135474E-04
   5262.240      5.8867055E-04
   5263.110      6.4578693E-04
   5263.980      7.1132550E-04
   5264.851      7.6918933E-04
   5265.721      8.0723380E-04
   5266.590      8.1325590E-04
   5267.460      7.8123232E-04
   5268.331      7.2247564E-04
   5269.201      6.6542585E-04
   5270.071      6.3964399E-04
   5270.941      6.5452489E-04
   5271.812      6.9190573E-04
   5272.682      7.1663468E-04
   5273.552      7.0091878E-04
   5274.422      6.4511836E-04
   5275.292      5.8224745E-04
   5276.162      5.5619248E-04
   5277.033      5.8702123E-04
   5277.903      6.5085432E-04
   5278.773      7.0007629E-04
   5279.644      7.0388749E-04
   5280.514      8.7702274E-04
   5281.384      8.7702274E-04
   5282.254      8.7702274E-04
   5283.125      8.7702274E-04
   5283.995      8.7702274E-04
   5284.865      8.7702274E-04
   5285.735      8.7702274E-04
   5286.605      8.7702274E-04
   5287.476      8.7702274E-04
   5288.346      8.7702274E-04
   5289.217      8.7702274E-04
   5290.087      8.7702274E-04
   5290.958      8.7702274E-04
