   6221.750      1.4069462E-03
   6222.615      1.4242014E-03
   6223.480      1.4446817E-03
   6224.346      1.4677334E-03
   6225.210      1.4926170E-03
   6226.076      1.5186650E-03
   6226.940      1.5453743E-03
   6227.806      1.5724192E-03
   6228.671      1.5996159E-03
   6229.536      1.6268742E-03
   6230.401      1.6541546E-03
   6231.266      1.6814424E-03
   6232.131      1.7087299E-03
   6232.996      1.7360174E-03
   6233.861      1.7633052E-03
   6234.726      1.7905928E-03
   6235.591      1.8178802E-03
   6236.456      1.8451459E-03
   6237.321      1.8723691E-03
   6238.187      1.8994833E-03
   6239.051      1.9263515E-03
   6239.917      1.9527354E-03
   6240.781      1.9782966E-03
   6241.646      2.0026669E-03
   6242.512      2.0256287E-03
   6243.376      2.0473518E-03
   6244.242      2.0685825E-03
   6245.106      2.0906378E-03
   6245.972      2.1151295E-03
   6246.837      2.1435295E-03
   6247.702      2.1767695E-03
   6248.567      2.2150835E-03
   6249.432      2.2581215E-03
   6250.297      2.3052341E-03
   6251.162      2.3557483E-03
   6252.027      2.4091376E-03
   6252.892      2.4650623E-03
   6253.757      2.5233377E-03
   6254.622      2.5838772E-03
   6255.487      2.6466523E-03
   6256.352      2.7116383E-03
   6257.217      2.7788351E-03
   6258.082      2.8482426E-03
   6258.947      2.9198609E-03
   6259.812      2.9936908E-03
   6260.677      3.0697312E-03
   6261.542      3.1479823E-03
   6262.407      3.2284441E-03
   6263.272      3.3111174E-03
   6264.137      3.3960012E-03
   6265.002      3.4830959E-03
   6265.867      3.5724018E-03
   6266.732      3.6639180E-03
   6267.597      3.7576458E-03
   6268.462      3.8535837E-03
   6269.327      3.9517339E-03
   6270.192      4.0520933E-03
   6271.057      4.1546645E-03
   6271.922      4.2594466E-03
   6272.787      4.3664384E-03
   6273.652      4.4756425E-03
   6274.517      4.5870570E-03
   6275.382      4.7006831E-03
   6276.247      4.8165196E-03
   6277.112      4.9345656E-03
   6277.977      5.0548241E-03
   6278.842      5.1772930E-03
   6279.707      5.3019719E-03
   6280.572      5.4288628E-03
   6281.437      5.5579650E-03
   6282.302      5.6892773E-03
   6283.167      5.8228010E-03
   6284.032      5.9585352E-03
   6284.897      6.0964804E-03
   6285.762      6.2366365E-03
   6286.627      6.3790036E-03
   6287.492      6.5235812E-03
   6288.357      6.6703698E-03
   6289.222      6.8193702E-03
   6290.087      6.9705807E-03
   6290.952      7.1240012E-03
   6291.817      7.2796335E-03
   6292.682      7.4374764E-03
   6293.547      7.5975312E-03
   6294.412      7.7597969E-03
   6295.277      7.9242717E-03
   6296.142      8.0909599E-03
   6297.007      8.2598561E-03
   6297.872      8.4309643E-03
   6298.737      8.6042834E-03
   6299.602      8.7798154E-03
   6300.467      8.9575555E-03
   6301.332      9.1375103E-03
   6302.197      9.3196696E-03
   6303.062      9.5040444E-03
   6303.927      9.6906302E-03
   6304.792      9.8794252E-03
   6305.656      1.0070432E-02
   6306.521      1.0263650E-02
   6307.386      1.0459077E-02
   6308.251      1.0656718E-02
   6309.116      1.0856566E-02
   6309.981      1.1058628E-02
   6310.846      1.1262898E-02
   6311.711      1.1469382E-02
   6312.576      1.1678076E-02
   6313.441      1.1888979E-02
   6314.306      1.2102095E-02
   6315.171      1.2317421E-02
   6316.036      1.2534957E-02
   6316.901      1.2754706E-02
   6317.766      1.2976666E-02
   6318.631      1.3200835E-02
   6319.496      1.3427217E-02
   6320.361      1.3655808E-02
   6321.226      1.3886612E-02
   6322.090      1.4119623E-02
   6322.956      1.4354847E-02
   6323.820      1.4592282E-02
   6324.686      1.4831929E-02
   6325.550      1.5073786E-02
   6326.415      1.5317853E-02
   6327.280      1.5564131E-02
   6328.145      1.5812624E-02
   6329.010      1.6063318E-02
   6329.875      1.6316233E-02
   6330.740      1.6571356E-02
   6331.605      1.6828690E-02
   6332.470      1.7088233E-02
   6333.334      1.7349988E-02
   6334.200      1.7613953E-02
   6335.064      1.7880129E-02
   6335.930      1.8148515E-02
   6336.794      1.8419113E-02
   6337.659      1.8691923E-02
   6338.524      1.8966945E-02
   6339.389      1.9244177E-02
   6340.254      1.9523619E-02
   6341.119      1.9805269E-02
   6341.984      2.0089133E-02
   6342.849      2.0375207E-02
   6343.714      2.0663494E-02
   6344.579      2.0953989E-02
   6345.443      2.1246698E-02
   6346.309      2.1541616E-02
   6347.173      2.1838745E-02
   6348.038      2.2138085E-02
   6348.903      2.2439636E-02
   6349.768      2.2743396E-02
   6350.633      2.3049371E-02
   6351.498      2.3357552E-02
   6352.363      2.3667946E-02
   6353.228      2.3980552E-02
   6354.093      2.4295369E-02
   6354.958      2.4612397E-02
   6355.822      2.4931632E-02
   6356.688      2.5253084E-02
   6357.552      2.5576748E-02
   6358.417      2.5902612E-02
   6359.282      2.6230691E-02
   6360.147      2.6560986E-02
   6361.012      2.6893491E-02
   6361.877      2.7228203E-02
   6362.742      2.7565131E-02
   6363.606      2.7904266E-02
   6364.472      2.8245611E-02
   6365.336      2.8589169E-02
   6366.201      2.8934941E-02
   6367.066      2.9282918E-02
   6367.931      2.9633109E-02
   6368.796      2.9985514E-02
   6369.661      3.0340122E-02
   6370.526      3.0696945E-02
   6371.391      3.1055981E-02
   6372.255      3.1417225E-02
   6373.120      3.1780679E-02
   6373.985      3.2146346E-02
   6374.850      3.2514226E-02
   6375.715      3.2884315E-02
   6376.580      3.3256609E-02
   6377.445      3.3631120E-02
   6378.310      3.4007847E-02
   6379.174      3.4386773E-02
   6380.040      3.4767922E-02
   6380.904      3.5151273E-02
   6381.769      3.5536837E-02
   6382.634      3.5924610E-02
   6383.499      3.6314595E-02
   6384.364      3.6706794E-02
   6385.229      3.7101775E-02
   6386.093      3.7498612E-02
   6386.958      3.7898779E-02
   6387.823      3.8303286E-02
   6388.688      3.8713124E-02
   6389.553      3.9130982E-02
   6390.417      3.9560556E-02
   6391.283      4.0009581E-02
   6392.147      4.0491056E-02
   6393.012      4.1023914E-02
   6393.877      4.1629147E-02
   6394.742      4.2320378E-02
   6395.607      4.3091379E-02
   6396.472      4.3913852E-02
   6397.336      4.4744305E-02
   6398.201      4.5542520E-02
   6399.066      4.6286479E-02
   6399.931      4.6977434E-02
   6400.796      4.7632106E-02
   6401.661      4.8265692E-02
   6402.526      4.8881076E-02
   6403.391      4.9468178E-02
   6404.255      5.0010350E-02
   6405.120      5.0497025E-02
   6405.985      5.0929129E-02
   6406.850      5.1331487E-02
   6407.715      5.1748253E-02
   6408.580      5.2232906E-02
   6409.444      5.2830242E-02
   6410.309      5.3558767E-02
   6411.174      5.4403227E-02
   6412.039      5.5325452E-02
   6412.904      5.6281935E-02
   6413.769      5.7243265E-02
   6414.633      5.8199979E-02
   6415.498      5.9157848E-02
   6416.363      6.0130566E-02
   6417.228      6.1129734E-02
   6418.093      6.2162463E-02
   6418.958      6.3227549E-02
   6419.822      6.4316235E-02
   6420.687      6.5412521E-02
   6421.552      6.6497326E-02
   6422.417      6.7553103E-02
   6423.282      6.8572976E-02
   6424.146      6.9565579E-02
   6425.011      7.0553489E-02
   6425.876      7.1568571E-02
   6426.741      7.2644822E-02
   6427.606      7.3810130E-02
   6428.471      7.5077601E-02
   6429.335      7.6440938E-02
   6430.200      7.7873737E-02
   6431.065      7.9340048E-02
   6431.930      8.0809169E-02
   6432.794      8.2268842E-02
   6433.659      8.3731070E-02
   6434.524      8.5219614E-02
   6435.389      8.6759493E-02
   6436.254      8.8373393E-02
   6437.119      9.0081416E-02
   6437.983      9.1904923E-02
   6438.848      9.3853928E-02
   6439.713      9.5913991E-02
   6440.578      9.8034598E-02
   6441.443      0.1001443    
   6442.308      0.1021755    
   6443.172      0.1040999    
   6444.037      0.1059449    
   6444.902      0.1077814    
   6445.767      0.1096984    
   6446.631      0.1117648    
   6447.496      0.1140061    
   6448.361      0.1163947    
   6449.226      0.1188751    
   6450.091      0.1213898    
   6450.956      0.1239128    
   6451.820      0.1264635    
   6452.685      0.1291015    
   6453.550      0.1319060    
   6454.415      0.1349436    
   6455.279      0.1382459    
   6456.144      0.1417989    
   6457.009      0.1455497    
   6457.874      0.1494265    
   6458.738      0.1533596    
   6459.603      0.1573014    
   6460.468      0.1612311    
   6461.333      0.1651630    
   6462.198      0.1691343    
   6463.063      0.1731924    
   6463.927      0.1773734    
   6464.792      0.1816839    
   6465.657      0.1861067    
   6466.521      0.1906128    
   6467.386      0.1951856    
   6468.251      0.1998270    
   6469.116      0.2045517    
   6469.980      0.2093715    
   6470.845      0.2142857    
   6471.710      0.2192862    
   6472.575      0.2243666    
   6473.439      0.2295318    
   6474.304      0.2348022    
   6475.169      0.2402058    
   6476.034      0.2457687    
   6476.898      0.2515042    
   6477.763      0.2574055    
   6478.628      0.2634482    
   6479.493      0.2696079    
   6480.357      0.2758660    
   6481.222      0.2822211    
   6482.087      0.2886844    
   6482.952      0.2952583    
   6483.816      0.3019341    
   6484.681      0.3086878    
   6485.546      0.3155096    
   6486.411      0.3224219    
   6487.275      0.3294778    
   6488.140      0.3367499    
   6489.005      0.3442946    
   6489.870      0.3521391    
   6490.734      0.3602747    
   6491.599      0.3686687    
   6492.464      0.3772711    
   6493.329      0.3860183    
   6494.193      0.3948484    
   6495.058      0.4037049    
   6495.923      0.4125533    
   6496.788      0.4213946    
   6497.652      0.4302578    
   6498.517      0.4391804    
   6499.382      0.4481835    
   6500.247      0.4572499    
   6501.111      0.4663213    
   6501.976      0.4753344    
   6502.841      0.4842416    
   6503.706      0.4930368    
   6504.570      0.5017335    
   6505.435      0.5103509    
   6506.300      0.5189004    
   6507.165      0.5273786    
   6508.029      0.5357824    
   6508.894      0.5441266    
   6509.758      0.5524478    
   6510.623      0.5607802    
   6511.488      0.5691303    
   6512.353      0.5774654    
   6513.217      0.5857189    
   6514.082      0.5938326    
   6514.947      0.6017707    
   6515.812      0.6095252    
   6516.676      0.6171026    
   6517.541      0.6245157    
   6518.406      0.6317867    
   6519.271      0.6389506    
   6520.135      0.6460540    
   6521.000      0.6531391    
   6521.864      0.6602281    
   6522.729      0.6673103    
   6523.594      0.6743411    
   6524.458      0.6812498    
   6525.323      0.6879591    
   6526.188      0.6944231    
   6527.053      0.7006466    
   6527.917      0.7066745    
   6528.782      0.7125711    
   6529.647      0.7183787    
   6530.511      0.7240822    
   6531.376      0.7296073    
   6532.241      0.7348524    
   6533.105      0.7397201    
   6533.970      0.7441593    
   6534.835      0.7481775    
   6535.700      0.7518324    
   6536.564      0.7552119    
   6537.429      0.7584200    
   6538.293      0.7615616    
   6539.158      0.7647251    
   6540.023      0.7679501    
   6540.888      0.7712079    
   6541.752      0.7743950    
   6542.617      0.7773701    
   6543.482      0.7800148    
   6544.346      0.7822767    
   6545.211      0.7841880    
   6546.076      0.7858323    
   6546.940      0.7873197    
   6547.805      0.7887482    
   6548.670      0.7901920    
   6549.534      0.7917000    
   6550.399      0.7932881    
   6551.264      0.7949258    
   6552.128      0.7965389    
   6552.993      0.7980216    
   6553.858      0.7992733    
   6554.722      0.8002538    
   6555.587      0.8010103    
   6556.452      0.8016580    
   6557.316      0.8023263    
   6558.181      0.8030918    
   6559.046      0.8039458    
   6559.910      0.8048092    
   6560.775      0.8056004    
   6561.640      0.8063040    
   6562.504      0.8069814    
   6563.369      0.8077204    
   6564.234      0.8085463    
   6565.098      0.8093832    
   6565.963      0.8100685    
   6566.828      0.8104518    
   6567.692      0.8104734    
   6568.557      0.8101954    
   6569.421      0.8097560    
   6570.286      0.8092920    
   6571.151      0.8088747    
   6572.016      0.8085006    
   6572.880      0.8081496    
   6573.745      0.8078152    
   6574.609      0.8075300    
   6575.474      0.8073462    
   6576.339      0.8072845    
   6577.203      0.8073108    
   6578.068      0.8073457    
   6578.933      0.8072984    
   6579.797      0.8070942    
   6580.662      0.8066984    
   6581.526      0.8061283    
   6582.391      0.8054519    
   6583.256      0.8047740    
   6584.120      0.8042021    
   6584.985      0.8038276    
   6585.850      0.8036880    
   6586.714      0.8037561    
   6587.579      0.8039404    
   6588.443      0.8041088    
   6589.308      0.8041403    
   6590.173      0.8039625    
   6591.037      0.8035799    
   6591.902      0.8030460    
   6592.767      0.8024526    
   6593.631      0.8018841    
   6594.496      0.8014030    
   6595.360      0.8010414    
   6596.225      0.8007911    
   6597.090      0.8006119    
   6597.954      0.8004581    
   6598.819      0.8002995    
   6599.684      0.8001288    
   6600.548      0.7999443    
   6601.413      0.7997419    
   6602.277      0.7995175    
   6603.142      0.7992878    
   6604.006      0.7990800    
   6604.871      0.7989290    
   6605.736      0.7988412    
   6606.600      0.7987954    
   6607.465      0.7987542    
   6608.330      0.7986857    
   6609.194      0.7985834    
   6610.059      0.7984531    
   6610.923      0.7982975    
   6611.788      0.7981103    
   6612.652      0.7978805    
   6613.517      0.7976272    
   6614.382      0.7973947    
   6615.246      0.7972308    
   6616.111      0.7971586    
   6616.976      0.7971480    
   6617.840      0.7971395    
   6618.705      0.7970750    
   6619.569      0.7969351    
   6620.434      0.7967445    
   6621.298      0.7965657    
   6622.163      0.7964643    
   6623.027      0.7964876    
   6623.892      0.7966379    
   6624.757      0.7968808    
   6625.621      0.7971541    
   6626.486      0.7974031    
   6627.351      0.7975848    
   6628.215      0.7976718    
   6629.080      0.7976384    
   6629.944      0.7974603    
   6630.809      0.7971358    
   6631.673      0.7967253    
   6632.538      0.7963456    
   6633.402      0.7961494    
   6634.267      0.7962365    
   6635.132      0.7965848    
   6635.996      0.7970408    
   6636.861      0.7973783    
   6637.725      0.7974036    
   6638.590      0.7970523    
   6639.455      0.7964066    
   6640.319      0.7956472    
   6641.184      0.7949772    
   6642.048      0.7945447    
   6642.913      0.7944115    
   6643.777      0.7945547    
   6644.642      0.7948900    
   6645.506      0.7953043    
   6646.371      0.7956889    
   6647.235      0.7959536    
   6648.100      0.7960475    
   6648.964      0.7959587    
   6649.829      0.7957248    
   6650.694      0.7954343    
   6651.558      0.7952111    
   6652.423      0.7951677    
   6653.287      0.7953613    
   6654.152      0.7957578    
   6655.016      0.7962605    
   6655.881      0.7967641    
   6656.746      0.7972151    
   6657.610      0.7976268    
   6658.475      0.7980445    
   6659.339      0.7984996    
   6660.204      0.7989769    
   6661.068      0.7994254    
   6661.933      0.7997879    
   6662.797      0.8000209    
   6663.662      0.8001026    
   6664.526      0.8000418    
   6665.391      0.7998763    
   6666.255      0.7996814    
   6667.120      0.7995444    
   6667.984      0.7995316    
   6668.849      0.7996511    
   6669.713      0.7998447    
   6670.578      0.8000082    
   6671.442      0.8000334    
   6672.307      0.7998576    
   6673.171      0.7994941    
   6674.036      0.7990294    
   6674.900      0.7985856    
   6675.765      0.7982643    
   6676.629      0.7981124    
   6677.494      0.7981300    
   6678.359      0.7982865    
   6679.223      0.7985494    
   6680.088      0.7988837    
   6680.952      0.7992415    
   6681.817      0.7995435    
   6682.681      0.7996902    
   6683.546      0.7995825    
   6684.410      0.7991657    
   6685.275      0.7984546    
   6686.139      0.7975414    
   6687.004      0.7965652    
   6687.868      0.7956544    
   6688.733      0.7948808    
   6689.597      0.7942383    
   6690.462      0.7936600    
   6691.326      0.7930529    
   6692.191      0.7923341    
   6693.055      0.7914641    
   6693.920      0.7904636    
   6694.784      0.7894151    
   6695.649      0.7884349    
   6696.513      0.7876272    
   6697.378      0.7870371    
   6698.242      0.7866238    
   6699.107      0.7862771    
   6699.971      0.7858792    
   6700.835      0.7853662    
   6701.700      0.7847524    
   6702.564      0.7841054    
   6703.429      0.7834831    
   6704.293      0.7828768    
   6705.158      0.7822015    
   6706.022      0.7813278    
   6706.887      0.7801417    
   6707.751      0.7785932    
   6708.616      0.7767298    
   6709.480      0.7746759    
   6710.345      0.7725946    
   6711.209      0.7706278    
   6712.074      0.7688560    
   6712.938      0.7672788    
   6713.803      0.7658535    
   6714.667      0.7645245    
   6715.532      0.7632555    
   6716.396      0.7620210    
   6717.261      0.7607841    
   6718.125      0.7594759    
   6718.990      0.7579958    
   6719.854      0.7562515    
   6720.719      0.7541873    
   6721.583      0.7518170    
   6722.448      0.7492080    
   6723.312      0.7464541    
   6724.176      0.7436307    
   6725.041      0.7407740    
   6725.905      0.7378770    
   6726.770      0.7349107    
   6727.634      0.7318510    
   6728.499      0.7286932    
   6729.363      0.7254485    
   6730.228      0.7221383    
   6731.092      0.7187805    
   6731.957      0.7153993    
   6732.821      0.7120110    
   6733.686      0.7086183    
   6734.550      0.7051879    
   6735.415      0.7016506    
   6736.279      0.6979144    
   6737.143      0.6939040    
   6738.008      0.6895971    
   6738.872      0.6850185    
   6739.737      0.6802208    
   6740.601      0.6752369    
   6741.465      0.6700680    
   6742.330      0.6646923    
   6743.194      0.6591036    
   6744.059      0.6533397    
   6744.923      0.6474825    
   6745.788      0.6416281    
   6746.652      0.6358477    
   6747.517      0.6301533    
   6748.381      0.6245086    
   6749.246      0.6188523    
   6750.110      0.6131405    
   6750.974      0.6073701    
   6751.839      0.6015840    
   6752.703      0.5958462    
   6753.567      0.5902054    
   6754.432      0.5846640    
   6755.296      0.5791747    
   6756.161      0.5736515    
   6757.025      0.5680093    
   6757.890      0.5621984    
   6758.754      0.5562096    
   6759.619      0.5500728    
   6760.483      0.5438278    
   6761.347      0.5375015    
   6762.212      0.5310972    
   6763.076      0.5245949    
   6763.940      0.5179733    
   6764.805      0.5112213    
   6765.669      0.5043522    
   6766.534      0.4973980    
   6767.398      0.4903932    
   6768.263      0.4833638    
   6769.127      0.4763202    
   6769.991      0.4692398    
   6770.856      0.4620729    
   6771.720      0.4547537    
   6772.584      0.4472209    
   6773.449      0.4394624    
   6774.313      0.4315232    
   6775.178      0.4235160    
   6776.042      0.4155798    
   6776.907      0.4078446    
   6777.771      0.4003971    
   6778.635      0.3932567    
   6779.500      0.3863941    
   6780.364      0.3797466    
   6781.229      0.3732453    
   6782.093      0.3668279    
   6782.958      0.3604413    
   6783.822      0.3540457    
   6784.686      0.3476284    
   6785.551      0.3412195    
   6786.415      0.3348911    
   6787.279      0.3287360    
   6788.144      0.3228280    
   6789.008      0.3171946    
   6789.873      0.3117995    
   6790.737      0.3065653    
   6791.601      0.3014052    
   6792.466      0.2962429    
   6793.330      0.2910371    
   6794.194      0.2857675    
   6795.059      0.2804358    
   6795.923      0.2750502    
   6796.788      0.2696350    
   6797.652      0.2642267    
   6798.516      0.2588681    
   6799.380      0.2535936    
   6800.245      0.2484174    
   6801.109      0.2433295    
   6801.974      0.2383106    
   6802.838      0.2333508    
   6803.703      0.2284500    
   6804.567      0.2236209    
   6805.431      0.2188711    
   6806.295      0.2141999    
   6807.160      0.2096022    
   6808.024      0.2050772    
   6808.889      0.2006366    
   6809.753      0.1962958    
   6810.617      0.1920665    
   6811.482      0.1879454    
   6812.346      0.1839129    
   6813.210      0.1799391    
   6814.075      0.1759975    
   6814.939      0.1720758    
   6815.803      0.1681757    
   6816.668      0.1643193    
   6817.532      0.1605405    
   6818.396      0.1568804    
   6819.261      0.1533738    
   6820.125      0.1500429    
   6820.990      0.1468863    
   6821.854      0.1438807    
   6822.718      0.1409875    
   6823.583      0.1381648    
   6824.447      0.1353823    
   6825.311      0.1326301    
   6826.176      0.1299171    
   6827.040      0.1272658    
   6827.904      0.1246955    
   6828.769      0.1222147    
   6829.633      0.1198182    
   6830.497      0.1174938    
   6831.362      0.1152320    
   6832.226      0.1130299    
   6833.090      0.1108857    
   6833.955      0.1087898    
   6834.819      0.1067187    
   6835.683      0.1046337    
   6836.547      0.1024964    
   6837.412      0.1002923    
   6838.276      9.8045886E-02
   6839.141      9.5820524E-02
   6840.005      9.3691736E-02
   6840.869      9.1710366E-02
   6841.733      8.9882098E-02
   6842.598      8.8164285E-02
   6843.462      8.6495742E-02
   6844.327      8.4824450E-02
   6845.191      8.3132774E-02
   6846.055      8.1434570E-02
   6846.919      7.9761863E-02
   6847.784      7.8140877E-02
   6848.648      7.6582409E-02
   6849.512      7.5079083E-02
   6850.376      7.3613361E-02
   6851.241      7.2170280E-02
   6852.105      7.0744224E-02
   6852.970      6.9340721E-02
   6853.834      6.7966722E-02
   6854.698      6.6627145E-02
   6855.563      6.5317720E-02
   6856.427      6.4028472E-02
   6857.291      6.2755160E-02
   6858.155      6.1502703E-02
   6859.020      6.0288057E-02
   6859.884      5.9130713E-02
   6860.749      5.8043420E-02
   6861.613      5.7025321E-02
   6862.477      5.6062590E-02
   6863.341      5.5134814E-02
   6864.206      5.4221272E-02
   6865.070      5.3305432E-02
   6865.934      5.2378193E-02
   6866.798      5.1439226E-02
   6867.663      5.0494660E-02
   6868.527      4.9558997E-02
   6869.391      4.8647646E-02
   6870.255      4.7773540E-02
   6871.120      4.6942092E-02
   6871.984      4.6148717E-02
   6872.848      4.5382060E-02
   6873.712      4.4628464E-02
   6874.577      4.3882210E-02
   6875.441      4.3149054E-02
   6876.306      4.2440943E-02
   6877.170      4.1770019E-02
   6878.034      4.1138224E-02
   6878.898      4.0535484E-02
   6879.763      3.9942324E-02
   6880.627      3.9339013E-02
   6881.491      3.8709793E-02
   6882.355      3.8046867E-02
   6883.220      3.7349589E-02
   6884.084      3.6621328E-02
   6884.948      3.5867069E-02
   6885.813      3.5089325E-02
   6886.677      3.4288436E-02
   6887.541      3.3465255E-02
   6888.405      3.2628309E-02
   6889.270      3.1796180E-02
   6890.134      3.0997310E-02
   6890.998      3.0260859E-02
   6891.862      2.9604444E-02
   6892.727      2.9029189E-02
   6893.591      2.8521087E-02
   6894.455      2.8060248E-02
   6895.319      2.7630055E-02
   6896.184      2.7217038E-02
   6897.048      2.6813924E-02
   6897.912      2.6416577E-02
   6898.776      2.6026847E-02
   6899.641      2.5653519E-02
   6900.505      2.5307136E-02
   6901.369      2.4995865E-02
   6902.233      2.4721149E-02
   6903.098      2.4475491E-02
   6903.962      2.4242375E-02
   6904.826      2.4001438E-02
   6905.690      2.3733865E-02
   6906.555      2.3429433E-02
   6907.419      2.3089986E-02
   6908.283      2.2730991E-02
   6909.147      2.2369796E-02
   6910.012      2.2017585E-02
   6910.876      2.1674654E-02
   6911.740      2.1330776E-02
   6912.604      2.0976160E-02
   6913.468      2.0606622E-02
   6914.333      2.0226970E-02
   6915.197      1.9847332E-02
   6916.061      1.9479319E-02
   6916.925      1.9134935E-02
   6917.790      1.8825477E-02
   6918.654      1.8558493E-02
   6919.518      1.8334892E-02
   6920.382      1.8141929E-02
   6921.247      1.7956439E-02
   6922.111      1.7754823E-02
   6922.975      1.7522311E-02
   6923.839      1.7259147E-02
   6924.704      1.6976418E-02
   6925.567      1.6689669E-02
   6926.432      1.6411783E-02
   6927.296      1.6148392E-02
   6928.160      1.5900522E-02
   6929.024      1.5665682E-02
   6929.889      1.5439331E-02
   6930.753      1.5219810E-02
   6931.617      1.5004795E-02
   6932.481      1.4795026E-02
   6933.346      1.4590875E-02
   6934.210      1.4396465E-02
   6935.074      1.4216213E-02
   6935.938      1.4052956E-02
   6936.802      1.3904420E-02
   6937.667      1.3763564E-02
   6938.531      1.3620382E-02
   6939.395      1.3468082E-02
   6940.259      1.3306623E-02
   6941.124      1.3141560E-02
   6941.988      1.2983621E-02
   6942.852      1.2843351E-02
   6943.716      1.2725717E-02
   6944.580      1.2626341E-02
   6945.444      1.2531962E-02
   6946.309      1.2425758E-02
   6947.173      1.2295054E-02
   6948.037      1.2135394E-02
   6948.901      1.1952607E-02
   6949.765      1.1755778E-02
   6950.629      1.1554983E-02
   6951.494      1.1355815E-02
   6952.358      1.1162506E-02
   6953.222      1.0979282E-02
   6954.086      1.0814370E-02
   6954.950      1.0678059E-02
   6955.814      1.0579243E-02
   6956.679      1.0519135E-02
   6957.543      1.0489480E-02
   6958.407      1.0469902E-02
   6959.271      1.0431960E-02
   6960.136      1.0346502E-02
   6961.000      1.0191514E-02
   6961.864      9.9617951E-03
   6962.728      9.6731000E-03
   6963.592      9.3581593E-03
   6964.457      9.0581635E-03
   6965.321      8.8086966E-03
   6966.185      8.6292932E-03
   6967.049      8.5199252E-03
   6967.913      8.4638176E-03
   6968.777      8.4374323E-03
   6969.642      8.4186960E-03
   6970.505      8.3919680E-03
   6971.370      8.3487667E-03
   6972.234      8.2858140E-03
   6973.098      8.2022976E-03
   6973.962      8.0980333E-03
   6974.826      7.9741264E-03
   6975.690      7.8347623E-03
   6976.555      7.6878588E-03
   6977.419      7.5468896E-03
   6978.283      7.4282391E-03
   6979.147      7.3437067E-03
   6980.011      7.2947084E-03
   6980.875      7.2684097E-03
   6981.740      7.2393767E-03
   6982.604      7.1762414E-03
   6983.468      7.0536253E-03
   6984.332      6.8660481E-03
   6985.196      6.6316840E-03
   6986.061      6.3873106E-03
   6986.924      6.1733508E-03
   6987.789      6.0151219E-03
   6988.653      5.9168441E-03
   6989.517      5.8658924E-03
   6990.381      5.8454867E-03
   6991.245      5.8440091E-03
   6992.109      5.8557638E-03
   6992.974      5.8741630E-03
   6993.838      5.8842096E-03
   6994.702      5.8662253E-03
   6995.566      5.8051068E-03
   6996.430      5.7014883E-03
   6997.294      5.5740080E-03
   6998.158      5.4538050E-03
   6999.022      5.3681750E-03
   6999.887      5.3273244E-03
   7000.750      5.3218566E-03
   7001.615      5.3293789E-03
   7002.479      5.3256042E-03
   7003.343      5.2929344E-03
   7004.207      5.2259471E-03
   7005.071      5.1309569E-03
   7005.936      5.0238739E-03
   7006.800      4.9252887E-03
   7007.664      4.8515424E-03
   7008.528      4.8100878E-03
   7009.392      4.7950377E-03
   7010.256      4.7895974E-03
   7011.120      4.7715507E-03
   7011.984      4.7197812E-03
   7012.849      4.6231030E-03
   7013.712      4.4826968E-03
   7014.577      4.3156445E-03
   7015.441      4.1500996E-03
   7016.305      4.0164557E-03
   7017.169      3.9368477E-03
   7018.033      3.9171088E-03
   7018.897      3.9463760E-03
   7019.761      4.0028300E-03
   7020.625      4.0639983E-03
   7021.489      4.1146697E-03
   7022.354      4.1501448E-03
   7023.218      4.1749906E-03
   7024.082      4.1975398E-03
   7024.946      4.2261025E-03
   7025.810      4.2653112E-03
   7026.674      4.3133423E-03
   7027.538      4.3620584E-03
   7028.402      4.3983422E-03
   7029.267      4.4086636E-03
   7030.130      4.3850383E-03
   7030.995      4.3302537E-03
   7031.859      4.2572943E-03
   7032.723      4.1871397E-03
   7033.587      4.1374867E-03
   7034.451      4.1160206E-03
   7035.315      4.1192356E-03
   7036.179      4.1371831E-03
   7037.043      4.1616103E-03
   7037.907      4.1898447E-03
   7038.771      4.2219805E-03
   7039.635      4.2551905E-03
   7040.500      4.2800149E-03
   7041.364      4.2819162E-03
   7042.228      4.2472193E-03
   7043.092      4.1719787E-03
   7043.956      4.0639192E-03
   7044.820      3.9400090E-03
   7045.684      3.8177734E-03
   7046.548      3.7075668E-03
   7047.412      3.6127926E-03
   7048.276      3.5327766E-03
   7049.140      3.4674127E-03
   7050.004      3.4198822E-03
   7050.869      3.3926831E-03
   7051.732      3.3832870E-03
   7052.597      3.3850111E-03
   7053.460      3.3896004E-03
   7054.325      3.3910729E-03
   7055.189      3.3880812E-03
   7056.053      3.3824360E-03
   7056.917      3.3755093E-03
   7057.781      3.3649046E-03
   7058.645      3.3435456E-03
   7059.509      3.2999443E-03
   7060.373      3.2245435E-03
   7061.237      3.1143867E-03
   7062.101      2.9776699E-03
   7062.965      2.8332979E-03
   7063.830      2.7045775E-03
   7064.693      2.6118024E-03
   7065.558      2.5647029E-03
   7066.421      2.5592681E-03
   7067.286      2.5804224E-03
   7068.149      2.6086932E-03
   7069.014      2.6270028E-03
   7069.878      2.6270819E-03
   7070.742      2.6098615E-03
   7071.606      2.5804352E-03
   7072.470      2.5428203E-03
   7073.334      2.4978837E-03
   7074.198      2.4468987E-03
   7075.062      2.3976238E-03
   7075.926      2.3628639E-03
   7076.790      2.3566987E-03
   7077.654      2.3845444E-03
   7078.518      2.4404908E-03
   7079.382      2.5085525E-03
   7080.246      2.5710172E-03
   7081.110      2.6155442E-03
   7081.974      2.6390760E-03
   7082.838      2.6469328E-03
   7083.702      2.6466909E-03
   7084.566      2.6439007E-03
   7085.430      2.6396709E-03
   7086.294      2.6320070E-03
   7087.158      2.6183664E-03
   7088.022      2.5990051E-03
   7088.887      2.5773679E-03
   7089.750      2.5576574E-03
   7090.614      2.5426357E-03
   7091.479      2.5320014E-03
   7092.343      2.5214690E-03
   7093.207      2.5054202E-03
   7094.071      2.4802021E-03
   7094.935      2.4471830E-03
   7095.799      2.4104400E-03
   7096.663      2.3752956E-03
   7097.527      2.3445860E-03
   7098.391      2.3183695E-03
   7099.255      2.2958741E-03
   7100.119      2.2764443E-03
   7100.983      2.2602298E-03
   7101.847      2.2474825E-03
   7102.711      2.2380243E-03
   7103.575      2.2310643E-03
   7104.438      2.2254002E-03
   7105.303      2.2203750E-03
   7106.167      2.2160758E-03
