   8388.062      5.0150389E-03
   8388.322      5.1541119E-03
   8388.583      5.3496058E-03
   8388.843      5.6023658E-03
   8389.104      5.9015602E-03
   8389.364      6.2259082E-03
   8389.625      6.5488424E-03
   8389.886      6.8473192E-03
   8390.146      7.1082674E-03
   8390.406      7.3288865E-03
   8390.667      7.5131468E-03
   8390.928      7.6670903E-03
   8391.188      7.7969707E-03
   8391.449      7.9087354E-03
   8391.710      8.0084614E-03
   8391.971      8.1025884E-03
   8392.231      8.1989560E-03
   8392.491      8.3042318E-03
   8392.752      8.4226392E-03
   8393.013      8.5520362E-03
   8393.273      8.6839879E-03
   8393.534      8.8067269E-03
   8393.795      8.9102015E-03
   8394.056      8.9911800E-03
   8394.316      9.0532927E-03
   8394.577      9.1061434E-03
   8394.837      9.1596395E-03
   8395.098      9.2214532E-03
   8395.358      9.2954300E-03
   8395.619      9.3827946E-03
   8395.880      9.4844745E-03
   8396.141      9.6022645E-03
   8396.401      9.7361393E-03
   8396.662      9.8814210E-03
   8396.923      1.0028250E-02
   8397.184      1.0164887E-02
   8397.443      1.0283799E-02
   8397.704      1.0384427E-02
   8397.965      1.0472623E-02
   8398.226      1.0557927E-02
   8398.486      1.0647618E-02
   8398.747      1.0743885E-02
   8399.008      1.0845285E-02
   8399.269      1.0949691E-02
   8399.529      1.1058864E-02
   8399.790      1.1178250E-02
   8400.051      1.1314498E-02
   8400.312      1.1471163E-02
   8400.572      1.1647269E-02
   8400.833      1.1835278E-02
   8401.093      1.2025228E-02
   8401.354      1.2205837E-02
   8401.614      1.2369059E-02
   8401.875      1.2513976E-02
   8402.136      1.2647021E-02
   8402.396      1.2778864E-02
   8402.657      1.2918844E-02
   8402.918      1.3071036E-02
   8403.179      1.3233294E-02
   8403.439      1.3400489E-02
   8403.700      1.3567722E-02
   8403.961      1.3733229E-02
   8404.222      1.3899627E-02
   8404.482      1.4073264E-02
   8404.743      1.4260904E-02
   8405.004      1.4466313E-02
   8405.265      1.4685836E-02
   8405.525      1.4910337E-02
   8405.786      1.5128099E-02
   8406.047      1.5330651E-02
   8406.308      1.5518311E-02
   8406.568      1.5700981E-02
   8406.829      1.5892377E-02
   8407.090      1.6104478E-02
   8407.351      1.6341886E-02
   8407.611      1.6601162E-02
   8407.872      1.6874140E-02
   8408.133      1.7151980E-02
   8408.394      1.7429477E-02
   8408.654      1.7706959E-02
   8408.915      1.7989300E-02
   8409.176      1.8280778E-02
   8409.437      1.8579623E-02
   8409.697      1.8875677E-02
   8409.958      1.9155620E-02
   8410.219      1.9409828E-02
   8410.479      1.9638130E-02
   8410.740      1.9850215E-02
   8411.001      2.0060638E-02
   8411.262      2.0281114E-02
   8411.522      2.0518387E-02
   8411.783      2.0773726E-02
   8412.044      2.1045737E-02
   8412.305      2.1334130E-02
   8412.565      2.1640386E-02
   8412.826      2.1966387E-02
   8413.087      2.2312159E-02
   8413.348      2.2675959E-02
   8413.608      2.3054961E-02
   8413.869      2.3444658E-02
   8414.130      2.3837317E-02
   8414.391      2.4223750E-02
   8414.651      2.4597051E-02
   8414.912      2.4956794E-02
   8415.173      2.5308121E-02
   8415.435      2.5659610E-02
   8415.695      2.6017988E-02
   8415.956      2.6388070E-02
   8416.217      2.6772594E-02
   8416.478      2.7172344E-02
   8416.738      2.7587470E-02
   8416.999      2.8019758E-02
   8417.260      2.8472383E-02
   8417.521      2.8948177E-02
   8417.781      2.9447433E-02
   8418.042      2.9967442E-02
   8418.303      3.0505575E-02
   8418.563      3.1058315E-02
   8418.824      3.1618550E-02
   8419.086      3.2173123E-02
   8419.347      3.2706894E-02
   8419.607      3.3210441E-02
   8419.868      3.3685908E-02
   8420.129      3.4145221E-02
   8420.390      3.4605805E-02
   8420.650      3.5085175E-02
   8420.911      3.5597138E-02
   8421.172      3.6148082E-02
   8421.433      3.6737368E-02
   8421.693      3.7359577E-02
   8421.955      3.8007226E-02
   8422.216      3.8672123E-02
   8422.477      3.9345108E-02
   8422.737      4.0017571E-02
   8422.998      4.0688105E-02
   8423.259      4.1364826E-02
   8423.520      4.2062111E-02
   8423.780      4.2794917E-02
   8424.041      4.3571994E-02
   8424.303      4.4395570E-02
   8424.563      4.5259040E-02
   8424.824      4.6147816E-02
   8425.085      4.7043666E-02
   8425.346      4.7933090E-02
   8425.606      4.8811156E-02
   8425.867      4.9679358E-02
   8426.129      5.0538905E-02
   8426.390      5.1389124E-02
   8426.650      5.2229352E-02
   8426.911      5.3060301E-02
   8427.172      5.3884260E-02
   8427.433      5.4705236E-02
   8427.693      5.5532448E-02
   8427.955      5.6380726E-02
   8428.216      5.7265524E-02
   8428.477      5.8196981E-02
   8428.737      5.9177388E-02
   8428.998      6.0205843E-02
   8429.259      6.1280336E-02
   8429.521      6.2395539E-02
   8429.781      6.3541628E-02
   8430.042      6.4706445E-02
   8430.303      6.5881655E-02
   8430.563      6.7063846E-02
   8430.824      6.8254560E-02
   8431.086      6.9459453E-02
   8431.347      7.0689380E-02
   8431.607      7.1956195E-02
   8431.868      7.3267572E-02
   8432.129      7.4623294E-02
   8432.391      7.6018997E-02
   8432.651      7.7450939E-02
   8432.912      7.8915291E-02
   8433.173      8.0405727E-02
   8433.434      8.1914812E-02
   8433.695      8.3438933E-02
   8433.956      8.4980451E-02
   8434.217      8.6542152E-02
   8434.478      8.8124968E-02
   8434.738      8.9730322E-02
   8435.000      9.1365039E-02
   8435.261      9.3039118E-02
   8435.521      9.4758712E-02
   8435.782      9.6523687E-02
   8436.043      9.8332822E-02
   8436.305      0.1001870    
   8436.565      0.1020855    
   8436.826      0.1040223    
   8437.087      0.1059901    
   8437.349      0.1079869    
   8437.609      0.1100161    
   8437.870      0.1120810    
   8438.131      0.1141819    
   8438.392      0.1163187    
   8438.653      0.1184928    
   8438.914      0.1207042    
   8439.175      0.1229492    
   8439.436      0.1252284    
   8439.697      0.1275505    
   8439.958      0.1299301    
   8440.219      0.1323739    
   8440.479      0.1348782    
   8440.741      0.1374385    
   8441.002      0.1400571    
   8441.263      0.1427370    
   8441.523      0.1454709    
   8441.785      0.1482389    
   8442.046      0.1510206    
   8442.307      0.1538042    
   8442.568      0.1565892    
   8442.829      0.1593872    
   8443.090      0.1622241    
   8443.351      0.1651362    
   8443.612      0.1681542    
   8443.873      0.1712892    
   8444.134      0.1745302    
   8444.395      0.1778572    
   8444.656      0.1812484    
   8444.917      0.1846829    
   8445.178      0.1881451    
   8445.439      0.1916374    
   8445.700      0.1951813    
   8445.961      0.1988042    
   8446.223      0.2025188    
   8446.483      0.2063213    
   8446.744      0.2102084    
   8447.005      0.2141844    
   8447.267      0.2182544    
   8447.527      0.2224161    
   8447.788      0.2266621    
   8448.050      0.2309874    
   8448.311      0.2353836    
   8448.571      0.2398333    
   8448.833      0.2443155    
   8449.094      0.2488222    
   8449.354      0.2533617    
   8449.616      0.2579446    
   8449.877      0.2625691    
   8450.138      0.2672268    
   8450.399      0.2719145    
   8450.660      0.2766345    
   8450.921      0.2813873    
   8451.183      0.2861725    
   8451.443      0.2910030    
   8451.704      0.2959030    
   8451.966      0.3008955    
   8452.227      0.3059864    
   8452.487      0.3111688    
   8452.749      0.3164376    
   8453.010      0.3217876    
   8453.271      0.3272015    
   8453.532      0.3326524    
   8453.793      0.3381234    
   8454.054      0.3436187    
   8454.315      0.3491538    
   8454.576      0.3547411    
   8454.837      0.3603898    
   8455.099      0.3661133    
   8455.359      0.3719194    
   8455.621      0.3777958    
   8455.882      0.3837081    
   8456.143      0.3896235    
   8456.404      0.3955272    
   8456.665      0.4014151    
   8456.926      0.4072836    
   8457.188      0.4131325    
   8457.448      0.4189818    
   8457.710      0.4248629    
   8457.971      0.4307977    
   8458.231      0.4367862    
   8458.493      0.4428171    
   8458.754      0.4488808    
   8459.016      0.4549675    
   8459.276      0.4610615    
   8459.537      0.4671488    
   8459.799      0.4732317    
   8460.060      0.4793204    
   8460.321      0.4854116    
   8460.582      0.4914805    
   8460.843      0.4975028    
   8461.104      0.5034780    
   8461.365      0.5094275    
   8461.627      0.5153786    
   8461.888      0.5213566    
   8462.149      0.5273880    
   8462.410      0.5334863    
   8462.671      0.5396291    
   8462.933      0.5457574    
   8463.193      0.5518041    
   8463.455      0.5577301    
   8463.716      0.5635318    
   8463.978      0.5692210    
   8464.238      0.5748137    
   8464.499      0.5803311    
   8464.761      0.5857944    
   8465.021      0.5912064    
   8465.283      0.5965478    
   8465.544      0.6017944    
   8465.806      0.6069403    
   8466.066      0.6119965    
   8466.328      0.6169793    
   8466.589      0.6219010    
   8466.851      0.6267763    
   8467.111      0.6316239    
   8467.372      0.6364552    
   8467.634      0.6412662    
   8467.895      0.6460401    
   8468.156      0.6507607    
   8468.417      0.6554051    
   8468.679      0.6599382    
   8468.939      0.6643181    
   8469.201      0.6685217    
   8469.462      0.6725585    
   8469.724      0.6764639    
   8469.984      0.6802827    
   8470.246      0.6840628    
   8470.507      0.6878511    
   8470.769      0.6916808    
   8471.029      0.6955512    
   8471.291      0.6994322    
   8471.552      0.7032865    
   8471.813      0.7070866    
   8472.074      0.7108097    
   8472.336      0.7144312    
   8472.597      0.7179329    
   8472.858      0.7213119    
   8473.119      0.7245815    
   8473.381      0.7277552    
   8473.642      0.7308316    
   8473.903      0.7338003    
   8474.164      0.7366494    
   8474.426      0.7393690    
   8474.687      0.7419589    
   8474.948      0.7444382    
   8475.209      0.7468526    
   8475.471      0.7492583    
   8475.731      0.7516846    
   8475.993      0.7541200    
   8476.254      0.7565259    
   8476.516      0.7588652    
   8476.777      0.7611149    
   8477.038      0.7632601    
   8477.300      0.7652856    
   8477.561      0.7671817    
   8477.822      0.7689535    
   8478.083      0.7706172    
   8478.345      0.7721929    
   8478.605      0.7736979    
   8478.867      0.7751389    
   8479.128      0.7765096    
   8479.390      0.7777987    
   8479.651      0.7790003    
   8479.912      0.7801369    
   8480.174      0.7812582    
   8480.435      0.7824199    
   8480.696      0.7836550    
   8480.957      0.7849573    
   8481.219      0.7862860    
   8481.480      0.7875843    
   8481.741      0.7887892    
   8482.003      0.7898483    
   8482.264      0.7907315    
   8482.525      0.7914394    
   8482.786      0.7920000    
   8483.048      0.7924627    
   8483.310      0.7928869    
   8483.570      0.7933270    
   8483.832      0.7938263    
   8484.093      0.7944112    
   8484.354      0.7950855    
   8484.616      0.7958370    
   8484.877      0.7966388    
   8485.139      0.7974537    
   8485.399      0.7982388    
   8485.661      0.7989527    
   8485.923      0.7995629    
   8486.184      0.8000510    
   8486.445      0.8004197    
   8486.707      0.8006931    
   8486.968      0.8009158    
   8487.229      0.8011402    
   8487.490      0.8014130    
   8487.752      0.8017544    
   8488.014      0.8021566    
   8488.274      0.8025919    
   8488.536      0.8030323    
   8488.798      0.8034617    
   8489.059      0.8038799    
   8489.320      0.8042964    
   8489.581      0.8047196    
   8489.843      0.8051449    
   8490.104      0.8055619    
   8490.365      0.8059490    
   8490.627      0.8062838    
   8490.889      0.8065429    
   8491.149      0.8067069    
   8491.411      0.8067685    
   8491.673      0.8067377    
   8491.934      0.8066381    
   8492.195      0.8064982    
   8492.457      0.8063374    
   8492.718      0.8061628    
   8492.979      0.8059748    
   8493.241      0.8057759    
   8493.502      0.8055802    
   8493.764      0.8054093    
   8494.025      0.8052837    
   8494.286      0.8052173    
   8494.548      0.8052146    
   8494.810      0.8052700    
   8495.070      0.8053715    
   8495.332      0.8055013    
   8495.594      0.8056406    
   8495.854      0.8057716    
   8496.116      0.8058854    
   8496.378      0.8059777    
   8496.639      0.8060498    
   8496.900      0.8061048    
   8497.162      0.8061424    
   8497.424      0.8061579    
   8497.685      0.8061359    
   8497.946      0.8060561    
   8498.208      0.8059024    
   8498.469      0.8056745    
   8498.730      0.8053963    
   8498.992      0.8051038    
   8499.254      0.8048359    
   8499.515      0.8046206    
   8499.776      0.8044731    
   8500.038      0.8043998    
   8500.299      0.8044057    
   8500.561      0.8044989    
   8500.822      0.8046856    
   8501.084      0.8049643    
   8501.345      0.8053186    
   8501.606      0.8057158    
   8501.868      0.8061120    
   8502.130      0.8064652    
   8502.391      0.8067399    
   8502.652      0.8069121    
   8502.914      0.8069724    
   8503.175      0.8069290    
   8503.437      0.8068044    
   8503.698      0.8066320    
   8503.960      0.8064491    
   8504.221      0.8062884    
   8504.482      0.8061727    
   8504.744      0.8061070    
   8505.006      0.8060759    
   8505.268      0.8060502    
   8505.528      0.8060010    
   8505.790      0.8059162    
   8506.052      0.8058065    
   8506.313      0.8056979    
   8506.574      0.8056060    
   8506.836      0.8055236    
   8507.098      0.8054193    
   8507.359      0.8052557    
   8507.620      0.8050144    
   8507.882      0.8047043    
   8508.144      0.8043588    
   8508.405      0.8040129    
   8508.667      0.8036914    
   8508.928      0.8034075    
   8509.189      0.8031800    
   8509.451      0.8030423    
   8509.713      0.8030354    
   8509.975      0.8031914    
   8510.235      0.8035080    
   8510.497      0.8039445    
   8510.759      0.8044268    
   8511.021      0.8048703    
   8511.282      0.8052030    
   8511.543      0.8053827    
   8511.805      0.8054003    
   8512.066      0.8052772    
   8512.328      0.8050514    
   8512.590      0.8047625    
   8512.852      0.8044506    
   8513.112      0.8041471    
   8513.374      0.8038718    
   8513.636      0.8036325    
   8513.897      0.8034205    
   8514.159      0.8032176    
   8514.420      0.8030094    
   8514.682      0.8027998    
   8514.943      0.8026150    
   8515.205      0.8024954    
   8515.467      0.8024685    
   8515.729      0.8025283    
   8515.990      0.8026335    
   8516.251      0.8027188    
   8516.513      0.8027212    
   8516.774      0.8026065    
   8517.036      0.8023806    
   8517.298      0.8020861    
   8517.560      0.8017834    
   8517.821      0.8015233    
   8518.082      0.8013283    
   8518.344      0.8011875    
   8518.605      0.8010661    
   8518.867      0.8009285    
   8519.129      0.8007582    
   8519.391      0.8005668    
   8519.652      0.8003897    
   8519.913      0.8002708    
   8520.175      0.8002426    
   8520.437      0.8003101    
   8520.698      0.8004472    
   8520.960      0.8006046    
   8521.222      0.8007292    
   8521.483      0.8007846    
   8521.745      0.8007616    
   8522.007      0.8006775    
   8522.268      0.8005609    
   8522.529      0.8004370    
   8522.791      0.8003188    
   8523.053      0.8002058    
   8523.314      0.8000903    
   8523.576      0.7999586    
   8523.838      0.7997995    
   8524.100      0.7996128    
   8524.361      0.7994136    
   8524.623      0.7992338    
   8524.885      0.7991024    
   8525.146      0.7990254    
   8525.407      0.7989696    
   8525.669      0.7988712    
   8525.931      0.7986723    
   8526.192      0.7983558    
   8526.454      0.7979551    
   8526.716      0.7975348    
   8526.978      0.7971491    
   8527.239      0.7968143    
   8527.501      0.7965063    
   8527.763      0.7961853    
   8528.024      0.7958208    
   8528.286      0.7954133    
   8528.548      0.7949931    
   8528.809      0.7946056    
   8529.070      0.7942850    
   8529.332      0.7940414    
   8529.594      0.7938492    
   8529.855      0.7936613    
   8530.117      0.7934173    
   8530.379      0.7930542    
   8530.641      0.7925245    
   8530.902      0.7918173    
   8531.164      0.7909752    
   8531.426      0.7900866    
   8531.688      0.7892520    
   8531.949      0.7885488    
   8532.211      0.7880028    
   8532.473      0.7875809    
   8532.734      0.7872072    
   8532.996      0.7867932    
   8533.258      0.7862719    
   8533.520      0.7856147    
   8533.781      0.7848294    
   8534.043      0.7839441    
   8534.305      0.7829950    
   8534.566      0.7820225    
   8534.828      0.7810726    
   8535.090      0.7801855    
   8535.352      0.7793860    
   8535.613      0.7786669    
   8535.875      0.7779926    
   8536.137      0.7773093    
   8536.398      0.7765604    
   8536.660      0.7757057    
   8536.922      0.7747367    
   8537.184      0.7736707    
   8537.445      0.7725357    
   8537.707      0.7713459    
   8537.969      0.7700980    
   8538.230      0.7687845    
   8538.492      0.7674006    
   8538.754      0.7659443    
   8539.016      0.7644104    
   8539.277      0.7627900    
   8539.539      0.7610727    
   8539.801      0.7592505    
   8540.063      0.7573240    
   8540.324      0.7553084    
   8540.586      0.7532444    
   8540.848      0.7511893    
   8541.109      0.7491933    
   8541.371      0.7472761    
   8541.633      0.7454117    
   8541.895      0.7435418    
   8542.156      0.7415939    
   8542.419      0.7395055    
   8542.681      0.7372411    
   8542.942      0.7348090    
   8543.204      0.7322555    
   8543.466      0.7296495    
   8543.728      0.7270529    
   8543.989      0.7245021    
   8544.251      0.7220053    
   8544.513      0.7195345    
   8544.774      0.7170299    
   8545.036      0.7144182    
   8545.298      0.7116410    
   8545.560      0.7086792    
   8545.821      0.7055537    
   8546.084      0.7023069    
   8546.346      0.6989838    
   8546.607      0.6956286    
   8546.869      0.6922672    
   8547.131      0.6888927    
   8547.393      0.6854619    
   8547.654      0.6819198    
   8547.916      0.6782358    
   8548.178      0.6744148    
   8548.439      0.6704833    
   8548.701      0.6664713    
   8548.964      0.6624038    
   8549.226      0.6583027    
   8549.487      0.6541796    
   8549.749      0.6500296    
   8550.011      0.6458308    
   8550.272      0.6415653    
   8550.534      0.6372213    
   8550.796      0.6327884    
   8551.058      0.6282532    
   8551.320      0.6236093    
   8551.582      0.6188749    
   8551.844      0.6140893    
   8552.105      0.6092887    
   8552.367      0.6044863    
   8552.629      0.5996714    
   8552.891      0.5948176    
   8553.153      0.5898929    
   8553.415      0.5848684    
   8553.677      0.5797387    
   8553.938      0.5745320    
   8554.200      0.5692959    
   8554.462      0.5640628    
   8554.724      0.5588343    
   8554.986      0.5535930    
   8555.248      0.5483312    
   8555.510      0.5430557    
   8555.771      0.5377713    
   8556.033      0.5324652    
   8556.295      0.5271165    
   8556.557      0.5217096    
   8556.819      0.5162374    
   8557.081      0.5106966    
   8557.343      0.5050864    
   8557.604      0.4994170    
   8557.866      0.4937102    
   8558.128      0.4879878    
   8558.391      0.4822671    
   8558.652      0.4765635    
   8558.914      0.4708965    
   8559.176      0.4652774    
   8559.438      0.4596953    
   8559.700      0.4541202    
   8559.962      0.4485237    
   8560.224      0.4428977    
   8560.485      0.4372532    
   8560.747      0.4316089    
   8561.010      0.4259831    
   8561.271      0.4203956    
   8561.533      0.4148590    
   8561.795      0.4093696    
   8562.057      0.4039059    
   8562.319      0.3984465    
   8562.581      0.3929861    
   8562.843      0.3875358    
   8563.104      0.3821069    
   8563.366      0.3767076    
   8563.629      0.3713472    
   8563.891      0.3660384    
   8564.152      0.3607873    
   8564.414      0.3555884    
   8564.677      0.3504319    
   8564.938      0.3453193    
   8565.200      0.3402575    
   8565.462      0.3352487    
   8565.725      0.3302826    
   8565.986      0.3253465    
   8566.248      0.3204377    
   8566.510      0.3155566    
   8566.771      0.3106964    
   8567.034      0.3058438    
   8567.296      0.3009923    
   8567.558      0.2961569    
   8567.819      0.2913648    
   8568.082      0.2866394    
   8568.344      0.2819956    
   8568.605      0.2774405    
   8568.868      0.2729788    
   8569.130      0.2686064    
   8569.392      0.2643118    
   8569.653      0.2600830    
   8569.916      0.2559144    
   8570.178      0.2518041    
   8570.439      0.2477444    
   8570.701      0.2437202    
   8570.964      0.2397225    
   8571.226      0.2357479    
   8571.487      0.2317967    
   8571.750      0.2278651    
   8572.012      0.2239489    
   8572.273      0.2200552    
   8572.535      0.2162008    
   8572.798      0.2124020    
   8573.060      0.2086681    
   8573.321      0.2050010    
   8573.584      0.2014047    
   8573.846      0.1978829    
   8574.107      0.1944332    
   8574.369      0.1910512    
   8574.632      0.1877350    
   8574.894      0.1844893    
   8575.155      0.1813144    
   8575.418      0.1782003    
   8575.680      0.1751300    
   8575.941      0.1720925    
   8576.204      0.1690879    
   8576.466      0.1661247    
   8576.728      0.1632128    
   8576.990      0.1603638    
   8577.252      0.1575895    
   8577.514      0.1548949    
   8577.776      0.1522695    
   8578.038      0.1496891    
   8578.300      0.1471314    
   8578.563      0.1445863    
   8578.824      0.1420556    
   8579.086      0.1395442    
   8579.349      0.1370559    
   8579.610      0.1345959    
   8579.872      0.1321743    
   8580.135      0.1298013    
   8580.396      0.1274852    
   8580.658      0.1252345    
   8580.921      0.1230579    
   8581.183      0.1209598    
   8581.444      0.1189311    
   8581.707      0.1169492    
   8581.969      0.1149878    
   8582.231      0.1130297    
   8582.493      0.1110713    
   8582.755      0.1091191    
   8583.018      0.1071839    
   8583.279      0.1052805    
   8583.541      0.1034248    
   8583.804      0.1016271    
   8584.065      9.9889062E-02
   8584.328      9.8205082E-02
   8584.590      9.6567698E-02
   8584.852      9.4969317E-02
   8585.114      9.3399324E-02
   8585.376      9.1843270E-02
   8585.638      9.0289310E-02
   8585.900      8.8733792E-02
   8586.162      8.7180667E-02
   8586.425      8.5636407E-02
   8586.687      8.4106661E-02
   8586.948      8.2598776E-02
   8587.211      8.1123084E-02
   8587.473      7.9690114E-02
   8587.735      7.8305803E-02
   8587.997      7.6970078E-02
   8588.260      7.5680181E-02
   8588.521      7.4432850E-02
   8588.783      7.3222876E-02
   8589.046      7.2042204E-02
   8589.308      7.0882164E-02
   8589.570      6.9737114E-02
   8589.832      6.8604507E-02
   8590.094      6.7483529E-02
   8590.356      6.6374041E-02
   8590.618      6.5277644E-02
   8590.881      6.4198531E-02
   8591.143      6.3139707E-02
   8591.405      6.2099151E-02
   8591.667      6.1070755E-02
   8591.929      6.0048874E-02
   8592.191      5.9031799E-02
   8592.453      5.8023185E-02
   8592.716      5.7028476E-02
   8592.978      5.6054801E-02
   8593.240      5.5110276E-02
   8593.502      5.4201283E-02
   8593.765      5.3330485E-02
   8594.026      5.2496083E-02
   8594.289      5.1694762E-02
   8594.551      5.0924886E-02
   8594.813      5.0184570E-02
   8595.075      4.9468704E-02
   8595.337      4.8766155E-02
   8595.600      4.8062962E-02
   8595.861      4.7347266E-02
   8596.124      4.6613231E-02
   8596.386      4.5860961E-02
   8596.648      4.5096193E-02
   8596.910      4.4329964E-02
   8597.173      4.3575156E-02
   8597.435      4.2843293E-02
   8597.697      4.2141810E-02
   8597.959      4.1471992E-02
   8598.222      4.0828995E-02
   8598.483      4.0202077E-02
   8598.746      3.9576776E-02
   8599.008      3.8941640E-02
   8599.271      3.8294047E-02
   8599.532      3.7642222E-02
   8599.795      3.7000705E-02
   8600.057      3.6381710E-02
   8600.319      3.5788808E-02
   8600.581      3.5216127E-02
   8600.844      3.4652736E-02
   8601.105      3.4089196E-02
   8601.368      3.3520427E-02
   8601.630      3.2949235E-02
   8601.893      3.2385241E-02
   8602.154      3.1842053E-02
   8602.417      3.1332258E-02
   8602.679      3.0862680E-02
   8602.941      3.0433923E-02
   8603.203      3.0041829E-02
   8603.466      2.9680792E-02
   8603.728      2.9346565E-02
   8603.990      2.9033696E-02
   8604.253      2.8733801E-02
   8604.515      2.8433369E-02
   8604.777      2.8115649E-02
   8605.039      2.7768487E-02
   8605.302      2.7390784E-02
   8605.563      2.6993681E-02
   8605.826      2.6593832E-02
   8606.088      2.6204146E-02
   8606.351      2.5826948E-02
   8606.612      2.5455000E-02
   8606.875      2.5079465E-02
   8607.138      2.4696847E-02
   8607.399      2.4310937E-02
   8607.662      2.3931568E-02
   8607.924      2.3569768E-02
   8608.187      2.3233088E-02
   8608.448      2.2923052E-02
   8608.711      2.2633975E-02
   8608.974      2.2354659E-02
   8609.235      2.2071984E-02
   8609.498      2.1775305E-02
   8609.760      2.1460604E-02
   8610.022      2.1131441E-02
   8610.284      2.0797908E-02
   8610.547      2.0472182E-02
   8610.810      2.0162420E-02
   8611.071      1.9869946E-02
   8611.334      1.9590992E-02
   8611.596      1.9320853E-02
   8611.858      1.9057157E-02
   8612.121      1.8800702E-02
   8612.383      1.8552314E-02
   8612.646      1.8309778E-02
   8612.907      1.8068304E-02
   8613.170      1.7821036E-02
   8613.433      1.7562440E-02
   8613.694      1.7290978E-02
   8613.957      1.7011119E-02
   8614.220      1.6732477E-02
   8614.481      1.6466780E-02
   8614.744      1.6223455E-02
   8615.006      1.6006555E-02
   8615.269      1.5814099E-02
   8615.531      1.5639558E-02
   8615.793      1.5474712E-02
   8616.056      1.5312391E-02
   8616.318      1.5149482E-02
   8616.580      1.4989152E-02
   8616.843      1.4838301E-02
   8617.104      1.4702457E-02
   8617.367      1.4580138E-02
   8617.630      1.4460654E-02
   8617.892      1.4327756E-02
   8618.154      1.4167265E-02
   8618.417      1.3973094E-02
   8618.679      1.3749692E-02
   8618.941      1.3510542E-02
   8619.204      1.3272047E-02
   8619.466      1.3048374E-02
   8619.729      1.2847856E-02
   8619.991      1.2672165E-02
   8620.253      1.2517500E-02
   8620.516      1.2376831E-02
   8620.778      1.2241190E-02
   8621.040      1.2102306E-02
   8621.303      1.1955938E-02
   8621.565      1.1804194E-02
   8621.827      1.1656285E-02
   8622.090      1.1523586E-02
   8622.353      1.1413693E-02
   8622.614      1.1326164E-02
   8622.877      1.1252069E-02
   8623.140      1.1177672E-02
   8623.401      1.1089044E-02
   8623.664      1.0976731E-02
   8623.927      1.0836899E-02
   8624.188      1.0672365E-02
   8624.451      1.0492139E-02
   8624.714      1.0310466E-02
   8624.976      1.0143997E-02
   8625.238      1.0007027E-02
   8625.501      9.9063385E-03
   8625.764      9.8391380E-03
   8626.025      9.7941300E-03
   8626.288      9.7564040E-03
   8626.551      9.7122584E-03
   8626.813      9.6525671E-03
   8627.075      9.5748482E-03
   8627.338      9.4830617E-03
   8627.601      9.3845790E-03
   8627.862      9.2872977E-03
   8628.125      9.1936290E-03
   8628.388      9.1004875E-03
   8628.650      9.0000080E-03
   8628.912      8.8841328E-03
   8629.175      8.7496247E-03
   8629.438      8.5995998E-03
   8629.699      8.4439591E-03
   8629.962      8.2948571E-03
   8630.225      8.1619509E-03
   8630.487      8.0492487E-03
   8630.749      7.9547446E-03
   8631.012      7.8728991E-03
   8631.274      7.7978033E-03
   8631.537      7.7254642E-03
   8631.799      7.6543246E-03
   8632.062      7.5848969E-03
   8632.324      7.5188121E-03
   8632.587      7.4566328E-03
   8632.849      7.3963478E-03
   8633.111      7.3332847E-03
   8633.374      7.2638243E-03
   8633.637      7.1877460E-03
   8633.899      7.1109184E-03
   8634.161      7.0409784E-03
   8634.424      6.9846800E-03
   8634.687      6.9437781E-03
   8634.949      6.9158287E-03
   8635.211      6.8944357E-03
   8635.474      6.8706390E-03
   8635.736      6.8352339E-03
   8635.999      6.7813792E-03
   8636.262      6.7074648E-03
   8636.523      6.6201291E-03
   8636.786      6.5305769E-03
   8637.049      6.4503672E-03
   8637.312      6.3848034E-03
   8637.574      6.3313879E-03
   8637.836      6.2818434E-03
   8638.099      6.2276097E-03
   8638.361      6.1653722E-03
   8638.624      6.0987086E-03
   8638.887      6.0353461E-03
   8639.148      5.9812372E-03
   8639.411      5.9371493E-03
   8639.674      5.8978540E-03
   8639.937      5.8551463E-03
   8640.199      5.8024293E-03
   8640.461      5.7370039E-03
   8640.724      5.6609684E-03
   8640.986      5.5801617E-03
   8641.249      5.5015017E-03
   8641.512      5.4309056E-03
   8641.774      5.3728302E-03
   8642.036      5.3303349E-03
   8642.299      5.3049251E-03
   8642.562      5.2970960E-03
   8642.824      5.3055477E-03
   8643.087      5.3265914E-03
   8643.350      5.3540929E-03
   8643.611      5.3802924E-03
   8643.874      5.3982693E-03
   8644.137      5.4024323E-03
   8644.399      5.3886203E-03
   8644.662      5.3544329E-03
   8644.925      5.2985945E-03
   8645.188      5.2219541E-03
   8645.449      5.1284288E-03
   8645.712      5.0260434E-03
   8645.975      4.9249022E-03
   8646.237      4.8343064E-03
   8646.500      4.7586658E-03
   8646.763      4.6970625E-03
   8647.025      4.6440586E-03
   8647.287      4.5944839E-03
   8647.550      4.5460779E-03
   8647.813      4.5000007E-03
   8648.075      4.4582081E-03
   8648.338      4.4214712E-03
   8648.601      4.3885396E-03
   8648.863      4.3585850E-03
   8649.126      4.3325434E-03
   8649.389      4.3115718E-03
   8649.650      4.2948853E-03
   8649.913      4.2782277E-03
   8650.176      4.2566312E-03
   8650.438      4.2260061E-03
   8650.701      4.1878042E-03
   8650.964      4.1485736E-03
   8651.227      4.1176062E-03
   8651.489      4.1023251E-03
   8651.752      4.1040019E-03
   8652.015      4.1166828E-03
   8652.276      4.1295714E-03
   8652.539      4.1326121E-03
   8652.802      4.1224039E-03
   8653.064      4.1028424E-03
   8653.327      4.0827580E-03
   8653.590      4.0706955E-03
   8653.853      4.0709679E-03
   8654.115      4.0826565E-03
   8654.378      4.1012862E-03
   8654.641      4.1215434E-03
   8654.903      4.1391943E-03
   8655.166      4.1527958E-03
   8655.429      4.1625598E-03
   8655.691      4.1699624E-03
