2.73000e+03   -1.19541e-03
2.73200e+03    1.44612e-03
2.73400e+03   -3.18686e-03
2.73600e+03   -2.63591e-03
2.73800e+03   -2.34058e-03
2.74000e+03   -2.20928e-03
2.74200e+03   -2.51028e-03
2.74400e+03   -2.57351e-03
2.74600e+03   -2.46076e-03
2.74800e+03   -2.59178e-03
2.75000e+03   -2.79294e-03
2.75200e+03   -2.93772e-03
2.75400e+03   -2.75352e-03
2.75600e+03   -2.56860e-03
2.75800e+03   -2.79200e-03
2.76000e+03   -3.02517e-03
2.76200e+03   -3.35986e-03
2.76400e+03   -3.40896e-03
2.76600e+03   -3.42913e-03
2.76800e+03   -3.78769e-03
2.77000e+03   -3.78621e-03
2.77200e+03   -3.47738e-03
2.77400e+03   -3.14122e-03
2.77600e+03   -3.14329e-03
2.77800e+03   -3.11294e-03
2.78000e+03   -3.30886e-03
2.78200e+03   -3.42157e-03
2.78400e+03   -3.24771e-03
2.78600e+03   -3.02576e-03
2.78800e+03   -2.90457e-03
2.79000e+03   -2.67699e-03
2.79200e+03   -2.13596e-03
2.79400e+03   -2.28571e-03
2.79600e+03   -2.25256e-03
2.79800e+03   -2.05049e-03
2.80000e+03   -2.00127e-03
2.80200e+03   -1.76777e-03
2.80400e+03   -1.59508e-03
2.80600e+03   -1.72981e-03
2.80800e+03   -1.88920e-03
2.81000e+03   -1.98137e-03
2.81200e+03   -1.88625e-03
2.81400e+03   -2.16999e-03
2.81600e+03   -2.21842e-03
2.81800e+03   -2.17281e-03
2.82000e+03   -2.53865e-03
2.82200e+03   -2.89373e-03
2.82400e+03   -3.01470e-03
2.82600e+03   -3.02084e-03
2.82800e+03   -2.73308e-03
2.83000e+03   -2.49232e-03
2.83200e+03   -2.37094e-03
2.83400e+03   -2.29832e-03
2.83600e+03   -2.37220e-03
2.83800e+03   -2.37295e-03
2.84000e+03   -2.47619e-03
2.84200e+03   -2.32594e-03
2.84400e+03   -1.93170e-03
2.84600e+03   -1.81746e-03
2.84800e+03   -1.79053e-03
2.85000e+03   -2.01886e-03
2.85200e+03   -2.45477e-03
2.85400e+03   -2.49879e-03
2.85600e+03   -2.56802e-03
2.85800e+03   -2.43699e-03
2.86000e+03   -2.51054e-03
2.86200e+03   -2.62303e-03
2.86400e+03   -2.62641e-03
2.86600e+03   -2.94253e-03
2.86800e+03   -2.73882e-03
2.87000e+03   -2.79753e-03
2.87200e+03   -2.73503e-03
2.87400e+03   -2.40707e-03
2.87600e+03   -2.30634e-03
2.87800e+03   -2.27423e-03
2.88000e+03   -2.23865e-03
2.88200e+03   -2.29422e-03
2.88400e+03   -2.25819e-03
2.88600e+03   -2.49541e-03
2.88800e+03   -2.44193e-03
2.89000e+03   -2.52964e-03
2.89200e+03   -2.54160e-03
2.89400e+03   -2.40888e-03
2.89600e+03   -2.37895e-03
2.89800e+03   -2.35410e-03
2.90000e+03   -2.42935e-03
2.90200e+03   -2.78498e-03
2.90400e+03   -2.73403e-03
2.90600e+03   -2.20983e-03
2.90800e+03   -1.70715e-03
2.91000e+03   -1.37596e-03
2.91200e+03   -1.42487e-03
2.91400e+03   -1.56207e-03
2.91600e+03   -1.31887e-03
2.91800e+03   -1.02146e-03
2.92000e+03   -9.57233e-04
2.92200e+03   -8.04507e-04
2.92400e+03   -5.61752e-04
2.92600e+03   -5.81622e-04
2.92800e+03   -8.09644e-04
2.93000e+03   -1.18582e-03
2.93200e+03   -1.59972e-03
2.93400e+03   -1.82538e-03
2.93600e+03   -1.59531e-03
2.93800e+03   -1.88621e-03
2.94000e+03   -2.24181e-03
2.94200e+03   -2.08301e-03
2.94400e+03   -1.74388e-03
2.94600e+03   -1.72990e-03
2.94800e+03   -1.55568e-03
2.95000e+03   -1.80744e-03
2.95200e+03   -1.68374e-03
2.95400e+03   -1.34543e-03
2.95600e+03   -1.12213e-03
2.95800e+03   -1.24947e-03
2.96000e+03   -1.10340e-03
2.96200e+03   -1.01215e-03
2.96400e+03   -1.14458e-03
2.96600e+03   -1.52308e-03
2.96800e+03   -1.26689e-03
2.97000e+03   -1.14837e-03
2.97200e+03   -7.96358e-04
2.97400e+03   -7.65451e-04
2.97600e+03   -1.01578e-03
2.97800e+03   -1.01847e-03
2.98000e+03   -8.43035e-04
2.98200e+03   -4.75462e-04
2.98400e+03   -3.05964e-04
2.98600e+03   -2.69305e-04
2.98800e+03   -1.00890e-04
2.99000e+03   -2.77479e-04
2.99200e+03   -4.68078e-04
2.99400e+03   -3.08826e-04
2.99600e+03   -9.85298e-05
2.99800e+03    3.18174e-04
3.00000e+03    6.41267e-04
3.00200e+03    7.50580e-04
3.00400e+03    6.61755e-04
3.00600e+03    5.13170e-04
3.00800e+03    7.08450e-04
3.01000e+03    4.33657e-04
3.01200e+03    3.13073e-04
3.01400e+03    4.86173e-04
3.01600e+03    6.79130e-04
3.01800e+03    6.29230e-04
3.02000e+03    5.43945e-04
3.02200e+03    4.17515e-04
3.02400e+03    1.53494e-04
3.02600e+03    1.93798e-04
3.02800e+03    5.26899e-04
3.03000e+03    4.17753e-04
3.03200e+03    2.80819e-04
3.03400e+03    3.00339e-04
3.03600e+03    3.34031e-04
3.03800e+03    7.39771e-04
3.04000e+03    8.13783e-04
3.04200e+03    5.39115e-04
3.04400e+03    3.93025e-04
3.04600e+03    7.25328e-04
3.04800e+03    1.02523e-03
3.05000e+03    1.02825e-03
3.05200e+03    1.02486e-03
3.05400e+03    1.30571e-03
3.05600e+03    1.64013e-03
3.05800e+03    1.74551e-03
3.06000e+03    1.36144e-03
3.06200e+03    1.05492e-03
3.06400e+03    1.31590e-03
3.06600e+03    1.58877e-03
3.06800e+03    1.66960e-03
3.07000e+03    1.81242e-03
3.07200e+03    1.79672e-03
3.07400e+03    1.71444e-03
3.07600e+03    1.88556e-03
3.07800e+03    2.06270e-03
3.08000e+03    2.20849e-03
3.08200e+03    2.34606e-03
3.08400e+03    2.40565e-03
3.08600e+03    2.34625e-03
3.08800e+03    2.28009e-03
3.09000e+03    2.27030e-03
3.09200e+03    2.03147e-03
3.09400e+03    1.50967e-03
3.09600e+03    1.58348e-03
3.09800e+03    1.77877e-03
3.10000e+03    1.55276e-03
3.10200e+03    1.55227e-03
3.10400e+03    1.63109e-03
3.10600e+03    1.66306e-03
3.10800e+03    2.29130e-03
3.11000e+03    2.45849e-03
3.11200e+03    2.32237e-03
3.11400e+03    2.09733e-03
3.11600e+03    2.58548e-03
3.11800e+03    2.86748e-03
3.12000e+03    2.90428e-03
3.12200e+03    3.12622e-03
3.12400e+03    3.18322e-03
3.12600e+03    3.10337e-03
3.12800e+03    3.02080e-03
3.13000e+03    2.71071e-03
3.13200e+03    2.79020e-03
3.13400e+03    3.08163e-03
3.13600e+03    3.62079e-03
3.13800e+03    3.86663e-03
3.14000e+03    3.66309e-03
3.14200e+03    3.86037e-03
3.14400e+03    4.45932e-03
3.14600e+03    4.74293e-03
3.14800e+03    4.82196e-03
3.15000e+03    4.78673e-03
3.15200e+03    4.63064e-03
3.15400e+03    4.53493e-03
3.15600e+03    4.48061e-03
3.15800e+03    4.49545e-03
3.16000e+03    4.21376e-03
3.16200e+03    4.54222e-03
3.16400e+03    4.58061e-03
3.16600e+03    3.96060e-03
3.16800e+03    3.64212e-03
3.17000e+03    3.79253e-03
3.17200e+03    4.15356e-03
3.17400e+03    4.74173e-03
3.17600e+03    4.97163e-03
3.17800e+03    5.02595e-03
3.18000e+03    4.88258e-03
3.18200e+03    4.81604e-03
3.18400e+03    4.43781e-03
3.18600e+03    4.34851e-03
3.18800e+03    4.40405e-03
3.19000e+03    4.45614e-03
3.19200e+03    4.74709e-03
3.19400e+03    4.46592e-03
3.19600e+03    4.50584e-03
3.19800e+03    4.36095e-03
3.20000e+03    4.32571e-03
3.20200e+03    4.54297e-03
3.20400e+03    4.96760e-03
3.20600e+03    5.44224e-03
3.20800e+03    5.80060e-03
3.21000e+03    5.99573e-03
3.21200e+03    6.16626e-03
3.21400e+03    6.14055e-03
3.21600e+03    6.19244e-03
3.21800e+03    6.40110e-03
3.22000e+03    6.38654e-03
3.22200e+03    6.55970e-03
3.22400e+03    6.73747e-03
3.22600e+03    7.03737e-03
3.22800e+03    7.46979e-03
3.23000e+03    7.34314e-03
3.23200e+03    7.34595e-03
3.23400e+03    7.64593e-03
3.23600e+03    7.82004e-03
3.23800e+03    8.15616e-03
3.24000e+03    8.57659e-03
3.24200e+03    8.90206e-03
3.24400e+03    9.28293e-03
3.24600e+03    9.36556e-03
3.24800e+03    9.54184e-03
3.25000e+03    9.30126e-03
3.25200e+03    9.54834e-03
3.25400e+03    1.02889e-02
3.25600e+03    1.06037e-02
3.25800e+03    1.09931e-02
3.26000e+03    1.16143e-02
3.26200e+03    1.20036e-02
3.26400e+03    1.20399e-02
3.26600e+03    1.26151e-02
3.26800e+03    1.31738e-02
3.27000e+03    1.37942e-02
3.27200e+03    1.45548e-02
3.27400e+03    1.55505e-02
3.27600e+03    1.64812e-02
3.27800e+03    1.75223e-02
3.28000e+03    1.86429e-02
3.28200e+03    1.96220e-02
3.28400e+03    2.04903e-02
3.28600e+03    2.18031e-02
3.28800e+03    2.27337e-02
3.29000e+03    2.37125e-02
3.29200e+03    2.49226e-02
3.29400e+03    2.58871e-02
3.29600e+03    2.67242e-02
3.29800e+03    2.74119e-02
3.30000e+03    2.78999e-02
3.30200e+03    2.86490e-02
3.30400e+03    2.96292e-02
3.30600e+03    3.07727e-02
3.30800e+03    3.19657e-02
3.31000e+03    3.33183e-02
3.31200e+03    3.51327e-02
3.31400e+03    3.68265e-02
3.31600e+03    3.85115e-02
3.31800e+03    4.02483e-02
3.32000e+03    4.19880e-02
3.32200e+03    4.34439e-02
3.32400e+03    4.48160e-02
3.32600e+03    4.61198e-02
3.32800e+03    4.78106e-02
3.33000e+03    4.94668e-02
3.33200e+03    5.12307e-02
3.33400e+03    5.28964e-02
3.33600e+03    5.44241e-02
3.33800e+03    5.61165e-02
3.34000e+03    5.81883e-02
3.34200e+03    6.03126e-02
3.34400e+03    6.29216e-02
3.34600e+03    6.59079e-02
3.34800e+03    6.80176e-02
3.35000e+03    6.96461e-02
3.35200e+03    7.12676e-02
3.35400e+03    7.32252e-02
3.35600e+03    7.46247e-02
3.35800e+03    7.61748e-02
3.36000e+03    7.75258e-02
3.36200e+03    7.88852e-02
3.36400e+03    8.05159e-02
3.36600e+03    8.24580e-02
3.36800e+03    8.40381e-02
3.37000e+03    8.61057e-02
3.37200e+03    8.88181e-02
3.37400e+03    9.18092e-02
3.37600e+03    9.49121e-02
3.37800e+03    9.81951e-02
3.38000e+03    1.01497e-01
3.38200e+03    1.04797e-01
3.38400e+03    1.07879e-01
3.38600e+03    1.10553e-01
3.38800e+03    1.13210e-01
3.39000e+03    1.16047e-01
3.39200e+03    1.19093e-01
3.39400e+03    1.21799e-01
3.39600e+03    1.24007e-01
3.39800e+03    1.26031e-01
3.40000e+03    1.27747e-01
3.40200e+03    1.29620e-01
3.40400e+03    1.31854e-01
3.40600e+03    1.34348e-01
3.40800e+03    1.36893e-01
3.41000e+03    1.39024e-01
3.41200e+03    1.41067e-01
3.41400e+03    1.43238e-01
3.41600e+03    1.45212e-01
3.41800e+03    1.47471e-01
3.42000e+03    1.49503e-01
3.42200e+03    1.51723e-01
3.42400e+03    1.54086e-01
3.42600e+03    1.55604e-01
3.42800e+03    1.56755e-01
3.43000e+03    1.57896e-01
3.43200e+03    1.59054e-01
3.43400e+03    1.59783e-01
3.43600e+03    1.59855e-01
3.43800e+03    1.60547e-01
3.44000e+03    1.61399e-01
3.44200e+03    1.62338e-01
3.44400e+03    1.63407e-01
3.44600e+03    1.64315e-01
3.44800e+03    1.65123e-01
3.45000e+03    1.66439e-01
3.45200e+03    1.67792e-01
3.45400e+03    1.68794e-01
3.45600e+03    1.70001e-01
3.45800e+03    1.72054e-01
3.46000e+03    1.74214e-01
3.46200e+03    1.75903e-01
3.46400e+03    1.77643e-01
3.46600e+03    1.79491e-01
3.46800e+03    1.81396e-01
3.47000e+03    1.83400e-01
3.47200e+03    1.85259e-01
3.47400e+03    1.87249e-01
3.47600e+03    1.89999e-01
3.47800e+03    1.92951e-01
3.48000e+03    1.95251e-01
3.48200e+03    1.96987e-01
3.48400e+03    1.99166e-01
3.48600e+03    2.01279e-01
3.48800e+03    2.02811e-01
3.49000e+03    2.04515e-01
3.49200e+03    2.06571e-01
3.49400e+03    2.08235e-01
3.49600e+03    2.09959e-01
3.49800e+03    2.11493e-01
3.50000e+03    2.12977e-01
3.50200e+03    2.14258e-01
3.50400e+03    2.15743e-01
3.50600e+03    2.17185e-01
3.50800e+03    2.18363e-01
3.51000e+03    2.19892e-01
3.51200e+03    2.20438e-01
3.51400e+03    2.20588e-01
3.51600e+03    2.21940e-01
3.51800e+03    2.22939e-01
3.52000e+03    2.23770e-01
3.52200e+03    2.24483e-01
3.52400e+03    2.24665e-01
3.52600e+03    2.25396e-01
3.52800e+03    2.26401e-01
3.53000e+03    2.27078e-01
3.53200e+03    2.27704e-01
3.53400e+03    2.28975e-01
3.53600e+03    2.30619e-01
3.53800e+03    2.31823e-01
3.54000e+03    2.32749e-01
3.54200e+03    2.33578e-01
3.54400e+03    2.34215e-01
3.54600e+03    2.35273e-01
3.54800e+03    2.36433e-01
3.55000e+03    2.36955e-01
3.55200e+03    2.37396e-01
3.55400e+03    2.37675e-01
3.55600e+03    2.37854e-01
3.55800e+03    2.37551e-01
3.56000e+03    2.36801e-01
3.56200e+03    2.36781e-01
3.56400e+03    2.36743e-01
3.56600e+03    2.36003e-01
3.56800e+03    2.36077e-01
3.57000e+03    2.35151e-01
3.57200e+03    2.34411e-01
3.57400e+03    2.33186e-01
3.57600e+03    2.32860e-01
3.57800e+03    2.32558e-01
3.58000e+03    2.32001e-01
3.58200e+03    2.31738e-01
3.58400e+03    2.31849e-01
3.58600e+03    2.31522e-01
3.58800e+03    2.32082e-01
3.59000e+03    2.32041e-01
3.59200e+03    2.33270e-01
3.59400e+03    2.33988e-01
3.59600e+03    2.34951e-01
3.59800e+03    2.35481e-01
3.60000e+03    2.36021e-01
3.60200e+03    2.36864e-01
3.60400e+03    2.37563e-01
3.60600e+03    2.37736e-01
3.60800e+03    2.37901e-01
3.61000e+03    2.37594e-01
3.61200e+03    2.36927e-01
3.61400e+03    2.35698e-01
3.61600e+03    2.35580e-01
3.61800e+03    2.36133e-01
3.62000e+03    2.35900e-01
3.62200e+03    2.35461e-01
3.62400e+03    2.34597e-01
3.62600e+03    2.33836e-01
3.62800e+03    2.33705e-01
3.63000e+03    2.33944e-01
3.63200e+03    2.34121e-01
3.63400e+03    2.34128e-01
3.63600e+03    2.33945e-01
3.63800e+03    2.33276e-01
3.64000e+03    2.31330e-01
3.64200e+03    2.30590e-01
3.64400e+03    2.30271e-01
3.64600e+03    2.29817e-01
3.64800e+03    2.29976e-01
3.65000e+03    2.29478e-01
3.65200e+03    2.27698e-01
3.65400e+03    2.26598e-01
3.65600e+03    2.26087e-01
3.65800e+03    2.25375e-01
3.66000e+03    2.24798e-01
3.66200e+03    2.24461e-01
3.66400e+03    2.23818e-01
3.66600e+03    2.22690e-01
3.66800e+03    2.21832e-01
3.67000e+03    2.20580e-01
3.67200e+03    2.19005e-01
3.67400e+03    2.17798e-01
3.67600e+03    2.16421e-01
3.67800e+03    2.14980e-01
3.68000e+03    2.13624e-01
3.68200e+03    2.11904e-01
3.68400e+03    2.10051e-01
3.68600e+03    2.08668e-01
3.68800e+03    2.07387e-01
3.69000e+03    2.05204e-01
3.69200e+03    2.03102e-01
3.69400e+03    2.01962e-01
3.69600e+03    2.00797e-01
3.69800e+03    1.98930e-01
3.70000e+03    1.96670e-01
3.70200e+03    1.94507e-01
3.70400e+03    1.92963e-01
3.70600e+03    1.91701e-01
3.70800e+03    1.89785e-01
3.71000e+03    1.87459e-01
3.71200e+03    1.85292e-01
3.71400e+03    1.83152e-01
3.71600e+03    1.80243e-01
3.71800e+03    1.77574e-01
3.72000e+03    1.76120e-01
3.72200e+03    1.74564e-01
3.72400e+03    1.71991e-01
3.72600e+03    1.69215e-01
3.72800e+03    1.66534e-01
3.73000e+03    1.63108e-01
3.73200e+03    1.59889e-01
3.73400e+03    1.57881e-01
3.73600e+03    1.56362e-01
3.73800e+03    1.54041e-01
3.74000e+03    1.51087e-01
3.74200e+03    1.47254e-01
3.74400e+03    1.43801e-01
3.74600e+03    1.41392e-01
3.74800e+03    1.39527e-01
3.75000e+03    1.37171e-01
3.75200e+03    1.34879e-01
3.75400e+03    1.32444e-01
3.75600e+03    1.29247e-01
3.75800e+03    1.26327e-01
3.76000e+03    1.23701e-01
3.76200e+03    1.21519e-01
3.76400e+03    1.19461e-01
3.76600e+03    1.17114e-01
3.76800e+03    1.14578e-01
3.77000e+03    1.11897e-01
3.77200e+03    1.08862e-01
3.77400e+03    1.06089e-01
3.77600e+03    1.03840e-01
3.77800e+03    1.01668e-01
3.78000e+03    9.88136e-02
3.78200e+03    9.56417e-02
3.78400e+03    9.29699e-02
3.78600e+03    9.02721e-02
3.78800e+03    8.76493e-02
3.79000e+03    8.47581e-02
3.79200e+03    8.17674e-02
3.79400e+03    7.88457e-02
3.79600e+03    7.62168e-02
3.79800e+03    7.36827e-02
3.80000e+03    7.10972e-02
3.80200e+03    6.83168e-02
3.80400e+03    6.57437e-02
3.80600e+03    6.33367e-02
3.80800e+03    6.10468e-02
3.81000e+03    5.83724e-02
3.81200e+03    5.58743e-02
3.81400e+03    5.37906e-02
3.81600e+03    5.16672e-02
3.81800e+03    4.93117e-02
3.82000e+03    4.70971e-02
3.82200e+03    4.46790e-02
3.82400e+03    4.25566e-02
3.82600e+03    4.06928e-02
3.82800e+03    3.87551e-02
3.83000e+03    3.66457e-02
3.83200e+03    3.48193e-02
3.83400e+03    3.31645e-02
3.83600e+03    3.13177e-02
3.83800e+03    2.95955e-02
3.84000e+03    2.82237e-02
3.84200e+03    2.66131e-02
3.84400e+03    2.50552e-02
3.84600e+03    2.37017e-02
3.84800e+03    2.22878e-02
3.85000e+03    2.08921e-02
3.85200e+03    1.96470e-02
3.85400e+03    1.84587e-02
3.85600e+03    1.72764e-02
3.85800e+03    1.62672e-02
3.86000e+03    1.53268e-02
3.86200e+03    1.42380e-02
3.86400e+03    1.32259e-02
3.86600e+03    1.23847e-02
3.86800e+03    1.15650e-02
3.87000e+03    1.08180e-02
3.87200e+03    1.01444e-02
3.87400e+03    9.46129e-03
3.87600e+03    8.81054e-03
3.87800e+03    8.21681e-03
3.88000e+03    7.63139e-03
3.88200e+03    7.02796e-03
3.88400e+03    6.47546e-03
3.88600e+03    6.07015e-03
3.88800e+03    5.69887e-03
3.89000e+03    5.31739e-03
3.89200e+03    4.91935e-03
3.89400e+03    4.52417e-03
3.89600e+03    4.18076e-03
3.89800e+03    3.92906e-03
3.90000e+03    3.64406e-03
3.90200e+03    3.39095e-03
3.90400e+03    3.16544e-03
3.90600e+03    2.96054e-03
3.90800e+03    2.72969e-03
3.91000e+03    2.48174e-03
3.91200e+03    2.29269e-03
3.91400e+03    2.15087e-03
3.91600e+03    2.00435e-03
3.91800e+03    1.90232e-03
3.92000e+03    1.81664e-03
3.92200e+03    1.72535e-03
3.92400e+03    1.64809e-03
3.92600e+03    1.57364e-03
3.92800e+03    1.53123e-03
3.93000e+03    1.57328e-03
3.93200e+03    1.66473e-03
3.93400e+03    1.72760e-03
3.93600e+03    1.75180e-03
3.93800e+03    1.74705e-03
3.94000e+03    1.70766e-03
3.94200e+03    1.65730e-03
3.94400e+03    1.60709e-03
3.94600e+03    1.55668e-03
3.94800e+03    1.51362e-03
3.95000e+03    1.45193e-03
3.95200e+03    1.33453e-03
3.95400e+03    1.17114e-03
3.95600e+03    1.02997e-03
3.95800e+03    9.17251e-04
3.96000e+03    8.61396e-04
3.96200e+03    8.47356e-04
3.96400e+03    8.27676e-04
3.96600e+03    8.41434e-04
3.96800e+03    8.78197e-04
3.97000e+03    8.73911e-04
3.97200e+03    8.68691e-04
3.97400e+03    8.56555e-04
3.97600e+03    8.32443e-04
3.97800e+03    8.01576e-04
3.98000e+03    7.78410e-04
3.98200e+03    7.44234e-04
3.98400e+03    6.89839e-04
3.98600e+03    6.45178e-04
3.98800e+03    5.85819e-04
3.99000e+03    4.87296e-04
3.99200e+03    4.21468e-04
3.99400e+03    3.80300e-04
3.99600e+03    3.43079e-04
3.99800e+03    3.28807e-04
4.00000e+03    3.18236e-04
4.00200e+03    2.99675e-04
4.00400e+03    2.80616e-04
4.00600e+03    2.70878e-04
4.00800e+03    2.63231e-04
4.01000e+03    2.46379e-04
4.01200e+03    2.37377e-04
4.01400e+03    2.40964e-04
4.01600e+03    2.35423e-04
4.01800e+03    2.23186e-04
4.02000e+03    2.09332e-04
4.02200e+03    1.90245e-04
4.02400e+03    1.81050e-04
4.02600e+03    1.77379e-04
4.02800e+03    1.69756e-04
4.03000e+03    1.63715e-04
4.03200e+03    1.58160e-04
4.03400e+03    1.51703e-04
4.03600e+03    1.44076e-04
4.03800e+03    1.24589e-04
4.04000e+03    1.11009e-04
4.04200e+03    1.06193e-04
4.04400e+03    1.10431e-04
4.04600e+03    1.09598e-04
4.04800e+03    1.04925e-04
4.05000e+03    1.02410e-04
4.05200e+03    9.80210e-05
4.05400e+03    1.07873e-04
4.05600e+03    1.03540e-04
4.05800e+03    9.86557e-05
4.06000e+03    1.00885e-04
4.06200e+03    1.15731e-04
4.06400e+03    1.17839e-04
4.06600e+03    1.13506e-04
4.06800e+03    1.02446e-04
4.07000e+03    9.89542e-05
4.07200e+03    9.85810e-05
4.07400e+03    9.74948e-05
4.07600e+03    8.84794e-05
4.07800e+03    8.74727e-05
4.08000e+03    9.34068e-05
4.08200e+03    9.47745e-05
4.08400e+03    8.16841e-05
4.08600e+03    7.58325e-05
4.08800e+03    7.70140e-05
4.09000e+03    8.06291e-05
4.09200e+03    7.82430e-05
4.09400e+03    6.84492e-05
4.09600e+03    7.29344e-05
4.09800e+03    7.75964e-05
4.10000e+03    7.15960e-05
4.10200e+03    6.84105e-05
4.10400e+03    6.95792e-05
4.10600e+03    7.26287e-05
4.10800e+03    7.04233e-05
4.11000e+03    6.41149e-05
4.11200e+03    6.40756e-05
4.11400e+03    6.62993e-05
4.11600e+03    7.44543e-05
4.11800e+03    6.74231e-05
4.12000e+03    5.41456e-05
4.12200e+03    5.82608e-05
4.12400e+03    6.03347e-05
4.12600e+03    5.85557e-05
4.12800e+03    5.18869e-05
4.13000e+03    4.69129e-05
4.13200e+03    4.76779e-05
4.13400e+03    4.46097e-05
4.13600e+03    3.95627e-05
4.13800e+03    3.72209e-05
4.14000e+03    3.56636e-05
4.14200e+03    3.76548e-05
4.14400e+03    2.04726e-05
4.14600e+03    8.80099e-06
4.14800e+03    4.40529e-06
4.15000e+03   -2.64263e-06
4.15200e+03    3.17897e-06
4.15400e+03    4.95981e-06
4.15600e+03    5.82876e-06
4.15800e+03    9.40867e-06
4.16000e+03    5.07100e-06
4.16200e+03    3.68151e-06
4.16400e+03    2.37303e-06
4.16600e+03    1.18474e-05
4.16800e+03    2.27732e-05
4.17000e+03    2.39635e-05
4.17200e+03    2.79729e-05
4.17400e+03    2.67589e-05
4.17600e+03    2.08662e-05
4.17800e+03    1.97935e-05
4.18000e+03    1.78708e-05
4.18200e+03    2.08084e-05
4.18400e+03    2.74893e-05
4.18600e+03    2.38112e-05
4.18800e+03    2.15006e-05
4.19000e+03    1.96804e-05
4.19200e+03    1.84912e-05
4.19400e+03    1.71930e-05
4.19600e+03    2.00150e-05
4.19800e+03    2.38679e-05
4.20000e+03    2.86787e-05
4.20200e+03    1.99018e-05
4.20400e+03    1.76106e-05
4.20600e+03    1.00262e-05
4.20800e+03    1.18695e-05
4.21000e+03    1.39653e-05
4.21200e+03    1.34459e-05
4.21400e+03    1.66287e-05
4.21600e+03    1.47998e-05
4.21800e+03    1.59074e-05
4.22000e+03    1.45848e-05
4.22200e+03    1.05017e-05
4.22400e+03    1.60881e-05
4.22600e+03    1.58694e-05
4.22800e+03    1.77665e-05
4.23000e+03    1.22034e-05
4.23200e+03    1.02100e-05
4.23400e+03    7.84931e-06
4.23600e+03    2.17126e-06
4.23800e+03    8.78905e-07
4.24000e+03   -8.51917e-07
4.24200e+03   -1.93852e-06
4.24400e+03    4.43286e-07
4.24600e+03    1.70485e-06
4.24800e+03    3.21213e-06
4.25000e+03    5.51616e-06
4.25200e+03    5.42865e-06
4.25400e+03    6.20581e-06
4.25600e+03    7.04240e-06
4.25800e+03    5.88746e-06
4.26000e+03    7.58329e-06
4.26200e+03    5.08045e-06
4.26400e+03   -1.00667e-06
4.26600e+03   -1.35564e-06
4.26800e+03   -9.00700e-06
4.27000e+03   -1.43897e-05
4.27200e+03   -1.68303e-05
4.27400e+03   -1.97564e-05
4.27600e+03   -1.66440e-05
4.27800e+03   -1.97494e-05
4.28000e+03   -1.62289e-05
4.28200e+03   -1.73855e-05
4.28400e+03   -2.82864e-05
4.28600e+03   -2.72841e-05
4.28800e+03   -3.36383e-05
4.29000e+03   -3.78531e-05
4.29200e+03   -3.57302e-05
4.29400e+03   -3.15517e-05
4.29600e+03   -2.79386e-05
4.29800e+03   -2.80027e-05
4.30000e+03   -3.42088e-05
4.30200e+03   -3.95294e-05
4.30400e+03   -3.76722e-05
4.30600e+03   -2.96715e-05
4.30800e+03   -2.96587e-05
4.31000e+03   -2.38372e-05
4.31200e+03   -1.93610e-05
4.31400e+03   -1.71282e-05
4.31600e+03   -1.92483e-05
4.31800e+03   -2.30191e-05
4.32000e+03   -2.76244e-05
4.32200e+03   -2.34991e-05
4.32400e+03   -1.33945e-05
4.32600e+03   -1.62075e-05
4.32800e+03   -2.25540e-05
4.33000e+03   -1.87504e-05
4.33200e+03   -1.50797e-05
4.33400e+03   -1.49586e-05
4.33600e+03   -1.54869e-05
4.33800e+03   -1.89969e-05
4.34000e+03   -2.20562e-05
4.34200e+03   -2.34829e-05
4.34400e+03   -2.63437e-05
4.34600e+03   -2.97110e-05
4.34800e+03   -2.91362e-05
4.35000e+03   -2.26289e-05
4.35200e+03   -2.30275e-05
4.35400e+03   -2.28192e-05
4.35600e+03   -2.46410e-05
4.35800e+03   -1.99907e-05
4.36000e+03   -1.99592e-05
4.36200e+03   -1.87115e-05
4.36400e+03   -1.71296e-05
4.36600e+03   -1.01957e-05
4.36800e+03   -1.30794e-05
4.37000e+03   -1.67353e-05
4.37200e+03   -2.01639e-05
4.37400e+03   -1.70555e-05
4.37600e+03   -1.90759e-05
4.37800e+03   -1.72073e-05
4.38000e+03   -1.96412e-05
4.38200e+03   -2.00013e-05
4.38400e+03   -1.48493e-05
4.38600e+03   -7.95405e-06
4.38800e+03   -7.64323e-06
4.39000e+03   -2.55154e-06
4.39200e+03   -3.15468e-07
4.39400e+03   -9.57433e-08
4.39600e+03   -4.27849e-06
4.39800e+03   -7.74550e-06
4.40000e+03   -9.85989e-06
4.40200e+03   -1.40643e-05
4.40400e+03   -1.59443e-05
4.40600e+03   -2.03234e-05
4.40800e+03   -2.73008e-05
4.41000e+03   -2.90279e-05
4.41200e+03   -2.91611e-05
4.41400e+03   -2.95602e-05
4.41600e+03   -2.58072e-05
4.41800e+03   -1.97715e-05
4.42000e+03   -1.52953e-05
4.42200e+03   -1.35868e-05
4.42400e+03   -1.36947e-05
4.42600e+03   -1.25016e-05
4.42800e+03   -1.27585e-05
4.43000e+03   -9.59786e-06
4.43200e+03   -1.11274e-05
4.43400e+03   -1.80667e-05
4.43600e+03   -1.96836e-05
4.43800e+03   -2.39592e-05
4.44000e+03   -2.94975e-05
4.44200e+03   -2.80743e-05
4.44400e+03   -2.68667e-05
4.44600e+03   -2.90312e-05
4.44800e+03   -2.76364e-05
4.45000e+03   -2.39298e-05
4.45200e+03   -2.65202e-05
4.45400e+03   -2.91083e-05
4.45600e+03   -2.73948e-05
4.45800e+03   -2.56578e-05
4.46000e+03   -2.46903e-05
4.46200e+03   -2.40220e-05
4.46400e+03   -2.73661e-05
4.46600e+03   -2.76167e-05
4.46800e+03   -2.35224e-05
4.47000e+03   -1.72884e-05
4.47200e+03   -1.84744e-05
4.47400e+03   -1.65180e-05
4.47600e+03   -1.18713e-05
4.47800e+03   -7.13080e-06
4.48000e+03   -1.02752e-05
4.48200e+03   -1.44635e-05
4.48400e+03   -1.44636e-05
4.48600e+03   -1.36695e-05
4.48800e+03   -1.56860e-05
4.49000e+03   -2.13657e-05
4.49200e+03   -2.48342e-05
4.49400e+03   -2.65261e-05
4.49600e+03   -2.89168e-05
4.49800e+03   -3.51480e-05
4.50000e+03   -3.75907e-05
4.50200e+03   -3.27651e-05
4.50400e+03   -2.86800e-05
4.50600e+03   -3.35598e-05
4.50800e+03   -3.90374e-05
4.51000e+03   -4.22425e-05
4.51200e+03   -3.73207e-05
4.51400e+03   -3.48804e-05
4.51600e+03   -3.86651e-05
4.51800e+03   -3.46607e-05
4.52000e+03   -2.72644e-05
4.52200e+03   -2.54541e-05
4.52400e+03   -3.33962e-05
4.52600e+03   -3.47808e-05
4.52800e+03   -2.73897e-05
4.53000e+03   -2.14971e-05
4.53200e+03   -1.85100e-05
4.53400e+03   -2.10674e-05
4.53600e+03   -2.08999e-05
4.53800e+03   -1.63033e-05
4.54000e+03   -2.13576e-05
4.54200e+03   -2.99883e-05
4.54400e+03   -3.08045e-05
4.54600e+03   -3.13275e-05
4.54800e+03   -2.91533e-05
4.55000e+03   -2.97664e-05
4.55200e+03   -2.84324e-05
4.55400e+03   -2.74653e-05
4.55600e+03   -2.76157e-05
4.55800e+03   -3.00454e-05
4.56000e+03   -3.50552e-05
4.56200e+03   -3.36631e-05
4.56400e+03   -2.83327e-05
4.56600e+03   -3.05515e-05
4.56800e+03   -3.31757e-05
4.57000e+03   -3.30275e-05
4.57200e+03   -3.66838e-05
4.57400e+03   -3.79705e-05
4.57600e+03   -3.84151e-05
4.57800e+03   -4.03333e-05
4.58000e+03   -4.15167e-05
4.58200e+03   -4.08376e-05
4.58400e+03   -3.81853e-05
4.58600e+03   -4.25469e-05
4.58800e+03   -4.37672e-05
4.59000e+03   -4.03786e-05
4.59200e+03   -4.08374e-05
4.59400e+03   -4.07793e-05
4.59600e+03   -3.68217e-05
4.59800e+03   -4.18520e-05
4.60000e+03   -3.69841e-05
4.60200e+03   -3.25378e-05
4.60400e+03   -3.29545e-05
4.60600e+03   -3.74931e-05
4.60800e+03   -3.33567e-05
4.61000e+03   -2.86634e-05
4.61200e+03   -3.15733e-05
4.61400e+03   -2.89654e-05
4.61600e+03   -2.99518e-05
4.61800e+03   -3.61237e-05
4.62000e+03   -3.50122e-05
4.62200e+03   -3.74564e-05
4.62400e+03   -3.85598e-05
4.62600e+03   -3.79895e-05
4.62800e+03   -3.75263e-05
4.63000e+03   -4.17035e-05
4.63200e+03   -4.66822e-05
4.63400e+03   -4.67417e-05
4.63600e+03   -4.49396e-05
4.63800e+03   -4.19962e-05
4.64000e+03   -3.91779e-05
4.64200e+03   -4.00294e-05
4.64400e+03   -4.12253e-05
4.64600e+03   -4.32776e-05
4.64800e+03   -4.47107e-05
4.65000e+03   -4.27323e-05
4.65200e+03   -4.20721e-05
4.65400e+03   -3.91061e-05
4.65600e+03   -3.50704e-05
4.65800e+03   -3.54475e-05
4.66000e+03   -3.72769e-05
4.66200e+03   -3.64134e-05
4.66400e+03   -3.16885e-05
4.66600e+03   -2.87554e-05
4.66800e+03   -2.63494e-05
4.67000e+03   -2.49404e-05
4.67200e+03   -2.20264e-05
4.67400e+03   -2.11813e-05
4.67600e+03   -2.15108e-05
4.67800e+03   -2.58377e-05
4.68000e+03   -2.56260e-05
4.68200e+03   -2.42957e-05
4.68400e+03   -2.32687e-05
4.68600e+03   -2.76482e-05
4.68800e+03   -3.09086e-05
4.69000e+03   -3.14966e-05
4.69200e+03   -3.15274e-05
4.69400e+03   -3.70416e-05
4.69600e+03   -4.00981e-05
4.69800e+03   -4.11276e-05
4.70000e+03   -3.76577e-05
4.70200e+03   -3.78647e-05
4.70400e+03   -4.27487e-05
4.70600e+03   -4.58293e-05
4.70800e+03   -4.28614e-05
4.71000e+03   -3.89749e-05
4.71200e+03   -3.94953e-05
4.71400e+03   -4.14973e-05
4.71600e+03   -3.97269e-05
4.71800e+03   -3.97529e-05
4.72000e+03   -3.76866e-05
4.72200e+03   -3.44095e-05
4.72400e+03   -3.51186e-05
4.72600e+03   -3.37415e-05
4.72800e+03   -3.17845e-05
4.73000e+03   -3.35971e-05
4.73200e+03   -3.30509e-05
4.73400e+03   -2.87879e-05
4.73600e+03   -3.07382e-05
4.73800e+03   -3.42524e-05
4.74000e+03   -3.45823e-05
4.74200e+03   -3.52687e-05
4.74400e+03   -4.28204e-05
4.74600e+03   -4.75987e-05
4.74800e+03   -4.78980e-05
4.75000e+03   -5.00272e-05
4.75200e+03   -4.95081e-05
4.75400e+03   -5.15135e-05
4.75600e+03   -6.09732e-05
4.75800e+03   -6.27308e-05
4.76000e+03   -5.91566e-05
4.76200e+03   -5.87281e-05
4.76400e+03   -5.90010e-05
4.76600e+03   -6.06545e-05
4.76800e+03   -5.75496e-05
4.77000e+03   -5.81971e-05
4.77200e+03   -5.59280e-05
4.77400e+03   -5.64051e-05
4.77600e+03   -5.95557e-05
