   7137.107      2.6551524E-02
   7137.369      2.6789613E-02
   7137.630      2.7078571E-02
   7137.891      2.7406020E-02
   7138.152      2.7755894E-02
   7138.414      2.8113678E-02
   7138.674      2.8472081E-02
   7138.936      2.8832795E-02
   7139.197      2.9203938E-02
   7139.458      2.9593948E-02
   7139.719      3.0004928E-02
   7139.980      3.0430416E-02
   7140.242      3.0858040E-02
   7140.503      3.1276461E-02
   7140.764      3.1681649E-02
   7141.025      3.2079920E-02
   7141.287      3.2485791E-02
   7141.548      3.2915007E-02
   7141.809      3.3376988E-02
   7142.070      3.3870038E-02
   7142.332      3.4382313E-02
   7142.593      3.4897212E-02
   7142.854      3.5401683E-02
   7143.115      3.5892002E-02
   7143.376      3.6374398E-02
   7143.638      3.6860012E-02
   7143.899      3.7359256E-02
   7144.160      3.7877429E-02
   7144.421      3.8414903E-02
   7144.683      3.8969934E-02
   7144.944      3.9539963E-02
   7145.205      4.0121853E-02
   7145.466      4.0712059E-02
   7145.728      4.1306961E-02
   7145.989      4.1906241E-02
   7146.250      4.2514492E-02
   7146.511      4.3141097E-02
   7146.772      4.3796077E-02
   7147.034      4.4485025E-02
   7147.295      4.5205925E-02
   7147.556      4.5948815E-02
   7147.817      4.6698466E-02
   7148.079      4.7441483E-02
   7148.340      4.8170421E-02
   7148.601      4.8887208E-02
   7148.862      4.9599975E-02
   7149.124      5.0317701E-02
   7149.385      5.1046431E-02
   7149.646      5.1787645E-02
   7149.907      5.2541319E-02
   7150.168      5.3308748E-02
   7150.430      5.4094300E-02
   7150.691      5.4904234E-02
   7150.952      5.5744257E-02
   7151.213      5.6615885E-02
   7151.475      5.7513714E-02
   7151.736      5.8425035E-02
   7151.997      5.9333041E-02
   7152.258      6.0223471E-02
   7152.520      6.1092131E-02
   7152.781      6.1949674E-02
   7153.042      6.2819660E-02
   7153.304      6.3730553E-02
   7153.565      6.4703561E-02
   7153.826      6.5742895E-02
   7154.087      6.6835366E-02
   7154.349      6.7957267E-02
   7154.610      6.9087289E-02
   7154.871      7.0215456E-02
   7155.132      7.1345128E-02
   7155.394      7.2487667E-02
   7155.655      7.3655516E-02
   7155.916      7.4855603E-02
   7156.178      7.6087512E-02
   7156.439      7.7344038E-02
   7156.700      7.8614943E-02
   7156.961      7.9890743E-02
   7157.223      8.1168145E-02
   7157.484      8.2452357E-02
   7157.745      8.3755992E-02
   7158.006      8.5092895E-02
   7158.268      8.6471446E-02
   7158.529      8.7889515E-02
   7158.791      8.9337081E-02
   7159.052      9.0803184E-02
   7159.313      9.2284895E-02
   7159.574      9.3790770E-02
   7159.835      9.5338807E-02
   7160.097      9.6946903E-02
   7160.358      9.8622948E-02
   7160.620      0.1003592    
   7160.881      0.1021349    
   7161.142      0.1039247    
   7161.403      0.1057098    
   7161.665      0.1074849    
   7161.926      0.1092599    
   7162.187      0.1110562    
   7162.449      0.1128990    
   7162.710      0.1148098    
   7162.971      0.1167959    
   7163.232      0.1188485    
   7163.494      0.1209443    
   7163.755      0.1230551    
   7164.017      0.1251589    
   7164.278      0.1272504    
   7164.539      0.1293402    
   7164.800      0.1314492    
   7165.062      0.1335964    
   7165.323      0.1357911    
   7165.584      0.1380308    
   7165.846      0.1403083    
   7166.107      0.1426212    
   7166.368      0.1449761    
   7166.629      0.1473892    
   7166.891      0.1498779    
   7167.152      0.1524524    
   7167.414      0.1551111    
   7167.675      0.1578400    
   7167.936      0.1606195    
   7168.198      0.1634322    
   7168.459      0.1662694    
   7168.720      0.1691356    
   7168.981      0.1720449    
   7169.243      0.1750160    
   7169.504      0.1780596    
   7169.766      0.1811718    
   7170.027      0.1843330    
   7170.288      0.1875198    
   7170.549      0.1907160    
   7170.811      0.1939216    
   7171.072      0.1971517    
   7171.333      0.2004320    
   7171.595      0.2037897    
   7171.856      0.2072475    
   7172.118      0.2108129    
   7172.379      0.2144747    
   7172.640      0.2182049    
   7172.902      0.2219702    
   7173.163      0.2257461    
   7173.424      0.2295287    
   7173.686      0.2333347    
   7173.947      0.2371923    
   7174.208      0.2411269    
   7174.470      0.2451484    
   7174.731      0.2492477    
   7174.993      0.2534053    
   7175.254      0.2576063    
   7175.515      0.2618531    
   7175.776      0.2661679    
   7176.038      0.2705860    
   7176.299      0.2751376    
   7176.561      0.2798291    
   7176.822      0.2846311    
   7177.083      0.2894821    
   7177.345      0.2943114    
   7177.606      0.2990670    
   7177.868      0.3037444    
   7178.129      0.3083895    
   7178.390      0.3130827    
   7178.652      0.3179034    
   7178.913      0.3228968    
   7179.174      0.3280551    
   7179.436      0.3333244    
   7179.697      0.3386326    
   7179.958      0.3439223    
   7180.220      0.3491780    
   7180.481      0.3544293    
   7180.743      0.3597295    
   7181.004      0.3651267    
   7181.266      0.3706371    
   7181.527      0.3762362    
   7181.788      0.3818716    
   7182.050      0.3874913    
   7182.311      0.3930703    
   7182.572      0.3986278    
   7182.834      0.4042218    
   7183.095      0.4099209    
   7183.356      0.4157726    
   7183.618      0.4217713    
   7183.879      0.4278572    
   7184.141      0.4339411    
   7184.402      0.4399476    
   7184.664      0.4458509    
   7184.925      0.4516858    
   7185.187      0.4575284    
   7185.448      0.4634537    
   7185.709      0.4694995    
   7185.971      0.4756422    
   7186.232      0.4818050    
   7186.494      0.4878901    
   7186.755      0.4938207    
   7187.016      0.4995801    
   7187.278      0.5052251    
   7187.539      0.5108598    
   7187.801      0.5165905    
   7188.062      0.5224741    
   7188.323      0.5284911    
   7188.585      0.5345592    
   7188.846      0.5405723    
   7189.108      0.5464492    
   7189.369      0.5521682    
   7189.630      0.5577703    
   7189.892      0.5633357    
   7190.153      0.5689431    
   7190.415      0.5746331    
   7190.676      0.5803860    
   7190.938      0.5861286    
   7191.199      0.5917693    
   7191.460      0.5972385    
   7191.722      0.6025271    
   7191.983      0.6076878    
   7192.245      0.6128111    
   7192.506      0.6179773    
   7192.768      0.6232166    
   7193.029      0.6284888    
   7193.291      0.6337022    
   7193.552      0.6387557    
   7193.813      0.6435875    
   7194.075      0.6482080    
   7194.336      0.6526933    
   7194.598      0.6571521    
   7194.859      0.6616704    
   7195.121      0.6662700    
   7195.382      0.6708959    
   7195.644      0.6754419    
   7195.905      0.6797985    
   7196.167      0.6839004    
   7196.428      0.6877541    
   7196.689      0.6914338    
   7196.951      0.6950475    
   7197.212      0.6986920    
   7197.474      0.7024081    
   7197.735      0.7061673    
   7197.997      0.7098859    
   7198.258      0.7134722    
   7198.520      0.7168733    
   7198.781      0.7201046    
   7199.042      0.7232361    
   7199.304      0.7263498    
   7199.565      0.7294921    
   7199.827      0.7326440    
   7200.088      0.7357286    
   7200.350      0.7386448    
   7200.611      0.7413180    
   7200.873      0.7437336    
   7201.134      0.7459502    
   7201.396      0.7480766    
   7201.657      0.7502307    
   7201.919      0.7524923    
   7202.180      0.7548714    
   7202.442      0.7573016    
   7202.703      0.7596650    
   7202.965      0.7618348    
   7203.226      0.7637239    
   7203.488      0.7653167    
   7203.749      0.7666722    
   7204.011      0.7679000    
   7204.272      0.7691138    
   7204.534      0.7703865    
   7204.795      0.7717252    
   7205.057      0.7730749    
   7205.318      0.7743535    
   7205.580      0.7754935    
   7205.841      0.7764707    
   7206.103      0.7773171    
   7206.364      0.7780994    
   7206.625      0.7788893    
   7206.887      0.7797255    
   7207.149      0.7805933    
   7207.410      0.7814302    
   7207.672      0.7821506    
   7207.933      0.7826909    
   7208.195      0.7830414    
   7208.456      0.7832544    
   7208.718      0.7834249    
   7208.979      0.7836509    
   7209.241      0.7839881    
   7209.502      0.7844267    
   7209.764      0.7848990    
   7210.025      0.7853183    
   7210.287      0.7856238    
   7210.548      0.7858103    
   7210.810      0.7859256    
   7211.071      0.7860403    
   7211.333      0.7862105    
   7211.594      0.7864484    
   7211.856      0.7867146    
   7212.118      0.7869348    
   7212.379      0.7870305    
   7212.641      0.7869544    
   7212.902      0.7867122    
   7213.164      0.7863675    
   7213.425      0.7860222    
   7213.687      0.7857723    
   7213.948      0.7856678    
   7214.210      0.7856864    
   7214.471      0.7857363    
   7214.733      0.7856954    
   7214.994      0.7854657    
   7215.256      0.7850205    
   7215.518      0.7844187    
   7215.779      0.7837849    
   7216.041      0.7832583    
   7216.302      0.7829350    
   7216.563      0.7828290    
   7216.825      0.7828700    
   7217.087      0.7829378    
   7217.348      0.7829171    
   7217.610      0.7827452    
   7217.872      0.7824338    
   7218.133      0.7820509    
   7218.395      0.7816799    
   7218.656      0.7813824    
   7218.917      0.7811697    
   7219.179      0.7810066    
   7219.441      0.7808284    
   7219.702      0.7805752    
   7219.964      0.7802199    
   7220.226      0.7797891    
   7220.487      0.7793554    
   7220.749      0.7790083    
   7221.010      0.7788130    
   7221.271      0.7787747    
   7221.533      0.7788283    
   7221.795      0.7788588    
   7222.056      0.7787507    
   7222.318      0.7784409    
   7222.580      0.7779498    
   7222.841      0.7773706    
   7223.103      0.7768254    
   7223.364      0.7764078    
   7223.626      0.7761434    
   7223.887      0.7759907    
   7224.149      0.7758678    
   7224.411      0.7757002    
   7224.672      0.7754602    
   7224.934      0.7751779    
   7225.195      0.7749272    
   7225.457      0.7747791    
   7225.718      0.7747656    
   7225.980      0.7748536    
   7226.242      0.7749553    
   7226.503      0.7749594    
   7226.765      0.7747855    
   7227.026      0.7744276    
   7227.288      0.7739657    
   7227.550      0.7735431    
   7227.811      0.7733045    
   7228.073      0.7733341    
   7228.334      0.7736220    
   7228.596      0.7740685    
   7228.857      0.7745241    
   7229.119      0.7748499    
   7229.381      0.7749664    
   7229.643      0.7748824    
   7229.904      0.7746896    
   7230.166      0.7745195    
   7230.427      0.7744856    
   7230.689      0.7746330    
   7230.950      0.7749183    
   7231.212      0.7752341    
   7231.474      0.7754616    
   7231.735      0.7755325    
   7231.997      0.7754648    
   7232.258      0.7753538    
   7232.520      0.7753206    
   7232.782      0.7754543    
   7233.043      0.7757670    
   7233.305      0.7761886    
   7233.566      0.7766017    
   7233.828      0.7768916    
   7234.090      0.7769927    
   7234.352      0.7769239    
   7234.613      0.7767808    
   7234.875      0.7766994    
   7235.136      0.7767960    
   7235.398      0.7771091    
   7235.660      0.7775773    
   7235.921      0.7780645    
   7236.183      0.7784249    
   7236.444      0.7785782    
   7236.706      0.7785506    
   7236.968      0.7784615    
   7237.229      0.7784622    
   7237.491      0.7786571    
   7237.752      0.7790538    
   7238.014      0.7795674    
   7238.276      0.7800691    
   7238.538      0.7804511    
   7238.799      0.7806813    
   7239.061      0.7808190    
   7239.323      0.7809873    
   7239.584      0.7813208    
   7239.846      0.7819012    
   7240.107      0.7827147    
   7240.369      0.7836539    
   7240.631      0.7845622    
   7240.893      0.7852957    
   7241.154      0.7857810    
   7241.416      0.7860370    
   7241.677      0.7861606    
   7241.939      0.7862803    
   7242.201      0.7865027    
   7242.462      0.7868713    
   7242.724      0.7873548    
   7242.986      0.7878648    
   7243.248      0.7883033    
   7243.509      0.7886094    
   7243.771      0.7887920    
   7244.032      0.7889287    
   7244.294      0.7891268    
   7244.556      0.7894725    
   7244.817      0.7899905    
   7245.079      0.7906310    
   7245.341      0.7912933    
   7245.603      0.7918682    
   7245.864      0.7922876    
   7246.126      0.7925557    
   7246.387      0.7927504    
   7246.649      0.7929900    
   7246.911      0.7933787    
   7247.172      0.7939515    
   7247.434      0.7946551    
   7247.696      0.7953680    
   7247.958      0.7959576    
   7248.219      0.7963456    
   7248.481      0.7965412    
   7248.743      0.7966375    
   7249.004      0.7967613    
   7249.266      0.7970156    
   7249.528      0.7974298    
   7249.790      0.7979497    
   7250.051      0.7984673    
   7250.313      0.7988666    
   7250.574      0.7990762    
   7250.836      0.7991053    
   7251.098      0.7990409    
   7251.359      0.7990147    
   7251.621      0.7991467    
   7251.883      0.7994935    
   7252.145      0.8000203    
   7252.406      0.8006160    
   7252.668      0.8011382    
   7252.930      0.8014772    
   7253.191      0.8015991    
   7253.453      0.8015670    
   7253.715      0.8015150    
   7253.977      0.8015906    
   7254.238      0.8018881    
   7254.500      0.8024006    
   7254.762      0.8030189    
   7255.023      0.8035783    
   7255.285      0.8039321    
   7255.547      0.8040205    
   7255.809      0.8038985    
   7256.070      0.8037091    
   7256.332      0.8036132    
   7256.594      0.8037102    
   7256.855      0.8040009    
   7257.117      0.8043989    
   7257.379      0.8047873    
   7257.641      0.8050789    
   7257.902      0.8052529    
   7258.164      0.8053497    
   7258.426      0.8054374    
   7258.688      0.8055746    
   7258.949      0.8057864    
   7259.211      0.8060580    
   7259.473      0.8063456    
   7259.734      0.8065936    
   7259.996      0.8067528    
   7260.258      0.8068025    
   7260.520      0.8067610    
   7260.782      0.8066856    
   7261.043      0.8066490    
   7261.305      0.8067036    
   7261.567      0.8068457    
   7261.829      0.8070079    
   7262.090      0.8070845    
   7262.352      0.8069858    
   7262.614      0.8066841    
   7262.875      0.8062362    
   7263.137      0.8057630    
   7263.399      0.8054010    
   7263.661      0.8052416    
   7263.922      0.8052966    
   7264.184      0.8054945    
   7264.446      0.8057112    
   7264.708      0.8058222    
   7264.970      0.8057523    
   7265.231      0.8055007    
   7265.493      0.8051413    
   7265.755      0.8047864    
   7266.017      0.8045385    
   7266.278      0.8044454    
   7266.540      0.8044769    
   7266.802      0.8045391    
   7267.063      0.8045201    
   7267.325      0.8043435    
   7267.587      0.8040029    
   7267.849      0.8035607    
   7268.111      0.8031114    
   7268.373      0.8027391    
   7268.634      0.8024767    
   7268.896      0.8023012    
   7269.158      0.8021510    
   7269.419      0.8019569    
   7269.682      0.8016746    
   7269.943      0.8013020    
   7270.205      0.8008786    
   7270.467      0.8004723    
   7270.729      0.8001489    
   7270.990      0.7999454    
   7271.252      0.7998405    
   7271.514      0.7997604    
   7271.776      0.7996030    
   7272.038      0.7992840    
   7272.299      0.7987782    
   7272.561      0.7981322    
   7272.823      0.7974396    
   7273.084      0.7968029    
   7273.347      0.7962874    
   7273.608      0.7959005    
   7273.870      0.7955936    
   7274.132      0.7952876    
   7274.394      0.7949153    
   7274.655      0.7944508    
   7274.917      0.7939238    
   7275.179      0.7934045    
   7275.441      0.7929648    
   7275.703      0.7926431    
   7275.964      0.7924198    
   7276.227      0.7922224    
   7276.488      0.7919602    
   7276.750      0.7915640    
   7277.012      0.7910230    
   7277.273      0.7903940    
   7277.536      0.7897818    
   7277.797      0.7892949    
   7278.059      0.7889954    
   7278.321      0.7888675    
   7278.583      0.7888216    
   7278.845      0.7887308    
   7279.106      0.7884871    
   7279.368      0.7880453    
   7279.630      0.7874397    
   7279.892      0.7867647    
   7280.154      0.7861332    
   7280.416      0.7856309    
   7280.677      0.7852806    
   7280.939      0.7850357    
   7281.201      0.7848014    
   7281.463      0.7844714    
   7281.725      0.7839752    
   7281.986      0.7833057    
   7282.249      0.7825256    
   7282.510      0.7817487    
   7282.772      0.7810978    
   7283.034      0.7806544    
   7283.296      0.7804192    
   7283.558      0.7803076    
   7283.819      0.7801844    
   7284.081      0.7799216    
   7284.343      0.7794611    
   7284.605      0.7788440    
   7284.867      0.7781925    
   7285.128      0.7776515    
   7285.391      0.7773182    
   7285.652      0.7771931    
   7285.914      0.7771774    
   7286.176      0.7771155    
   7286.438      0.7768674    
   7286.700      0.7763718    
   7286.961      0.7756742    
   7287.224      0.7749117    
   7287.485      0.7742479    
   7287.747      0.7738049    
   7288.009      0.7736086    
   7288.271      0.7735827    
   7288.533      0.7735909    
   7288.794      0.7735026    
   7289.057      0.7732503    
   7289.318      0.7728554    
   7289.580      0.7724122    
   7289.842      0.7720450    
   7290.104      0.7718487    
   7290.366      0.7718475    
   7290.628      0.7719780    
   7290.890      0.7721167    
   7291.151      0.7721292    
   7291.414      0.7719305    
   7291.675      0.7715219    
   7291.937      0.7709876    
   7292.199      0.7704548    
   7292.461      0.7700340    
   7292.723      0.7697684    
   7292.985      0.7696179    
   7293.247      0.7694862    
   7293.508      0.7692689    
   7293.771      0.7689167    
   7294.032      0.7684651    
   7294.294      0.7680259    
   7294.556      0.7677420    
   7294.818      0.7677251    
   7295.080      0.7679977    
   7295.342      0.7684754    
   7295.604      0.7689936    
   7295.865      0.7693720    
   7296.127      0.7694888    
   7296.389      0.7693323    
   7296.651      0.7690048    
   7296.913      0.7686750    
   7297.175      0.7684982    
   7297.437      0.7685444    
   7297.699      0.7687672    
   7297.960      0.7690313    
   7298.223      0.7691800    
   7298.484      0.7691169    
   7298.747      0.7688534    
   7299.008      0.7685053    
   7299.270      0.7682456    
   7299.532      0.7682218    
   7299.794      0.7684919    
   7300.056      0.7689933    
   7300.318      0.7695661    
   7300.580      0.7700223    
   7300.842      0.7702296    
   7301.104      0.7701703    
   7301.366      0.7699484    
   7301.627      0.7697452    
   7301.890      0.7697359    
   7302.151      0.7700211    
   7302.413      0.7705821    
   7302.675      0.7712946    
   7302.937      0.7719799    
   7303.199      0.7724807    
   7303.461      0.7727286    
   7303.723      0.7727709    
   7303.985      0.7727544    
   7304.247      0.7728544    
   7304.509      0.7731923    
   7304.771      0.7737699    
   7305.033      0.7744592    
   7305.294      0.7750565    
   7305.557      0.7753743    
   7305.818      0.7753353    
   7306.081      0.7750140    
   7306.342      0.7746141    
   7306.604      0.7743815    
   7306.866      0.7744993    
   7307.128      0.7750138    
   7307.390      0.7758200    
   7307.652      0.7767122    
   7307.914      0.7774754    
   7308.176      0.7779748    
   7308.438      0.7782054    
   7308.700      0.7782824    
   7308.962      0.7783830    
   7309.224      0.7786637    
   7309.486      0.7791924    
   7309.748      0.7799175    
   7310.010      0.7806940    
   7310.271      0.7813465    
   7310.534      0.7817467    
   7310.795      0.7818730    
   7311.058      0.7818186    
   7311.319      0.7817516    
   7311.582      0.7818369    
   7311.843      0.7821600    
   7312.105      0.7826839    
   7312.367      0.7832669    
   7312.629      0.7837291    
   7312.891      0.7839359    
   7313.153      0.7838657    
   7313.415      0.7836187    
   7313.677      0.7833703    
   7313.939      0.7832879    
   7314.201      0.7834559    
   7314.463      0.7838383    
   7314.725      0.7843037    
   7314.987      0.7846899    
   7315.249      0.7848817    
   7315.511      0.7848553    
   7315.773      0.7846807    
   7316.035      0.7844774    
   7316.297      0.7843507    
   7316.559      0.7843425    
   7316.821      0.7844151    
   7317.083      0.7844691    
   7317.345      0.7843915    
   7317.607      0.7841094    
   7317.869      0.7836276    
   7318.131      0.7830328    
   7318.393      0.7824591    
   7318.655      0.7820315    
   7318.917      0.7818009    
   7319.179      0.7817180    
   7319.441      0.7816452    
   7319.703      0.7814190    
   7319.965      0.7809184    
   7320.227      0.7801205    
   7320.489      0.7791027    
   7320.751      0.7780091    
   7321.013      0.7769845    
   7321.275      0.7761160    
   7321.537      0.7753997    
   7321.799      0.7747478    
   7322.061      0.7740322    
   7322.323      0.7731388    
   7322.585      0.7720139    
   7322.847      0.7706783    
   7323.109      0.7692060    
   7323.371      0.7676838    
   7323.633      0.7661697    
   7323.895      0.7646707    
   7324.157      0.7631436    
   7324.419      0.7615163    
   7324.681      0.7597221    
   7324.943      0.7577220    
   7325.206      0.7555221    
   7325.467      0.7531652    
   7325.729      0.7507207    
   7325.992      0.7482665    
   7326.253      0.7458695    
   7326.516      0.7435665    
   7326.777      0.7413484    
   7327.040      0.7391595    
   7327.302      0.7369149    
   7327.563      0.7345290    
   7327.826      0.7319439    
   7328.088      0.7291462    
   7328.350      0.7261646    
   7328.612      0.7230592    
   7328.874      0.7199029    
   7329.136      0.7167581    
   7329.398      0.7136568    
   7329.660      0.7105851    
   7329.922      0.7074865    
   7330.184      0.7042857    
   7330.446      0.7009189    
   7330.708      0.6973637    
   7330.970      0.6936382    
   7331.232      0.6897907    
   7331.495      0.6858688    
   7331.756      0.6818954    
   7332.019      0.6778612    
   7332.281      0.6737304    
   7332.542      0.6694605    
   7332.805      0.6650213    
   7333.067      0.6604100    
   7333.329      0.6556589    
   7333.591      0.6508329    
   7333.853      0.6460139    
   7334.115      0.6412762    
   7334.377      0.6366563    
   7334.639      0.6321307    
   7334.901      0.6276155    
   7335.163      0.6229929    
   7335.425      0.6181603    
   7335.688      0.6130759    
   7335.950      0.6077832    
   7336.211      0.6023976    
   7336.474      0.5970571    
   7336.736      0.5918651    
   7336.998      0.5868406    
   7337.260      0.5819111    
   7337.522      0.5769422    
   7337.784      0.5718012    
   7338.046      0.5664151    
   7338.308      0.5608039    
   7338.570      0.5550697    
   7338.833      0.5493500    
   7339.095      0.5437523    
   7339.356      0.5383062    
   7339.619      0.5329493    
   7339.881      0.5275567    
   7340.143      0.5219987    
   7340.405      0.5162047    
   7340.667      0.5101973    
   7340.929      0.5040881    
   7341.191      0.4980356    
   7341.454      0.4921810    
   7341.715      0.4865913    
   7341.978      0.4812330    
   7342.240      0.4759838    
   7342.502      0.4706888    
   7342.764      0.4652268    
   7343.026      0.4595629    
   7343.288      0.4537600    
   7343.550      0.4479443    
   7343.813      0.4422455    
   7344.074      0.4367363    
   7344.336      0.4313983    
   7344.599      0.4261288    
   7344.861      0.4207907    
   7345.123      0.4152749    
   7345.385      0.4095578    
   7345.647      0.4037162    
   7345.909      0.3979000    
   7346.171      0.3922681    
   7346.434      0.3869194    
   7346.696      0.3818502    
   7346.958      0.3769549    
   7347.220      0.3720727    
   7347.482      0.3670575    
   7347.744      0.3618415    
   7348.006      0.3564623    
   7348.269      0.3510451    
   7348.531      0.3457482    
   7348.792      0.3406950    
   7349.055      0.3359225    
   7349.317      0.3313693    
   7349.579      0.3269043    
   7349.841      0.3223855    
   7350.104      0.3177226    
   7350.366      0.3129148    
   7350.627      0.3080491    
   7350.890      0.3032608    
   7351.152      0.2986715    
   7351.414      0.2943338    
   7351.676      0.2902047    
   7351.938      0.2861648    
   7352.201      0.2820758    
   7352.462      0.2778468    
   7352.725      0.2734805    
   7352.987      0.2690685    
   7353.249      0.2647449    
   7353.511      0.2606238    
   7353.773      0.2567488    
   7354.036      0.2530755    
   7354.298      0.2494961    
   7354.560      0.2458878    
   7354.822      0.2421642    
   7355.084      0.2383111    
   7355.346      0.2343896    
   7355.608      0.2305091    
   7355.871      0.2267789    
   7356.133      0.2232608    
   7356.395      0.2199440    
   7356.657      0.2167509    
   7356.919      0.2135751    
   7357.182      0.2103292    
   7357.444      0.2069844    
   7357.706      0.2035806    
   7357.968      0.2002072    
   7358.230      0.1969608    
   7358.492      0.1939030    
   7358.754      0.1910356    
   7359.017      0.1883001    
   7359.279      0.1856034    
   7359.541      0.1828578    
   7359.803      0.1800169    
   7360.065      0.1770921    
   7360.328      0.1741487    
   7360.590      0.1712767    
   7360.852      0.1685541    
   7361.114      0.1660124    
   7361.376      0.1636225    
   7361.639      0.1613056    
   7361.901      0.1589649    
   7362.163      0.1565267    
   7362.425      0.1539704    
   7362.688      0.1513365    
   7362.950      0.1487084    
   7363.212      0.1461749    
   7363.474      0.1437939    
   7363.736      0.1415700    
   7363.999      0.1394577    
   7364.261      0.1373842    
   7364.523      0.1352845    
   7364.785      0.1331300    
   7365.047      0.1309399    
   7365.310      0.1287717    
   7365.572      0.1266944    
   7365.834      0.1247576    
   7366.096      0.1229663    
   7366.358      0.1212767    
   7366.621      0.1196142    
   7366.883      0.1179057    
   7367.145      0.1161125    
   7367.407      0.1142464    
   7367.669      0.1123626    
   7367.932      0.1105332    
   7368.194      0.1088132    
   7368.456      0.1072161    
   7368.718      0.1057093    
   7368.980      0.1042307    
   7369.243      0.1027165    
   7369.505      0.1011287    
   7369.767      9.9472404E-02
   7370.029      9.7792119E-02
   7370.292      9.6152484E-02
   7370.554      9.4612747E-02
   7370.816      9.3202166E-02
   7371.078      9.1909662E-02
   7371.340      9.0689145E-02
   7371.603      8.9478694E-02
   7371.865      8.8227026E-02
   7372.127      8.6913586E-02
   7372.389      8.5556664E-02
   7372.651      8.4204227E-02
   7372.914      8.2911752E-02
   7373.176      8.1717417E-02
   7373.438      8.0626763E-02
   7373.701      7.9612039E-02
   7373.963      7.8626059E-02
   7374.225      7.7622272E-02
   7374.487      7.6569743E-02
   7374.750      7.5461105E-02
   7375.012      7.4312009E-02
   7375.274      7.3153287E-02
   7375.536      7.2018780E-02
   7375.798      7.0933834E-02
   7376.061      6.9907002E-02
   7376.323      6.8929046E-02
   7376.585      6.7979954E-02
   7376.848      6.7038544E-02
   7377.110      6.6092506E-02
   7377.372      6.5142743E-02
   7377.634      6.4202018E-02
   7377.896      6.3287362E-02
   7378.159      6.2410545E-02
   7378.421      6.1570421E-02
   7378.684      6.0751773E-02
   7378.946      5.9932336E-02
   7379.208      5.9094094E-02
   7379.470      5.8233082E-02
   7379.732      5.7362530E-02
   7379.995      5.6506965E-02
   7380.257      5.5691611E-02
   7380.520      5.4930869E-02
   7380.782      5.4220460E-02
   7381.044      5.3538907E-02
   7381.306      5.2854933E-02
   7381.568      5.2142378E-02
   7381.831      5.1391430E-02
   7382.093      5.0614327E-02
   7382.355      4.9840424E-02
   7382.618      4.9102675E-02
   7382.880      4.8423268E-02
   7383.142      4.7804799E-02
   7383.404      4.7230061E-02
   7383.667      4.6671703E-02
   7383.929      4.6104182E-02
   7384.191      4.5514621E-02
   7384.454      4.4906754E-02
   7384.716      4.4296909E-02
   7384.978      4.3703768E-02
   7385.240      4.3139670E-02
   7385.503      4.2604860E-02
   7385.765      4.2087246E-02
   7386.027      4.1567862E-02
   7386.290      4.1027561E-02
   7386.552      4.0454846E-02
   7386.814      3.9849445E-02
   7387.077      3.9224345E-02
   7387.339      3.8601808E-02
   7387.601      3.8007673E-02
   7387.863      3.7461605E-02
   7388.126      3.6970563E-02
   7388.388      3.6526181E-02
   7388.650      3.6108460E-02
   7388.913      3.5695188E-02
   7389.175      3.5271041E-02
   7389.438      3.4833618E-02
   7389.700      3.4392815E-02
   7389.962      3.3964917E-02
   7390.224      3.3564016E-02
   7390.486      3.3194173E-02
   7390.749      3.2846373E-02
   7391.011      3.2500118E-02
   7391.273      3.2132350E-02
   7391.536      3.1728208E-02
   7391.798      3.1288236E-02
   7392.061      3.0829528E-02
   7392.323      3.0378088E-02
   7392.585      2.9957142E-02
   7392.848      2.9576119E-02
   7393.110      2.9227437E-02
   7393.372      2.8891288E-02
   7393.634      2.8546307E-02
   7393.897      2.8178638E-02
   7394.159      2.7788054E-02
   7394.421      2.7386550E-02
   7394.684      2.6992679E-02
   7394.946      2.6624326E-02
   7395.208      2.6292259E-02
   7395.471      2.5996696E-02
   7395.733      2.5728125E-02
   7395.996      2.5470708E-02
   7396.258      2.5209155E-02
   7396.520      2.4934869E-02
   7396.783      2.4648763E-02
   7397.045      2.4359871E-02
   7397.307      2.4080703E-02
   7397.570      2.3820575E-02
   7397.832      2.3581745E-02
   7398.094      2.3358872E-02
   7398.356      2.3140926E-02
   7398.619      2.2915041E-02
   7398.881      2.2671025E-02
   7399.144      2.2404583E-02
   7399.406      2.2119140E-02
   7399.668      2.1823937E-02
   7399.931      2.1530267E-02
   7400.193      2.1246925E-02
   7400.456      2.0977981E-02
   7400.718      2.0722650E-02
   7400.980      2.0476375E-02
   7401.243      2.0233188E-02
   7401.505      1.9986544E-02
   7401.767      1.9732013E-02
   7402.030      1.9469727E-02
   7402.292      1.9206062E-02
   7402.554      1.8953331E-02
   7402.817      1.8725097E-02
   7403.079      1.8530333E-02
   7403.341      1.8370241E-02
   7403.604      1.8239100E-02
   7403.866      1.8129783E-02
   7404.129      1.8038843E-02
   7404.391      1.7967643E-02
   7404.653      1.7919227E-02
   7404.916      1.7894179E-02
