 6.40015e+03  1.79889e-03
 6.40041e+03  1.88338e-03
 6.40068e+03  1.78438e-03
 6.40094e+03  1.87143e-03
 6.40120e+03  1.90434e-03
 6.40146e+03  1.91873e-03
 6.40172e+03  1.94149e-03
 6.40198e+03  1.80881e-03
 6.40224e+03  2.00357e-03
 6.40250e+03  1.92229e-03
 6.40277e+03  1.89599e-03
 6.40303e+03  2.04045e-03
 6.40329e+03  2.01609e-03
 6.40355e+03  1.96778e-03
 6.40381e+03  1.97767e-03
 6.40407e+03  2.09298e-03
 6.40433e+03  1.95313e-03
 6.40459e+03  1.97237e-03
 6.40485e+03  2.03749e-03
 6.40512e+03  2.01927e-03
 6.40538e+03  1.97130e-03
 6.40564e+03  2.03763e-03
 6.40590e+03  1.98964e-03
 6.40616e+03  1.99326e-03
 6.40642e+03  2.05423e-03
 6.40668e+03  2.09924e-03
 6.40694e+03  2.06308e-03
 6.40721e+03  2.13143e-03
 6.40747e+03  2.03193e-03
 6.40773e+03  2.05665e-03
 6.40799e+03  2.14409e-03
 6.40825e+03  2.22901e-03
 6.40851e+03  2.27338e-03
 6.40877e+03  2.09904e-03
 6.40903e+03  2.19808e-03
 6.40930e+03  2.12395e-03
 6.40956e+03  2.25496e-03
 6.40982e+03  2.19396e-03
 6.41008e+03  2.31794e-03
 6.41034e+03  2.29690e-03
 6.41060e+03  2.29367e-03
 6.41086e+03  2.31599e-03
 6.41112e+03  2.28778e-03
 6.41138e+03  2.35697e-03
 6.41165e+03  2.32178e-03
 6.41191e+03  2.33983e-03
 6.41217e+03  2.35164e-03
 6.41243e+03  2.42263e-03
 6.41269e+03  2.44230e-03
 6.41295e+03  2.43847e-03
 6.41321e+03  2.44071e-03
 6.41347e+03  2.43742e-03
 6.41374e+03  2.44603e-03
 6.41400e+03  2.53847e-03
 6.41426e+03  2.32234e-03
 6.41452e+03  2.48147e-03
 6.41478e+03  2.51810e-03
 6.41504e+03  2.51101e-03
 6.41530e+03  2.46217e-03
 6.41556e+03  2.52759e-03
 6.41583e+03  2.52393e-03
 6.41609e+03  2.62699e-03
 6.41635e+03  2.62564e-03
 6.41661e+03  2.60469e-03
 6.41687e+03  2.52334e-03
 6.41713e+03  2.67923e-03
 6.41739e+03  2.57790e-03
 6.41765e+03  2.61262e-03
 6.41792e+03  2.76537e-03
 6.41818e+03  2.60788e-03
 6.41844e+03  2.75282e-03
 6.41870e+03  2.67955e-03
 6.41896e+03  2.84383e-03
 6.41922e+03  2.81531e-03
 6.41948e+03  2.77312e-03
 6.41974e+03  2.84713e-03
 6.42000e+03  2.87967e-03
 6.42027e+03  2.86746e-03
 6.42053e+03  2.86156e-03
 6.42079e+03  2.80872e-03
 6.42105e+03  2.89092e-03
 6.42131e+03  2.96799e-03
 6.42157e+03  2.99050e-03
 6.42183e+03  2.89268e-03
 6.42209e+03  2.91251e-03
 6.42235e+03  2.99389e-03
 6.42262e+03  2.98325e-03
 6.42288e+03  3.09875e-03
 6.42314e+03  3.06194e-03
 6.42340e+03  3.04139e-03
 6.42366e+03  3.21593e-03
 6.42392e+03  3.23565e-03
 6.42418e+03  3.17697e-03
 6.42444e+03  3.17834e-03
 6.42471e+03  3.13481e-03
 6.42497e+03  3.19588e-03
 6.42523e+03  3.22178e-03
 6.42549e+03  3.37336e-03
 6.42575e+03  3.27967e-03
 6.42601e+03  3.21972e-03
 6.42627e+03  3.23123e-03
 6.42653e+03  3.41784e-03
 6.42680e+03  3.30286e-03
 6.42706e+03  3.49963e-03
 6.42732e+03  3.38384e-03
 6.42758e+03  3.49059e-03
 6.42784e+03  3.50869e-03
 6.42810e+03  3.60957e-03
 6.42836e+03  3.54286e-03
 6.42862e+03  3.52341e-03
 6.42889e+03  3.58721e-03
 6.42915e+03  3.61545e-03
 6.42941e+03  3.75253e-03
 6.42967e+03  3.75032e-03
 6.42993e+03  3.59431e-03
 6.43019e+03  3.75392e-03
 6.43045e+03  3.81018e-03
 6.43071e+03  3.86011e-03
 6.43097e+03  3.97974e-03
 6.43124e+03  3.84504e-03
 6.43150e+03  3.90576e-03
 6.43176e+03  3.94509e-03
 6.43202e+03  4.05319e-03
 6.43228e+03  4.04593e-03
 6.43254e+03  4.05084e-03
 6.43280e+03  3.88353e-03
 6.43306e+03  4.02613e-03
 6.43333e+03  4.28142e-03
 6.43359e+03  4.12053e-03
 6.43385e+03  4.18888e-03
 6.43411e+03  4.11421e-03
 6.43437e+03  4.27551e-03
 6.43463e+03  4.31860e-03
 6.43489e+03  4.41310e-03
 6.43515e+03  4.29325e-03
 6.43542e+03  3.85806e-03
 6.43568e+03 -4.09264e-03
 6.43594e+03  6.75778e-04
 6.43620e+03  4.21463e-03
 6.43646e+03  4.56528e-03
 6.43672e+03  4.47696e-03
 6.43698e+03  4.60453e-03
 6.43724e+03  4.73243e-03
 6.43750e+03  4.81337e-03
 6.43777e+03  4.74940e-03
 6.43803e+03  4.81938e-03
 6.43829e+03  5.02003e-03
 6.43855e+03  5.03138e-03
 6.43881e+03  4.96886e-03
 6.43907e+03  5.07103e-03
 6.43933e+03  4.91597e-03
 6.43959e+03  5.00825e-03
 6.43986e+03  4.96467e-03
 6.44012e+03  5.18654e-03
 6.44038e+03  5.23587e-03
 6.44064e+03  5.24319e-03
 6.44090e+03  5.33486e-03
 6.44116e+03  5.35745e-03
 6.44142e+03  5.56352e-03
 6.44168e+03  5.41062e-03
 6.44195e+03  5.55030e-03
 6.44221e+03  5.58438e-03
 6.44247e+03  5.74946e-03
 6.44273e+03  5.80906e-03
 6.44299e+03  5.78061e-03
 6.44325e+03  5.76134e-03
 6.44351e+03  5.80909e-03
 6.44377e+03  6.00828e-03
 6.44403e+03  6.11910e-03
 6.44430e+03  6.09064e-03
 6.44456e+03  6.09366e-03
 6.44482e+03  6.02721e-03
 6.44508e+03  6.26651e-03
 6.44534e+03  6.38260e-03
 6.44560e+03  6.37762e-03
 6.44586e+03  6.34565e-03
 6.44612e+03  6.43748e-03
 6.44639e+03  6.56887e-03
 6.44665e+03  6.60398e-03
 6.44691e+03  6.60244e-03
 6.44717e+03  6.63455e-03
 6.44743e+03  6.65724e-03
 6.44769e+03  6.86528e-03
 6.44795e+03  7.00170e-03
 6.44821e+03  6.93983e-03
 6.44848e+03  7.06446e-03
 6.44874e+03  6.99608e-03
 6.44900e+03  7.14376e-03
 6.44926e+03  7.46362e-03
 6.44952e+03  7.40498e-03
 6.44978e+03  7.49494e-03
 6.45004e+03  7.54103e-03
 6.45030e+03  7.58847e-03
 6.45056e+03  7.67283e-03
 6.45083e+03  7.81876e-03
 6.45109e+03  7.75693e-03
 6.45135e+03  8.04326e-03
 6.45161e+03  7.94821e-03
 6.45187e+03  8.22476e-03
 6.45213e+03  8.16291e-03
 6.45239e+03  8.34981e-03
 6.45265e+03  8.17743e-03
 6.45292e+03  8.30522e-03
 6.45318e+03  8.54567e-03
 6.45344e+03  8.85807e-03
 6.45370e+03  8.56548e-03
 6.45396e+03  8.63193e-03
 6.45422e+03  8.78262e-03
 6.45448e+03  9.08139e-03
 6.45474e+03  9.26492e-03
 6.45501e+03  9.27823e-03
 6.45527e+03  9.25909e-03
 6.45553e+03  9.45244e-03
 6.45579e+03  9.54608e-03
 6.45605e+03  9.75526e-03
 6.45631e+03  9.92926e-03
 6.45657e+03  9.89783e-03
 6.45683e+03  9.88511e-03
 6.45709e+03  1.03689e-02
 6.45736e+03  1.04178e-02
 6.45762e+03  1.03629e-02
 6.45788e+03  1.04842e-02
 6.45814e+03  1.06485e-02
 6.45840e+03  1.09212e-02
 6.45866e+03  1.08367e-02
 6.45892e+03  1.11522e-02
 6.45918e+03  1.11970e-02
 6.45945e+03  1.10853e-02
 6.45971e+03  1.14014e-02
 6.45997e+03  1.15790e-02
 6.46023e+03  1.17317e-02
 6.46049e+03  1.19793e-02
 6.46075e+03  1.18525e-02
 6.46101e+03  1.19611e-02
 6.46127e+03  1.22455e-02
 6.46154e+03  1.26174e-02
 6.46180e+03  1.27090e-02
 6.46206e+03  1.27912e-02
 6.46232e+03  1.30177e-02
 6.46258e+03  1.33240e-02
 6.46284e+03  1.37633e-02
 6.46310e+03  1.37417e-02
 6.46336e+03  1.34896e-02
 6.46362e+03  1.37411e-02
 6.46389e+03  1.38825e-02
 6.46415e+03  1.43787e-02
 6.46441e+03  1.45479e-02
 6.46467e+03  1.44519e-02
 6.46493e+03  1.49155e-02
 6.46519e+03  1.49201e-02
 6.46545e+03  1.52595e-02
 6.46571e+03  1.54873e-02
 6.46598e+03  1.56784e-02
 6.46624e+03  1.56032e-02
 6.46650e+03  1.62044e-02
 6.46676e+03  1.65176e-02
 6.46702e+03  1.65267e-02
 6.46728e+03  1.65709e-02
 6.46754e+03  1.65712e-02
 6.46780e+03  1.72412e-02
 6.46807e+03  1.75441e-02
 6.46833e+03  1.77709e-02
 6.46859e+03  1.79510e-02
 6.46885e+03  1.79761e-02
 6.46911e+03  1.83884e-02
 6.46937e+03  1.89996e-02
 6.46963e+03  1.93114e-02
 6.46989e+03  1.89711e-02
 6.47015e+03  1.92695e-02
 6.47042e+03  1.98080e-02
 6.47068e+03  2.00134e-02
 6.47094e+03  2.05529e-02
 6.47120e+03  2.09981e-02
 6.47146e+03  2.09115e-02
 6.47172e+03  2.09856e-02
 6.47198e+03  2.14156e-02
 6.47224e+03  2.18615e-02
 6.47251e+03  2.24071e-02
 6.47277e+03  2.21710e-02
 6.47303e+03  2.29375e-02
 6.47329e+03  2.33683e-02
 6.47355e+03  2.37896e-02
 6.47381e+03  2.40194e-02
 6.47407e+03  2.42916e-02
 6.47433e+03  2.44615e-02
 6.47460e+03  2.49165e-02
 6.47486e+03  2.57748e-02
 6.47512e+03  2.64893e-02
 6.47538e+03  2.62345e-02
 6.47564e+03  2.64623e-02
 6.47590e+03  2.69945e-02
 6.47616e+03  2.79889e-02
 6.47642e+03  2.83425e-02
 6.47668e+03  2.84259e-02
 6.47695e+03  2.89233e-02
 6.47721e+03  2.93474e-02
 6.47747e+03  3.02424e-02
 6.47773e+03  3.07009e-02
 6.47799e+03  3.06203e-02
 6.47825e+03  3.10222e-02
 6.47851e+03  3.16968e-02
 6.47877e+03  3.27822e-02
 6.47904e+03  3.33367e-02
 6.47930e+03  3.34578e-02
 6.47956e+03  3.36081e-02
 6.47982e+03  3.42008e-02
 6.48008e+03  3.56938e-02
 6.48034e+03  3.60972e-02
 6.48060e+03  3.64973e-02
 6.48086e+03  3.65868e-02
 6.48112e+03  3.72419e-02
 6.48139e+03  3.81615e-02
 6.48165e+03  3.90910e-02
 6.48191e+03  3.96212e-02
 6.48217e+03  4.02591e-02
 6.48243e+03  4.03579e-02
 6.48269e+03  4.18106e-02
 6.48295e+03  4.27242e-02
 6.48321e+03  4.33105e-02
 6.48348e+03  4.35075e-02
 6.48374e+03  4.37866e-02
 6.48400e+03  4.49226e-02
 6.48426e+03  4.64803e-02
 6.48452e+03  4.72903e-02
 6.48478e+03  4.75444e-02
 6.48504e+03  4.80555e-02
 6.48530e+03  4.90634e-02
 6.48557e+03  5.01367e-02
 6.48583e+03  5.14406e-02
 6.48609e+03  5.22783e-02
 6.48635e+03  5.32000e-02
 6.48661e+03  5.31684e-02
 6.48687e+03  5.49383e-02
 6.48713e+03  5.65925e-02
 6.48739e+03  5.75233e-02
 6.48766e+03  5.76231e-02
 6.48792e+03  5.90245e-02
 6.48818e+03  6.01448e-02
 6.48844e+03  6.18900e-02
 6.48870e+03  6.28149e-02
 6.48896e+03  6.27587e-02
 6.48922e+03  6.39141e-02
 6.48948e+03  6.57180e-02
 6.48974e+03  6.73821e-02
 6.49001e+03  6.86676e-02
 6.49027e+03  6.95323e-02
 6.49053e+03  7.00382e-02
 6.49079e+03  7.19574e-02
 6.49105e+03  7.49885e-02
 6.49131e+03  7.61231e-02
 6.49157e+03  7.68781e-02
 6.49183e+03  7.75972e-02
 6.49210e+03  7.87120e-02
 6.49236e+03  8.17647e-02
 6.49262e+03  8.34046e-02
 6.49288e+03  8.49890e-02
 6.49314e+03  8.48678e-02
 6.49340e+03  8.67156e-02
 6.49366e+03  8.93658e-02
 6.49392e+03  9.23751e-02
 6.49419e+03  9.29913e-02
 6.49445e+03  9.36600e-02
 6.49471e+03  9.50930e-02
 6.49497e+03  9.86165e-02
 6.49523e+03  1.01455e-01
 6.49549e+03  1.02329e-01
 6.49575e+03  1.03993e-01
 6.49601e+03  1.05646e-01
 6.49627e+03  1.08535e-01
 6.49654e+03  1.11592e-01
 6.49680e+03  1.13931e-01
 6.49706e+03  1.15336e-01
 6.49732e+03  1.16086e-01
 6.49758e+03  1.19580e-01
 6.49784e+03  1.22853e-01
 6.49810e+03  1.25867e-01
 6.49836e+03  1.27093e-01
 6.49863e+03  1.27795e-01
 6.49889e+03  1.31271e-01
 6.49915e+03  1.35331e-01
 6.49941e+03  1.39427e-01
 6.49967e+03  1.40339e-01
 6.49993e+03  1.42053e-01
 6.50019e+03  1.45103e-01
 6.50045e+03  1.50109e-01
 6.50072e+03  1.53394e-01
 6.50098e+03  1.56260e-01
 6.50124e+03  1.56631e-01
 6.50150e+03  1.59511e-01
 6.50176e+03  1.63760e-01
 6.50202e+03  1.69330e-01
 6.50228e+03  1.72045e-01
 6.50254e+03  1.74566e-01
 6.50280e+03  1.75837e-01
 6.50307e+03  1.82244e-01
 6.50333e+03  1.87225e-01
 6.50359e+03  1.90862e-01
 6.50385e+03  1.92677e-01
 6.50411e+03  1.95224e-01
 6.50437e+03  2.01221e-01
 6.50463e+03  2.05963e-01
 6.50489e+03  2.11256e-01
 6.50516e+03  2.13286e-01
 6.50542e+03  2.15523e-01
 6.50568e+03  2.21246e-01
 6.50594e+03  2.27097e-01
 6.50620e+03  2.34026e-01
 6.50646e+03  2.35275e-01
 6.50672e+03  2.38297e-01
 6.50698e+03  2.41518e-01
 6.50725e+03  2.50114e-01
 6.50751e+03  2.56707e-01
 6.50777e+03  2.60214e-01
 6.50803e+03  2.63227e-01
 6.50829e+03  2.66615e-01
 6.50855e+03  2.74732e-01
 6.50881e+03  2.81413e-01
 6.50907e+03  2.86818e-01
 6.50933e+03  2.88572e-01
 6.50960e+03  2.92244e-01
 6.50986e+03  3.00992e-01
 6.51012e+03  3.10027e-01
 6.51038e+03  3.15334e-01
 6.51064e+03  3.17697e-01
 6.51090e+03  3.22218e-01
 6.51116e+03  3.29301e-01
 6.51142e+03  3.38898e-01
 6.51169e+03  3.45984e-01
 6.51195e+03  3.48941e-01
 6.51221e+03  3.52185e-01
 6.51247e+03  3.58278e-01
 6.51273e+03  3.69366e-01
 6.51299e+03  3.77627e-01
 6.51325e+03  3.80398e-01
 6.51351e+03  3.84195e-01
 6.51378e+03  3.91822e-01
 6.51404e+03  4.00421e-01
 6.51430e+03  4.09697e-01
 6.51456e+03  4.13910e-01
 6.51482e+03  4.17408e-01
 6.51508e+03  4.22878e-01
 6.51534e+03  4.33413e-01
 6.51560e+03  4.43874e-01
 6.51586e+03  4.50335e-01
 6.51613e+03  4.50023e-01
 6.51639e+03  4.56893e-01
 6.51665e+03  4.66739e-01
 6.51691e+03  4.76884e-01
 6.51717e+03  4.83423e-01
 6.51743e+03  4.86624e-01
 6.51769e+03  4.91925e-01
 6.51795e+03  4.99616e-01
 6.51822e+03  5.10322e-01
 6.51848e+03  5.18427e-01
 6.51874e+03  5.22663e-01
 6.51900e+03  5.25033e-01
 6.51926e+03  5.31841e-01
 6.51952e+03  5.44474e-01
 6.51978e+03  5.49672e-01
 6.52004e+03  5.55766e-01
 6.52031e+03  5.58915e-01
 6.52057e+03  5.65536e-01
 6.52083e+03  5.74592e-01
 6.52109e+03  5.84262e-01
 6.52135e+03  5.91460e-01
 6.52161e+03  5.91407e-01
 6.52187e+03  5.98224e-01
 6.52213e+03  6.06729e-01
 6.52240e+03  6.12973e-01
 6.52266e+03  6.19381e-01
 6.52292e+03  6.21891e-01
 6.52318e+03  6.26472e-01
 6.52344e+03  6.35577e-01
 6.52370e+03  6.43245e-01
 6.52396e+03  6.50664e-01
 6.52422e+03  6.50357e-01
 6.52448e+03  6.53799e-01
 6.52475e+03  6.63653e-01
 6.52501e+03  6.69982e-01
 6.52527e+03  6.75181e-01
 6.52553e+03  6.78693e-01
 6.52579e+03  6.79891e-01
 6.52605e+03  6.87010e-01
 6.52631e+03  6.95030e-01
 6.52657e+03  7.00865e-01
 6.52683e+03  7.02835e-01
 6.52710e+03  7.03461e-01
 6.52736e+03  7.07842e-01
 6.52762e+03  7.15681e-01
 6.52788e+03  7.20629e-01
 6.52814e+03  7.23890e-01
 6.52840e+03  7.24816e-01
 6.52866e+03  7.26089e-01
 6.52892e+03  7.33537e-01
 6.52919e+03  7.39365e-01
 6.52945e+03  7.41849e-01
 6.52971e+03  7.44500e-01
 6.52997e+03  7.46242e-01
 6.53023e+03  7.50470e-01
 6.53049e+03  7.53542e-01
 6.53075e+03  7.56113e-01
 6.53101e+03  7.56839e-01
 6.53128e+03  7.58838e-01
 6.53154e+03  7.61901e-01
 6.53180e+03  7.66334e-01
 6.53206e+03  7.68806e-01
 6.53232e+03  7.70033e-01
 6.53258e+03  7.70587e-01
 6.53284e+03  7.71748e-01
 6.53310e+03  7.77900e-01
 6.53337e+03  7.83235e-01
 6.53363e+03  7.81119e-01
 6.53389e+03  7.80000e-01
 6.53415e+03  7.83516e-01
 6.53441e+03  7.84668e-01
 6.53467e+03  7.89774e-01
 6.53493e+03  7.89052e-01
 6.53519e+03  7.89635e-01
 6.53545e+03  7.91809e-01
 6.53572e+03  7.93033e-01
 6.53598e+03  7.96653e-01
 6.53624e+03  7.96488e-01
 6.53650e+03  7.96742e-01
 6.53676e+03  7.98540e-01
 6.53702e+03  8.01049e-01
 6.53728e+03  8.00013e-01
 6.53754e+03  8.00511e-01
 6.53781e+03  7.99983e-01
 6.53807e+03  8.01419e-01
 6.53833e+03  8.02391e-01
 6.53859e+03  8.04037e-01
 6.53885e+03  8.06535e-01
 6.53911e+03  8.04162e-01
 6.53937e+03  8.04289e-01
 6.53963e+03  8.05406e-01
 6.53990e+03  8.08160e-01
 6.54016e+03  8.09477e-01
 6.54042e+03  8.07661e-01
 6.54068e+03  8.07763e-01
 6.54094e+03  8.07899e-01
 6.54120e+03  8.08535e-01
 6.54146e+03  8.11636e-01
 6.54172e+03  8.11620e-01
 6.54198e+03  8.11352e-01
 6.54225e+03  8.10415e-01
 6.54251e+03  8.11869e-01
 6.54277e+03  8.10265e-01
 6.54303e+03  8.10429e-01
 6.54329e+03  8.12566e-01
 6.54355e+03  8.12277e-01
 6.54381e+03  8.13262e-01
 6.54407e+03  8.15707e-01
 6.54434e+03  8.13026e-01
 6.54460e+03  8.13677e-01
 6.54486e+03  8.16182e-01
 6.54512e+03  8.14864e-01
 6.54538e+03  8.15296e-01
 6.54564e+03  8.13493e-01
 6.54590e+03  8.13721e-01
 6.54616e+03  8.13902e-01
 6.54643e+03  8.17673e-01
 6.54669e+03  8.17892e-01
 6.54695e+03  8.16411e-01
 6.54721e+03  8.16912e-01
 6.54747e+03  8.16612e-01
 6.54773e+03  8.16299e-01
 6.54799e+03  8.17258e-01
 6.54825e+03  8.18350e-01
 6.54851e+03  8.16061e-01
 6.54878e+03  8.16974e-01
 6.54904e+03  8.17142e-01
 6.54930e+03  8.17797e-01
 6.54956e+03  8.18066e-01
 6.54982e+03  8.18130e-01
 6.55008e+03  8.15208e-01
 6.55034e+03  8.17977e-01
 6.55060e+03  8.17031e-01
 6.55087e+03  8.20673e-01
 6.55113e+03  8.19590e-01
 6.55139e+03  8.18515e-01
 6.55165e+03  8.16030e-01
 6.55191e+03  8.19285e-01
 6.55217e+03  8.19886e-01
 6.55243e+03  8.20217e-01
 6.55269e+03  8.17661e-01
 6.55296e+03  8.22491e-01
 6.55322e+03  8.18893e-01
 6.55348e+03  8.22128e-01
 6.55374e+03  8.20941e-01
 6.55400e+03  8.19973e-01
 6.55426e+03  8.19434e-01
 6.55452e+03  8.19098e-01
 6.55478e+03  8.23176e-01
 6.55504e+03  8.20193e-01
 6.55531e+03  8.21501e-01
 6.55557e+03  8.20914e-01
 6.55583e+03  8.21578e-01
 6.55609e+03  8.20945e-01
 6.55635e+03  8.22467e-01
 6.55661e+03  8.20889e-01
 6.55687e+03  8.23300e-01
 6.55713e+03  8.21855e-01
 6.55740e+03  8.23204e-01
 6.55766e+03  8.24430e-01
 6.55792e+03  8.23974e-01
 6.55818e+03  8.25071e-01
 6.55844e+03  8.23743e-01
 6.55870e+03  8.23549e-01
 6.55896e+03  8.25145e-01
 6.55922e+03  8.25916e-01
 6.55949e+03  8.22845e-01
 6.55975e+03  8.25852e-01
 6.56001e+03  8.23513e-01
 6.56027e+03  8.24641e-01
 6.56053e+03  8.28353e-01
 6.56079e+03  8.26868e-01
 6.56105e+03  8.25272e-01
 6.56131e+03  8.24809e-01
 6.56157e+03  8.25580e-01
 6.56184e+03  8.25736e-01
 6.56210e+03  8.25904e-01
 6.56236e+03  8.26925e-01
 6.56262e+03  8.23530e-01
 6.56288e+03  8.24219e-01
 6.56314e+03  8.26957e-01
 6.56340e+03  8.25717e-01
 6.56366e+03  8.26031e-01
 6.56393e+03  8.25671e-01
 6.56419e+03  8.26054e-01
 6.56445e+03  8.27752e-01
 6.56471e+03  8.28701e-01
 6.56497e+03  8.26836e-01
 6.56523e+03  8.24839e-01
 6.56549e+03  8.26569e-01
 6.56575e+03  8.25874e-01
 6.56602e+03  8.26681e-01
 6.56628e+03  8.26048e-01
 6.56654e+03  8.27147e-01
 6.56680e+03  8.26129e-01
 6.56706e+03  8.27673e-01
 6.56732e+03  8.27905e-01
 6.56758e+03  8.25946e-01
 6.56784e+03  8.27882e-01
 6.56810e+03  8.28488e-01
 6.56837e+03  8.25085e-01
 6.56863e+03  8.26550e-01
 6.56889e+03  8.25492e-01
 6.56915e+03  8.27198e-01
 6.56941e+03  8.26446e-01
 6.56967e+03  8.25804e-01
 6.56993e+03  8.25831e-01
 6.57019e+03  8.28033e-01
 6.57046e+03  8.23744e-01
 6.57072e+03  8.25338e-01
 6.57098e+03  8.24755e-01
 6.57124e+03  8.26245e-01
 6.57150e+03  8.26045e-01
 6.57176e+03  8.26017e-01
 6.57202e+03  8.24161e-01
 6.57228e+03  8.26536e-01
 6.57255e+03  8.24900e-01
 6.57281e+03  8.24087e-01
 6.57307e+03  8.25491e-01
 6.57333e+03  8.23582e-01
 6.57359e+03  8.25067e-01
 6.57385e+03  8.22498e-01
 6.57411e+03  8.23858e-01
 6.57437e+03  8.21380e-01
 6.57463e+03  8.24813e-01
 6.57490e+03  8.23330e-01
 6.57516e+03  8.24579e-01
 6.57542e+03  8.23698e-01
 6.57568e+03  8.20490e-01
 6.57594e+03  8.23268e-01
 6.57620e+03  8.23445e-01
 6.57646e+03  8.23335e-01
 6.57672e+03  8.21715e-01
 6.57699e+03  8.24419e-01
 6.57725e+03  8.22336e-01
 6.57751e+03  8.22707e-01
 6.57777e+03  8.24093e-01
 6.57803e+03  8.20653e-01
 6.57829e+03  8.19629e-01
 6.57855e+03  8.21353e-01
 6.57881e+03  8.21888e-01
 6.57908e+03  8.23815e-01
 6.57934e+03  8.20857e-01
 6.57960e+03  8.18586e-01
 6.57986e+03  8.18546e-01
 6.58012e+03  8.17955e-01
 6.58038e+03  8.21762e-01
 6.58064e+03  8.18920e-01
 6.58090e+03  8.16147e-01
 6.58117e+03  8.15068e-01
 6.58143e+03  8.19384e-01
 6.58169e+03  8.17876e-01
 6.58195e+03  8.17075e-01
 6.58221e+03  8.15731e-01
 6.58247e+03  8.15184e-01
 6.58273e+03  8.17312e-01
 6.58299e+03  8.16654e-01
 6.58325e+03  8.17868e-01
 6.58352e+03  8.14842e-01
 6.58378e+03  8.13883e-01
 6.58404e+03  8.15457e-01
 6.58430e+03  8.15441e-01
 6.58456e+03  8.16832e-01
 6.58482e+03  8.13440e-01
 6.58508e+03  8.13014e-01
 6.58534e+03  8.13134e-01
 6.58560e+03  8.13255e-01
 6.58587e+03  8.14836e-01
 6.58613e+03  8.16919e-01
 6.58639e+03  8.10847e-01
 6.58665e+03  8.11973e-01
 6.58691e+03  8.12827e-01
 6.58717e+03  8.11790e-01
 6.58743e+03  8.12870e-01
 6.58769e+03  8.14267e-01
 6.58796e+03  8.11707e-01
 6.58822e+03  8.10547e-01
 6.58848e+03  8.10517e-01
 6.58874e+03  8.11988e-01
 6.58900e+03  8.13779e-01
 6.58926e+03  8.11855e-01
 6.58952e+03  8.09847e-01
 6.58978e+03  8.10963e-01
 6.59005e+03  8.12324e-01
 6.59031e+03  8.12866e-01
 6.59057e+03  8.12513e-01
 6.59083e+03  8.10420e-01
 6.59109e+03  8.09969e-01
 6.59135e+03  8.13289e-01
 6.59161e+03  8.11836e-01
 6.59187e+03  8.12922e-01
 6.59214e+03  8.11976e-01
 6.59240e+03  8.08625e-01
 6.59266e+03  8.09695e-01
 6.59292e+03  8.11505e-01
 6.59318e+03  8.11980e-01
 6.59344e+03  8.09821e-01
 6.59370e+03  8.09783e-01
 6.59396e+03  8.09809e-01
 6.59422e+03  8.10615e-01
 6.59449e+03  8.12765e-01
 6.59475e+03  8.13705e-01
 6.59501e+03  8.11128e-01
 6.59527e+03  8.09137e-01
 6.59553e+03  8.11907e-01
 6.59579e+03  8.12921e-01
 6.59605e+03  8.13834e-01
 6.59631e+03  8.10642e-01
 6.59658e+03  8.08449e-01
 6.59684e+03  8.11505e-01
 6.59710e+03  8.12465e-01
 6.59736e+03  8.13415e-01
 6.59762e+03  8.14888e-01
 6.59788e+03  8.13831e-01
 6.59814e+03  8.11333e-01
 6.59840e+03  8.12643e-01
 6.59867e+03  8.14455e-01
 6.59893e+03  8.12035e-01
 6.59919e+03  8.13082e-01
 6.59945e+03  8.12935e-01
 6.59971e+03  8.12504e-01
 6.59997e+03  8.15727e-01
 6.60023e+03  8.15141e-01
 6.60049e+03  8.13177e-01
 6.60075e+03  8.14171e-01
 6.60102e+03  8.14066e-01
 6.60128e+03  8.13506e-01
 6.60154e+03  8.15032e-01
 6.60180e+03  8.14295e-01
 6.60206e+03  8.13257e-01
 6.60232e+03  8.12029e-01
 6.60258e+03  8.13591e-01
 6.60284e+03  8.12244e-01
 6.60311e+03  8.15408e-01
 6.60337e+03  8.11120e-01
 6.60363e+03  8.09162e-01
 6.60389e+03  8.11352e-01
 6.60415e+03  8.12890e-01
 6.60441e+03  8.10765e-01
 6.60467e+03  8.12701e-01
 6.60493e+03  8.11465e-01
 6.60520e+03  8.08805e-01
 6.60546e+03  8.11550e-01
 6.60572e+03  8.10348e-01
 6.60598e+03  8.10634e-01
 6.60624e+03  8.09957e-01
 6.60650e+03  8.08350e-01
 6.60676e+03  8.07569e-01
 6.60702e+03  8.07989e-01
 6.60728e+03  8.06091e-01
 6.60755e+03  8.05212e-01
 6.60781e+03  8.05123e-01
 6.60807e+03  8.04090e-01
 6.60833e+03  8.04673e-01
 6.60859e+03  8.01958e-01
 6.60885e+03  8.02484e-01
 6.60911e+03  8.00242e-01
 6.60937e+03  7.98049e-01
 6.60964e+03  7.96816e-01
 6.60990e+03  7.96429e-01
 6.61016e+03  7.94797e-01
 6.61042e+03  7.94349e-01
 6.61068e+03  7.91486e-01
 6.61094e+03  7.88954e-01
 6.61120e+03  7.87758e-01
 6.61146e+03  7.84835e-01
 6.61173e+03  7.84266e-01
 6.61199e+03  7.82361e-01
 6.61225e+03  7.77687e-01
 6.61251e+03  7.74511e-01
 6.61277e+03  7.73247e-01
 6.61303e+03  7.72089e-01
 6.61329e+03  7.71627e-01
 6.61355e+03  7.66286e-01
 6.61381e+03  7.61987e-01
 6.61408e+03  7.58938e-01
 6.61434e+03  7.57053e-01
 6.61460e+03  7.53591e-01
 6.61486e+03  7.52401e-01
 6.61512e+03  7.46185e-01
 6.61538e+03  7.42485e-01
 6.61564e+03  7.39476e-01
 6.61590e+03  7.37521e-01
 6.61617e+03  7.34709e-01
 6.61643e+03  7.26462e-01
 6.61669e+03  7.21864e-01
 6.61695e+03  7.17286e-01
 6.61721e+03  7.13198e-01
 6.61747e+03  7.12119e-01
 6.61773e+03  7.05238e-01
 6.61799e+03  6.99540e-01
 6.61826e+03  6.92954e-01
 6.61852e+03  6.91396e-01
 6.61878e+03  6.86570e-01
 6.61904e+03  6.80916e-01
 6.61930e+03  6.75520e-01
 6.61956e+03  6.65917e-01
 6.61982e+03  6.62208e-01
 6.62008e+03  6.57861e-01
 6.62034e+03  6.54926e-01
 6.62061e+03  6.46911e-01
 6.62087e+03  6.36834e-01
 6.62113e+03  6.32992e-01
 6.62139e+03  6.29755e-01
 6.62165e+03  6.22460e-01
 6.62191e+03  6.17906e-01
 6.62217e+03  6.08925e-01
 6.62243e+03  6.01708e-01
 6.62270e+03  5.96459e-01
 6.62296e+03  5.90879e-01
 6.62322e+03  5.86218e-01
 6.62348e+03  5.76233e-01
 6.62374e+03  5.67163e-01
 6.62400e+03  5.60182e-01
 6.62426e+03  5.57314e-01
 6.62452e+03  5.51507e-01
 6.62479e+03  5.43519e-01
 6.62505e+03  5.34293e-01
 6.62531e+03  5.26269e-01
 6.62557e+03  5.20840e-01
 6.62583e+03  5.14434e-01
 6.62609e+03  5.10273e-01
 6.62635e+03  4.99625e-01
 6.62661e+03  4.89929e-01
 6.62688e+03  4.84273e-01
 6.62714e+03  4.79712e-01
 6.62740e+03  4.76382e-01
 6.62766e+03  4.67113e-01
 6.62792e+03  4.55867e-01
 6.62818e+03  4.48068e-01
 6.62844e+03  4.42958e-01
 6.62870e+03  4.39340e-01
 6.62896e+03  4.33316e-01
 6.62923e+03  4.24884e-01
 6.62949e+03  4.14676e-01
 6.62975e+03  4.06429e-01
 6.63001e+03  4.05248e-01
 6.63027e+03  4.00919e-01
 6.63053e+03  3.91355e-01
 6.63079e+03  3.82081e-01
 6.63105e+03  3.75045e-01
 6.63132e+03  3.71898e-01
 6.63158e+03  3.66904e-01
 6.63184e+03  3.61479e-01
 6.63210e+03  3.51557e-01
 6.63236e+03  3.43995e-01
 6.63262e+03  3.39814e-01
 6.63288e+03  3.36958e-01
 6.63314e+03  3.30995e-01
 6.63340e+03  3.22970e-01
 6.63367e+03  3.14751e-01
 6.63393e+03  3.07679e-01
 6.63419e+03  3.06169e-01
 6.63445e+03  3.02780e-01
 6.63471e+03  2.94861e-01
 6.63497e+03  2.86381e-01
 6.63523e+03  2.81239e-01
 6.63549e+03  2.77369e-01
 6.63576e+03  2.74903e-01
 6.63602e+03  2.71122e-01
 6.63628e+03  2.62964e-01
 6.63654e+03  2.54736e-01
 6.63680e+03  2.50870e-01
 6.63706e+03  2.48212e-01
 6.63732e+03  2.45611e-01
 6.63758e+03  2.41038e-01
 6.63785e+03  2.33118e-01
 6.63811e+03  2.27080e-01
 6.63837e+03  2.24803e-01
 6.63863e+03  2.23411e-01
 6.63889e+03  2.19109e-01
 6.63915e+03  2.13023e-01
 6.63941e+03  2.07437e-01
 6.63967e+03  2.02616e-01
 6.63993e+03  2.02653e-01
 6.64020e+03  1.99238e-01
 6.64046e+03  1.93085e-01
 6.64072e+03  1.88106e-01
 6.64098e+03  1.84238e-01
 6.64124e+03  1.82725e-01
 6.64150e+03  1.81303e-01
 6.64176e+03  1.76950e-01
 6.64202e+03  1.71623e-01
 6.64229e+03  1.66550e-01
 6.64255e+03  1.64066e-01
 6.64281e+03  1.63233e-01
 6.64307e+03  1.60987e-01
 6.64333e+03  1.55929e-01
 6.64359e+03  1.51417e-01
 6.64385e+03  1.48750e-01
 6.64411e+03  1.46903e-01
 6.64438e+03  1.46029e-01
 6.64464e+03  1.42863e-01
 6.64490e+03  1.37834e-01
 6.64516e+03  1.34369e-01
 6.64542e+03  1.32032e-01
 6.64568e+03  1.32066e-01
 6.64594e+03  1.29577e-01
 6.64620e+03  1.27076e-01
 6.64646e+03  1.22261e-01
 6.64673e+03  1.19952e-01
 6.64699e+03  1.19262e-01
 6.64725e+03  1.18272e-01
 6.64751e+03  1.15674e-01
 6.64777e+03  1.11875e-01
 6.64803e+03  1.08976e-01
 6.64829e+03  1.08485e-01
 6.64855e+03  1.06881e-01
 6.64882e+03  1.05285e-01
 6.64908e+03  1.02067e-01
 6.64934e+03  9.93138e-02
 6.64960e+03  9.77306e-02
 6.64986e+03  9.71962e-02
 6.65012e+03  9.62309e-02
 6.65038e+03  9.28243e-02
 6.65064e+03  9.10494e-02
 6.65091e+03  8.88832e-02
 6.65117e+03  8.77880e-02
 6.65143e+03  8.75840e-02
 6.65169e+03  8.59187e-02
 6.65195e+03  8.29562e-02
 6.65221e+03  8.07333e-02
 6.65247e+03  7.94910e-02
 6.65273e+03  7.92845e-02
 6.65299e+03  7.83807e-02
 6.65326e+03  7.64979e-02
 6.65352e+03  7.39198e-02
 6.65378e+03  7.26080e-02
 6.65404e+03  7.22352e-02
 6.65430e+03  7.14897e-02
 6.65456e+03  7.06606e-02
 6.65482e+03  6.81108e-02
 6.65508e+03  6.63227e-02
 6.65535e+03  6.57939e-02
 6.65561e+03  6.51105e-02
 6.65587e+03  6.47127e-02
 6.65613e+03  6.30140e-02
 6.65639e+03  6.12651e-02
 6.65665e+03  5.92377e-02
 6.65691e+03  5.90197e-02
 6.65717e+03  5.92530e-02
 6.65744e+03  5.79836e-02
 6.65770e+03  5.64271e-02
 6.65796e+03  5.45426e-02
 6.65822e+03  5.35236e-02
 6.65848e+03  5.36027e-02
 6.65874e+03  5.33643e-02
 6.65900e+03  5.23530e-02
 6.65926e+03  5.00785e-02
 6.65952e+03  4.93580e-02
 6.65979e+03  4.88267e-02
 6.66005e+03  4.92885e-02
 6.66031e+03  4.81379e-02
 6.66057e+03  4.68253e-02
 6.66083e+03  4.57101e-02
 6.66109e+03  4.45799e-02
 6.66135e+03  4.45599e-02
 6.66161e+03  4.45145e-02
 6.66188e+03  4.36780e-02
 6.66214e+03  4.20737e-02
 6.66240e+03  4.13378e-02
 6.66266e+03  4.07407e-02
 6.66292e+03  4.06755e-02
 6.66318e+03  3.99205e-02
 6.66344e+03  3.90949e-02
 6.66370e+03  3.76768e-02
 6.66397e+03  3.74551e-02
 6.66423e+03  3.72241e-02
 6.66449e+03  3.71540e-02
 6.66475e+03  3.63139e-02
 6.66501e+03  3.51882e-02
 6.66527e+03  3.45289e-02
 6.66553e+03  3.42241e-02
 6.66579e+03  3.41647e-02
 6.66605e+03  3.38736e-02
 6.66632e+03  3.28987e-02
 6.66658e+03  3.17919e-02
 6.66684e+03  3.13222e-02
 6.66710e+03  3.13171e-02
 6.66736e+03  3.13502e-02
 6.66762e+03  3.08705e-02
 6.66788e+03  2.97387e-02
 6.66814e+03  2.90892e-02
 6.66841e+03  2.89094e-02
 6.66867e+03  2.89687e-02
 6.66893e+03  2.89178e-02
 6.66919e+03  2.79122e-02
 6.66945e+03  2.71126e-02
 6.66971e+03  2.67978e-02
 6.66997e+03  2.68292e-02
 6.67023e+03  2.67788e-02
 6.67050e+03  2.64573e-02
 6.67076e+03  2.48903e-02
 6.67102e+03  2.48412e-02
 6.67128e+03  2.46946e-02
 6.67154e+03  2.46721e-02
 6.67180e+03  2.43918e-02
 6.67206e+03  2.37993e-02
 6.67232e+03  2.25121e-02
 6.67258e+03  2.27298e-02
 6.67285e+03  2.25810e-02
 6.67311e+03  2.27235e-02
 6.67337e+03  2.22035e-02
 6.67363e+03  2.14934e-02
 6.67389e+03  2.10661e-02
 6.67415e+03  2.09858e-02
 6.67441e+03  2.12823e-02
 6.67467e+03  2.07231e-02
 6.67494e+03  2.03098e-02
 6.67520e+03  1.95548e-02
 6.67546e+03  1.93416e-02
 6.67572e+03  1.94746e-02
 6.67598e+03  1.96597e-02
 6.67624e+03  1.94116e-02
 6.67650e+03  1.84855e-02
 6.67676e+03  1.81015e-02
 6.67703e+03  1.78354e-02
 6.67729e+03  1.82111e-02
 6.67755e+03  1.79527e-02
 6.67781e+03  1.75670e-02
 6.67807e+03  1.70371e-02
 6.67833e+03  1.68486e-02
 6.67859e+03  1.68812e-02
 6.67885e+03  1.67394e-02
 6.67911e+03  1.65453e-02
 6.67938e+03  1.60087e-02
 6.67964e+03  1.57823e-02
 6.67990e+03  1.55584e-02
 6.68016e+03  1.56768e-02
 6.68042e+03  1.54427e-02
 6.68068e+03  1.54264e-02
 6.68094e+03  1.48322e-02
 6.68120e+03  1.45962e-02
 6.68147e+03  1.46125e-02
 6.68173e+03  1.47017e-02
 6.68199e+03  1.47192e-02
 6.68225e+03  1.40219e-02
 6.68251e+03  1.37774e-02
 6.68277e+03  1.36338e-02
 6.68303e+03  1.36040e-02
 6.68329e+03  1.35261e-02
 6.68356e+03  1.33920e-02
 6.68382e+03  1.27627e-02
 6.68408e+03  1.26719e-02
 6.68434e+03  1.26990e-02
 6.68460e+03  1.27662e-02
 6.68486e+03  1.25719e-02
 6.68512e+03  1.23573e-02
 6.68538e+03  1.17958e-02
 6.68565e+03  1.19094e-02
 6.68591e+03  1.18459e-02
 6.68617e+03  1.19207e-02
 6.68643e+03  1.18217e-02
 6.68669e+03  1.13149e-02
 6.68695e+03  1.11234e-02
 6.68721e+03  1.12314e-02
 6.68747e+03  1.11308e-02
 6.68773e+03  1.11123e-02
 6.68800e+03  1.06136e-02
 6.68826e+03  1.05870e-02
 6.68852e+03  1.03598e-02
 6.68878e+03  1.04819e-02
 6.68904e+03  1.03477e-02
 6.68930e+03  1.02056e-02
 6.68956e+03  7.49415e-03
 6.68982e+03  7.62471e-03
 6.69008e+03  9.60332e-03
 6.69035e+03  9.95338e-03
 6.69061e+03  9.81012e-03
 6.69087e+03  9.64242e-03
 6.69113e+03  9.25741e-03
 6.69139e+03  9.26792e-03
 6.69165e+03  9.21076e-03
 6.69191e+03  9.28846e-03
 6.69217e+03  9.28665e-03
 6.69244e+03  8.87381e-03
 6.69270e+03  8.73921e-03
 6.69296e+03  8.64035e-03
 6.69322e+03  8.84327e-03
 6.69348e+03  8.71516e-03
 6.69374e+03  8.53341e-03
 6.69400e+03  8.25261e-03
 6.69426e+03  8.19352e-03
 6.69453e+03  8.19576e-03
 6.69479e+03  8.26532e-03
 6.69505e+03  8.13518e-03
 6.69531e+03  8.08715e-03
 6.69557e+03  7.57827e-03
 6.69583e+03  7.79321e-03
 6.69609e+03  7.99596e-03
 6.69635e+03  7.67902e-03
 6.69662e+03  7.52489e-03
 6.69688e+03  7.41348e-03
 6.69714e+03  7.29470e-03
 6.69740e+03  7.28731e-03
 6.69766e+03  7.42261e-03
 6.69792e+03  7.10746e-03
 6.69818e+03  7.03301e-03
 6.69844e+03  6.90376e-03
 6.69870e+03  6.88081e-03
 6.69897e+03  6.89254e-03
 6.69923e+03  6.94299e-03
 6.69949e+03  6.81505e-03
 6.69975e+03  6.48318e-03
 6.70001e+03  6.58760e-03
 6.70027e+03  6.59070e-03
 6.70053e+03  6.58891e-03
 6.70079e+03  6.45917e-03
 6.70106e+03  6.53192e-03
 6.70132e+03  6.20102e-03
 6.70158e+03  6.03030e-03
 6.70184e+03  6.13611e-03
 6.70210e+03  6.14239e-03
 6.70236e+03  6.21310e-03
 6.70262e+03  5.92326e-03
 6.70288e+03  5.86619e-03
 6.70315e+03  5.96561e-03
 6.70341e+03  5.91417e-03
 6.70367e+03  5.96475e-03
 6.70393e+03  5.66773e-03
 6.70419e+03  5.55377e-03
 6.70445e+03  5.57229e-03
 6.70471e+03  5.40456e-03
 6.70497e+03  5.42771e-03
 6.70523e+03  5.48563e-03
 6.70550e+03  5.43734e-03
 6.70576e+03  5.24967e-03
 6.70602e+03  5.26072e-03
 6.70628e+03  5.30687e-03
 6.70654e+03  5.39302e-03
 6.70680e+03  5.33427e-03
 6.70706e+03  5.00040e-03
 6.70732e+03  5.09988e-03
 6.70759e+03  5.07960e-03
 6.70785e+03  5.02083e-03
 6.70811e+03  5.03132e-03
 6.70837e+03  4.97054e-03
 6.70863e+03  4.85087e-03
 6.70889e+03  4.89295e-03
 6.70915e+03  4.79102e-03
 6.70941e+03  4.82582e-03
 6.70968e+03  4.82495e-03
 6.70994e+03  4.62017e-03
 6.71020e+03  4.59025e-03
 6.71046e+03  4.67425e-03
 6.71072e+03  4.56448e-03
 6.71098e+03  4.54267e-03
 6.71124e+03  4.51588e-03
 6.71150e+03  4.43286e-03
 6.71176e+03  4.41976e-03
 6.71203e+03  4.41034e-03
 6.71229e+03  4.36741e-03
 6.71255e+03  4.32698e-03
 6.71281e+03  4.22755e-03
 6.71307e+03  4.17775e-03
 6.71333e+03  4.23647e-03
 6.71359e+03  4.29616e-03
 6.71385e+03  4.16511e-03
 6.71412e+03  4.16033e-03
 6.71438e+03  4.06730e-03
 6.71464e+03  3.92602e-03
 6.71490e+03  4.08644e-03
 6.71516e+03  4.10064e-03
 6.71542e+03  3.97702e-03
 6.71568e+03  4.08101e-03
 6.71594e+03  3.80792e-03
 6.71621e+03  3.89768e-03
 6.71647e+03  3.88257e-03
 6.71673e+03  3.83230e-03
 6.71699e+03  3.80612e-03
 6.71725e+03  3.68277e-03
 6.71751e+03  3.71241e-03
 6.71777e+03  3.72915e-03
 6.71803e+03  3.62817e-03
 6.71829e+03  3.75110e-03
 6.71856e+03  3.55995e-03
 6.71882e+03  3.63208e-03
 6.71908e+03  3.49510e-03
 6.71934e+03  3.53311e-03
 6.71960e+03  3.54741e-03
 6.71986e+03  3.47936e-03
 6.72012e+03  3.56887e-03
 6.72038e+03  3.46626e-03
 6.72065e+03  3.41539e-03
 6.72091e+03  3.39962e-03
 6.72117e+03  3.37243e-03
 6.72143e+03  3.38802e-03
 6.72169e+03  3.27757e-03
 6.72195e+03  3.28809e-03
 6.72221e+03  3.32674e-03
 6.72247e+03  3.20867e-03
 6.72274e+03  3.33779e-03
 6.72300e+03  3.13861e-03
 6.72326e+03  3.15765e-03
 6.72352e+03  3.05945e-03
 6.72378e+03  3.11703e-03
 6.72404e+03  3.26499e-03
 6.72430e+03  3.20750e-03
 6.72456e+03  3.03265e-03
 6.72482e+03  3.02121e-03
 6.72509e+03  3.08171e-03
 6.72535e+03  3.06519e-03
 6.72561e+03  3.11421e-03
 6.72587e+03  3.05628e-03
 6.72613e+03  2.90732e-03
 6.72639e+03  2.84993e-03
 6.72665e+03  2.91655e-03
 6.72691e+03  2.82314e-03
 6.72718e+03  2.91986e-03
 6.72744e+03  2.81001e-03
 6.72770e+03  2.71950e-03
 6.72796e+03  2.84728e-03
 6.72822e+03  2.80251e-03
 6.72848e+03  2.80317e-03
 6.72874e+03  2.79631e-03
 6.72900e+03  2.77302e-03
 6.72927e+03  2.72032e-03
 6.72953e+03  2.74142e-03
 6.72979e+03  2.68926e-03
 6.73005e+03  2.81142e-03
 6.73031e+03  2.69499e-03
 6.73057e+03  2.61067e-03
 6.73083e+03  2.63013e-03
 6.73109e+03  2.62205e-03
 6.73135e+03  2.67160e-03
 6.73162e+03  2.53183e-03
 6.73188e+03  2.49814e-03
 6.73214e+03  2.50235e-03
 6.73240e+03  2.48674e-03
 6.73266e+03  2.54777e-03
 6.73292e+03  2.50296e-03
 6.73318e+03  2.46002e-03
 6.73344e+03  2.41319e-03
 6.73371e+03  2.37384e-03
 6.73397e+03  2.42375e-03
 6.73423e+03  2.49854e-03
 6.73449e+03  2.48750e-03
 6.73475e+03  2.39528e-03
 6.73501e+03  2.31163e-03
 6.73527e+03  2.34898e-03
 6.73553e+03  2.45795e-03
 6.73580e+03  2.35431e-03
 6.73606e+03  2.29729e-03
 6.73632e+03  2.32803e-03
 6.73658e+03  2.21093e-03
 6.73684e+03  2.33238e-03
 6.73710e+03  2.23874e-03
 6.73736e+03  2.23055e-03
 6.73762e+03  2.22457e-03
 6.73788e+03  2.24705e-03
 6.73815e+03  2.23101e-03
 6.73841e+03  2.10081e-03
 6.73867e+03  2.25400e-03
 6.73893e+03  2.22623e-03
 6.73919e+03  2.14850e-03
 6.73945e+03  2.18990e-03
 6.73971e+03  2.12847e-03
 6.73997e+03  2.08034e-03
 6.74024e+03  2.14032e-03
 6.74050e+03  2.17478e-03
 6.74076e+03  2.05866e-03
 6.74102e+03  2.04603e-03
 6.74128e+03  2.03860e-03
 6.74154e+03  2.03141e-03
 6.74180e+03  2.18362e-03
 6.74206e+03  2.00830e-03
 6.74233e+03  2.08448e-03
 6.74259e+03  2.00716e-03
 6.74285e+03  1.94493e-03
 6.74311e+03  2.01696e-03
 6.74337e+03  2.05830e-03
 6.74363e+03  1.91792e-03
 6.74389e+03  2.00962e-03
 6.74415e+03  1.95727e-03
 6.74442e+03  1.90181e-03
 6.74468e+03  1.96908e-03
 6.74494e+03  1.91432e-03
 6.74520e+03  1.90902e-03
 6.74546e+03  1.92248e-03
 6.74572e+03  1.91562e-03
 6.74598e+03  1.83167e-03
 6.74624e+03  1.83294e-03
 6.74650e+03  1.82250e-03
 6.74677e+03  1.85312e-03
 6.74703e+03  1.90047e-03
 6.74729e+03  1.81532e-03
 6.74755e+03  1.74966e-03
 6.74781e+03  1.78601e-03
 6.74807e+03  1.75742e-03
 6.74833e+03  1.82377e-03
 6.74859e+03  1.75357e-03
 6.74885e+03  1.83877e-03
 6.74912e+03  1.80891e-03
 6.74938e+03  1.84807e-03
 6.74964e+03  1.72018e-03
 6.74990e+03  1.65585e-03
 6.75016e+03  1.75297e-03
