 5.25009e+03  1.88165e-03
 5.25035e+03  1.80783e-03
 5.25061e+03  2.05988e-03
 5.25087e+03  2.05795e-03
 5.25113e+03  1.88298e-03
 5.25139e+03  2.01503e-03
 5.25165e+03  1.90635e-03
 5.25191e+03  2.00707e-03
 5.25217e+03  1.90546e-03
 5.25243e+03  2.12204e-03
 5.25269e+03  1.87831e-03
 5.25295e+03  1.91728e-03
 5.25321e+03  1.85619e-03
 5.25347e+03  2.00483e-03
 5.25373e+03  1.80716e-03
 5.25399e+03  2.07063e-03
 5.25425e+03  2.18626e-03
 5.25451e+03  2.08029e-03
 5.25477e+03  2.27370e-03
 5.25503e+03  2.02626e-03
 5.25529e+03  2.49010e-03
 5.25555e+03  2.05344e-03
 5.25581e+03  2.00348e-03
 5.25607e+03  2.10004e-03
 5.25633e+03  2.15318e-03
 5.25659e+03  2.26283e-03
 5.25685e+03  2.02650e-03
 5.25711e+03  2.34275e-03
 5.25737e+03  2.20702e-03
 5.25763e+03  2.26235e-03
 5.25789e+03  1.97902e-03
 5.25815e+03  2.21149e-03
 5.25841e+03  1.95783e-03
 5.25867e+03  2.01449e-03
 5.25893e+03  2.10056e-03
 5.25919e+03  2.26437e-03
 5.25945e+03  2.07116e-03
 5.25971e+03  2.05235e-03
 5.25997e+03  2.18080e-03
 5.26023e+03  2.36256e-03
 5.26049e+03  2.02141e-03
 5.26075e+03  2.60254e-03
 5.26101e+03  2.35847e-03
 5.26127e+03  2.31283e-03
 5.26153e+03  2.22702e-03
 5.26179e+03  2.45078e-03
 5.26205e+03  2.45869e-03
 5.26231e+03  2.19389e-03
 5.26257e+03  2.36432e-03
 5.26283e+03  2.30052e-03
 5.26309e+03  2.29929e-03
 5.26335e+03  2.33160e-03
 5.26361e+03  2.26777e-03
 5.26387e+03  2.62104e-03
 5.26413e+03  2.56755e-03
 5.26439e+03  2.24065e-03
 5.26465e+03  2.30663e-03
 5.26491e+03  2.57662e-03
 5.26517e+03  2.04024e-03
 5.26543e+03 -1.53240e-02
 5.26569e+03 -5.17001e-03
 5.26595e+03  9.48257e-04
 5.26621e+03  2.57973e-03
 5.26647e+03  2.42451e-03
 5.26673e+03  2.51009e-03
 5.26699e+03  2.48791e-03
 5.26725e+03  2.41313e-03
 5.26751e+03  2.40844e-03
 5.26777e+03  2.59224e-03
 5.26803e+03  2.51047e-03
 5.26829e+03  2.56406e-03
 5.26855e+03  2.72723e-03
 5.26881e+03  2.88151e-03
 5.26907e+03  2.69993e-03
 5.26933e+03  2.53441e-03
 5.26959e+03  2.58547e-03
 5.26985e+03  2.45735e-03
 5.27011e+03  2.66688e-03
 5.27037e+03  2.44131e-03
 5.27063e+03  2.63192e-03
 5.27089e+03  2.80027e-03
 5.27115e+03  2.84374e-03
 5.27141e+03  2.77372e-03
 5.27167e+03  2.81234e-03
 5.27193e+03  2.60389e-03
 5.27219e+03  2.82533e-03
 5.27245e+03  3.02908e-03
 5.27271e+03  3.05674e-03
 5.27297e+03  2.65845e-03
 5.27323e+03  2.92086e-03
 5.27349e+03  2.58021e-03
 5.27375e+03  2.98957e-03
 5.27401e+03  2.78178e-03
 5.27427e+03  3.08459e-03
 5.27453e+03  2.78564e-03
 5.27479e+03  2.77494e-03
 5.27505e+03  3.18914e-03
 5.27531e+03  3.08771e-03
 5.27557e+03  2.99321e-03
 5.27583e+03  3.18233e-03
 5.27609e+03  2.93208e-03
 5.27635e+03  2.97440e-03
 5.27661e+03  3.03213e-03
 5.27687e+03  3.40069e-03
 5.27713e+03  2.90395e-03
 5.27739e+03  2.97830e-03
 5.27765e+03  3.20827e-03
 5.27791e+03  3.25472e-03
 5.27817e+03  3.25156e-03
 5.27843e+03  3.07041e-03
 5.27869e+03  3.29784e-03
 5.27895e+03  3.41388e-03
 5.27921e+03  3.21219e-03
 5.27947e+03  3.07691e-03
 5.27973e+03  3.46526e-03
 5.27999e+03  3.29587e-03
 5.28025e+03  3.18132e-03
 5.28051e+03  3.35499e-03
 5.28077e+03  3.47093e-03
 5.28103e+03  3.49280e-03
 5.28129e+03  3.36851e-03
 5.28155e+03  3.66993e-03
 5.28181e+03  3.59719e-03
 5.28207e+03  3.52928e-03
 5.28233e+03  3.55702e-03
 5.28259e+03  3.79048e-03
 5.28285e+03  3.51887e-03
 5.28311e+03  3.59192e-03
 5.28337e+03  3.97308e-03
 5.28363e+03  3.60203e-03
 5.28389e+03  3.66313e-03
 5.28415e+03  3.89167e-03
 5.28441e+03  3.63481e-03
 5.28467e+03  3.81170e-03
 5.28493e+03  3.64550e-03
 5.28519e+03  3.74750e-03
 5.28545e+03  3.85082e-03
 5.28571e+03  4.09456e-03
 5.28597e+03  3.98577e-03
 5.28623e+03  3.91916e-03
 5.28649e+03  4.19856e-03
 5.28675e+03  3.89241e-03
 5.28701e+03  4.23287e-03
 5.28727e+03  4.24564e-03
 5.28753e+03  4.26270e-03
 5.28779e+03  4.15353e-03
 5.28805e+03  4.23948e-03
 5.28831e+03  4.09308e-03
 5.28857e+03  4.23861e-03
 5.28883e+03  4.06081e-03
 5.28909e+03  4.43395e-03
 5.28935e+03  4.28056e-03
 5.28961e+03  4.59234e-03
 5.28987e+03  4.47061e-03
 5.29013e+03  4.44718e-03
 5.29039e+03  4.49967e-03
 5.29065e+03  4.46212e-03
 5.29091e+03  4.83120e-03
 5.29117e+03  4.66297e-03
 5.29143e+03  4.79460e-03
 5.29169e+03  4.61532e-03
 5.29195e+03  4.67072e-03
 5.29221e+03  4.79415e-03
 5.29247e+03  4.75753e-03
 5.29273e+03  4.77995e-03
 5.29299e+03  4.82747e-03
 5.29325e+03  4.68221e-03
 5.29351e+03  4.95105e-03
 5.29377e+03  4.93419e-03
 5.29403e+03  4.98269e-03
 5.29429e+03  4.86996e-03
 5.29455e+03  5.11142e-03
 5.29481e+03  5.28032e-03
 5.29507e+03  5.21762e-03
 5.29533e+03  4.96911e-03
 5.29559e+03  5.48807e-03
 5.29585e+03  5.42068e-03
 5.29611e+03  5.37723e-03
 5.29637e+03  5.50518e-03
 5.29663e+03  5.53321e-03
 5.29689e+03  5.49485e-03
 5.29715e+03  5.64607e-03
 5.29741e+03  5.78673e-03
 5.29767e+03  5.51665e-03
 5.29793e+03  5.58011e-03
 5.29819e+03  5.58025e-03
 5.29845e+03  5.88681e-03
 5.29871e+03  5.96398e-03
 5.29897e+03  6.10696e-03
 5.29923e+03  5.97219e-03
 5.29949e+03  6.01266e-03
 5.29975e+03  6.15822e-03
 5.30001e+03  5.82187e-03
 5.30027e+03  6.07314e-03
 5.30053e+03  6.01077e-03
 5.30079e+03  6.24215e-03
 5.30105e+03  6.25062e-03
 5.30131e+03  6.62247e-03
 5.30157e+03  6.40032e-03
 5.30183e+03  6.55905e-03
 5.30209e+03  6.40332e-03
 5.30235e+03  6.77408e-03
 5.30261e+03  6.70469e-03
 5.30287e+03  6.93484e-03
 5.30313e+03  6.87589e-03
 5.30339e+03  6.97702e-03
 5.30365e+03  6.94518e-03
 5.30391e+03  7.17892e-03
 5.30417e+03  7.41934e-03
 5.30443e+03  7.08318e-03
 5.30469e+03  7.45280e-03
 5.30495e+03  7.44779e-03
 5.30521e+03  7.25393e-03
 5.30547e+03  7.57981e-03
 5.30573e+03  7.43093e-03
 5.30599e+03  7.95633e-03
 5.30625e+03  7.68740e-03
 5.30651e+03  7.99901e-03
 5.30677e+03  8.14901e-03
 5.30703e+03  8.33128e-03
 5.30729e+03  8.30585e-03
 5.30755e+03  8.75319e-03
 5.30781e+03  8.44389e-03
 5.30807e+03  8.12533e-03
 5.30833e+03  8.20928e-03
 5.30859e+03  8.70680e-03
 5.30885e+03  8.64607e-03
 5.30911e+03  8.93771e-03
 5.30937e+03  8.98015e-03
 5.30963e+03  8.92709e-03
 5.30989e+03  9.25964e-03
 5.31015e+03  9.17498e-03
 5.31041e+03  9.13990e-03
 5.31067e+03  9.43524e-03
 5.31093e+03  9.33136e-03
 5.31119e+03  9.56170e-03
 5.31145e+03  9.77447e-03
 5.31171e+03  1.00295e-02
 5.31197e+03  1.00913e-02
 5.31223e+03  9.89931e-03
 5.31249e+03  1.01731e-02
 5.31275e+03  1.07764e-02
 5.31301e+03  1.03926e-02
 5.31327e+03  1.02649e-02
 5.31353e+03  1.06446e-02
 5.31379e+03  1.08563e-02
 5.31405e+03  1.13071e-02
 5.31431e+03  1.13588e-02
 5.31457e+03  1.13305e-02
 5.31483e+03  1.14230e-02
 5.31509e+03  1.15332e-02
 5.31535e+03  1.17980e-02
 5.31561e+03  1.18975e-02
 5.31587e+03  1.17080e-02
 5.31613e+03  1.21383e-02
 5.31639e+03  1.21105e-02
 5.31665e+03  1.27464e-02
 5.31691e+03  1.24096e-02
 5.31717e+03  1.28553e-02
 5.31743e+03  1.29599e-02
 5.31769e+03  1.31123e-02
 5.31795e+03  1.31149e-02
 5.31821e+03  1.35049e-02
 5.31847e+03  1.33064e-02
 5.31873e+03  1.35365e-02
 5.31899e+03  1.41415e-02
 5.31925e+03  1.42833e-02
 5.31951e+03  1.45852e-02
 5.31977e+03  1.48074e-02
 5.32003e+03  1.47211e-02
 5.32029e+03  1.51705e-02
 5.32055e+03  1.49771e-02
 5.32081e+03  1.51153e-02
 5.32107e+03  1.55601e-02
 5.32133e+03  1.55058e-02
 5.32159e+03  1.60459e-02
 5.32185e+03  1.63740e-02
 5.32211e+03  1.65887e-02
 5.32237e+03  1.65411e-02
 5.32263e+03  1.68364e-02
 5.32289e+03  1.69533e-02
 5.32315e+03  1.75141e-02
 5.32341e+03  1.79850e-02
 5.32367e+03  1.78394e-02
 5.32393e+03  1.84845e-02
 5.32419e+03  1.81474e-02
 5.32445e+03  1.86039e-02
 5.32471e+03  1.85197e-02
 5.32497e+03  1.91278e-02
 5.32523e+03  1.99047e-02
 5.32549e+03  1.97469e-02
 5.32575e+03  1.95873e-02
 5.32601e+03  2.03586e-02
 5.32627e+03  2.11017e-02
 5.32653e+03  2.09689e-02
 5.32679e+03  2.15149e-02
 5.32705e+03  2.14504e-02
 5.32731e+03  2.26924e-02
 5.32757e+03  2.20926e-02
 5.32783e+03  2.29099e-02
 5.32809e+03  2.24907e-02
 5.32835e+03  2.31598e-02
 5.32861e+03  2.37276e-02
 5.32887e+03  2.41067e-02
 5.32913e+03  2.49306e-02
 5.32939e+03  2.50455e-02
 5.32965e+03  2.50797e-02
 5.32991e+03  2.56947e-02
 5.33017e+03  2.57531e-02
 5.33043e+03  2.66633e-02
 5.33069e+03  2.71152e-02
 5.33095e+03  2.74630e-02
 5.33121e+03  2.81887e-02
 5.33147e+03  2.87422e-02
 5.33173e+03  2.94112e-02
 5.33199e+03  2.93995e-02
 5.33225e+03  2.94134e-02
 5.33251e+03  3.03373e-02
 5.33277e+03  3.05099e-02
 5.33303e+03  3.13026e-02
 5.33329e+03  3.25252e-02
 5.33355e+03  3.19869e-02
 5.33381e+03  3.34444e-02
 5.33407e+03  3.38983e-02
 5.33433e+03  3.40649e-02
 5.33459e+03  3.47183e-02
 5.33485e+03  3.57344e-02
 5.33511e+03  3.64298e-02
 5.33537e+03  3.62375e-02
 5.33563e+03  3.69828e-02
 5.33589e+03  3.82038e-02
 5.33615e+03  3.91157e-02
 5.33641e+03  3.93796e-02
 5.33667e+03  3.96645e-02
 5.33693e+03  4.05960e-02
 5.33719e+03  4.21026e-02
 5.33745e+03  4.19377e-02
 5.33771e+03  4.26099e-02
 5.33797e+03  4.33307e-02
 5.33823e+03  4.46132e-02
 5.33849e+03  4.54845e-02
 5.33875e+03  4.60250e-02
 5.33901e+03  4.71139e-02
 5.33927e+03  4.75534e-02
 5.33953e+03  4.87772e-02
 5.33979e+03  4.91309e-02
 5.34005e+03  5.07161e-02
 5.34031e+03  5.14429e-02
 5.34057e+03  5.24155e-02
 5.34083e+03  5.29541e-02
 5.34109e+03  5.46292e-02
 5.34135e+03  5.53917e-02
 5.34161e+03  5.60776e-02
 5.34187e+03  5.81497e-02
 5.34213e+03  5.89953e-02
 5.34239e+03  5.94064e-02
 5.34265e+03  6.07082e-02
 5.34291e+03  6.29674e-02
 5.34317e+03  6.38588e-02
 5.34343e+03  6.42011e-02
 5.34369e+03  6.56483e-02
 5.34395e+03  6.68361e-02
 5.34421e+03  6.84035e-02
 5.34447e+03  7.01492e-02
 5.34473e+03  7.07740e-02
 5.34499e+03  7.25301e-02
 5.34525e+03  7.34667e-02
 5.34551e+03  7.50709e-02
 5.34577e+03  7.69470e-02
 5.34603e+03  7.79357e-02
 5.34629e+03  7.95556e-02
 5.34655e+03  8.24135e-02
 5.34681e+03  8.27173e-02
 5.34707e+03  8.53571e-02
 5.34733e+03  8.64137e-02
 5.34759e+03  8.88835e-02
 5.34785e+03  9.05145e-02
 5.34811e+03  9.27846e-02
 5.34837e+03  9.33899e-02
 5.34863e+03  9.60308e-02
 5.34889e+03  9.83578e-02
 5.34915e+03  1.01569e-01
 5.34941e+03  1.01705e-01
 5.34967e+03  1.04397e-01
 5.34993e+03  1.08165e-01
 5.35019e+03  1.08801e-01
 5.35045e+03  1.10533e-01
 5.35071e+03  1.13315e-01
 5.35097e+03  1.14943e-01
 5.35123e+03  1.18321e-01
 5.35149e+03  1.19337e-01
 5.35175e+03  1.22362e-01
 5.35201e+03  1.25531e-01
 5.35227e+03  1.28056e-01
 5.35253e+03  1.31222e-01
 5.35279e+03  1.33703e-01
 5.35305e+03  1.36089e-01
 5.35331e+03  1.39073e-01
 5.35357e+03  1.40755e-01
 5.35383e+03  1.45540e-01
 5.35409e+03  1.47956e-01
 5.35435e+03  1.50109e-01
 5.35461e+03  1.55168e-01
 5.35487e+03  1.56891e-01
 5.35513e+03  1.61767e-01
 5.35539e+03  1.64045e-01
 5.35565e+03  1.69520e-01
 5.35591e+03  1.71306e-01
 5.35617e+03  1.74658e-01
 5.35643e+03  1.78719e-01
 5.35669e+03  1.82079e-01
 5.35695e+03  1.85766e-01
 5.35721e+03  1.89594e-01
 5.35747e+03  1.94378e-01
 5.35773e+03  1.97186e-01
 5.35799e+03  2.02781e-01
 5.35825e+03  2.07028e-01
 5.35851e+03  2.10869e-01
 5.35877e+03  2.14838e-01
 5.35903e+03  2.20475e-01
 5.35929e+03  2.24081e-01
 5.35955e+03  2.28974e-01
 5.35981e+03  2.32817e-01
 5.36007e+03  2.36697e-01
 5.36033e+03  2.44915e-01
 5.36059e+03  2.48496e-01
 5.36085e+03  2.52567e-01
 5.36111e+03  2.59587e-01
 5.36137e+03  2.62795e-01
 5.36163e+03  2.66864e-01
 5.36189e+03  2.73982e-01
 5.36215e+03  2.77405e-01
 5.36241e+03  2.85305e-01
 5.36267e+03  2.90318e-01
 5.36293e+03  2.95686e-01
 5.36319e+03  3.01616e-01
 5.36345e+03  3.07588e-01
 5.36371e+03  3.13472e-01
 5.36397e+03  3.19429e-01
 5.36423e+03  3.24757e-01
 5.36449e+03  3.31039e-01
 5.36475e+03  3.38116e-01
 5.36501e+03  3.43192e-01
 5.36527e+03  3.51013e-01
 5.36553e+03  3.56906e-01
 5.36579e+03  3.61968e-01
 5.36605e+03  3.68532e-01
 5.36631e+03  3.77289e-01
 5.36657e+03  3.80554e-01
 5.36683e+03  3.87642e-01
 5.36709e+03  3.92427e-01
 5.36735e+03  4.00847e-01
 5.36761e+03  4.07446e-01
 5.36787e+03  4.14033e-01
 5.36813e+03  4.20931e-01
 5.36839e+03  4.24930e-01
 5.36865e+03  4.31099e-01
 5.36891e+03  4.37747e-01
 5.36917e+03  4.45464e-01
 5.36943e+03  4.54789e-01
 5.36969e+03  4.62063e-01
 5.36995e+03  4.69151e-01
 5.37021e+03  4.73548e-01
 5.37047e+03  4.80386e-01
 5.37073e+03  4.87861e-01
 5.37099e+03  4.94466e-01
 5.37125e+03  5.00036e-01
 5.37151e+03  5.04326e-01
 5.37177e+03  5.12596e-01
 5.37203e+03  5.18614e-01
 5.37229e+03  5.23031e-01
 5.37255e+03  5.30161e-01
 5.37281e+03  5.36788e-01
 5.37307e+03  5.43787e-01
 5.37333e+03  5.49845e-01
 5.37359e+03  5.53432e-01
 5.37385e+03  5.60879e-01
 5.37411e+03  5.66397e-01
 5.37437e+03  5.73290e-01
 5.37463e+03  5.77973e-01
 5.37489e+03  5.81427e-01
 5.37515e+03  5.89369e-01
 5.37541e+03  5.93663e-01
 5.37567e+03  5.98175e-01
 5.37593e+03  5.98463e-01
 5.37619e+03  6.10376e-01
 5.37645e+03  6.10465e-01
 5.37671e+03  6.15046e-01
 5.37697e+03  6.21022e-01
 5.37723e+03  6.25272e-01
 5.37749e+03  6.30641e-01
 5.37775e+03  6.35951e-01
 5.37801e+03  6.37918e-01
 5.37827e+03  6.42000e-01
 5.37853e+03  6.43241e-01
 5.37879e+03  6.49349e-01
 5.37905e+03  6.51507e-01
 5.37931e+03  6.56943e-01
 5.37957e+03  6.56540e-01
 5.37983e+03  6.63515e-01
 5.38009e+03  6.62381e-01
 5.38035e+03  6.72318e-01
 5.38061e+03  6.73310e-01
 5.38087e+03  6.75703e-01
 5.38113e+03  6.77057e-01
 5.38139e+03  6.78184e-01
 5.38165e+03  6.82148e-01
 5.38191e+03  6.81465e-01
 5.38217e+03  6.86997e-01
 5.38243e+03  6.85568e-01
 5.38269e+03  6.92328e-01
 5.38295e+03  6.89659e-01
 5.38321e+03  6.94417e-01
 5.38347e+03  6.96114e-01
 5.38373e+03  6.93656e-01
 5.38399e+03  6.94840e-01
 5.38425e+03  6.97753e-01
 5.38451e+03  6.98147e-01
 5.38477e+03  7.01144e-01
 5.38503e+03  7.01126e-01
 5.38529e+03  7.03009e-01
 5.38555e+03  6.98750e-01
 5.38581e+03  7.00724e-01
 5.38607e+03  7.03161e-01
 5.38633e+03  7.00267e-01
 5.38659e+03  7.04942e-01
 5.38685e+03  7.09187e-01
 5.38711e+03  7.05151e-01
 5.38737e+03  7.07500e-01
 5.38763e+03  7.06131e-01
 5.38789e+03  7.08052e-01
 5.38815e+03  7.04903e-01
 5.38841e+03  7.07229e-01
 5.38867e+03  7.04096e-01
 5.38893e+03  7.02844e-01
 5.38919e+03  7.04806e-01
 5.38945e+03  7.07595e-01
 5.38971e+03  7.08051e-01
 5.38997e+03  7.06483e-01
 5.39023e+03  7.06217e-01
 5.39049e+03  7.03057e-01
 5.39075e+03  7.01798e-01
 5.39101e+03  7.06608e-01
 5.39127e+03  7.00298e-01
 5.39153e+03  7.02745e-01
 5.39179e+03  6.98937e-01
 5.39205e+03  7.03167e-01
 5.39231e+03  7.01601e-01
 5.39257e+03  7.01617e-01
 5.39283e+03  7.00350e-01
 5.39309e+03  6.99390e-01
 5.39335e+03  6.97594e-01
 5.39361e+03  7.00068e-01
 5.39387e+03  6.96354e-01
 5.39413e+03  6.96493e-01
 5.39439e+03  6.98177e-01
 5.39465e+03  6.96171e-01
 5.39491e+03  6.95699e-01
 5.39517e+03  6.97109e-01
 5.39543e+03  6.94041e-01
 5.39569e+03  6.95346e-01
 5.39595e+03  6.94231e-01
 5.39621e+03  6.90989e-01
 5.39647e+03  6.94687e-01
 5.39673e+03  6.89547e-01
 5.39699e+03  6.90537e-01
 5.39725e+03  6.93217e-01
 5.39751e+03  6.87017e-01
 5.39777e+03  6.90556e-01
 5.39803e+03  6.88201e-01
 5.39829e+03  6.87514e-01
 5.39855e+03  6.87198e-01
 5.39881e+03  6.85040e-01
 5.39907e+03  6.87063e-01
 5.39933e+03  6.86703e-01
 5.39959e+03  6.83241e-01
 5.39985e+03  6.83569e-01
 5.40011e+03  6.80745e-01
 5.40037e+03  6.82348e-01
 5.40063e+03  6.79901e-01
 5.40089e+03  6.77400e-01
 5.40115e+03  6.77854e-01
 5.40141e+03  6.79814e-01
 5.40167e+03  6.79775e-01
 5.40193e+03  6.79629e-01
 5.40219e+03  6.79764e-01
 5.40245e+03  6.73789e-01
 5.40271e+03  6.77006e-01
 5.40297e+03  6.76027e-01
 5.40323e+03  6.78814e-01
 5.40349e+03  6.77908e-01
 5.40375e+03  6.77681e-01
 5.40401e+03  6.75557e-01
 5.40427e+03  6.76601e-01
 5.40453e+03  6.77780e-01
 5.40479e+03  6.74776e-01
 5.40505e+03  6.77576e-01
 5.40531e+03  6.75631e-01
 5.40557e+03  6.72847e-01
 5.40583e+03  6.75396e-01
 5.40609e+03  6.71136e-01
 5.40635e+03  6.68173e-01
 5.40661e+03  6.70565e-01
 5.40687e+03  6.71642e-01
 5.40713e+03  6.76640e-01
 5.40739e+03  6.71094e-01
 5.40765e+03  6.72922e-01
 5.40791e+03  6.69912e-01
 5.40817e+03  6.72897e-01
 5.40843e+03  6.71967e-01
 5.40869e+03  6.73383e-01
 5.40895e+03  6.69015e-01
 5.40921e+03  6.71946e-01
 5.40947e+03  6.66843e-01
 5.40973e+03  6.68062e-01
 5.40999e+03  6.68952e-01
 5.41025e+03  6.69474e-01
 5.41051e+03  6.71294e-01
 5.41077e+03  6.67177e-01
 5.41103e+03  6.69038e-01
 5.41129e+03  6.71141e-01
 5.41155e+03  6.69695e-01
 5.41181e+03  6.71179e-01
 5.41207e+03  6.68583e-01
 5.41233e+03  6.70186e-01
 5.41259e+03  6.68007e-01
 5.41285e+03  6.71740e-01
 5.41311e+03  6.66486e-01
 5.41337e+03  6.72309e-01
 5.41363e+03  6.72248e-01
 5.41389e+03  6.69139e-01
 5.41415e+03  6.68160e-01
 5.41441e+03  6.69812e-01
 5.41467e+03  6.71179e-01
 5.41493e+03  6.70119e-01
 5.41519e+03  6.67201e-01
 5.41545e+03  6.69686e-01
 5.41571e+03  6.69630e-01
 5.41597e+03  6.68278e-01
 5.41623e+03  6.72498e-01
 5.41649e+03  6.73594e-01
 5.41675e+03  6.70165e-01
 5.41701e+03  6.72462e-01
 5.41727e+03  6.70716e-01
 5.41753e+03  6.71489e-01
 5.41779e+03  6.73678e-01
 5.41805e+03  6.70752e-01
 5.41831e+03  6.75097e-01
 5.41857e+03  6.73862e-01
 5.41883e+03  6.71334e-01
 5.41909e+03  6.72794e-01
 5.41935e+03  6.72919e-01
 5.41961e+03  6.76186e-01
 5.41987e+03  6.72717e-01
 5.42013e+03  6.72620e-01
 5.42039e+03  6.74488e-01
 5.42065e+03  6.72311e-01
 5.42091e+03  6.77253e-01
 5.42117e+03  6.70482e-01
 5.42143e+03  6.76627e-01
 5.42169e+03  6.79585e-01
 5.42195e+03  6.75828e-01
 5.42221e+03  6.80677e-01
 5.42247e+03  6.76922e-01
 5.42273e+03  6.80334e-01
 5.42299e+03  6.78891e-01
 5.42325e+03  6.77129e-01
 5.42351e+03  6.78377e-01
 5.42377e+03  6.83551e-01
 5.42403e+03  6.81821e-01
 5.42429e+03  6.81229e-01
 5.42455e+03  6.80361e-01
 5.42481e+03  6.79763e-01
 5.42507e+03  6.83995e-01
 5.42533e+03  6.81930e-01
 5.42559e+03  6.83688e-01
 5.42585e+03  6.82226e-01
 5.42611e+03  6.83100e-01
 5.42637e+03  6.84191e-01
 5.42663e+03  6.82679e-01
 5.42689e+03  6.84879e-01
 5.42715e+03  6.83203e-01
 5.42741e+03  6.83752e-01
 5.42767e+03  6.81734e-01
 5.42793e+03  6.84406e-01
 5.42819e+03  6.88154e-01
 5.42845e+03  6.83517e-01
 5.42871e+03  6.85381e-01
 5.42897e+03  6.87323e-01
 5.42923e+03  6.86322e-01
 5.42949e+03  6.90257e-01
 5.42975e+03  6.85766e-01
 5.43001e+03  6.88724e-01
 5.43027e+03  6.90792e-01
 5.43053e+03  6.90011e-01
 5.43079e+03  6.89580e-01
 5.43105e+03  6.91005e-01
 5.43131e+03  6.90388e-01
 5.43157e+03  6.95482e-01
 5.43183e+03  6.91915e-01
 5.43209e+03  6.93560e-01
 5.43235e+03  6.89668e-01
 5.43261e+03  6.92780e-01
 5.43287e+03  6.93635e-01
 5.43313e+03  6.94731e-01
 5.43339e+03  6.97558e-01
 5.43365e+03  6.96768e-01
 5.43391e+03  6.90845e-01
 5.43417e+03  6.94843e-01
 5.43443e+03  6.98843e-01
 5.43469e+03  6.97897e-01
 5.43495e+03  6.95284e-01
 5.43521e+03  6.95939e-01
 5.43547e+03  7.01604e-01
 5.43573e+03  6.97903e-01
 5.43599e+03  6.97780e-01
 5.43625e+03  7.01478e-01
 5.43651e+03  6.98075e-01
 5.43677e+03  6.98202e-01
 5.43703e+03  7.02623e-01
 5.43729e+03  7.01628e-01
 5.43755e+03  7.00863e-01
 5.43781e+03  6.99199e-01
 5.43807e+03  7.02470e-01
 5.43833e+03  7.04494e-01
 5.43859e+03  7.01958e-01
 5.43885e+03  7.04315e-01
 5.43911e+03  7.03116e-01
 5.43937e+03  7.03081e-01
 5.43963e+03  7.01446e-01
 5.43989e+03  7.03195e-01
 5.44015e+03  6.96559e-01
 5.44041e+03  7.08624e-01
 5.44067e+03  7.03493e-01
 5.44093e+03  7.03157e-01
 5.44119e+03  7.07925e-01
 5.44145e+03  7.03678e-01
 5.44171e+03  7.08038e-01
 5.44197e+03  7.06873e-01
 5.44223e+03  7.04373e-01
 5.44249e+03  7.06555e-01
 5.44275e+03  7.07136e-01
 5.44301e+03  7.04421e-01
 5.44327e+03  7.06503e-01
 5.44353e+03  7.05946e-01
 5.44379e+03  7.03918e-01
 5.44405e+03  7.10306e-01
 5.44431e+03  7.09032e-01
 5.44457e+03  7.03413e-01
 5.44483e+03  7.07519e-01
 5.44509e+03  7.08271e-01
 5.44535e+03  7.09175e-01
 5.44561e+03  7.10614e-01
 5.44587e+03  7.10475e-01
 5.44613e+03  7.05194e-01
 5.44639e+03  7.06570e-01
 5.44665e+03  7.05954e-01
 5.44691e+03  7.08308e-01
 5.44717e+03  7.07790e-01
 5.44743e+03  7.07824e-01
 5.44769e+03  7.08980e-01
 5.44795e+03  7.07324e-01
 5.44821e+03  7.07523e-01
 5.44847e+03  7.03381e-01
 5.44873e+03  7.08549e-01
 5.44899e+03  7.05767e-01
 5.44925e+03  7.06960e-01
 5.44951e+03  7.10506e-01
 5.44977e+03  7.07042e-01
 5.45003e+03  7.07092e-01
 5.45029e+03  7.05673e-01
 5.45055e+03  7.04887e-01
 5.45081e+03  7.02697e-01
 5.45107e+03  7.06892e-01
 5.45133e+03  7.08069e-01
 5.45159e+03  7.06004e-01
 5.45185e+03  7.07653e-01
 5.45211e+03  7.08749e-01
 5.45237e+03  7.04147e-01
 5.45263e+03  7.03732e-01
 5.45289e+03  7.03939e-01
 5.45315e+03  7.03279e-01
 5.45341e+03  7.02160e-01
 5.45367e+03  7.04271e-01
 5.45393e+03  7.07260e-01
 5.45419e+03  7.01058e-01
 5.45445e+03  7.06676e-01
 5.45471e+03  7.00188e-01
 5.45497e+03  6.97259e-01
 5.45523e+03  6.99796e-01
 5.45549e+03  7.02276e-01
 5.45575e+03  7.02102e-01
 5.45601e+03  7.00455e-01
 5.45627e+03  6.96054e-01
 5.45653e+03  6.96445e-01
 5.45679e+03  6.94277e-01
 5.45705e+03  6.94470e-01
 5.45731e+03  6.96910e-01
 5.45757e+03  6.98710e-01
 5.45783e+03  6.98360e-01
 5.45809e+03  6.94933e-01
 5.45835e+03  6.96416e-01
 5.45861e+03  6.97450e-01
 5.45887e+03  6.95148e-01
 5.45913e+03  6.93912e-01
 5.45939e+03  6.93091e-01
 5.45965e+03  6.91600e-01
 5.45991e+03  6.93610e-01
 5.46017e+03  6.87361e-01
 5.46043e+03  6.89275e-01
 5.46069e+03  6.87237e-01
 5.46095e+03  6.88959e-01
 5.46121e+03  6.87933e-01
 5.46147e+03  6.85482e-01
 5.46173e+03  6.86382e-01
 5.46199e+03  6.85031e-01
 5.46225e+03  6.80442e-01
 5.46251e+03  6.82507e-01
 5.46277e+03  6.80693e-01
 5.46303e+03  6.78703e-01
 5.46329e+03  6.77070e-01
 5.46355e+03  6.78858e-01
 5.46381e+03  6.76330e-01
 5.46407e+03  6.77790e-01
 5.46433e+03  6.74984e-01
 5.46459e+03  6.71892e-01
 5.46485e+03  6.72799e-01
 5.46511e+03  6.72015e-01
 5.46537e+03  6.69626e-01
 5.46563e+03  6.67035e-01
 5.46589e+03  6.70022e-01
 5.46615e+03  6.65903e-01
 5.46641e+03  6.65052e-01
 5.46667e+03  6.63847e-01
 5.46693e+03  6.62439e-01
 5.46719e+03  6.62713e-01
 5.46745e+03  6.59365e-01
 5.46771e+03  6.60214e-01
 5.46797e+03  6.57515e-01
 5.46823e+03  6.57411e-01
 5.46849e+03  6.58584e-01
 5.46875e+03  6.52624e-01
 5.46901e+03  6.53212e-01
 5.46927e+03  6.53575e-01
 5.46953e+03  6.45953e-01
 5.46979e+03  6.47505e-01
 5.47005e+03  6.45073e-01
 5.47031e+03  6.44969e-01
 5.47057e+03  6.45348e-01
 5.47083e+03  6.41329e-01
 5.47109e+03  6.36366e-01
 5.47135e+03  6.39393e-01
 5.47161e+03  6.33753e-01
 5.47187e+03  6.32864e-01
 5.47213e+03  6.33533e-01
 5.47239e+03  6.33346e-01
 5.47265e+03  6.28759e-01
 5.47291e+03  6.28412e-01
 5.47317e+03  6.23968e-01
 5.47343e+03  6.21899e-01
 5.47369e+03  6.23812e-01
 5.47395e+03  6.18956e-01
 5.47421e+03  6.15727e-01
 5.47447e+03  6.19917e-01
 5.47473e+03  6.10755e-01
 5.47499e+03  6.11829e-01
 5.47525e+03  6.08388e-01
 5.47551e+03  6.09511e-01
 5.47577e+03  6.05547e-01
 5.47603e+03  6.00469e-01
 5.47629e+03  6.01188e-01
 5.47655e+03  6.02099e-01
 5.47681e+03  5.95186e-01
 5.47707e+03  5.94933e-01
 5.47733e+03  5.90945e-01
 5.47759e+03  5.89848e-01
 5.47785e+03  5.90384e-01
 5.47811e+03  5.90182e-01
 5.47837e+03  5.80045e-01
 5.47863e+03  5.86364e-01
 5.47889e+03  5.77585e-01
 5.47915e+03  5.76825e-01
 5.47941e+03  5.71970e-01
 5.47967e+03  5.73047e-01
 5.47993e+03  5.72127e-01
 5.48019e+03  5.68797e-01
 5.48045e+03  5.61869e-01
 5.48071e+03  5.62896e-01
 5.48097e+03  5.58779e-01
 5.48123e+03  5.54773e-01
 5.48149e+03  5.54292e-01
 5.48175e+03  5.53113e-01
 5.48201e+03  5.48684e-01
 5.48227e+03  5.45158e-01
 5.48253e+03  5.42415e-01
 5.48279e+03  5.40485e-01
 5.48305e+03  5.40592e-01
 5.48331e+03  5.32630e-01
 5.48357e+03  5.32598e-01
 5.48383e+03  5.29670e-01
 5.48409e+03  5.26180e-01
 5.48435e+03  5.20644e-01
 5.48461e+03  5.19168e-01
 5.48487e+03  5.16760e-01
 5.48513e+03  5.17410e-01
 5.48539e+03  5.12015e-01
 5.48565e+03  5.08618e-01
 5.48591e+03  5.07640e-01
 5.48617e+03  5.06708e-01
 5.48643e+03  5.00571e-01
 5.48669e+03  4.95434e-01
 5.48695e+03  4.90969e-01
 5.48721e+03  4.90710e-01
 5.48747e+03  4.89391e-01
 5.48773e+03  4.82700e-01
 5.48799e+03  4.81989e-01
 5.48825e+03  4.79419e-01
 5.48851e+03  4.74872e-01
 5.48877e+03  4.74084e-01
 5.48903e+03  4.67446e-01
 5.48929e+03  4.65643e-01
 5.48955e+03  4.64539e-01
 5.48981e+03  4.62058e-01
 5.49007e+03  4.59998e-01
 5.49033e+03  4.52485e-01
 5.49059e+03  4.51291e-01
 5.49085e+03  4.47736e-01
 5.49111e+03  4.46565e-01
 5.49137e+03  4.41102e-01
 5.49163e+03  4.38677e-01
 5.49189e+03  4.36186e-01
 5.49215e+03  4.30110e-01
 5.49241e+03  4.29587e-01
 5.49267e+03  4.25036e-01
 5.49293e+03  4.22084e-01
 5.49319e+03  4.17840e-01
 5.49345e+03  4.14846e-01
 5.49371e+03  4.12743e-01
 5.49397e+03  4.11665e-01
 5.49423e+03  4.04407e-01
 5.49449e+03  4.03477e-01
 5.49475e+03  4.01156e-01
 5.49501e+03  3.95023e-01
 5.49527e+03  3.93279e-01
 5.49553e+03  3.88539e-01
 5.49579e+03  3.86694e-01
 5.49605e+03  3.85452e-01
 5.49631e+03  3.80949e-01
 5.49657e+03  3.75200e-01
 5.49683e+03  3.75217e-01
 5.49709e+03  3.69293e-01
 5.49735e+03  3.64688e-01
 5.49761e+03  3.63294e-01
 5.49787e+03  3.60605e-01
 5.49813e+03  3.56445e-01
 5.49839e+03  3.52717e-01
 5.49865e+03  3.52234e-01
 5.49891e+03  3.46105e-01
 5.49917e+03  3.43888e-01
 5.49943e+03  3.39926e-01
 5.49969e+03  3.36650e-01
 5.49995e+03  3.33945e-01
 5.50021e+03  3.31054e-01
 5.50047e+03  3.25849e-01
 5.50073e+03  3.23734e-01
 5.50099e+03  3.22109e-01
 5.50125e+03  3.16783e-01
 5.50151e+03  3.13469e-01
 5.50177e+03  3.11804e-01
 5.50203e+03  3.09542e-01
 5.50229e+03  3.05339e-01
 5.50255e+03  3.05739e-01
 5.50281e+03  3.00893e-01
 5.50307e+03  2.95918e-01
 5.50333e+03  2.95881e-01
 5.50359e+03  2.89874e-01
 5.50385e+03  2.87747e-01
 5.50411e+03  2.81535e-01
 5.50437e+03  2.83764e-01
 5.50463e+03  2.79253e-01
 5.50489e+03  2.75791e-01
 5.50515e+03  2.71211e-01
 5.50541e+03  2.71079e-01
 5.50567e+03  2.67961e-01
 5.50593e+03  2.64127e-01
 5.50619e+03  2.59865e-01
 5.50645e+03  2.59275e-01
 5.50671e+03  2.55296e-01
 5.50697e+03  2.53085e-01
 5.50723e+03  2.50405e-01
 5.50749e+03  2.45117e-01
 5.50775e+03  2.43390e-01
 5.50801e+03  2.40926e-01
 5.50827e+03  2.38273e-01
 5.50853e+03  2.37148e-01
 5.50879e+03  2.31164e-01
 5.50905e+03  2.31108e-01
 5.50931e+03  2.30194e-01
 5.50957e+03  2.26294e-01
 5.50983e+03  2.21614e-01
 5.51009e+03  2.18537e-01
 5.51035e+03  2.17762e-01
 5.51061e+03  2.13637e-01
 5.51087e+03  2.12735e-01
 5.51113e+03  2.11300e-01
 5.51139e+03  2.06261e-01
 5.51165e+03  2.03917e-01
 5.51191e+03  2.01492e-01
 5.51217e+03  2.00773e-01
 5.51243e+03  1.98117e-01
 5.51269e+03  1.95098e-01
 5.51295e+03  1.91891e-01
 5.51321e+03  1.91056e-01
 5.51347e+03  1.87569e-01
 5.51373e+03  1.86036e-01
 5.51399e+03  1.83129e-01
 5.51425e+03  1.79973e-01
 5.51451e+03  1.78851e-01
 5.51477e+03  1.74344e-01
 5.51503e+03  1.74527e-01
 5.51529e+03  1.71735e-01
 5.51555e+03  1.68692e-01
 5.51581e+03  1.66895e-01
 5.51607e+03  1.65317e-01
 5.51633e+03  1.61949e-01
 5.51659e+03  1.61943e-01
 5.51685e+03  1.60585e-01
 5.51711e+03  1.58143e-01
 5.51737e+03  1.54224e-01
 5.51763e+03  1.53725e-01
 5.51789e+03  1.51741e-01
 5.51815e+03  1.50065e-01
 5.51841e+03  1.46141e-01
 5.51867e+03  1.44415e-01
 5.51893e+03  1.43696e-01
 5.51919e+03  1.42143e-01
 5.51945e+03  1.40247e-01
 5.51971e+03  1.36395e-01
 5.51997e+03  1.36028e-01
 5.52023e+03  1.33702e-01
 5.52049e+03  1.32100e-01
 5.52075e+03  1.30427e-01
 5.52101e+03  1.28600e-01
 5.52127e+03  1.27061e-01
 5.52153e+03  1.26582e-01
 5.52179e+03  1.23986e-01
 5.52205e+03  1.21304e-01
 5.52231e+03  1.20467e-01
 5.52257e+03  1.18820e-01
 5.52283e+03  1.16820e-01
 5.52309e+03  1.15519e-01
 5.52335e+03  1.13813e-01
 5.52361e+03  1.13644e-01
 5.52387e+03  1.11383e-01
 5.52413e+03  1.09783e-01
 5.52439e+03  1.07708e-01
 5.52465e+03  1.08324e-01
 5.52491e+03  1.05012e-01
 5.52517e+03  1.03750e-01
 5.52543e+03  1.02756e-01
 5.52569e+03  1.01741e-01
 5.52595e+03  1.00091e-01
 5.52621e+03  9.85853e-02
 5.52647e+03  9.70514e-02
 5.52673e+03  9.57827e-02
 5.52699e+03  9.40694e-02
 5.52725e+03  9.27705e-02
 5.52751e+03  9.05667e-02
 5.52777e+03  9.13752e-02
 5.52803e+03  9.04672e-02
 5.52829e+03  8.79860e-02
 5.52855e+03  8.63750e-02
 5.52881e+03  8.56441e-02
 5.52907e+03  8.48645e-02
 5.52933e+03  8.28463e-02
 5.52959e+03  8.25011e-02
 5.52985e+03  8.11090e-02
 5.53011e+03  8.04332e-02
 5.53037e+03  7.85078e-02
 5.53063e+03  7.71561e-02
 5.53089e+03  7.74234e-02
 5.53115e+03  7.54531e-02
 5.53141e+03  7.46395e-02
 5.53167e+03  7.30781e-02
 5.53193e+03  7.27416e-02
 5.53219e+03  7.16721e-02
 5.53245e+03  7.11731e-02
 5.53271e+03  6.97822e-02
 5.53297e+03  6.90414e-02
 5.53323e+03  6.84074e-02
 5.53349e+03  6.58451e-02
 5.53375e+03  6.47908e-02
 5.53401e+03  6.53693e-02
 5.53427e+03  6.40672e-02
 5.53453e+03  6.32363e-02
 5.53479e+03  6.17197e-02
 5.53505e+03  6.15411e-02
 5.53531e+03  6.05676e-02
 5.53557e+03  6.02247e-02
 5.53583e+03  5.85898e-02
 5.53609e+03  5.85362e-02
 5.53635e+03  5.72882e-02
 5.53661e+03  5.65692e-02
 5.53687e+03  5.65762e-02
 5.53713e+03  5.48021e-02
 5.53739e+03  5.39975e-02
 5.53765e+03  5.33636e-02
 5.53791e+03  5.25031e-02
 5.53817e+03  5.25882e-02
 5.53843e+03  5.14984e-02
 5.53869e+03  5.10613e-02
 5.53895e+03  4.93155e-02
 5.53921e+03  4.93693e-02
 5.53947e+03  4.83931e-02
 5.53973e+03  4.85086e-02
 5.53999e+03  4.72437e-02
 5.54025e+03  4.59869e-02
 5.54051e+03  4.57490e-02
 5.54077e+03  4.54242e-02
 5.54103e+03  4.47817e-02
 5.54129e+03  4.38596e-02
 5.54155e+03  4.34442e-02
 5.54181e+03  4.32126e-02
 5.54207e+03  4.25136e-02
 5.54233e+03  4.19592e-02
 5.54259e+03  4.10847e-02
 5.54285e+03  4.11829e-02
 5.54311e+03  4.02943e-02
 5.54337e+03  3.89137e-02
 5.54363e+03  3.85287e-02
 5.54389e+03  3.89829e-02
 5.54415e+03  3.73154e-02
 5.54441e+03  3.73200e-02
 5.54467e+03  3.73236e-02
 5.54493e+03  3.70024e-02
 5.54519e+03  3.58395e-02
 5.54545e+03  3.56045e-02
 5.54571e+03  3.48856e-02
 5.54597e+03  3.41827e-02
 5.54623e+03  3.43929e-02
 5.54649e+03  3.39416e-02
 5.54675e+03  3.36985e-02
 5.54701e+03  3.21730e-02
 5.54727e+03  3.20815e-02
 5.54753e+03  3.16826e-02
 5.54779e+03  3.16100e-02
 5.54805e+03  3.11242e-02
 5.54831e+03  3.13283e-02
 5.54857e+03  3.04063e-02
 5.54883e+03  2.96236e-02
 5.54909e+03  2.97593e-02
 5.54935e+03  2.81742e-02
 5.54961e+03  2.82306e-02
 5.54987e+03  2.87038e-02
 5.55013e+03  2.75886e-02
 5.55039e+03  2.74764e-02
 5.55065e+03  2.70941e-02
 5.55091e+03  2.67680e-02
 5.55117e+03  2.59323e-02
 5.55143e+03  2.63333e-02
 5.55169e+03  2.55661e-02
 5.55195e+03  2.50405e-02
 5.55221e+03  2.45253e-02
 5.55247e+03  2.50596e-02
 5.55273e+03  2.44656e-02
 5.55299e+03  2.35826e-02
 5.55325e+03  2.32310e-02
 5.55351e+03  2.34419e-02
 5.55377e+03  2.33122e-02
 5.55403e+03  2.25664e-02
 5.55429e+03  2.26304e-02
 5.55455e+03  2.23989e-02
 5.55481e+03  2.27759e-02
 5.55507e+03  2.15478e-02
 5.55533e+03  2.14478e-02
 5.55559e+03  2.09860e-02
 5.55585e+03  2.11465e-02
 5.55611e+03  2.06788e-02
 5.55637e+03  2.02656e-02
 5.55663e+03  2.03425e-02
 5.55689e+03  2.01677e-02
 5.55715e+03  1.97202e-02
 5.55741e+03  1.95275e-02
 5.55767e+03  1.90873e-02
 5.55793e+03  1.86107e-02
 5.55819e+03  1.90451e-02
 5.55845e+03  1.82758e-02
 5.55871e+03  1.83764e-02
 5.55897e+03  1.81573e-02
 5.55923e+03  1.83325e-02
 5.55949e+03  1.74029e-02
 5.55975e+03  1.70617e-02
 5.56001e+03  1.74280e-02
 5.56027e+03  1.64798e-02
 5.56053e+03  1.66041e-02
 5.56079e+03  1.64748e-02
 5.56105e+03  1.62431e-02
 5.56131e+03  1.64838e-02
 5.56157e+03  1.60394e-02
 5.56183e+03  1.57250e-02
 5.56209e+03  1.57829e-02
 5.56235e+03  1.55236e-02
 5.56261e+03  1.48508e-02
 5.56287e+03  1.47844e-02
 5.56313e+03  1.51313e-02
 5.56339e+03  1.47129e-02
 5.56365e+03  1.45248e-02
 5.56391e+03  1.41629e-02
 5.56417e+03  1.39117e-02
 5.56443e+03  1.38794e-02
 5.56469e+03  1.38609e-02
 5.56495e+03  1.34654e-02
 5.56521e+03  1.32452e-02
 5.56547e+03  1.31054e-02
 5.56573e+03  1.34807e-02
 5.56599e+03  1.24242e-02
 5.56625e+03  1.25680e-02
 5.56651e+03  1.21608e-02
 5.56677e+03  1.23006e-02
 5.56703e+03  1.22952e-02
 5.56729e+03  1.18227e-02
 5.56755e+03  1.16444e-02
 5.56781e+03  1.16136e-02
 5.56807e+03  1.12715e-02
 5.56833e+03  1.18507e-02
 5.56859e+03  1.06273e-02
 5.56885e+03  1.12072e-02
 5.56911e+03  1.16053e-02
 5.56937e+03  1.11391e-02
 5.56963e+03  1.16029e-02
 5.56989e+03  1.09613e-02
 5.57015e+03  1.06221e-02
 5.57041e+03  1.06938e-02
 5.57067e+03  1.06329e-02
 5.57093e+03  1.01820e-02
 5.57119e+03  9.97186e-03
 5.57145e+03  1.03232e-02
 5.57171e+03  1.03196e-02
 5.57197e+03  1.00802e-02
 5.57223e+03  9.89242e-03
 5.57249e+03  9.64510e-03
 5.57275e+03  9.48790e-03
 5.57301e+03  9.47845e-03
 5.57327e+03  9.67104e-03
 5.57353e+03  8.79804e-03
 5.57379e+03  9.29592e-03
 5.57405e+03  9.72084e-03
 5.57431e+03  8.83621e-03
 5.57457e+03  8.38837e-03
 5.57483e+03  8.53162e-03
 5.57509e+03  8.47957e-03
 5.57535e+03  8.86663e-03
 5.57561e+03  8.34725e-03
 5.57587e+03  8.50664e-03
 5.57613e+03  8.20170e-03
 5.57639e+03  8.02364e-03
 5.57665e+03  7.56662e-03
 5.57691e+03  8.59002e-03
 5.57717e+03  7.44683e-03
 5.57743e+03  7.63712e-03
 5.57769e+03  7.86481e-03
 5.57795e+03  7.36736e-03
 5.57821e+03  7.60857e-03
 5.57847e+03  7.61595e-03
 5.57873e+03  6.75104e-03
 5.57899e+03  7.20602e-03
 5.57925e+03  7.21075e-03
 5.57951e+03  7.53385e-03
 5.57977e+03  7.07472e-03
 5.58003e+03  7.08048e-03
 5.58029e+03  7.03211e-03
 5.58055e+03  6.87279e-03
 5.58081e+03  7.21044e-03
 5.58107e+03  6.79815e-03
 5.58133e+03  6.25922e-03
 5.58159e+03  6.66232e-03
 5.58185e+03  6.70822e-03
 5.58211e+03  6.30796e-03
 5.58237e+03  6.71227e-03
 5.58263e+03  6.46797e-03
 5.58289e+03  6.25917e-03
 5.58315e+03  6.19454e-03
 5.58341e+03  5.89395e-03
 5.58367e+03  6.27936e-03
 5.58393e+03  5.81262e-03
 5.58419e+03  6.00430e-03
 5.58445e+03  6.01008e-03
 5.58471e+03  5.96226e-03
 5.58497e+03  5.81089e-03
 5.58523e+03  5.72984e-03
 5.58549e+03  5.40557e-03
 5.58575e+03  5.41715e-03
 5.58601e+03  5.58111e-03
 5.58627e+03  5.51218e-03
 5.58653e+03  5.30321e-03
 5.58679e+03  5.36508e-03
 5.58705e+03  5.55747e-03
 5.58731e+03  5.34180e-03
 5.58757e+03  5.18209e-03
 5.58783e+03  5.20976e-03
 5.58809e+03  5.13523e-03
 5.58835e+03  5.42916e-03
 5.58861e+03  4.72444e-03
 5.58887e+03  5.03031e-03
 5.58913e+03  4.97654e-03
 5.58939e+03  4.98775e-03
 5.58965e+03  4.76950e-03
 5.58991e+03  4.77042e-03
 5.59017e+03  5.30926e-03
 5.59043e+03  5.09783e-03
 5.59069e+03  4.96739e-03
 5.59095e+03  4.92867e-03
 5.59121e+03  4.81943e-03
 5.59147e+03  4.71424e-03
 5.59173e+03  4.88438e-03
 5.59199e+03  4.53768e-03
 5.59225e+03  4.55185e-03
 5.59251e+03  4.66686e-03
 5.59277e+03  4.57348e-03
 5.59303e+03  4.21548e-03
 5.59329e+03  4.12884e-03
 5.59355e+03  4.22182e-03
 5.59381e+03  4.06957e-03
 5.59407e+03  4.27092e-03
 5.59433e+03  3.99510e-03
 5.59459e+03  4.08130e-03
 5.59485e+03  4.16620e-03
 5.59511e+03  4.15596e-03
 5.59537e+03  4.14529e-03
 5.59563e+03  4.19526e-03
 5.59589e+03  4.03081e-03
 5.59615e+03  3.97504e-03
 5.59641e+03  4.08703e-03
 5.59667e+03  4.00768e-03
 5.59693e+03  3.73635e-03
 5.59719e+03  3.75757e-03
 5.59745e+03  3.64787e-03
 5.59771e+03  3.65264e-03
 5.59797e+03  3.81911e-03
 5.59823e+03  3.86832e-03
 5.59849e+03  3.94707e-03
 5.59875e+03  3.63303e-03
 5.59901e+03  3.63096e-03
 5.59927e+03  3.48769e-03
 5.59953e+03  3.65655e-03
 5.59979e+03  3.67637e-03
 5.60005e+03  3.61877e-03
 5.60031e+03  3.51556e-03
 5.60057e+03  3.45425e-03
 5.60083e+03  3.43656e-03
 5.60109e+03  3.35849e-03
 5.60135e+03  3.26545e-03
 5.60161e+03  3.18309e-03
 5.60187e+03  3.50556e-03
 5.60213e+03  3.27905e-03
 5.60239e+03  3.88948e-03
 5.60265e+03  3.37038e-03
 5.60291e+03  3.14275e-03
 5.60317e+03  3.41006e-03
 5.60343e+03  3.10570e-03
 5.60369e+03  3.35311e-03
 5.60395e+03  2.89089e-03
 5.60421e+03  2.89949e-03
 5.60447e+03  2.77559e-03
 5.60473e+03  2.78027e-03
 5.60499e+03  2.72833e-03
 5.60525e+03  3.12228e-03
 5.60551e+03  2.65553e-03
 5.60577e+03  3.09998e-03
 5.60603e+03  2.87559e-03
 5.60629e+03  2.74921e-03
 5.60655e+03  2.61548e-03
 5.60681e+03  2.49975e-03
 5.60707e+03  3.16113e-03
 5.60733e+03  3.03174e-03
 5.60759e+03  2.74168e-03
 5.60785e+03  2.68648e-03
 5.60811e+03  2.45620e-03
 5.60837e+03  2.32835e-03
 5.60863e+03  2.92150e-03
 5.60889e+03  2.76798e-03
 5.60915e+03  2.72508e-03
 5.60941e+03  2.76610e-03
 5.60967e+03  2.66884e-03
 5.60993e+03  3.03737e-03
 5.61019e+03  2.37121e-03
 5.61045e+03  2.33134e-03
 5.61071e+03  2.48767e-03
 5.61097e+03  2.69535e-03
 5.61123e+03  2.82824e-03
 5.61149e+03  2.38095e-03
 5.61175e+03  2.35553e-03
 5.61201e+03  2.83846e-03
 5.61227e+03  2.53524e-03
 5.61253e+03  2.50738e-03
 5.61279e+03  2.49096e-03
 5.61305e+03  2.36986e-03
 5.61331e+03  2.25577e-03
 5.61357e+03  2.25788e-03
 5.61383e+03  2.31471e-03
 5.61409e+03  2.20392e-03
 5.61435e+03  2.34607e-03
 5.61461e+03  2.59823e-03
 5.61487e+03  2.66854e-03
 5.61513e+03  2.27842e-03
 5.61539e+03  2.21975e-03
 5.61565e+03  2.11457e-03
 5.61591e+03  2.01667e-03
 5.61617e+03  2.36946e-03
 5.61643e+03  2.23864e-03
 5.61669e+03  2.11377e-03
 5.61695e+03  2.37854e-03
 5.61721e+03  2.51476e-03
 5.61747e+03  2.06858e-03
 5.61773e+03  2.43654e-03
 5.61799e+03  2.40176e-03
 5.61825e+03  2.09477e-03
 5.61851e+03  2.33933e-03
 5.61877e+03  2.04978e-03
 5.61903e+03  2.01951e-03
 5.61929e+03  1.93001e-03
 5.61955e+03  2.17792e-03
 5.61981e+03  2.06555e-03
 5.62007e+03  2.07922e-03
 5.62033e+03  1.56616e-03
 5.62059e+03  1.99444e-03
 5.62085e+03  2.31987e-03
 5.62111e+03  2.28371e-03
 5.62137e+03  1.65220e-03
 5.62163e+03  1.78778e-03
 5.62189e+03  2.03301e-03
 5.62215e+03  1.80352e-03
 5.62241e+03  2.33184e-03
 5.62267e+03  1.72031e-03
 5.62293e+03  2.17237e-03
 5.62319e+03  2.04660e-03
 5.62345e+03  1.70160e-03
 5.62371e+03  2.13264e-03
 5.62397e+03  1.78579e-03
 5.62423e+03  2.01414e-03
 5.62449e+03  1.75162e-03
 5.62475e+03  2.34331e-03
 5.62501e+03  1.71906e-03
 5.62527e+03  1.71619e-03
 5.62553e+03  1.87617e-03
 5.62579e+03  1.67069e-03
 5.62605e+03  2.24760e-03
 5.62631e+03  1.70265e-03
 5.62657e+03  1.82676e-03
 5.62683e+03  1.70065e-03
 5.62709e+03  2.27119e-03
 5.62735e+03  2.22377e-03
 5.62761e+03  1.67642e-03
 5.62787e+03  2.22852e-03
 5.62813e+03  1.69884e-03
 5.62839e+03  1.78866e-03
 5.62865e+03  1.55058e-03
 5.62891e+03  1.64522e-03
 5.62917e+03  1.74805e-03
 5.62943e+03  1.98451e-03
 5.62969e+03  1.77892e-03
 5.62995e+03  2.06960e-03
 5.63021e+03  2.04782e-03
 5.63047e+03  1.46836e-03
 5.63073e+03  1.42742e-03
 5.63099e+03  1.78173e-03
 5.63125e+03  1.77460e-03
 5.63151e+03  1.68470e-03
 5.63177e+03  1.85779e-03
 5.63203e+03  1.52651e-03
 5.63229e+03  1.98170e-03
 5.63255e+03  1.70043e-03
 5.63281e+03  1.61330e-03
 5.63307e+03  1.77658e-03
 5.63333e+03  1.98539e-03
 5.63359e+03  1.54297e-03
 5.63385e+03  1.70750e-03
 5.63411e+03  2.11486e-03
 5.63437e+03  1.67255e-03
 5.63463e+03  1.79219e-03
 5.63489e+03  1.62705e-03
 5.63515e+03  1.57353e-03
 5.63541e+03  1.55017e-03
 5.63567e+03  1.68816e-03
 5.63593e+03  1.49416e-03
 5.63619e+03  1.30320e-03
 5.63645e+03  1.52379e-03
 5.63671e+03  1.60950e-03
 5.63697e+03  1.30277e-03
 5.63723e+03  1.23655e-03
 5.63749e+03  1.40397e-03
 5.63775e+03  1.01994e-03
 5.63801e+03  1.65061e-03
 5.63827e+03  1.51535e-03
 5.63853e+03  1.71118e-03
 5.63879e+03  1.28046e-03
 5.63905e+03  1.46176e-03
 5.63931e+03  1.30069e-03
 5.63957e+03  1.45944e-03
 5.63983e+03  1.45240e-03
 5.64009e+03  1.73159e-03
 5.64035e+03  1.62911e-03
 5.64061e+03  1.79375e-03
 5.64087e+03  1.53646e-03
 5.64113e+03  1.52831e-03
 5.64139e+03  1.78088e-03
 5.64165e+03  1.75588e-03
 5.64191e+03  1.68897e-03
 5.64217e+03  1.57796e-03
 5.64243e+03  1.35278e-03
 5.64269e+03  1.53166e-03
 5.64295e+03  1.24887e-03
 5.64321e+03  1.31442e-03
 5.64347e+03  1.47541e-03
 5.64373e+03  1.34412e-03
 5.64399e+03  1.34030e-03
 5.64425e+03  8.11100e-04
 5.64451e+03  1.05471e-03
 5.64477e+03  1.15138e-03
 5.64503e+03  1.57292e-03
 5.64529e+03  1.15240e-03
 5.64555e+03  1.22565e-03
 5.64581e+03  1.45472e-03
 5.64607e+03  1.14451e-03
 5.64633e+03  1.12784e-03
 5.64659e+03  1.35053e-03
 5.64685e+03  1.09561e-03
 5.64711e+03  1.25112e-03
 5.64737e+03  1.45839e-03
 5.64763e+03  1.56347e-03
 5.64789e+03  1.45604e-03
 5.64815e+03  1.66130e-03
 5.64841e+03  1.21451e-03
 5.64867e+03  1.60338e-03
 5.64893e+03  1.45804e-03
 5.64919e+03  1.00885e-03
 5.64945e+03  1.22277e-03
 5.64971e+03  8.66912e-04
 5.64997e+03  1.19346e-03
 5.65023e+03  1.40474e-03
