750.0 		-0.000110146
749.8 		-0.000141719
749.6 		-0.000202156
749.4 		-0.000192807
749.2 		-0.000146406
749.0 		-0.00010513
748.8 		-7.72E-05
748.6 		-0.0001863
748.4 		-6.93E-05
748.2 		-8.48E-06
748.0 		-0.000157942
747.8 		-0.000165944
747.6 		-0.000148099
747.4 		-0.000201178
747.2 		-0.000164849
747.0 		-5.40E-05
746.8 		-0.000168187
746.6 		-0.000126441
746.4 		-0.000211388
746.2 		7.25E-05
746.0 		-0.000166649
745.8 		-0.000150613
745.6 		-4.55E-05
745.4 		-0.000203822
745.2 		-4.61E-05
745.0 		-0.000183934
744.8 		-8.52E-05
744.6 		-0.00014416
744.4 		-8.35E-05
744.2 		-4.73E-05
744.0 		-0.000208359
743.8 		-0.000141292
743.6 		-0.00017433
743.4 		-0.000195574
743.2 		-0.000124755
743.0 		-0.000194545
742.8 		-0.000190007
742.6 		-7.89E-05
742.4 		-0.000123536
742.2 		-9.08E-05
742.0 		-0.00011616
741.8 		3.76E-05
741.6 		-9.21E-05
741.4 		-0.000120898
741.2 		-0.000202394
741.0 		-0.000181036
740.8 		-0.000213003
740.6 		-0.000235377
740.4 		-0.000260237
740.2 		-0.000201021
740.0 		-0.000327133
739.8 		-0.000177457
739.6 		-0.000174571
739.4 		-0.000218646
739.2 		-0.000109596
739.0 		-0.0001951
738.8 		-0.000121547
738.6 		-0.000229494
738.4 		-0.000152735
738.2 		-0.000274626
738.0 		-0.000149792
737.8 		-0.000140105
737.6 		-0.000130094
737.4 		-1.99E-05
737.2 		-0.000198338
737.0 		-0.000228747
736.8 		-0.000102324
736.6 		-0.000199473
736.4 		-0.000111914
736.2 		-9.29E-05
736.0 		-0.000147594
735.8 		-0.000138964
735.6 		-0.000185001
735.4 		-0.000227391
735.2 		-0.000201774
735.0 		-0.000322745
734.8 		-0.000163128
734.6 		-0.000207483
734.4 		-0.000162095
734.2 		-0.000227533
734.0 		-0.000161694
733.8 		-0.000175054
733.6 		-0.000131154
733.4 		-0.000177782
733.2 		-0.000184307
733.0 		-0.000104899
732.8 		-0.000306188
732.6 		-0.000161592
732.4 		-0.000131648
732.2 		-0.000220226
732.0 		-0.000145669
731.8 		-8.14E-05
731.6 		-0.000174543
731.4 		-0.000158896
731.2 		-0.000280231
731.0 		-0.000168083
730.8 		-0.000125453
730.6 		-0.000132268
730.4 		-0.000225609
730.2 		-0.000130335
730.0 		-0.000235397
729.8 		-0.000113885
729.6 		-7.04E-05
729.4 		-7.87E-05
729.2 		-4.85E-05
729.0 		6.11E-05
728.8 		-4.02E-05
728.6 		2.25E-05
728.4 		-0.000119618
728.2 		-7.77E-05
728.0 		-0.000102596
727.8 		-0.000232722
727.6 		-0.000208703
727.4 		-5.17E-05
727.2 		-0.000167262
727.0 		-8.84E-05
726.8 		-0.000163794
726.6 		-0.000237621
726.4 		-0.000140672
726.2 		-0.000235025
726.0 		-4.46E-06
725.8 		-0.000125557
725.6 		-9.19E-05
725.4 		-8.90E-05
725.2 		-5.88E-05
725.0 		-3.49E-05
724.8 		2.94E-05
724.6 		-8.86E-05
724.4 		-5.50E-05
724.2 		-0.000200298
724.0 		-5.74E-05
723.8 		1.86E-05
723.6 		-0.000209069
723.4 		3.45E-05
723.2 		-2.64E-05
723.0 		-4.89E-05
722.8 		-0.00013077
722.6 		-4.56E-05
722.4 		8.77E-06
722.2 		1.11E-05
722.0 		5.79E-05
721.8 		3.04E-05
721.6 		-7.63E-05
721.4 		7.07E-05
721.2 		-4.51E-06
721.0 		2.73E-05
720.8 		1.87E-05
720.6 		-3.67E-05
720.4 		8.19E-05
720.2 		-9.65E-06
720.0 		-1.04E-05
719.8 		1.90E-05
719.6 		0.000154809
719.4 		0.000155647
719.2 		9.59E-05
719.0 		0.000106149
718.8 		0.000109794
718.6 		0.000140629
718.4 		0.000214165
718.2 		0.000207736
718.0 		0.000220728
717.8 		0.000257068
717.6 		0.000223781
717.4 		0.000236501
717.2 		0.00029588
717.0 		0.000320225
716.8 		0.000259938
716.6 		0.000403545
716.4 		0.000529554
716.2 		0.000407321
716.0 		0.000443317
715.8 		0.000574589
715.6 		0.000534035
715.4 		0.000677055
715.2 		0.0005521
715.0 		0.000747117
714.8 		0.00065926
714.6 		0.000826604
714.4 		0.000840095
714.2 		0.000898878
714.0 		0.001016608
713.8 		0.001026139
713.6 		0.001178564
713.4 		0.001109379
713.2 		0.00124529
713.0 		0.001181416
712.8 		0.001227322
712.6 		0.001375349
712.4 		0.001618339
712.2 		0.001561066
712.0 		0.001691456
711.8 		0.001759728
711.6 		0.001898014
711.4 		0.002046807
711.2 		0.002163963
711.0 		0.00216456
710.8 		0.002344054
710.6 		0.002423754
710.4 		0.002608277
710.2 		0.002784864
710.0 		0.00285339
709.8 		0.00307774
709.6 		0.003116491
709.4 		0.0032753
709.2 		0.003431739
709.0 		0.003501719
708.8 		0.00368499
708.6 		0.003690474
708.4 		0.004158146
708.2 		0.004233989
708.0 		0.004233047
707.8 		0.004562648
707.6 		0.004799469
707.4 		0.004891139
707.2 		0.004987021
707.0 		0.005205072
706.8 		0.005385284
706.6 		0.005744912
706.4 		0.005813611
706.2 		0.00618307
706.0 		0.006450977
705.8 		0.006726025
705.6 		0.006821228
705.4 		0.007143124
705.2 		0.00739179
705.0 		0.007508217
704.8 		0.007749897
704.6 		0.008249572
704.4 		0.008390834
704.2 		0.008709452
704.0 		0.009133633
703.8 		0.009527449
703.6 		0.009803096
703.4 		0.010226445
703.2 		0.010461609
703.0 		0.010932168
702.8 		0.011363332
702.6 		0.011798375
702.4 		0.012103017
702.2 		0.012724795
702.0 		0.013442755
701.8 		0.013695816
701.6 		0.014252885
701.4 		0.014630053
701.2 		0.015245603
701.0 		0.016051751
700.8 		0.016683768
700.6 		0.017278904
700.4 		0.018198634
700.2 		0.018659424
700.0 		0.019456862
699.8 		0.020168701
699.6 		0.021236822
699.4 		0.022106834
699.2 		0.022866566
699.0 		0.024110192
698.8 		0.024949024
698.6 		0.026160873
698.4 		0.027294833
698.2 		0.028664496
698.0 		0.029842798
697.8 		0.031315856
697.6 		0.032854524
697.4 		0.034368973
697.2 		0.036009628
697.0 		0.037795056
696.8 		0.039492831
696.6 		0.041591778
696.4 		0.043551605
696.2 		0.045774486
696.0 		0.048074055
695.8 		0.050761987
695.6 		0.053475469
695.4 		0.056407556
695.2 		0.059597369
695.0 		0.062733211
694.8 		0.06654577
694.6 		0.069979563
694.4 		0.07384637
694.2 		0.078607708
694.0 		0.082859881
693.8 		0.087854117
693.6 		0.093515702
693.4 		0.099061675
693.2 		0.105281293
693.0 		0.111863509
692.8 		0.119237401
692.6 		0.12674652
692.4 		0.135370299
692.2 		0.144226611
692.0 		0.154145435
691.8 		0.164750829
691.6 		0.175733909
691.4 		0.188198894
691.2 		0.20148626
691.0 		0.216548771
690.8 		0.232387707
690.6 		0.249657005
690.4 		0.269719392
690.2 		0.290664673
690.0 		0.312508166
689.8 		0.337499917
689.6 		0.365706027
689.4 		0.395487726
689.2 		0.428767085
689.0 		0.464526624
688.8 		0.505147338
688.6 		0.548691928
688.4 		0.598877251
688.2 		0.65240407
688.0 		0.715310097
687.8 		0.782623231
687.6 		0.857255697
687.4 		0.941617906
687.2 		1.033846617
687.0 		1.141525745
686.8 		1.257714152
686.6 		1.391910911
686.4 		1.539546013
686.2 		1.707172632
686.0 		1.900609016
685.8 		2.121074677
685.6 		2.363945723
685.4 		2.65313983
685.2 		2.97193718
685.0 		3.332676649
684.8 		3.745411634
684.6 		4.231452942
684.4 		4.773576736
684.2 		5.404187202
684.0 		6.140641212
683.8 		6.974766254
683.6 		7.937418461
683.4 		9.039669037
683.2 		10.36966896
683.0 		11.84921646
682.8 		13.62547684
682.6 		15.62554073
682.4 		17.88708305
682.2 		20.40365982
682.0 		23.41751099
681.8 		26.6736145
681.6 		30.34313583
681.4 		34.45943451
681.2 		38.80129242
681.0 		43.52785873
680.8 		48.32381058
680.6 		53.55290604
680.4 		58.54204941
680.2 		63.73143768
680.0 		68.51406097
679.8 		72.88070679
679.6 		76.79517365
679.4 		80.41140747
679.2 		83.40561676
679.0 		85.91140747
678.8 		87.94224548
678.6 		89.52027893
678.4 		90.73318481
678.2 		91.57889557
678.0 		92.18550873
677.8 		92.57257843
677.6 		92.80497742
677.4 		92.88930511
677.2 		92.90668488
677.0 		92.85283661
676.8 		92.75209808
676.6 		92.65213776
676.4 		92.49340057
676.2 		92.40097046
676.0 		92.2572937
675.8 		92.13716125
675.6 		91.98664856
675.4 		91.84697723
675.2 		91.7371521
675.0 		91.56846619
674.8 		91.41127777
674.6 		91.24352264
674.4 		91.02593994
674.2 		90.74111938
674.0 		90.39830017
673.8 		89.96101379
673.6 		89.38516998
673.4 		88.67220306
673.2 		87.74543762
673.0 		86.5409317
672.8 		85.03382874
672.6 		83.22520447
672.4 		80.94120026
672.2 		78.30323792
672.0 		75.23190308
671.8 		71.72815704
671.6 		67.83410645
671.4 		63.63272858
671.2 		59.18229675
671.0 		54.47522354
670.8 		49.84248734
670.6 		45.15402985
670.4 		40.64260101
670.2 		36.18585205
670.0 		32.22542572
669.8 		28.40703201
669.6 		24.99308205
669.4 		21.95286179
669.2 		19.2328968
669.0 		16.81646347
668.8 		14.72393131
668.6 		12.88833141
668.4 		11.23635197
668.2 		9.828819275
668.0 		8.610809326
667.8 		7.542246819
667.6 		6.605095387
667.4 		5.817506313
667.2 		5.112381458
667.0 		4.509773731
666.8 		3.983948708
666.6 		3.526847124
666.4 		3.132950544
666.2 		2.786159754
666.0 		2.482849121
665.8 		2.213136435
665.6 		1.983975053
665.4 		1.776341558
665.2 		1.595821977
665.0 		1.431041718
664.8 		1.291103363
664.6 		1.162256122
664.4 		1.05031538
664.2 		0.953053236
664.0 		0.864284396
663.8 		0.785139203
663.6 		0.714954019
663.4 		0.651394367
663.2 		0.593485653
663.0 		0.543146133
662.8 		0.496753544
662.6 		0.455130309
662.4 		0.416862965
662.2 		0.383247048
662.0 		0.351909667
661.8 		0.324667633
661.6 		0.299550504
661.4 		0.275997222
661.2 		0.255870998
661.0 		0.236205295
660.8 		0.218849495
660.6 		0.202841878
660.4 		0.188586652
660.2 		0.175514162
660.0 		0.163359195
659.8 		0.152204961
659.6 		0.142113239
659.4 		0.132301316
659.2 		0.123982437
659.0 		0.11629162
658.8 		0.108796917
658.6 		0.102150567
658.4 		0.095869347
658.2 		0.090090953
658.0 		0.084561631
657.8 		0.079534255
657.6 		0.075042158
657.4 		0.070886582
657.2 		0.066529773
657.0 		0.062945776
656.8 		0.059496518
656.6 		0.056298252
656.4 		0.053301994
656.2 		0.05049995
656.0 		0.047621481
655.8 		0.045439299
655.6 		0.042886652
655.4 		0.040986806
655.2 		0.038680926
655.0 		0.036968309
654.8 		0.035091873
654.6 		0.033269297
654.4 		0.031829793
654.2 		0.030272992
654.0 		0.028993186
653.8 		0.027669843
653.6 		0.026329158
653.4 		0.025043221
653.2 		0.023945091
653.0 		0.023024566
652.8 		0.021974988
652.6 		0.021194175
652.4 		0.020319391
652.2 		0.019278547
652.0 		0.018445522
651.8 		0.01782001
651.6 		0.017126359
651.4 		0.016560931
651.2 		0.015928699
651.0 		0.015081391
650.8 		0.014590753
650.6 		0.014082788
650.4 		0.013600804
650.2 		0.012963483
650.0 		0.012446572
649.8 		0.012052234
649.6 		0.011771817
649.4 		0.011261291
649.2 		0.01090902
649.0 		0.010524128
648.8 		0.01026766
648.6 		0.009860353
648.4 		0.009531809
648.2 		0.009194407
648.0 		0.008787422
647.8 		0.00850869
647.6 		0.008250564
647.4 		0.008154798
647.2 		0.007695508
647.0 		0.007510206
646.8 		0.007238914
646.6 		0.00715815
646.4 		0.006924936
646.2 		0.00665064
646.0 		0.00643004
645.8 		0.006405768
645.6 		0.006198128
645.4 		0.005973541
645.2 		0.005786616
645.0 		0.005556558
644.8 		0.005409269
644.6 		0.005360882
644.4 		0.005293075
644.2 		0.00510602
644.0 		0.005050746
643.8 		0.004796969
643.6 		0.004697982
643.4 		0.004581309
643.2 		0.004375982
643.0 		0.004517329
642.8 		0.004281872
642.6 		0.004262804
642.4 		0.004133617
642.2 		0.003929946
642.0 		0.004005799
641.8 		0.003810534
641.6 		0.003766443
641.4 		0.003712787
641.2 		0.003717477
641.0 		0.003654359
640.8 		0.003546476
640.6 		0.003435357
640.4 		0.003351385
640.2 		0.003274414
640.0 		0.003262168
639.8 		0.003050537
639.6 		0.003193728
639.4 		0.003050359
639.2 		0.002841186
639.0 		0.002851765
638.8 		0.002954825
638.6 		0.002784212
638.4 		0.002777307
638.2 		0.00270484
638.0 		0.002771545
637.8 		0.002596848
637.6 		0.002673817
637.4 		0.002561586
637.2 		0.002530563
637.0 		0.002513234
636.8 		0.002505291
636.6 		0.002423152
636.4 		0.002399029
636.2 		0.002436156
636.0 		0.002429942
635.8 		0.002382722
635.6 		0.002239012
635.4 		0.002305491
635.2 		0.002196447
635.0 		0.002172955
634.8 		0.002118043
634.6 		0.002123883
634.4 		0.00213362
634.2 		0.002131299
634.0 		0.001974207
633.8 		0.001903337
633.6 		0.002034765
633.4 		0.002054291
633.2 		0.002016812
633.0 		0.002070091
632.8 		0.002001393
632.6 		0.002055231
632.4 		0.002032609
632.2 		0.001901479
632.0 		0.001914794
631.8 		0.001914059
631.6 		0.001864982
631.4 		0.001982799
631.2 		0.00183472
631.0 		0.002014227
630.8 		0.001945157
630.6 		0.001959902
630.4 		0.001751843
630.2 		0.001792786
630.0 		0.001803648
629.8 		0.001838624
629.6 		0.001861022
629.4 		0.001719797
629.2 		0.001865542
629.0 		0.001779994
628.8 		0.001781907
628.6 		0.001795704
628.4 		0.0017897
628.2 		0.001729888
628.0 		0.001899516
627.8 		0.001819125
627.6 		0.001777059
627.4 		0.001778476
627.2 		0.001797374
627.0 		0.001775645
626.8 		0.001738838
626.6 		0.001855365
626.4 		0.001746284
626.2 		0.001585485
626.0 		0.001769035
625.8 		0.001614854
625.6 		0.001778695
625.4 		0.001690848
625.2 		0.00171033
625.0 		0.001754634
624.8 		0.001603412
624.6 		0.001608469
624.4 		0.001507745
624.2 		0.001554071
624.0 		0.00151773
623.8 		0.001429397
623.6 		0.001579143
623.4 		0.001441909
623.2 		0.001393867
623.0 		0.001405811
622.8 		0.001307777
622.6 		0.001217566
622.4 		0.001199978
622.2 		0.001108433
622.0 		0.001007385
621.8 		0.001093672
621.6 		0.000975394
621.4 		0.001037698
621.2 		0.000885192
621.0 		0.000949718
620.8 		0.000875066
620.6 		0.000789645
620.4 		0.000776963
620.2 		0.000802081
620.0 		0.000845433
619.8 		0.000686384
619.6 		0.000751414
619.4 		0.000608257
619.2 		0.00067704
619.0 		0.000610298
618.8 		0.000486979
618.6 		0.000495747
618.4 		0.000469985
618.2 		0.000500531
618.0 		0.000510356
617.8 		0.00038774
617.6 		0.000458763
617.4 		0.000389727
617.2 		0.000368284
617.0 		0.000378852
616.8 		0.000323209
616.6 		0.000374604
616.4 		0.000357307
616.2 		0.000350647
616.0 		0.000228667
615.8 		0.000253071
615.6 		0.000287721
615.4 		0.000307536
615.2 		0.000230686
615.0 		0.000158338
614.8 		0.000233598
614.6 		0.000269461
614.4 		0.000281075
614.2 		0.000193933
614.0 		9.04E-05
613.8 		0.000138087
613.6 		0.000171866
613.4 		8.78E-05
613.2 		0.00011582
613.0 		5.77E-05
612.8 		9.04E-05
612.6 		5.91E-05
612.4 		0.000166736
612.2 		0.000105331
612.0 		1.68E-05
611.8 		9.09E-05
611.6 		9.87E-05
611.4 		5.36E-05
611.2 		-1.71E-05
611.0 		-2.09E-05
610.8 		1.81E-05
610.6 		-3.17E-05
610.4 		2.39E-05
610.2 		-8.03E-05
610.0 		9.41E-05
609.8 		-4.83E-06
609.6 		8.66E-05
609.4 		-8.91E-06
609.2 		6.73E-05
609.0 		4.08E-05
608.8 		1.97E-05
608.6 		0.00011355
608.4 		0.000101087
608.2 		-4.46E-05
608.0 		-2.70E-05
607.8 		-5.63E-05
607.6 		-1.25E-05
607.4 		7.36E-06
607.2 		-8.24E-05
607.0 		-1.81E-05
606.8 		9.42E-06
606.6 		-2.17E-05
606.4 		-5.21E-05
606.2 		6.49E-06
606.0 		2.05E-05
605.8 		4.78E-05
605.6 		-3.76E-05
605.4 		4.10E-05
605.2 		-1.10E-06
605.0 		-1.51E-05
604.8 		-6.28E-05
604.6 		-6.60E-05
604.4 		-5.67E-05
604.2 		-0.000110961
604.0 		8.75E-05
603.8 		-2.94E-05
603.6 		-8.81E-05
603.4 		-0.000132585
603.2 		5.96E-05
603.0 		-0.000127796
602.8 		-0.000113126
602.6 		9.02E-06
602.4 		-8.56E-05
602.2 		-5.00E-05
602.0 		-3.76E-05
601.8 		2.25E-05
601.6 		-0.000118417
601.4 		-3.72E-05
601.2 		-4.96E-05
601.0 		-5.89E-05
600.8 		-0.000100313
600.6 		-3.28E-05
600.4 		-1.81E-05
600.2 		6.41E-05
600.0 		-9.33E-05
