 6.20021e+03  3.09882e-03
 6.20047e+03  3.09378e-03
 6.20073e+03  3.11132e-03
 6.20099e+03  3.10595e-03
 6.20125e+03  3.26083e-03
 6.20151e+03  3.08722e-03
 6.20178e+03  3.28608e-03
 6.20204e+03  3.23685e-03
 6.20230e+03  3.20500e-03
 6.20256e+03  3.32190e-03
 6.20282e+03  3.26283e-03
 6.20308e+03  3.22843e-03
 6.20334e+03  3.21738e-03
 6.20360e+03  3.38714e-03
 6.20387e+03  3.45706e-03
 6.20413e+03  3.49870e-03
 6.20439e+03  3.40599e-03
 6.20465e+03  3.46267e-03
 6.20491e+03  3.38734e-03
 6.20517e+03  3.54986e-03
 6.20543e+03  3.59117e-03
 6.20569e+03  3.61681e-03
 6.20595e+03  3.55519e-03
 6.20622e+03  3.65008e-03
 6.20648e+03  3.63989e-03
 6.20674e+03  3.77528e-03
 6.20700e+03  3.82407e-03
 6.20726e+03  3.71298e-03
 6.20752e+03  3.78939e-03
 6.20778e+03  3.90132e-03
 6.20804e+03  3.96328e-03
 6.20831e+03  3.88872e-03
 6.20857e+03  3.91237e-03
 6.20883e+03  3.86418e-03
 6.20909e+03  4.06287e-03
 6.20935e+03  4.08721e-03
 6.20961e+03  3.91018e-03
 6.20987e+03  4.00003e-03
 6.21013e+03  4.10669e-03
 6.21040e+03  4.18320e-03
 6.21066e+03  4.21850e-03
 6.21092e+03  4.37696e-03
 6.21118e+03  4.34983e-03
 6.21144e+03  4.28794e-03
 6.21170e+03  4.34293e-03
 6.21196e+03  4.35615e-03
 6.21222e+03  4.43314e-03
 6.21248e+03  4.47471e-03
 6.21275e+03  4.46846e-03
 6.21301e+03  4.54505e-03
 6.21327e+03  4.53379e-03
 6.21353e+03  4.52925e-03
 6.21379e+03  4.76851e-03
 6.21405e+03  4.68655e-03
 6.21431e+03  4.78807e-03
 6.21457e+03  4.93886e-03
 6.21484e+03  4.69425e-03
 6.21510e+03  4.76409e-03
 6.21536e+03  4.94566e-03
 6.21562e+03  4.95440e-03
 6.21588e+03  5.12050e-03
 6.21614e+03  5.06228e-03
 6.21640e+03  5.01728e-03
 6.21666e+03  5.26362e-03
 6.21693e+03  5.22791e-03
 6.21719e+03  5.21509e-03
 6.21745e+03  5.21508e-03
 6.21771e+03  5.36385e-03
 6.21797e+03  5.45019e-03
 6.21823e+03  5.54848e-03
 6.21849e+03  5.70622e-03
 6.21875e+03  5.57988e-03
 6.21901e+03  5.60197e-03
 6.21928e+03  5.68556e-03
 6.21954e+03  5.72608e-03
 6.21980e+03  5.78687e-03
 6.22006e+03  5.99939e-03
 6.22032e+03  6.01717e-03
 6.22058e+03  5.92714e-03
 6.22084e+03  6.33945e-03
 6.22110e+03  6.26138e-03
 6.22137e+03  6.14990e-03
 6.22163e+03  6.28306e-03
 6.22189e+03  6.24545e-03
 6.22215e+03  6.43790e-03
 6.22241e+03  6.34474e-03
 6.22267e+03  6.49794e-03
 6.22293e+03  6.44552e-03
 6.22319e+03  6.66481e-03
 6.22346e+03  6.55080e-03
 6.22372e+03  5.84191e-03
 6.22398e+03  6.92242e-03
 6.22424e+03  6.98579e-03
 6.22450e+03  6.89925e-03
 6.22476e+03  7.03524e-03
 6.22502e+03  7.21024e-03
 6.22528e+03  7.42628e-03
 6.22554e+03  7.26197e-03
 6.22581e+03  7.12099e-03
 6.22607e+03  7.46769e-03
 6.22633e+03  7.50869e-03
 6.22659e+03  7.65316e-03
 6.22685e+03  7.78006e-03
 6.22711e+03  7.69731e-03
 6.22737e+03  7.90603e-03
 6.22763e+03  8.15239e-03
 6.22790e+03  8.04816e-03
 6.22816e+03  8.17520e-03
 6.22842e+03  8.18514e-03
 6.22868e+03  8.53153e-03
 6.22894e+03  8.36774e-03
 6.22920e+03  8.64954e-03
 6.22946e+03  8.51627e-03
 6.22972e+03  8.71799e-03
 6.22999e+03  9.03961e-03
 6.23025e+03  9.02110e-03
 6.23051e+03  9.09658e-03
 6.23077e+03  9.28459e-03
 6.23103e+03  9.63327e-03
 6.23129e+03  9.43668e-03
 6.23155e+03  9.72011e-03
 6.23181e+03  9.98871e-03
 6.23207e+03  9.65819e-03
 6.23234e+03  9.95263e-03
 6.23260e+03  1.02621e-02
 6.23286e+03  1.04255e-02
 6.23312e+03  1.03232e-02
 6.23338e+03  1.03250e-02
 6.23364e+03  1.07659e-02
 6.23390e+03  1.06220e-02
 6.23416e+03  1.08686e-02
 6.23443e+03  1.11134e-02
 6.23469e+03  1.12241e-02
 6.23495e+03  1.14036e-02
 6.23521e+03  1.14069e-02
 6.23547e+03  1.18232e-02
 6.23573e+03  1.17584e-02
 6.23599e+03  1.17907e-02
 6.23625e+03  1.21045e-02
 6.23652e+03  1.21668e-02
 6.23678e+03  1.25669e-02
 6.23704e+03  1.27698e-02
 6.23730e+03  1.26044e-02
 6.23756e+03  1.30365e-02
 6.23782e+03  1.33024e-02
 6.23808e+03  1.35569e-02
 6.23834e+03  1.37683e-02
 6.23860e+03  1.35724e-02
 6.23887e+03  1.39108e-02
 6.23913e+03  1.37187e-02
 6.23939e+03  1.43485e-02
 6.23965e+03  1.45852e-02
 6.23991e+03  1.48214e-02
 6.24017e+03  1.48348e-02
 6.24043e+03  1.51956e-02
 6.24069e+03  1.51420e-02
 6.24096e+03  1.54909e-02
 6.24122e+03  1.57873e-02
 6.24148e+03  1.58339e-02
 6.24174e+03  1.64651e-02
 6.24200e+03  1.67211e-02
 6.24226e+03  1.68050e-02
 6.24252e+03  1.70281e-02
 6.24278e+03  1.71906e-02
 6.24305e+03  1.75686e-02
 6.24331e+03  1.77221e-02
 6.24357e+03  1.79298e-02
 6.24383e+03  1.83563e-02
 6.24409e+03  1.87030e-02
 6.24435e+03  1.87499e-02
 6.24461e+03  1.93949e-02
 6.24487e+03  1.96340e-02
 6.24513e+03  1.96367e-02
 6.24540e+03  1.99127e-02
 6.24566e+03  2.03336e-02
 6.24592e+03  2.05321e-02
 6.24618e+03  2.10313e-02
 6.24644e+03  2.15047e-02
 6.24670e+03  2.18371e-02
 6.24696e+03  2.21685e-02
 6.24722e+03  2.20917e-02
 6.24749e+03  2.26346e-02
 6.24775e+03  2.31560e-02
 6.24801e+03  2.36250e-02
 6.24827e+03  2.33944e-02
 6.24853e+03  2.43963e-02
 6.24879e+03  2.47309e-02
 6.24905e+03  2.49198e-02
 6.24931e+03  2.57083e-02
 6.24958e+03  2.59370e-02
 6.24984e+03  2.66070e-02
 6.25010e+03  2.70587e-02
 6.25036e+03  2.71092e-02
 6.25062e+03  2.80141e-02
 6.25088e+03  2.79555e-02
 6.25114e+03  2.88545e-02
 6.25140e+03  2.91534e-02
 6.25167e+03  2.96051e-02
 6.25193e+03  3.00567e-02
 6.25219e+03  3.07205e-02
 6.25245e+03  3.11229e-02
 6.25271e+03  3.16904e-02
 6.25297e+03  3.20370e-02
 6.25323e+03  3.28205e-02
 6.25349e+03  3.34545e-02
 6.25375e+03  3.42409e-02
 6.25402e+03  3.46791e-02
 6.25428e+03  3.54795e-02
 6.25454e+03  3.59083e-02
 6.25480e+03  3.66346e-02
 6.25506e+03  3.70175e-02
 6.25532e+03  3.77821e-02
 6.25558e+03  3.84310e-02
 6.25584e+03  3.91284e-02
 6.25610e+03  3.94392e-02
 6.25637e+03  4.03711e-02
 6.25663e+03  4.14076e-02
 6.25689e+03  4.23249e-02
 6.25715e+03  4.28089e-02
 6.25741e+03  4.36991e-02
 6.25767e+03  4.45839e-02
 6.25793e+03  4.52061e-02
 6.25819e+03  4.66305e-02
 6.25846e+03  4.69509e-02
 6.25872e+03  4.81061e-02
 6.25898e+03  4.85770e-02
 6.25924e+03  4.99627e-02
 6.25950e+03  5.09490e-02
 6.25976e+03  5.14048e-02
 6.26002e+03  5.26642e-02
 6.26028e+03  5.34569e-02
 6.26055e+03  5.45961e-02
 6.26081e+03  5.58855e-02
 6.26107e+03  5.68945e-02
 6.26133e+03  5.80436e-02
 6.26159e+03  5.90704e-02
 6.26185e+03  6.00627e-02
 6.26211e+03  6.12718e-02
 6.26237e+03  6.26646e-02
 6.26264e+03  6.42231e-02
 6.26290e+03  6.49410e-02
 6.26316e+03  6.63211e-02
 6.26342e+03  6.78180e-02
 6.26368e+03  6.94946e-02
 6.26394e+03  7.10594e-02
 6.26420e+03  7.24304e-02
 6.26446e+03  7.36941e-02
 6.26472e+03  7.56601e-02
 6.26499e+03  7.65065e-02
 6.26525e+03  7.81012e-02
 6.26551e+03  7.99142e-02
 6.26577e+03  8.15345e-02
 6.26603e+03  8.29255e-02
 6.26629e+03  8.42555e-02
 6.26655e+03  8.58244e-02
 6.26681e+03  8.85154e-02
 6.26708e+03  9.02748e-02
 6.26734e+03  9.19095e-02
 6.26760e+03  9.33532e-02
 6.26786e+03  9.54562e-02
 6.26812e+03  9.79142e-02
 6.26838e+03  9.95748e-02
 6.26864e+03  1.02076e-01
 6.26890e+03  1.04197e-01
 6.26917e+03  1.05814e-01
 6.26943e+03  1.07873e-01
 6.26969e+03  1.10673e-01
 6.26995e+03  1.13020e-01
 6.27021e+03  1.16142e-01
 6.27047e+03  1.17669e-01
 6.27073e+03  1.20729e-01
 6.27099e+03  1.22279e-01
 6.27125e+03  1.25794e-01
 6.27152e+03  1.28257e-01
 6.27178e+03  1.30049e-01
 6.27204e+03  1.32766e-01
 6.27230e+03  1.36812e-01
 6.27256e+03  1.39689e-01
 6.27282e+03  1.42385e-01
 6.27308e+03  1.45002e-01
 6.27334e+03  1.47994e-01
 6.27361e+03  1.50766e-01
 6.27387e+03  1.55153e-01
 6.27413e+03  1.57853e-01
 6.27439e+03  1.61947e-01
 6.27465e+03  1.65144e-01
 6.27491e+03  1.69020e-01
 6.27517e+03  1.71740e-01
 6.27543e+03  1.76455e-01
 6.27570e+03  1.79100e-01
 6.27596e+03  1.83805e-01
 6.27622e+03  1.86004e-01
 6.27648e+03  1.90131e-01
 6.27674e+03  1.94438e-01
 6.27700e+03  2.00156e-01
 6.27726e+03  2.02990e-01
 6.27752e+03  2.07064e-01
 6.27778e+03  2.11717e-01
 6.27805e+03  2.16107e-01
 6.27831e+03  2.20914e-01
 6.27857e+03  2.25113e-01
 6.27883e+03  2.29263e-01
 6.27909e+03  2.33287e-01
 6.27935e+03  2.37591e-01
 6.27961e+03  2.42762e-01
 6.27987e+03  2.49293e-01
 6.28014e+03  2.54121e-01
 6.28040e+03  2.58756e-01
 6.28066e+03  2.64092e-01
 6.28092e+03  2.70024e-01
 6.28118e+03  2.75599e-01
 6.28144e+03  2.80988e-01
 6.28170e+03  2.85233e-01
 6.28196e+03  2.90067e-01
 6.28223e+03  2.96931e-01
 6.28249e+03  3.02216e-01
 6.28275e+03  3.10032e-01
 6.28301e+03  3.15332e-01
 6.28327e+03  3.20610e-01
 6.28353e+03  3.26645e-01
 6.28379e+03  3.31736e-01
 6.28405e+03  3.39787e-01
 6.28431e+03  3.46193e-01
 6.28458e+03  3.52682e-01
 6.28484e+03  3.57024e-01
 6.28510e+03  3.61807e-01
 6.28536e+03  3.69399e-01
 6.28562e+03  3.77141e-01
 6.28588e+03  3.82567e-01
 6.28614e+03  3.89735e-01
 6.28640e+03  3.97345e-01
 6.28667e+03  4.02728e-01
 6.28693e+03  4.09774e-01
 6.28719e+03  4.16068e-01
 6.28745e+03  4.22397e-01
 6.28771e+03  4.29027e-01
 6.28797e+03  4.35844e-01
 6.28823e+03  4.41248e-01
 6.28849e+03  4.49734e-01
 6.28876e+03  4.54818e-01
 6.28902e+03  4.63354e-01
 6.28928e+03  4.68795e-01
 6.28954e+03  4.75445e-01
 6.28980e+03  4.83925e-01
 6.29006e+03  4.89415e-01
 6.29032e+03  4.95079e-01
 6.29058e+03  5.02529e-01
 6.29084e+03  5.10437e-01
 6.29111e+03  5.17730e-01
 6.29137e+03  5.23415e-01
 6.29163e+03  5.28659e-01
 6.29189e+03  5.35168e-01
 6.29215e+03  5.42496e-01
 6.29241e+03  5.47644e-01
 6.29267e+03  5.56460e-01
 6.29293e+03  5.60754e-01
 6.29320e+03  5.68431e-01
 6.29346e+03  5.73756e-01
 6.29372e+03  5.81199e-01
 6.29398e+03  5.88568e-01
 6.29424e+03  5.93858e-01
 6.29450e+03  5.98240e-01
 6.29476e+03  6.06687e-01
 6.29502e+03  6.09594e-01
 6.29529e+03  6.15006e-01
 6.29555e+03  6.20703e-01
 6.29581e+03  6.26099e-01
 6.29607e+03  6.30726e-01
 6.29633e+03  6.38533e-01
 6.29659e+03  6.43419e-01
 6.29685e+03  6.49535e-01
 6.29711e+03  6.51883e-01
 6.29738e+03  6.59956e-01
 6.29764e+03  6.63208e-01
 6.29790e+03  6.67828e-01
 6.29816e+03  6.72678e-01
 6.29842e+03  6.77996e-01
 6.29868e+03  6.81176e-01
 6.29894e+03  6.85043e-01
 6.29920e+03  6.90451e-01
 6.29946e+03  6.93933e-01
 6.29973e+03  6.98070e-01
 6.29999e+03  7.02399e-01
 6.30025e+03  7.05758e-01
 6.30051e+03  7.09284e-01
 6.30077e+03  7.12810e-01
 6.30103e+03  7.16622e-01
 6.30129e+03  7.18143e-01
 6.30155e+03  7.24458e-01
 6.30182e+03  7.26576e-01
 6.30208e+03  7.30515e-01
 6.30234e+03  7.35898e-01
 6.30260e+03  7.33839e-01
 6.30286e+03  7.36507e-01
 6.30312e+03  7.41044e-01
 6.30338e+03  7.44793e-01
 6.30364e+03  7.47243e-01
 6.30390e+03  7.45649e-01
 6.30417e+03  7.52157e-01
 6.30443e+03  7.53002e-01
 6.30469e+03  7.55615e-01
 6.30495e+03  7.58689e-01
 6.30521e+03  7.59534e-01
 6.30547e+03  7.62853e-01
 6.30573e+03  7.64277e-01
 6.30599e+03  7.65134e-01
 6.30626e+03  7.67788e-01
 6.30652e+03  7.69180e-01
 6.30678e+03  7.68482e-01
 6.30704e+03  7.72713e-01
 6.30730e+03  7.71630e-01
 6.30756e+03  7.75443e-01
 6.30782e+03  7.77122e-01
 6.30808e+03  7.75158e-01
 6.30835e+03  7.77960e-01
 6.30861e+03  7.78853e-01
 6.30887e+03  7.80462e-01
 6.30913e+03  7.82519e-01
 6.30939e+03  7.84146e-01
 6.30965e+03  7.81396e-01
 6.30991e+03  7.84389e-01
 6.31017e+03  7.87532e-01
 6.31043e+03  7.87327e-01
 6.31070e+03  7.86570e-01
 6.31096e+03  7.86645e-01
 6.31122e+03  7.90074e-01
 6.31148e+03  7.91844e-01
 6.31174e+03  7.88957e-01
 6.31200e+03  7.90475e-01
 6.31226e+03  7.92360e-01
 6.31252e+03  7.92849e-01
 6.31279e+03  7.92608e-01
 6.31305e+03  7.93238e-01
 6.31331e+03  7.94758e-01
 6.31357e+03  7.93843e-01
 6.31383e+03  7.94204e-01
 6.31409e+03  7.95545e-01
 6.31435e+03  7.93772e-01
 6.31461e+03  7.94492e-01
 6.31488e+03  7.95300e-01
 6.31514e+03  7.97163e-01
 6.31540e+03  7.97180e-01
 6.31566e+03  7.96518e-01
 6.31592e+03  7.97673e-01
 6.31618e+03  7.96963e-01
 6.31644e+03  7.97656e-01
 6.31670e+03  7.98737e-01
 6.31696e+03  7.98999e-01
 6.31723e+03  7.98425e-01
 6.31749e+03  7.97169e-01
 6.31775e+03  8.00606e-01
 6.31801e+03  7.99213e-01
 6.31827e+03  7.99397e-01
 6.31853e+03  8.01438e-01
 6.31879e+03  8.00519e-01
 6.31905e+03  8.03049e-01
 6.31932e+03  8.00339e-01
 6.31958e+03  7.98853e-01
 6.31984e+03  8.01206e-01
 6.32010e+03  8.01829e-01
 6.32036e+03  7.99867e-01
 6.32062e+03  8.02192e-01
 6.32088e+03  8.01835e-01
 6.32114e+03  8.03145e-01
 6.32141e+03  8.02238e-01
 6.32167e+03  8.03423e-01
 6.32193e+03  8.02274e-01
 6.32219e+03  8.00882e-01
 6.32245e+03  8.05392e-01
 6.32271e+03  8.02542e-01
 6.32297e+03  8.01391e-01
 6.32323e+03  8.01854e-01
 6.32349e+03  8.03440e-01
 6.32376e+03  8.00567e-01
 6.32402e+03  8.03571e-01
 6.32428e+03  8.04164e-01
 6.32454e+03  8.04193e-01
 6.32480e+03  8.04435e-01
 6.32506e+03  8.04592e-01
 6.32532e+03  8.02729e-01
 6.32558e+03  8.03105e-01
 6.32585e+03  8.03778e-01
 6.32611e+03  8.04886e-01
 6.32637e+03  8.05238e-01
 6.32663e+03  8.03052e-01
 6.32689e+03  8.02391e-01
 6.32715e+03  8.02942e-01
 6.32741e+03  8.03762e-01
 6.32767e+03  8.03611e-01
 6.32794e+03  8.06751e-01
 6.32820e+03  8.03613e-01
 6.32846e+03  8.05754e-01
 6.32872e+03  8.03763e-01
 6.32898e+03  8.03155e-01
 6.32924e+03  8.04659e-01
 6.32950e+03  8.06475e-01
 6.32976e+03  8.05250e-01
 6.33002e+03  8.03319e-01
 6.33029e+03  8.03004e-01
 6.33055e+03  8.02673e-01
 6.33081e+03  8.04703e-01
 6.33107e+03  8.05208e-01
 6.33133e+03  8.05380e-01
 6.33159e+03  8.04735e-01
 6.33185e+03  8.04172e-01
 6.33211e+03  8.04674e-01
 6.33238e+03  8.03952e-01
 6.33264e+03  8.04261e-01
 6.33290e+03  8.02325e-01
 6.33316e+03  8.06691e-01
 6.33342e+03  8.03797e-01
 6.33368e+03  8.03018e-01
 6.33394e+03  8.04217e-01
 6.33420e+03  8.00492e-01
 6.33447e+03  8.02943e-01
 6.33473e+03  8.03603e-01
 6.33499e+03  8.00880e-01
 6.33525e+03  8.00411e-01
 6.33551e+03  8.02790e-01
 6.33577e+03  8.00292e-01
 6.33603e+03  7.99452e-01
 6.33629e+03  8.00775e-01
 6.33655e+03  8.00722e-01
 6.33682e+03  7.99532e-01
 6.33708e+03  8.00782e-01
 6.33734e+03  7.99109e-01
 6.33760e+03  7.99338e-01
 6.33786e+03  7.97880e-01
 6.33812e+03  7.98815e-01
 6.33838e+03  7.96435e-01
 6.33864e+03  7.95728e-01
 6.33891e+03  7.99483e-01
 6.33917e+03  7.97983e-01
 6.33943e+03  7.94818e-01
 6.33969e+03  7.94247e-01
 6.33995e+03  7.96871e-01
 6.34021e+03  7.98304e-01
 6.34047e+03  7.97138e-01
 6.34073e+03  7.94520e-01
 6.34100e+03  7.94340e-01
 6.34126e+03  7.96134e-01
 6.34152e+03  7.93794e-01
 6.34178e+03  7.93259e-01
 6.34204e+03  7.93576e-01
 6.34230e+03  7.90731e-01
 6.34256e+03  7.90085e-01
 6.34282e+03  7.91669e-01
 6.34308e+03  7.91373e-01
 6.34335e+03  7.92139e-01
 6.34361e+03  7.88827e-01
 6.34387e+03  7.87115e-01
 6.34413e+03  7.89182e-01
 6.34439e+03  7.90493e-01
 6.34465e+03  7.87758e-01
 6.34491e+03  7.84881e-01
 6.34517e+03  7.88589e-01
 6.34544e+03  7.86823e-01
 6.34570e+03  7.85421e-01
 6.34596e+03  7.86557e-01
 6.34622e+03  7.83953e-01
 6.34648e+03  7.82796e-01
 6.34674e+03  7.83663e-01
 6.34700e+03  7.85481e-01
 6.34726e+03  7.83473e-01
 6.34753e+03  7.83215e-01
 6.34779e+03  7.83913e-01
 6.34805e+03  7.83017e-01
 6.34831e+03  7.83362e-01
 6.34857e+03  7.82190e-01
 6.34883e+03  7.82555e-01
 6.34909e+03  7.78744e-01
 6.34935e+03  7.77380e-01
 6.34961e+03  7.77347e-01
 6.34988e+03  7.79932e-01
 6.35014e+03  7.78764e-01
 6.35040e+03  7.77986e-01
 6.35066e+03  7.77560e-01
 6.35092e+03  7.76252e-01
 6.35118e+03  7.78287e-01
 6.35144e+03  7.76549e-01
 6.35170e+03  7.77498e-01
 6.35197e+03  7.76440e-01
 6.35223e+03  7.76371e-01
 6.35249e+03  7.74437e-01
 6.35275e+03  7.74889e-01
 6.35301e+03  7.73899e-01
 6.35327e+03  7.76452e-01
 6.35353e+03  7.75206e-01
 6.35379e+03  7.74204e-01
 6.35406e+03  7.72656e-01
 6.35432e+03  7.71425e-01
 6.35458e+03  7.75231e-01
 6.35484e+03  7.72518e-01
 6.35510e+03  7.69784e-01
 6.35536e+03  7.69650e-01
 6.35562e+03  7.68711e-01
 6.35588e+03  7.70328e-01
 6.35615e+03  7.71079e-01
 6.35641e+03  7.74270e-01
 6.35667e+03  7.70317e-01
 6.35693e+03  7.69456e-01
 6.35719e+03  7.69869e-01
 6.35745e+03  7.70761e-01
 6.35771e+03  7.70676e-01
 6.35797e+03  7.68968e-01
 6.35823e+03  7.67505e-01
 6.35850e+03  7.68973e-01
 6.35876e+03  7.72734e-01
 6.35902e+03  7.68390e-01
 6.35928e+03  7.68631e-01
 6.35954e+03  7.69200e-01
 6.35980e+03  7.68851e-01
 6.36006e+03  7.67990e-01
 6.36032e+03  7.69388e-01
 6.36058e+03  7.70012e-01
 6.36085e+03  7.71211e-01
 6.36111e+03  7.69061e-01
 6.36137e+03  7.68063e-01
 6.36163e+03  7.67943e-01
 6.36189e+03  7.71360e-01
 6.36215e+03  7.70701e-01
 6.36241e+03  7.69370e-01
 6.36267e+03  7.67501e-01
 6.36294e+03  7.67253e-01
 6.36320e+03  7.68973e-01
 6.36346e+03  7.68535e-01
 6.36372e+03  7.71457e-01
 6.36398e+03  7.70749e-01
 6.36424e+03  7.69513e-01
 6.36450e+03  7.72260e-01
 6.36476e+03  7.69859e-01
 6.36503e+03  7.71892e-01
 6.36529e+03  7.71975e-01
 6.36555e+03  7.69922e-01
 6.36581e+03  7.69555e-01
 6.36607e+03  7.74006e-01
 6.36633e+03  7.71573e-01
 6.36659e+03  7.71039e-01
 6.36685e+03  7.70424e-01
 6.36712e+03  7.70691e-01
 6.36738e+03  7.70880e-01
 6.36764e+03  7.70671e-01
 6.36790e+03  7.72199e-01
 6.36816e+03  7.69035e-01
 6.36842e+03  7.71565e-01
 6.36868e+03  7.69855e-01
 6.36894e+03  7.71695e-01
 6.36920e+03  7.72990e-01
 6.36947e+03  7.71464e-01
 6.36973e+03  7.72145e-01
 6.36999e+03  7.70998e-01
 6.37025e+03  7.70235e-01
 6.37051e+03  7.68966e-01
 6.37077e+03  7.71851e-01
 6.37103e+03  7.68838e-01
 6.37129e+03  7.71124e-01
 6.37156e+03  7.72178e-01
 6.37182e+03  7.70152e-01
 6.37208e+03  7.68860e-01
 6.37234e+03  7.69450e-01
 6.37260e+03  7.70038e-01
 6.37286e+03  7.66672e-01
 6.37312e+03  7.66861e-01
 6.37338e+03  7.66440e-01
 6.37365e+03  7.69842e-01
 6.37391e+03  7.65850e-01
 6.37417e+03  7.64277e-01
 6.37443e+03  7.61971e-01
 6.37469e+03  7.62451e-01
 6.37495e+03  7.61873e-01
 6.37521e+03  7.60173e-01
 6.37547e+03  7.58451e-01
 6.37573e+03  7.58337e-01
 6.37600e+03  7.55649e-01
 6.37626e+03  7.53654e-01
 6.37652e+03  7.52443e-01
 6.37678e+03  7.49700e-01
 6.37704e+03  7.51953e-01
 6.37730e+03  7.48079e-01
 6.37756e+03  7.47112e-01
 6.37782e+03  7.43276e-01
 6.37809e+03  7.42336e-01
 6.37835e+03  7.40667e-01
 6.37861e+03  7.35455e-01
 6.37887e+03  7.33604e-01
 6.37913e+03  7.32494e-01
 6.37939e+03  7.28228e-01
 6.37965e+03  7.26223e-01
 6.37991e+03  7.22882e-01
 6.38018e+03  7.21018e-01
 6.38044e+03  7.18213e-01
 6.38070e+03  7.12864e-01
 6.38096e+03  7.09685e-01
 6.38122e+03  7.08115e-01
 6.38148e+03  7.02209e-01
 6.38174e+03  6.96728e-01
 6.38200e+03  6.95393e-01
 6.38226e+03  6.88740e-01
 6.38253e+03  6.83673e-01
 6.38279e+03  6.79962e-01
 6.38305e+03  6.73305e-01
 6.38331e+03  6.71666e-01
 6.38357e+03  6.65683e-01
 6.38383e+03  6.61959e-01
 6.38409e+03  6.55685e-01
 6.38435e+03  6.52291e-01
 6.38462e+03  6.46590e-01
 6.38488e+03  6.39291e-01
 6.38514e+03  6.34086e-01
 6.38540e+03  6.28320e-01
 6.38566e+03  6.22151e-01
 6.38592e+03  6.16935e-01
 6.38618e+03  6.09729e-01
 6.38644e+03  6.04579e-01
 6.38671e+03  5.98444e-01
 6.38697e+03  5.92216e-01
 6.38723e+03  5.83271e-01
 6.38749e+03  5.78954e-01
 6.38775e+03  5.73201e-01
 6.38801e+03  5.66006e-01
 6.38827e+03  5.58767e-01
 6.38853e+03  5.52542e-01
 6.38879e+03  5.45378e-01
 6.38906e+03  5.35847e-01
 6.38932e+03  5.30887e-01
 6.38958e+03  5.23892e-01
 6.38984e+03  5.18882e-01
 6.39010e+03  5.11860e-01
 6.39036e+03  5.01764e-01
 6.39062e+03  4.95959e-01
 6.39088e+03  4.89746e-01
 6.39115e+03  4.81354e-01
 6.39141e+03  4.75147e-01
 6.39167e+03  4.66615e-01
 6.39193e+03  4.59115e-01
 6.39219e+03  4.52498e-01
 6.39245e+03  4.46515e-01
 6.39271e+03  4.37362e-01
 6.39297e+03  4.32230e-01
 6.39324e+03  4.24661e-01
 6.39350e+03  4.16812e-01
 6.39376e+03  4.11110e-01
 6.39402e+03  4.02942e-01
 6.39428e+03  3.96873e-01
 6.39454e+03  3.90297e-01
 6.39480e+03  3.82957e-01
 6.39506e+03  3.75529e-01
 6.39532e+03  3.69130e-01
 6.39559e+03  3.63321e-01
 6.39585e+03  3.54211e-01
 6.39611e+03  3.49706e-01
 6.39637e+03  3.42416e-01
 6.39663e+03  3.35919e-01
 6.39689e+03  3.29138e-01
 6.39715e+03  3.22903e-01
 6.39741e+03  3.16979e-01
 6.39768e+03  3.09810e-01
 6.39794e+03  3.04284e-01
 6.39820e+03  2.98325e-01
 6.39846e+03  2.94786e-01
 6.39872e+03  2.87627e-01
 6.39898e+03  2.80439e-01
 6.39924e+03  2.75716e-01
 6.39950e+03  2.69256e-01
 6.39977e+03  2.64134e-01
 6.40003e+03  2.59226e-01
 6.40029e+03  2.54009e-01
 6.40055e+03  2.48596e-01
 6.40081e+03  2.43857e-01
 6.40107e+03  2.38915e-01
 6.40133e+03  2.34610e-01
 6.40159e+03  2.29675e-01
 6.40185e+03  2.23758e-01
 6.40212e+03  2.19713e-01
 6.40238e+03  2.15741e-01
 6.40264e+03  2.10052e-01
 6.40290e+03  2.05733e-01
 6.40316e+03  2.01263e-01
 6.40342e+03  1.97015e-01
 6.40368e+03  1.93565e-01
 6.40394e+03  1.89234e-01
 6.40421e+03  1.85437e-01
 6.40447e+03  1.81440e-01
 6.40473e+03  1.77850e-01
 6.40499e+03  1.72981e-01
 6.40525e+03  1.70649e-01
 6.40551e+03  1.66212e-01
 6.40577e+03  1.63386e-01
 6.40603e+03  1.60278e-01
 6.40630e+03  1.56037e-01
 6.40656e+03  1.53363e-01
 6.40682e+03  1.49950e-01
 6.40708e+03  1.45919e-01
 6.40734e+03  1.43772e-01
 6.40760e+03  1.40150e-01
 6.40786e+03  1.37155e-01
 6.40812e+03  1.34407e-01
 6.40838e+03  1.31870e-01
 6.40865e+03  1.28327e-01
 6.40891e+03  1.26304e-01
 6.40917e+03  1.23627e-01
 6.40943e+03  1.21205e-01
 6.40969e+03  1.18147e-01
 6.40995e+03  1.15792e-01
 6.41021e+03  1.13573e-01
 6.41047e+03  1.10376e-01
 6.41074e+03  1.08498e-01
 6.41100e+03  1.07016e-01
 6.41126e+03  1.03874e-01
 6.41152e+03  1.02034e-01
 6.41178e+03  1.00196e-01
 6.41204e+03  9.75384e-02
 6.41230e+03  9.60904e-02
 6.41256e+03  9.40821e-02
 6.41283e+03  9.18038e-02
 6.41309e+03  8.96440e-02
 6.41335e+03  8.84904e-02
 6.41361e+03  8.69931e-02
 6.41387e+03  8.53252e-02
 6.41413e+03  8.34487e-02
 6.41439e+03  8.10533e-02
 6.41465e+03  7.94790e-02
 6.41492e+03  7.82462e-02
 6.41518e+03  7.67998e-02
 6.41544e+03  7.56340e-02
 6.41570e+03  7.34580e-02
 6.41596e+03  7.22618e-02
 6.41622e+03  7.07305e-02
 6.41648e+03  6.92644e-02
 6.41674e+03  6.82655e-02
 6.41700e+03  6.67086e-02
 6.41727e+03  6.54530e-02
 6.41753e+03  6.40376e-02
 6.41779e+03  6.29773e-02
 6.41805e+03  6.18118e-02
 6.41831e+03  6.07878e-02
 6.41857e+03  5.99545e-02
 6.41883e+03  5.87308e-02
 6.41909e+03  5.70242e-02
 6.41935e+03  5.57238e-02
 6.41962e+03  5.48152e-02
 6.41988e+03  5.41039e-02
 6.42014e+03  5.31726e-02
 6.42040e+03  5.18734e-02
 6.42066e+03  5.05578e-02
 6.42092e+03  5.00193e-02
 6.42118e+03  4.86652e-02
 6.42144e+03  4.86254e-02
 6.42171e+03  4.70736e-02
 6.42197e+03  4.63357e-02
 6.42223e+03  4.54841e-02
 6.42249e+03  4.47310e-02
 6.42275e+03  4.37726e-02
 6.42301e+03  4.31577e-02
 6.42327e+03  4.23246e-02
 6.42353e+03  4.17554e-02
 6.42380e+03  4.12192e-02
 6.42406e+03  4.04216e-02
 6.42432e+03  3.94599e-02
 6.42458e+03  3.88495e-02
 6.42484e+03  3.81331e-02
 6.42510e+03  3.75017e-02
 6.42536e+03  3.68514e-02
 6.42562e+03  3.59416e-02
 6.42589e+03  3.56812e-02
 6.42615e+03  3.46310e-02
 6.42641e+03  3.39575e-02
 6.42667e+03  3.35124e-02
 6.42693e+03  3.28602e-02
 6.42719e+03  3.26275e-02
 6.42745e+03  3.20665e-02
 6.42771e+03  3.10794e-02
 6.42797e+03  3.08043e-02
 6.42824e+03  3.01867e-02
 6.42850e+03  2.97718e-02
 6.42876e+03  2.95294e-02
 6.42902e+03  2.93238e-02
 6.42928e+03  2.83470e-02
 6.42954e+03  2.78475e-02
 6.42980e+03  2.74146e-02
 6.43006e+03  2.69024e-02
 6.43033e+03  2.67123e-02
 6.43059e+03  2.63888e-02
 6.43085e+03  2.58424e-02
 6.43111e+03  2.54106e-02
 6.43137e+03  2.47088e-02
 6.43163e+03  2.42271e-02
 6.43189e+03  2.40350e-02
 6.43215e+03  2.34775e-02
 6.43242e+03  2.27570e-02
 6.43268e+03  1.45475e-02
 6.43294e+03  1.89968e-02
 6.43320e+03  2.17488e-02
 6.43346e+03  2.18929e-02
 6.43372e+03  2.14718e-02
 6.43398e+03  2.11208e-02
 6.43424e+03  2.10132e-02
 6.43450e+03  2.06417e-02
 6.43477e+03  2.01923e-02
 6.43503e+03  1.97708e-02
 6.43529e+03  1.96693e-02
 6.43555e+03  1.92896e-02
 6.43581e+03  1.91464e-02
 6.43607e+03  1.87347e-02
 6.43633e+03  1.88025e-02
 6.43659e+03  1.84318e-02
 6.43686e+03  1.79200e-02
 6.43712e+03  1.77567e-02
 6.43738e+03  1.73312e-02
 6.43764e+03  1.73444e-02
 6.43790e+03  1.69090e-02
 6.43816e+03  1.66952e-02
 6.43842e+03  1.64378e-02
 6.43868e+03  1.62046e-02
 6.43895e+03  1.59625e-02
 6.43921e+03  1.55506e-02
 6.43947e+03  1.55435e-02
 6.43973e+03  1.56602e-02
 6.43999e+03  1.52330e-02
 6.44025e+03  1.48852e-02
 6.44051e+03  1.46187e-02
 6.44077e+03  1.45971e-02
 6.44103e+03  1.42562e-02
 6.44130e+03  1.42385e-02
 6.44156e+03  1.38334e-02
 6.44182e+03  1.36047e-02
 6.44208e+03  1.33401e-02
 6.44234e+03  1.33360e-02
 6.44260e+03  1.29858e-02
 6.44286e+03  1.30312e-02
 6.44312e+03  1.29962e-02
 6.44339e+03  1.25750e-02
 6.44365e+03  1.23440e-02
 6.44391e+03  1.24113e-02
 6.44417e+03  1.23578e-02
 6.44443e+03  1.20292e-02
 6.44469e+03  1.18870e-02
 6.44495e+03  1.16310e-02
 6.44521e+03  1.17391e-02
 6.44548e+03  1.12339e-02
 6.44574e+03  1.11997e-02
 6.44600e+03  1.10040e-02
 6.44626e+03  1.08949e-02
 6.44652e+03  1.08847e-02
 6.44678e+03  1.06325e-02
 6.44704e+03  1.07140e-02
 6.44730e+03  1.04150e-02
 6.44756e+03  1.02823e-02
 6.44783e+03  9.93104e-03
 6.44809e+03  1.02761e-02
 6.44835e+03  9.94423e-03
 6.44861e+03  9.61462e-03
 6.44887e+03  9.69053e-03
 6.44913e+03  9.52498e-03
 6.44939e+03  9.46659e-03
 6.44965e+03  9.27720e-03
 6.44992e+03  9.07228e-03
 6.45018e+03  9.15658e-03
 6.45044e+03  9.19824e-03
 6.45070e+03  8.83522e-03
 6.45096e+03  8.81435e-03
 6.45122e+03  8.72516e-03
 6.45148e+03  8.64770e-03
 6.45174e+03  8.28482e-03
 6.45201e+03  8.33963e-03
 6.45227e+03  8.15121e-03
 6.45253e+03  8.09321e-03
 6.45279e+03  8.00808e-03
 6.45305e+03  7.95024e-03
 6.45331e+03  7.75189e-03
 6.45357e+03  7.88225e-03
 6.45383e+03  7.93451e-03
 6.45409e+03  7.63439e-03
 6.45436e+03  7.44497e-03
 6.45462e+03  7.48934e-03
 6.45488e+03  7.18634e-03
 6.45514e+03  7.32149e-03
 6.45540e+03  7.26327e-03
 6.45566e+03  7.07773e-03
 6.45592e+03  6.92417e-03
 6.45618e+03  7.02229e-03
 6.45645e+03  6.99192e-03
 6.45671e+03  6.79132e-03
 6.45697e+03  6.65390e-03
 6.45723e+03  6.64934e-03
 6.45749e+03  6.60061e-03
 6.45775e+03  6.60652e-03
 6.45801e+03  6.51875e-03
 6.45827e+03  6.41716e-03
 6.45854e+03  6.30243e-03
 6.45880e+03  6.41773e-03
 6.45906e+03  6.23554e-03
 6.45932e+03  6.06857e-03
 6.45958e+03  6.13530e-03
 6.45984e+03  5.90360e-03
 6.46010e+03  5.92241e-03
 6.46036e+03  5.94540e-03
 6.46062e+03  5.92500e-03
 6.46089e+03  5.64561e-03
 6.46115e+03  5.72944e-03
 6.46141e+03  5.61452e-03
 6.46167e+03  5.58783e-03
 6.46193e+03  5.52594e-03
 6.46219e+03  5.48283e-03
 6.46245e+03  5.40182e-03
 6.46271e+03  5.21286e-03
 6.46298e+03  5.39565e-03
 6.46324e+03  5.47928e-03
 6.46350e+03  5.14861e-03
 6.46376e+03  5.21489e-03
 6.46402e+03  5.11874e-03
 6.46428e+03  4.96051e-03
 6.46454e+03  5.12684e-03
 6.46480e+03  4.93864e-03
 6.46507e+03  4.87606e-03
 6.46533e+03  4.76864e-03
 6.46559e+03  4.82565e-03
 6.46585e+03  4.84710e-03
 6.46611e+03  4.75215e-03
 6.46637e+03  4.78090e-03
 6.46663e+03  4.66214e-03
 6.46689e+03  4.61347e-03
 6.46715e+03  4.52358e-03
 6.46742e+03  4.47814e-03
 6.46768e+03  4.58610e-03
 6.46794e+03  4.51478e-03
 6.46820e+03  4.39945e-03
 6.46846e+03  4.35230e-03
 6.46872e+03  4.36992e-03
 6.46898e+03  4.35094e-03
 6.46924e+03  4.12104e-03
 6.46951e+03  4.26237e-03
 6.46977e+03  4.08210e-03
 6.47003e+03  4.09912e-03
 6.47029e+03  4.16641e-03
 6.47055e+03  4.07268e-03
 6.47081e+03  4.09893e-03
 6.47107e+03  3.91953e-03
 6.47133e+03  3.91229e-03
 6.47160e+03  3.76289e-03
 6.47186e+03  3.87840e-03
 6.47212e+03  3.84075e-03
 6.47238e+03  3.86468e-03
 6.47264e+03  3.67931e-03
 6.47290e+03  3.75966e-03
 6.47316e+03  3.80351e-03
 6.47342e+03  3.62670e-03
 6.47368e+03  3.76157e-03
 6.47395e+03  3.64002e-03
 6.47421e+03  3.63674e-03
 6.47447e+03  3.65299e-03
 6.47473e+03  3.45472e-03
 6.47499e+03  3.67775e-03
 6.47525e+03  3.56229e-03
 6.47551e+03  3.48565e-03
 6.47577e+03  3.57478e-03
 6.47604e+03  3.37719e-03
 6.47630e+03  3.45843e-03
 6.47656e+03  3.35044e-03
 6.47682e+03  3.38042e-03
 6.47708e+03  3.21377e-03
 6.47734e+03  3.29569e-03
 6.47760e+03  3.28228e-03
 6.47786e+03  3.33188e-03
 6.47812e+03  3.24165e-03
 6.47839e+03  3.25835e-03
 6.47865e+03  3.12410e-03
 6.47891e+03  3.19304e-03
 6.47917e+03  3.14485e-03
 6.47943e+03  3.05821e-03
 6.47969e+03  3.06225e-03
 6.47995e+03  2.97226e-03
 6.48021e+03  3.00886e-03
 6.48048e+03  2.99183e-03
 6.48074e+03  2.92427e-03
 6.48100e+03  2.93111e-03
 6.48126e+03  2.85337e-03
 6.48152e+03  2.91958e-03
 6.48178e+03  2.95869e-03
 6.48204e+03  2.69326e-03
 6.48230e+03  2.75352e-03
 6.48257e+03  2.85287e-03
 6.48283e+03  2.79638e-03
 6.48309e+03  2.77021e-03
 6.48335e+03  2.80107e-03
 6.48361e+03  2.76870e-03
 6.48387e+03  2.74296e-03
 6.48413e+03  2.69345e-03
 6.48439e+03  2.66718e-03
 6.48466e+03  2.64545e-03
 6.48492e+03  2.64993e-03
 6.48518e+03  2.67369e-03
 6.48544e+03  2.57757e-03
 6.48570e+03  2.54205e-03
 6.48596e+03  2.44250e-03
 6.48622e+03  2.61387e-03
 6.48648e+03  2.47205e-03
 6.48674e+03  2.56698e-03
 6.48701e+03  2.57936e-03
 6.48727e+03  2.41610e-03
 6.48753e+03  2.42683e-03
 6.48779e+03  2.45459e-03
 6.48805e+03  2.56179e-03
 6.48831e+03  2.40130e-03
 6.48857e+03  2.39514e-03
 6.48883e+03  2.34239e-03
 6.48910e+03  2.35201e-03
 6.48936e+03  2.33885e-03
 6.48962e+03  2.28425e-03
 6.48988e+03  2.21907e-03
 6.49014e+03  2.19866e-03
 6.49040e+03  2.34312e-03
 6.49066e+03  2.27658e-03
 6.49092e+03  2.22676e-03
 6.49119e+03  2.22736e-03
 6.49145e+03  2.23764e-03
 6.49171e+03  2.27493e-03
 6.49197e+03  2.12674e-03
 6.49223e+03  2.14527e-03
 6.49249e+03  2.10058e-03
 6.49275e+03  2.26730e-03
 6.49301e+03  2.16858e-03
 6.49327e+03  2.15674e-03
 6.49354e+03  2.06111e-03
 6.49380e+03  2.06504e-03
 6.49406e+03  2.12794e-03
 6.49432e+03  2.09342e-03
 6.49458e+03  2.09624e-03
 6.49484e+03  2.04710e-03
 6.49510e+03  1.98018e-03
 6.49536e+03  2.03281e-03
 6.49563e+03  1.96348e-03
 6.49589e+03  1.95708e-03
 6.49615e+03  1.95685e-03
 6.49641e+03  1.87519e-03
 6.49667e+03  1.96182e-03
 6.49693e+03  2.03633e-03
 6.49719e+03  1.93723e-03
 6.49745e+03  1.94630e-03
 6.49772e+03  1.85815e-03
 6.49798e+03  1.88971e-03
 6.49824e+03  1.91851e-03
 6.49850e+03  1.87601e-03
 6.49876e+03  1.72547e-03
 6.49902e+03  1.85630e-03
 6.49928e+03  1.79838e-03
 6.49954e+03  1.87127e-03
 6.49980e+03  1.79483e-03
 6.50007e+03  1.88370e-03
