   3701.714      5.3694018E-04
   3704.958      5.1177992E-04
   3708.201      4.9303944E-04
   3711.445      4.8561097E-04
   3714.688      4.9470231E-04
   3717.932      5.2542932E-04
   3721.176      5.8245868E-04
   3724.420      6.6976069E-04
   3727.664      7.9049513E-04
   3730.908      9.4701938E-04
   3734.152      1.1409848E-03
   3737.396      1.3734787E-03
   3740.639      1.6451743E-03
   3743.884      1.9564654E-03
   3747.127      2.3075680E-03
   3750.372      2.6985945E-03
   3753.616      3.1295989E-03
   3756.860      3.6001301E-03
   3760.104      4.1126478E-03
   3763.348      4.6640988E-03
   3766.592      5.2590766E-03
   3769.836      5.8923787E-03
   3773.081      6.5735360E-03
   3776.325      7.3052226E-03
   3779.569      8.0897547E-03
   3782.814      8.9327563E-03
   3786.058      9.8486710E-03
   3789.302      1.0842801E-02
   3792.547      1.1932325E-02
   3795.791      1.3128959E-02
   3799.036      1.4443455E-02
   3802.280      1.5882762E-02
   3805.525      1.7443147E-02
   3808.770      1.9119225E-02
   3812.014      2.0894622E-02
   3815.259      2.2745114E-02
   3818.503      2.4650596E-02
   3821.748      2.6594298E-02
   3824.993      2.8569665E-02
   3828.238      3.0586274E-02
   3831.482      3.2643367E-02
   3834.727      3.4758840E-02
   3837.972      3.6913712E-02
   3841.217      3.9075457E-02
   3844.462      4.1201074E-02
   3847.707      4.3236919E-02
   3850.952      4.5140840E-02
   3854.197      4.6881128E-02
   3857.442      4.8449233E-02
   3860.687      4.9852364E-02
   3863.932      5.1112898E-02
   3867.177      5.2254848E-02
   3870.423      5.3310908E-02
   3873.668      5.4316524E-02
   3876.913      5.5337887E-02
   3880.158      5.6451801E-02
   3883.404      5.7754111E-02
   3886.649      5.9337750E-02
   3889.894      6.1288893E-02
   3893.140      6.3644141E-02
   3896.385      6.6393204E-02
   3899.630      6.9487415E-02
   3902.876      7.2822236E-02
   3906.121      7.6291457E-02
   3909.367      7.9773441E-02
   3912.613      8.3189115E-02
   3915.858      8.6492226E-02
   3919.104      8.9679077E-02
   3922.350      9.2785433E-02
   3925.595      9.5866196E-02
   3928.841      9.8987631E-02
   3932.087      0.1022082    
   3935.333      0.1055487    
   3938.578      0.1090351    
   3941.824      0.1126432    
   3945.070      0.1163256    
   3948.316      0.1200347    
   3951.562      0.1237169    
   3954.808      0.1273502    
   3958.054      0.1309297    
   3961.300      0.1344788    
   3964.546      0.1380370    
   3967.792      0.1416523    
   3971.039      0.1453473    
   3974.285      0.1491224    
   3977.531      0.1529535    
   3980.777      0.1567970    
   3984.024      0.1606130    
   3987.270      0.1643762    
   3990.516      0.1680899    
   3993.763      0.1717743    
   3997.009      0.1754693    
   4000.256      0.1792087    
   4003.502      0.1830521    
   4006.749      0.1870308    
   4009.995      0.1911854    
   4013.242      0.1955266    
   4016.489      0.2000528    
   4019.735      0.2047218    
   4022.982      0.2094680    
   4026.229      0.2141882    
   4029.475      0.2187733    
   4032.722      0.2231169    
   4035.969      0.2271319    
   4039.216      0.2307643    
   4042.463      0.2340076    
   4045.710      0.2369016    
   4048.957      0.2395194    
   4052.204      0.2419659    
   4055.451      0.2443583    
   4058.698      0.2468192    
   4061.945      0.2494441    
   4065.192      0.2522935    
   4068.439      0.2553768    
   4071.687      0.2586759    
   4074.934      0.2621302    
   4078.181      0.2656716    
   4081.428      0.2692449    
   4084.676      0.2728125    
   4087.923      0.2763614    
   4091.171      0.2799004    
   4094.418      0.2834533    
   4097.666      0.2870428    
   4100.913      0.2906769    
   4104.161      0.2943454    
   4107.408      0.2980328    
   4110.656      0.3017035    
   4113.904      0.3053170    
   4117.151      0.3088331    
   4120.399      0.3122223    
   4123.647      0.3154645    
   4126.895      0.3185599    
   4130.143      0.3215155    
   4133.390      0.3243553    
   4136.638      0.3271072    
   4139.886      0.3298040    
   4143.134      0.3324850    
   4146.382      0.3351849    
   4149.630      0.3379356    
   4152.878      0.3407800    
   4156.126      0.3437559    
   4159.375      0.3468972    
   4162.623      0.3502370    
   4165.871      0.3537863    
   4169.120      0.3575273    
   4172.368      0.3614193    
   4175.616      0.3653897    
   4178.865      0.3693667    
   4182.113      0.3732738    
   4185.362      0.3770501    
   4188.610      0.3806769    
   4191.858      0.3841558    
   4195.107      0.3874973    
   4198.356      0.3907158    
   4201.604      0.3938168    
   4204.853      0.3967853    
   4208.102      0.3995874    
   4211.351      0.4021955    
   4214.600      0.4045808    
   4217.848      0.4067468    
   4221.097      0.4087156    
   4224.346      0.4105443    
   4227.595      0.4123107    
   4230.844      0.4141042    
   4234.093      0.4160124    
   4237.342      0.4180982    
   4240.591      0.4203862    
   4243.840      0.4228619    
   4247.090      0.4254730    
   4250.339      0.4281439    
   4253.588      0.4307827    
   4256.837      0.4333094    
   4260.087      0.4356694    
   4263.336      0.4378357    
   4266.585      0.4398071    
   4269.835      0.4416182    
   4273.084      0.4433112    
   4276.334      0.4449505    
   4279.583      0.4465907    
   4282.833      0.4482935    
   4286.083      0.4500982    
   4289.333      0.4520116    
   4292.582      0.4540130    
   4295.832      0.4560598    
   4299.082      0.4580834    
   4302.332      0.4600119    
   4305.582      0.4617887    
   4308.831      0.4633852    
   4312.081      0.4648035    
   4315.331      0.4660891    
   4318.581      0.4672943    
   4321.832      0.4684838    
   4325.082      0.4696988    
   4328.332      0.4709628    
   4331.582      0.4722760    
   4334.832      0.4736310    
   4338.082      0.4750232    
   4341.333      0.4764689    
   4344.583      0.4780019    
   4347.833      0.4796588    
   4351.083      0.4814713    
   4354.334      0.4834369    
   4357.584      0.4855192    
   4360.835      0.4876493    
   4364.086      0.4897351    
   4367.336      0.4916922    
   4370.587      0.4934559    
   4373.838      0.4950099    
   4377.088      0.4963715    
   4380.339      0.4976070    
   4383.590      0.4988051    
   4386.841      0.5000759    
   4390.092      0.5015312    
   4393.343      0.5032725    
   4396.594      0.5053827    
   4399.845      0.5079133    
   4403.096      0.5108920    
   4406.347      0.5143055    
   4409.598      0.5181116    
   4412.849      0.5222346    
   4416.101      0.5265716    
   4419.352      0.5310149    
   4422.603      0.5354483    
   4425.854      0.5397667    
   4429.106      0.5438861    
   4432.357      0.5477445    
   4435.609      0.5513187    
   4438.860      0.5546135    
   4442.112      0.5576512    
   4445.363      0.5604625    
   4448.615      0.5630751    
   4451.867      0.5655009    
   4455.118      0.5677350    
   4458.370      0.5697546    
   4461.622      0.5715330    
   4464.874      0.5730547    
   4468.125      0.5743201    
   4471.377      0.5753450    
   4474.629      0.5761665    
   4477.881      0.5768475    
   4481.134      0.5774522    
   4484.386      0.5780607    
   4487.638      0.5787485    
   4490.890      0.5795832    
   4494.142      0.5806094    
   4497.395      0.5818323    
   4500.647      0.5832211    
   4503.899      0.5846968    
   4507.151      0.5861608    
   4510.404      0.5874991    
   4513.656      0.5886142    
   4516.909      0.5894374    
   4520.162      0.5899436    
   4523.414      0.5901527    
   4526.667      0.5901240    
   4529.919      0.5899368    
   4533.172      0.5896904    
   4536.425      0.5894739    
   4539.678      0.5893594    
   4542.931      0.5893924    
   4546.184      0.5895872    
   4549.437      0.5899344    
   4552.689      0.5903876    
   4555.942      0.5908927    
   4559.195      0.5913875    
   4562.449      0.5917996    
   4565.702      0.5920706    
   4568.955      0.5921468    
   4572.208      0.5919997    
   4575.461      0.5916176    
   4578.715      0.5910100    
   4581.968      0.5902020    
   4585.222      0.5892324    
   4588.475      0.5881485    
   4591.729      0.5869837    
   4594.982      0.5857674    
   4598.236      0.5845200    
   4601.489      0.5832452    
   4604.743      0.5819336    
   4607.997      0.5805685    
   4611.250      0.5791270    
   4614.504      0.5775840    
   4617.758      0.5759211    
   4621.012      0.5741158    
   4624.266      0.5721570    
   4627.520      0.5700399    
   4630.774      0.5677698    
   4634.028      0.5653540    
   4637.282      0.5628117    
   4640.537      0.5601669    
   4643.791      0.5574476    
   4647.045      0.5546777    
   4650.299      0.5518692    
   4653.554      0.5490420    
   4656.808      0.5461930    
   4660.063      0.5433180    
   4663.317      0.5404146    
   4666.571      0.5374693    
   4669.826      0.5344760    
   4673.081      0.5314267    
   4676.335      0.5283154    
   4679.590      0.5251386    
   4682.845      0.5218937    
   4686.100      0.5185781    
   4689.354      0.5151931    
   4692.609      0.5117501    
   4695.864      0.5082552    
   4699.119      0.5047200    
   4702.375      0.5011540    
   4705.629      0.4975713    
   4708.884      0.4939768    
   4712.140      0.4903778    
   4715.395      0.4867704    
   4718.650      0.4831492    
   4721.905      0.4795035    
   4725.161      0.4758154    
   4728.416      0.4720629    
   4731.672      0.4682252    
   4734.927      0.4642857    
   4738.183      0.4602315    
   4741.438      0.4560616    
   4744.694      0.4517800    
   4747.950      0.4474019    
   4751.205      0.4429491    
   4754.461      0.4384340    
   4757.717      0.4338730    
   4760.973      0.4292751    
   4764.229      0.4246392    
   4767.484      0.4199640    
   4770.741      0.4152482    
   4773.997      0.4104937    
   4777.252      0.4057147    
   4780.509      0.4009358    
   4783.765      0.3961894    
   4787.021      0.3915018    
   4790.277      0.3868998    
   4793.534      0.3823929    
   4796.790      0.3779768    
   4800.047      0.3736361    
   4803.303      0.3693499    
   4806.560      0.3650886    
   4809.816      0.3608299    
   4813.073      0.3565554    
   4816.330      0.3522587    
   4819.586      0.3479391    
   4822.843      0.3436075    
   4826.100      0.3392855    
   4829.356      0.3349989    
   4832.613      0.3307803    
   4835.871      0.3266599    
   4839.127      0.3226618    
   4842.384      0.3187981    
   4845.642      0.3150701    
   4848.899      0.3114608    
   4852.156      0.3079431    
   4855.413      0.3044784    
   4858.670      0.3010219    
   4861.928      0.2975298    
   4865.185      0.2939701    
   4868.443      0.2903241    
   4871.700      0.2865864    
   4874.958      0.2827729    
   4878.215      0.2789105    
   4881.473      0.2750297    
   4884.730      0.2711638    
   4887.988      0.2673438    
   4891.246      0.2635878    
   4894.504      0.2599111    
   4897.762      0.2563161    
   4901.020      0.2528016    
   4904.278      0.2493598    
   4907.536      0.2459819    
   4910.793      0.2426529    
   4914.052      0.2393615    
   4917.310      0.2360947    
   4920.568      0.2328473    
   4923.827      0.2296221    
   4927.085      0.2264294    
   4930.343      0.2232857    
   4933.602      0.2202145    
   4936.860      0.2172305    
   4940.119      0.2143441    
   4943.377      0.2115498    
   4946.636      0.2088267    
   4949.895      0.2061487    
   4953.153      0.2034867    
   4956.412      0.2008235    
   4959.670      0.1981519    
   4962.930      0.1954777    
   4966.188      0.1928155    
   4969.447      0.1901836    
   4972.707      0.1875996    
   4975.965      0.1850657    
   4979.225      0.1825807    
   4982.484      0.1801310    
   4985.743      0.1776997    
   4989.002      0.1752621    
   4992.262      0.1727982    
   4995.521      0.1702947    
   4998.780      0.1677438    
   5002.040      0.1651463    
   5005.299      0.1625123    
   5008.559      0.1598555    
   5011.818      0.1571864    
   5015.078      0.1545130    
   5018.338      0.1518353    
   5021.598      0.1491477    
   5024.857      0.1464420    
   5028.117      0.1437091    
   5031.377      0.1409455    
   5034.637      0.1381479    
   5037.897      0.1353242    
   5041.157      0.1324781    
   5044.417      0.1296197    
   5047.678      0.1267584    
   5050.938      0.1239021    
   5054.198      0.1210598    
   5057.458      0.1182394    
   5060.719      0.1154530    
   5063.979      0.1127149    
   5067.240      0.1100419    
   5070.500      0.1074496    
   5073.761      0.1049493    
   5077.021      0.1025488    
   5080.282      0.1002416    
   5083.543      9.8014943E-02
   5086.804      9.5844895E-02
   5090.065      9.3704462E-02
   5093.326      9.1564290E-02
   5096.587      8.9399338E-02
   5099.848      8.7196477E-02
   5103.109      8.4954359E-02
   5106.370      8.2685784E-02
   5109.631      8.0415718E-02
   5112.892      7.8180075E-02
   5116.154      7.6015480E-02
   5119.415      7.3956937E-02
   5122.676      7.2028764E-02
   5125.938      7.0243381E-02
   5129.199      6.8601683E-02
   5132.461      6.7092933E-02
   5135.723      6.5697163E-02
   5138.984      6.4389020E-02
   5142.246      6.3142776E-02
   5145.508      6.1929498E-02
   5148.770      6.0728401E-02
   5152.031      5.9520785E-02
   5155.293      5.8294322E-02
   5158.555      5.7040580E-02
   5161.817      5.5756759E-02
   5165.079      5.4440249E-02
   5168.341      5.3092673E-02
   5171.604      5.1720250E-02
   5174.866      5.0332479E-02
   5178.128      4.8941288E-02
   5181.391      4.7563817E-02
   5184.653      4.6214614E-02
   5187.916      4.4907834E-02
   5191.178      4.3652527E-02
   5194.440      4.2450178E-02
   5197.703      4.1296598E-02
   5200.966      4.0187661E-02
   5204.229      3.9113697E-02
   5207.491      3.8069583E-02
   5210.754      3.7050653E-02
   5214.017      3.6053788E-02
   5217.280      3.5077836E-02
   5220.543      3.4123339E-02
   5223.806      3.3192057E-02
   5227.069      3.2286737E-02
   5230.333      3.1412128E-02
   5233.596      3.0573200E-02
   5236.859      2.9774923E-02
   5240.122      2.9019117E-02
   5243.385      2.8300311E-02
   5246.649      2.7609888E-02
   5249.913      2.6930686E-02
   5253.176      2.6247151E-02
   5256.439      2.5548154E-02
   5259.703      2.4829682E-02
   5262.967      2.4093786E-02
   5266.231      2.3354199E-02
   5269.495      2.2623038E-02
   5272.758      2.1912666E-02
   5276.022      2.1233791E-02
   5279.287      2.0590603E-02
   5282.550      1.9984644E-02
   5285.814      1.9415466E-02
   5289.079      1.8879184E-02
   5292.343      1.8371578E-02
   5295.607      1.7888572E-02
   5298.872      1.7423823E-02
   5302.136      1.6970471E-02
   5305.400      1.6524479E-02
   5308.665      1.6081575E-02
   5311.929      1.5640844E-02
   5315.194      1.5202986E-02
   5318.458      1.4771125E-02
   5321.724      1.4350190E-02
   5324.988      1.3944731E-02
   5328.253      1.3563336E-02
   5331.518      1.3212746E-02
   5334.783      1.2900205E-02
   5338.048      1.2632224E-02
   5341.313      1.2410842E-02
   5344.578      1.2235812E-02
   5347.843      1.2099869E-02
   5351.108      1.1992436E-02
   5354.374      1.1897601E-02
   5357.639      1.1795548E-02
   5360.905      1.1668918E-02
   5364.170      1.1504365E-02
   5367.436      1.1291955E-02
   5370.701      1.1033699E-02
   5373.967      1.0737277E-02
   5377.232      1.0417616E-02
   5380.498      1.0094705E-02
   5383.764      9.7881593E-03
   5387.030      9.5157912E-03
   5390.296      9.2903255E-03
   5393.562      9.1191242E-03
   5396.828      9.0043191E-03
   5400.094      8.9440076E-03
   5403.360      8.9326045E-03
   5406.626      8.9645013E-03
   5409.893      9.0311989E-03
   5413.159      9.1239102E-03
   5416.425      9.2333304E-03
   5419.691      9.3490565E-03
   5422.958      9.4631724E-03
   5426.225      9.5686605E-03
   5429.491      9.6598575E-03
   5432.758      9.7352155E-03
   5436.025      9.7939838E-03
   5439.292      9.8351389E-03
   5442.559      9.8604010E-03
   5445.825      9.8708738E-03
   5449.092      9.8708943E-03
   5452.359      9.8657887E-03
   5455.626      9.8659005E-03
   5458.894      9.8836888E-03
   5462.161      9.9321008E-03
   5465.428      1.0020441E-02
   5468.695      1.0155869E-02
   5471.962      1.0336379E-02
   5475.230      1.0554393E-02
   5478.498      1.0798573E-02
   5481.765      1.1057259E-02
   5485.033      1.1319541E-02
   5488.300      1.1579096E-02
   5491.568      1.1832966E-02
   5494.836      1.2080953E-02
   5498.104      1.2323353E-02
   5501.372      1.2562559E-02
   5504.640      1.2800721E-02
   5507.908      1.3039932E-02
   5511.176      1.3281601E-02
   5514.444      1.3526798E-02
   5517.712      1.3774528E-02
   5520.980      1.4023766E-02
   5524.249      1.4271256E-02
   5527.517      1.4513293E-02
   5530.786      1.4745531E-02
   5534.054      1.4965517E-02
   5537.323      1.5171829E-02
   5540.591      1.5364265E-02
   5543.860      1.5543217E-02
   5547.128      1.5711622E-02
   5550.397      1.5873009E-02
   5553.667      1.6033221E-02
   5556.935      1.6196024E-02
   5560.204      1.6364593E-02
   5563.473      1.6541734E-02
   5566.742      1.6727449E-02
   5570.012      1.6920276E-02
   5573.281      1.7117742E-02
   5576.550      1.7316328E-02
   5579.819      1.7511725E-02
   5583.089      1.7699292E-02
   5586.358      1.7875072E-02
   5589.628      1.8034210E-02
   5592.897      1.8172286E-02
   5596.167      1.8284438E-02
   5599.437      1.8366076E-02
   5602.707      1.8412100E-02
   5605.977      1.8419037E-02
   5609.246      1.8383892E-02
   5612.516      1.8307976E-02
   5615.787      1.8193124E-02
   5619.057      1.8046336E-02
   5622.327      1.7873557E-02
   5625.597      1.7681139E-02
   5628.867      1.7475210E-02
   5632.137      1.7258596E-02
   5635.408      1.7031442E-02
   5638.678      1.6794052E-02
   5641.949      1.6548108E-02
   5645.219      1.6295163E-02
   5648.490      1.6038537E-02
   5651.761      1.5783636E-02
   5655.031      1.5534184E-02
   5658.302      1.5292495E-02
   5661.573      1.5058144E-02
   5664.844      1.4826022E-02
   5668.115      1.4589617E-02
   5671.386      1.4338912E-02
   5674.657      1.4065537E-02
   5677.929      1.3763647E-02
   5681.200      1.3431229E-02
   5684.471      1.3072746E-02
   5687.743      1.2697594E-02
   5691.014      1.2318171E-02
   5694.286      1.1945379E-02
   5697.557      1.1587631E-02
   5700.829      1.1246143E-02
   5704.101      1.0916957E-02
   5707.372      1.0589295E-02
   5710.644      1.0253320E-02
   5713.916      9.8994225E-03
   5717.188      9.5228199E-03
   5720.460      9.1228206E-03
   5723.732      8.7053208E-03
   5727.004      8.2784127E-03
   5730.276      7.8533888E-03
   5733.548      7.4425358E-03
   5736.821      7.0577799E-03
   5740.093      6.7096348E-03
   5743.366      6.4055929E-03
   5746.638      6.1505246E-03
   5749.911      5.9456234E-03
   5753.184      5.7879407E-03
   5756.456      5.6724651E-03
   5759.729      5.5920510E-03
   5763.002      5.5366866E-03
   5766.275      5.4944060E-03
   5769.548      5.4530441E-03
   5772.821      5.3989165E-03
   5776.094      5.3199213E-03
   5779.367      5.2061961E-03
   5782.641      5.0526531E-03
   5785.914      4.8604300E-03
   5789.187      4.6355315E-03
   5792.460      4.3897410E-03
   5795.734      4.1379300E-03
   5799.008      3.8945123E-03
   5802.281      3.6737206E-03
   5805.555      3.4844459E-03
   5808.829      3.3309758E-03
   5812.103      3.2107807E-03
   5815.376      3.1180363E-03
   5818.650      3.0436064E-03
   5821.924      2.9780339E-03
   5825.198      2.9133782E-03
   5828.472      2.8453399E-03
   5831.747      2.7709624E-03
   5835.021      2.6915953E-03
   5838.295      2.6094860E-03
   5841.569      2.5267994E-03
   5844.844      2.4451143E-03
   5848.119      2.3650816E-03
   5851.393      2.2852914E-03
   5854.668      2.2044366E-03
   5857.942      2.1218851E-03
   5861.217      2.0361368E-03
   5864.492      1.9459787E-03
   5867.767      1.8503338E-03
   5871.042      1.7467297E-03
   5874.317      1.6340890E-03
   5877.592      1.5118292E-03
   5880.868      1.3825509E-03
   5884.143      1.2521354E-03
   5887.418      1.1280190E-03
   5890.693      1.0197527E-03
   5893.969      9.3552534E-04
   5897.244      8.8053109E-04
   5900.520      8.5553259E-04
   5903.796      8.5759937E-04
   5907.071      8.8194461E-04
   5910.347      9.2210120E-04
   5913.623      9.7115990E-04
   5916.899      1.0227626E-03
   5920.175      1.0698496E-03
   5923.451      1.1062290E-03
   5926.727      1.1235336E-03
   5930.003      1.1161887E-03
   5933.279      1.0792440E-03
   5936.556      1.0106215E-03
   5939.832      9.1361307E-04
   5943.108      7.9476612E-04
   5946.385      6.6361559E-04
   5949.662      5.2995665E-04
   5952.938      4.0170210E-04
   5956.215      2.8392643E-04
   5959.492      1.7788381E-04
   5962.769      8.3864783E-05
   5966.045      1.0174663E-06
   5969.323     -6.9310110E-05
   5972.600     -1.2291118E-04
   5975.877     -1.5319044E-04
   5979.154     -1.5196158E-04
   5982.431     -1.1324450E-04
   5985.708     -3.4166205E-05
   5988.986      8.2408464E-05
   5992.263      2.2762034E-04
   5995.541      3.8704032E-04
   5998.818      5.4468785E-04
   6002.096      6.8464864E-04
   6005.374      7.9398247E-04
   6008.652      8.6530281E-04
   6011.930      8.9836266E-04
   6015.208      8.9720875E-04
   6018.485      8.6952769E-04
   6021.764      8.2590757E-04
   6025.042      7.7481655E-04
   6028.320      7.2505005E-04
   6031.598      6.8221556E-04
   6034.876      6.5188302E-04
   6038.155      6.3745264E-04
   6041.434      6.3915306E-04
   6044.712      6.5673294E-04
   6047.991      6.8617100E-04
   6051.270      7.2118128E-04
   6054.548      7.5379439E-04
   6057.827      7.7601982E-04
   6061.106      7.8139949E-04
   6064.385      7.6618610E-04
   6067.664      7.3185435E-04
   6070.943      6.8301620E-04
   6074.222      6.2616478E-04
   6077.501      5.6904991E-04
   6080.781      5.1741500E-04
   6084.060      4.7603706E-04
   6087.339      4.4631309E-04
   6090.619      4.2874893E-04
   6093.898      4.2383524E-04
   6097.178      4.3127013E-04
   6100.458      4.5120236E-04
   6103.738      4.8430360E-04
   6107.018      5.2938447E-04
   6110.298      5.8432110E-04
   6113.578      6.4442563E-04
   6116.857      7.0556090E-04
   6120.138      7.6311553E-04
   6123.418      8.1359112E-04
   6126.698      8.5686799E-04
   6129.979      8.9367572E-04
   6133.259      9.2455087E-04
   6136.540      9.5093343E-04
   6139.820      9.7259023E-04
   6143.101      9.8823279E-04
   6146.381      9.9692750E-04
   6149.663      9.9944242E-04
   6152.943      9.9952018E-04
   6156.224      1.0028259E-03
   6159.505      1.0155372E-03
   6162.786      1.0433651E-03
   6166.067      1.0889894E-03
   6169.349      1.1498868E-03
   6172.630      1.2200213E-03
   6175.911      1.2901820E-03
   6179.192      1.3497211E-03
   6182.474      1.3890382E-03
   6185.756      1.4014171E-03
   6189.037      1.3835949E-03
   6192.319      1.3363254E-03
   6195.601      1.2626095E-03
   6198.883      1.1690791E-03
   6202.165      1.0633810E-03
   6205.447      9.5366704E-04
   6208.729      8.4923324E-04
   6212.011      7.5784477E-04
   6215.293      6.8679405E-04
   6218.575      6.3983479E-04
   6221.857      6.1932945E-04
   6225.140      6.2375428E-04
   6228.422      6.4872555E-04
   6231.705      6.8813161E-04
   6234.988      7.3501258E-04
   6238.271      7.8153028E-04
   6241.553      8.2164822E-04
   6244.836      8.5158815E-04
   6248.119      8.6877518E-04
   6251.402      8.7265839E-04
   6254.685      8.6386874E-04
   6257.968      8.4478455E-04
   6261.251      8.1770605E-04
   6264.535      7.8541378E-04
   6267.818      7.5038127E-04
   6271.102      7.1446545E-04
   6274.385      6.7896006E-04
   6277.668      6.4544677E-04
   6280.952      6.1537983E-04
   6284.236      5.8973127E-04
   6287.520      5.6998391E-04
   6290.804      5.5732933E-04
   6294.087      5.5164268E-04
   6297.372      5.5265508E-04
   6300.656      5.5695267E-04
   6303.940      5.6053099E-04
   6307.224      5.5932993E-04
   6310.508      5.4973137E-04
   6313.793      5.3118938E-04
   6317.077      5.0550397E-04
   6320.362      4.7674400E-04
   6323.646      4.4977665E-04
   6326.931      4.2997036E-04
   6330.216      4.2139523E-04
   6333.500      4.2608683E-04
   6336.786      4.4389188E-04
   6340.070      4.7171212E-04
   6343.355      5.0577422E-04
   6346.641      5.4038316E-04
   6349.926      5.7080167E-04
   6353.211      5.9327926E-04
   6356.497      6.0560240E-04
   6359.782      6.0851377E-04
   6363.067      6.0538040E-04
   6366.353      6.0099014E-04
   6369.639      6.0024537E-04
   6372.924      6.0776278E-04
   6376.210      6.2577508E-04
   6379.496      6.5300293E-04
   6382.782      6.8550254E-04
   6386.068      7.1810948E-04
   6389.354      7.4441062E-04
   6392.640      7.5941673E-04
   6395.926      7.6042517E-04
   6399.212      7.4602972E-04
   6402.499      7.1781455E-04
   6405.786      6.7762291E-04
   6409.072      6.2809465E-04
   6412.358      5.7126279E-04
   6415.646      5.0917058E-04
   6418.932      4.4435530E-04
   6422.219      3.7939075E-04
   6425.506      3.1821913E-04
   6428.793      2.6404840E-04
   6432.080      2.1988615E-04
   6435.367      1.8774190E-04
   6438.654      1.6805588E-04
   6441.941      1.5977792E-04
   6445.229      1.5885010E-04
   6448.516      1.6169155E-04
   6451.804      1.6335193E-04
   6455.091      1.5981130E-04
   6458.379      1.4845420E-04
   6461.667      1.2899897E-04
   6464.955      1.0374437E-04
   6468.243      7.6526594E-05
   6471.531      5.3830358E-05
   6474.818      4.0866289E-05
   6478.107      4.2240572E-05
   6481.395      6.0565832E-05
   6484.683      9.4166804E-05
   6487.972      1.3896120E-04
   6491.260      1.8777129E-04
   6494.548      2.3290198E-04
   6497.837      2.6678713E-04
   6501.125      2.8482158E-04
   6504.415      2.8531888E-04
   6507.703      2.6962117E-04
   6510.992      2.4142649E-04
   6514.281      2.0694034E-04
   6517.570      1.7047528E-04
   6520.859      1.3686024E-04
   6524.148      1.0799744E-04
   6527.438      8.3152030E-05
   6530.727      6.1586979E-05
   6534.017      4.1171792E-05
   6537.306      2.1265765E-05
   6540.596      1.9276688E-06
   6543.885     -1.4631785E-05
   6547.175     -2.4437802E-05
   6550.465     -2.4366847E-05
   6553.755     -1.0820500E-05
   6557.044      1.7308568E-05
   6560.334      5.9605321E-05
   6563.625      1.1388710E-04
   6566.915      1.7634050E-04
   6570.206      2.4314885E-04
   6573.496      3.0923937E-04
   6576.786      3.7056071E-04
   6580.077      4.2321486E-04
   6583.367      4.6460525E-04
   6586.658      4.9328635E-04
   6589.949      5.0916208E-04
   6593.239      5.1407039E-04
   6596.530      5.1087752E-04
   6599.821      5.0427252E-04
   6603.112      4.9890351E-04
   6606.403      4.9888116E-04
   6609.695      5.0750119E-04
   6612.986      5.2633398E-04
   6616.277      5.5472570E-04
   6619.569      5.9046817E-04
   6622.860      6.2955276E-04
   6626.152      6.6765782E-04
   6629.443      6.9875852E-04
   6632.735      7.1765069E-04
   6636.027      7.1950402E-04
   6639.319      7.0095371E-04
   6642.611      6.6132512E-04
   6645.903      6.0217356E-04
   6649.195      5.2786531E-04
   6652.488      4.4537563E-04
   6655.780      3.6226935E-04
   6659.072      2.8747148E-04
   6662.365      2.2820481E-04
   6665.657      1.9006678E-04
   6668.950      1.7640852E-04
   6672.243      1.8719862E-04
   6675.536      2.1914512E-04
   6678.828      2.6763263E-04
   6682.122      3.2542268E-04
   6685.415      3.8550657E-04
   6688.708      4.4161532E-04
   6692.001      4.8867695E-04
   6695.294      5.2394532E-04
   6698.587      5.4700993E-04
   6701.881      5.5873633E-04
   6705.174      5.6134688E-04
   6708.468      5.5766525E-04
   6711.762      5.5062392E-04
   6715.055      5.4209155E-04
   6718.349      5.3392857E-04
   6721.643      5.2794255E-04
   6724.937      5.2516046E-04
   6728.231      5.2677112E-04
   6731.525      5.3362665E-04
   6734.819      5.4424029E-04
   6738.114      5.5694079E-04
   6741.408      5.6859688E-04
   6744.703      5.7637121E-04
   6747.998      5.7838322E-04
   6751.292      5.7437347E-04
   6754.587      5.6662865E-04
   6757.881      5.5969914E-04
   6761.176      5.5886374E-04
   6764.471      5.6880829E-04
   6767.766      5.9272419E-04
   6771.062      6.2999758E-04
   6774.357      6.7699107E-04
   6777.652      7.2750391E-04
   6780.947      7.7313272E-04
   6784.243      8.0739381E-04
   6787.539      8.2527229E-04
   6790.834      8.2572422E-04
   6794.129      8.1140455E-04
   6797.425      7.8798598E-04
   6800.721      7.6242315E-04
   6804.018      7.4184808E-04
   6807.313      7.3198596E-04
   6810.609      7.3554448E-04
   6813.905      7.5238774E-04
   6817.202      7.8032166E-04
   6820.498      8.1499887E-04
   6823.794      8.5095741E-04
   6827.091      8.8313525E-04
   6830.388      9.0745144E-04
   6833.685      9.2090125E-04
   6836.981      9.2266098E-04
   6840.278      9.1392477E-04
   6843.575      8.9653785E-04
   6846.872      8.7347085E-04
   6850.169      8.4810611E-04
   6853.466      8.2331954E-04
   6856.764      8.0162555E-04
   6860.061      7.8422640E-04
   6863.358      7.7163405E-04
   6866.656      7.6413486E-04
   6869.954      7.6181540E-04
   6873.251      7.6520583E-04
   6876.549      7.7525835E-04
   6879.847      7.9339230E-04
   6883.145      8.2037674E-04
   6886.443      8.5596472E-04
   6889.741      8.9847069E-04
   6893.039      9.4473286E-04
   6896.337      9.9025725E-04
   6899.635      1.0305700E-03
   6902.934      1.0621155E-03
   6906.232      1.0823222E-03
   6909.531      1.0908103E-03
   6912.830      1.0885306E-03
   6916.128      1.0773047E-03
   6919.427      1.0594290E-03
   6922.726      1.0370956E-03
   6926.025      1.0122552E-03
   6929.324      9.8646677E-04
   6932.623      9.6122356E-04
   6935.923      9.3848910E-04
   6939.222      9.1984303E-04
   6942.521      9.0659416E-04
   6945.821      9.1363862E-04
   6949.121      8.7871403E-04
   6952.420      8.4378943E-04
   6955.720      8.0886483E-04
   6959.020      7.7394024E-04
   6962.320      7.3901564E-04
   6965.620      7.0409104E-04
   6968.920      6.6916645E-04
   6972.220      6.3424185E-04
   6975.520      5.9931725E-04
   6978.821      5.6439266E-04
   6982.121      5.2947178E-04
   6985.421      4.9454719E-04
   6988.722      4.5962259E-04
   6992.023      4.2469800E-04
   6995.324      3.8977340E-04
   6998.625      3.5484880E-04
   7001.925      3.1992421E-04
   7005.227      2.8499961E-04
   7008.528      2.5007501E-04
   7011.829      2.1515042E-04
   7015.130      1.8022582E-04
   7018.432      1.4530122E-04
   7021.733      1.1037663E-04
   7025.035      7.5455755E-05
   7028.336      4.0531158E-05
   7031.638     -1.3136305E-06
   7034.940     -1.3136305E-06
   7038.242     -1.3136305E-06
   7041.543     -1.3136305E-06
   7044.846     -1.3136305E-06
