 6.05000e+03  1.07848e-03
 6.05026e+03  1.02168e-03
 6.05052e+03  1.11601e-03
 6.05078e+03  1.11537e-03
 6.05104e+03  1.17746e-03
 6.05130e+03  1.10616e-03
 6.05156e+03  1.06435e-03
 6.05182e+03  1.09871e-03
 6.05208e+03  1.22650e-03
 6.05234e+03  1.07781e-03
 6.05260e+03  1.05852e-03
 6.05286e+03  1.03821e-03
 6.05312e+03  1.03989e-03
 6.05339e+03  1.16628e-03
 6.05365e+03  1.08265e-03
 6.05391e+03  1.15971e-03
 6.05417e+03  1.09202e-03
 6.05443e+03  1.18603e-03
 6.05469e+03  1.06967e-03
 6.05495e+03  1.07608e-03
 6.05521e+03  1.08494e-03
 6.05547e+03  1.17356e-03
 6.05573e+03  1.04861e-03
 6.05599e+03  1.11650e-03
 6.05625e+03  1.19319e-03
 6.05652e+03  1.21191e-03
 6.05678e+03  1.15755e-03
 6.05704e+03  1.22850e-03
 6.05730e+03  1.15672e-03
 6.05756e+03  1.15692e-03
 6.05782e+03  1.15203e-03
 6.05808e+03  1.12539e-03
 6.05834e+03  1.12617e-03
 6.05860e+03  1.17947e-03
 6.05886e+03  1.23386e-03
 6.05912e+03  1.19797e-03
 6.05938e+03  1.18925e-03
 6.05965e+03  1.12493e-03
 6.05991e+03  1.01660e-03
 6.06017e+03  1.30574e-03
 6.06043e+03  1.18974e-03
 6.06069e+03  1.24207e-03
 6.06095e+03  1.20638e-03
 6.06121e+03  1.19055e-03
 6.06147e+03  1.18056e-03
 6.06173e+03  1.23808e-03
 6.06199e+03  1.14859e-03
 6.06225e+03  1.21084e-03
 6.06251e+03  1.22937e-03
 6.06277e+03  1.29860e-03
 6.06304e+03  1.26365e-03
 6.06330e+03  1.27607e-03
 6.06356e+03  1.19199e-03
 6.06382e+03  1.19671e-03
 6.06408e+03  1.32706e-03
 6.06434e+03  1.15460e-03
 6.06460e+03  1.27323e-03
 6.06486e+03  1.32647e-03
 6.06512e+03  1.37361e-03
 6.06538e+03  1.22650e-03
 6.06564e+03  1.22528e-03
 6.06590e+03  1.29266e-03
 6.06617e+03  1.23202e-03
 6.06643e+03  1.25993e-03
 6.06669e+03  1.23865e-03
 6.06695e+03  1.25763e-03
 6.06721e+03  1.38288e-03
 6.06747e+03  1.29261e-03
 6.06773e+03  1.18528e-03
 6.06799e+03  1.32424e-03
 6.06825e+03  1.28465e-03
 6.06851e+03  1.29466e-03
 6.06877e+03  1.29013e-03
 6.06903e+03  1.24512e-03
 6.06929e+03  1.33566e-03
 6.06956e+03  1.27865e-03
 6.06982e+03  1.34634e-03
 6.07008e+03  1.31886e-03
 6.07034e+03  1.38113e-03
 6.07060e+03  1.37386e-03
 6.07086e+03  1.31655e-03
 6.07112e+03  1.37403e-03
 6.07138e+03  1.43244e-03
 6.07164e+03  1.36413e-03
 6.07190e+03  1.33718e-03
 6.07216e+03  1.37123e-03
 6.07242e+03  1.40782e-03
 6.07269e+03  1.46927e-03
 6.07295e+03  1.34618e-03
 6.07321e+03  1.28554e-03
 6.07347e+03  1.43946e-03
 6.07373e+03  1.39614e-03
 6.07399e+03  1.47814e-03
 6.07425e+03  1.50490e-03
 6.07451e+03  1.44388e-03
 6.07477e+03  1.37925e-03
 6.07503e+03  1.48859e-03
 6.07529e+03  1.48187e-03
 6.07555e+03  1.53295e-03
 6.07581e+03  1.44943e-03
 6.07608e+03  1.48919e-03
 6.07634e+03  1.38422e-03
 6.07660e+03  1.39052e-03
 6.07686e+03  1.35972e-03
 6.07712e+03  1.56557e-03
 6.07738e+03  1.49674e-03
 6.07764e+03  1.48651e-03
 6.07790e+03  1.53945e-03
 6.07816e+03  1.56825e-03
 6.07842e+03  1.62958e-03
 6.07868e+03  1.47783e-03
 6.07894e+03  1.50075e-03
 6.07921e+03  1.67016e-03
 6.07947e+03  1.59517e-03
 6.07973e+03  1.56592e-03
 6.07999e+03  1.55306e-03
 6.08025e+03  1.54986e-03
 6.08051e+03  1.50751e-03
 6.08077e+03  1.61332e-03
 6.08103e+03  1.56137e-03
 6.08129e+03  1.59598e-03
 6.08155e+03  1.63062e-03
 6.08181e+03  1.57733e-03
 6.08207e+03  1.63380e-03
 6.08233e+03  1.67768e-03
 6.08260e+03  1.53064e-03
 6.08286e+03  1.55540e-03
 6.08312e+03  1.58836e-03
 6.08338e+03  1.58076e-03
 6.08364e+03  1.66516e-03
 6.08390e+03  1.60506e-03
 6.08416e+03  1.66526e-03
 6.08442e+03  1.63770e-03
 6.08468e+03  1.65707e-03
 6.08494e+03  1.60503e-03
 6.08520e+03  1.67556e-03
 6.08546e+03  1.80097e-03
 6.08573e+03  1.74763e-03
 6.08599e+03  1.71728e-03
 6.08625e+03  1.76009e-03
 6.08651e+03  1.74398e-03
 6.08677e+03  1.78154e-03
 6.08703e+03  1.75888e-03
 6.08729e+03  1.63882e-03
 6.08755e+03  1.86195e-03
 6.08781e+03  1.70443e-03
 6.08807e+03  1.72489e-03
 6.08833e+03  1.86405e-03
 6.08859e+03  1.74775e-03
 6.08885e+03  1.74685e-03
 6.08912e+03  1.76890e-03
 6.08938e+03  1.73119e-03
 6.08964e+03  1.79213e-03
 6.08990e+03  1.79041e-03
 6.09016e+03  1.72677e-03
 6.09042e+03  1.73570e-03
 6.09068e+03  1.90516e-03
 6.09094e+03  1.80581e-03
 6.09120e+03  1.84757e-03
 6.09146e+03  1.86979e-03
 6.09172e+03  1.84130e-03
 6.09198e+03  1.82671e-03
 6.09225e+03  1.77050e-03
 6.09251e+03  1.93514e-03
 6.09277e+03  1.87358e-03
 6.09303e+03  2.00923e-03
 6.09329e+03  1.85175e-03
 6.09355e+03  1.91805e-03
 6.09381e+03  1.75681e-03
 6.09407e+03  1.88195e-03
 6.09433e+03  1.91177e-03
 6.09459e+03  1.94933e-03
 6.09485e+03  2.00472e-03
 6.09511e+03  2.03289e-03
 6.09537e+03  1.93180e-03
 6.09564e+03  2.03840e-03
 6.09590e+03  1.95811e-03
 6.09616e+03  1.92563e-03
 6.09642e+03  2.06116e-03
 6.09668e+03  2.04723e-03
 6.09694e+03  1.99465e-03
 6.09720e+03  2.09558e-03
 6.09746e+03  2.12448e-03
 6.09772e+03  1.90652e-03
 6.09798e+03  2.12065e-03
 6.09824e+03  2.09309e-03
 6.09850e+03  2.02749e-03
 6.09877e+03  2.11560e-03
 6.09903e+03  2.04809e-03
 6.09929e+03  2.03195e-03
 6.09955e+03  2.14604e-03
 6.09981e+03  2.05696e-03
 6.10007e+03  2.19489e-03
 6.10033e+03  2.13074e-03
 6.10059e+03  2.17419e-03
 6.10085e+03  2.22343e-03
 6.10111e+03  2.16131e-03
 6.10137e+03  2.17157e-03
 6.10163e+03  2.15536e-03
 6.10189e+03  2.17609e-03
 6.10216e+03  2.34808e-03
 6.10242e+03  2.28125e-03
 6.10268e+03  2.29175e-03
 6.10294e+03  2.37673e-03
 6.10320e+03  2.30773e-03
 6.10346e+03  2.43649e-03
 6.10372e+03  2.27199e-03
 6.10398e+03  2.31761e-03
 6.10424e+03  2.36678e-03
 6.10450e+03  2.37046e-03
 6.10476e+03  2.39302e-03
 6.10502e+03  2.41583e-03
 6.10529e+03  2.33240e-03
 6.10555e+03  2.40202e-03
 6.10581e+03  2.27720e-03
 6.10607e+03  2.36792e-03
 6.10633e+03  2.35919e-03
 6.10659e+03  2.53058e-03
 6.10685e+03  2.47036e-03
 6.10711e+03  2.46437e-03
 6.10737e+03  2.57416e-03
 6.10763e+03  2.48408e-03
 6.10789e+03  2.58620e-03
 6.10815e+03  2.52069e-03
 6.10841e+03  2.59704e-03
 6.10868e+03  2.69995e-03
 6.10894e+03  2.58707e-03
 6.10920e+03  2.71252e-03
 6.10946e+03  2.55578e-03
 6.10972e+03  2.63688e-03
 6.10998e+03  2.53562e-03
 6.11024e+03  2.62585e-03
 6.11050e+03  2.66305e-03
 6.11076e+03  2.72726e-03
 6.11102e+03  2.71407e-03
 6.11128e+03  2.70320e-03
 6.11154e+03  2.67339e-03
 6.11181e+03  2.81367e-03
 6.11207e+03  2.83369e-03
 6.11233e+03  2.78766e-03
 6.11259e+03  2.75646e-03
 6.11285e+03  2.80750e-03
 6.11311e+03  2.87288e-03
 6.11337e+03  2.89489e-03
 6.11363e+03  2.92629e-03
 6.11389e+03  3.01304e-03
 6.11415e+03  2.95666e-03
 6.11441e+03  3.02581e-03
 6.11467e+03  3.01249e-03
 6.11493e+03  2.98803e-03
 6.11520e+03  3.05125e-03
 6.11546e+03  3.01072e-03
 6.11572e+03  3.14635e-03
 6.11598e+03  3.00487e-03
 6.11624e+03  3.25847e-03
 6.11650e+03  3.18931e-03
 6.11676e+03  3.23836e-03
 6.11702e+03  3.31527e-03
 6.11728e+03  3.31507e-03
 6.11754e+03  3.33566e-03
 6.11780e+03  3.24497e-03
 6.11806e+03  3.33952e-03
 6.11833e+03  3.44382e-03
 6.11859e+03  3.37605e-03
 6.11885e+03  3.47955e-03
 6.11911e+03  3.59596e-03
 6.11937e+03  3.62351e-03
 6.11963e+03  3.62972e-03
 6.11989e+03  3.57446e-03
 6.12015e+03  3.73671e-03
 6.12041e+03  3.78816e-03
 6.12067e+03  3.92673e-03
 6.12093e+03  3.74242e-03
 6.12119e+03  3.89750e-03
 6.12145e+03  3.80337e-03
 6.12172e+03  4.09309e-03
 6.12198e+03  4.14108e-03
 6.12224e+03  4.19043e-03
 6.12250e+03  4.11517e-03
 6.12276e+03  4.10531e-03
 6.12302e+03  4.33637e-03
 6.12328e+03  4.34207e-03
 6.12354e+03  4.33729e-03
 6.12380e+03  4.51756e-03
 6.12406e+03  4.55612e-03
 6.12432e+03  4.51545e-03
 6.12458e+03  4.77706e-03
 6.12485e+03  4.88836e-03
 6.12511e+03  4.80178e-03
 6.12537e+03  4.86381e-03
 6.12563e+03  4.82388e-03
 6.12589e+03  5.11015e-03
 6.12615e+03  5.23324e-03
 6.12641e+03  5.33232e-03
 6.12667e+03  5.49172e-03
 6.12693e+03  5.35038e-03
 6.12719e+03  5.54331e-03
 6.12745e+03  5.72073e-03
 6.12771e+03  5.64892e-03
 6.12797e+03  6.00940e-03
 6.12824e+03  6.20022e-03
 6.12850e+03  6.32899e-03
 6.12876e+03  6.29034e-03
 6.12902e+03  6.59196e-03
 6.12928e+03  6.57747e-03
 6.12954e+03  6.72007e-03
 6.12980e+03  6.99848e-03
 6.13006e+03  7.22710e-03
 6.13032e+03  7.45197e-03
 6.13058e+03  7.70765e-03
 6.13084e+03  7.92593e-03
 6.13110e+03  7.97029e-03
 6.13137e+03  8.35517e-03
 6.13163e+03  8.68863e-03
 6.13189e+03  8.84120e-03
 6.13215e+03  8.84608e-03
 6.13241e+03  9.31829e-03
 6.13267e+03  9.45756e-03
 6.13293e+03  9.94524e-03
 6.13319e+03  1.06142e-02
 6.13345e+03  1.07992e-02
 6.13371e+03  1.09207e-02
 6.13397e+03  1.13889e-02
 6.13423e+03  1.20065e-02
 6.13449e+03  1.24111e-02
 6.13476e+03  1.29068e-02
 6.13502e+03  1.35277e-02
 6.13528e+03  1.39649e-02
 6.13554e+03  1.45250e-02
 6.13580e+03  1.52425e-02
 6.13606e+03  1.56953e-02
 6.13632e+03  1.67317e-02
 6.13658e+03  1.77492e-02
 6.13684e+03  1.86123e-02
 6.13710e+03  1.93010e-02
 6.13736e+03  2.01658e-02
 6.13762e+03  2.11252e-02
 6.13788e+03  2.24773e-02
 6.13815e+03  2.32860e-02
 6.13841e+03  2.49197e-02
 6.13867e+03  2.61312e-02
 6.13893e+03  2.75260e-02
 6.13919e+03  2.89083e-02
 6.13945e+03  3.03923e-02
 6.13971e+03  3.22008e-02
 6.13997e+03  3.42324e-02
 6.14023e+03  3.65054e-02
 6.14049e+03  3.89679e-02
 6.14075e+03  4.15086e-02
 6.14101e+03  4.39396e-02
 6.14128e+03  4.66707e-02
 6.14154e+03  4.93135e-02
 6.14180e+03  5.32405e-02
 6.14206e+03  5.71758e-02
 6.14232e+03  6.09589e-02
 6.14258e+03  6.56143e-02
 6.14284e+03  6.97011e-02
 6.14310e+03  7.43577e-02
 6.14336e+03  8.07144e-02
 6.14362e+03  8.72487e-02
 6.14388e+03  9.41892e-02
 6.14414e+03  1.01035e-01
 6.14440e+03  1.08173e-01
 6.14467e+03  1.15694e-01
 6.14493e+03  1.25534e-01
 6.14519e+03  1.36485e-01
 6.14545e+03  1.48586e-01
 6.14571e+03  1.60239e-01
 6.14597e+03  1.72755e-01
 6.14623e+03  1.84917e-01
 6.14649e+03  1.98880e-01
 6.14675e+03  2.13784e-01
 6.14701e+03  2.32674e-01
 6.14727e+03  2.50501e-01
 6.14753e+03  2.68971e-01
 6.14780e+03  2.87310e-01
 6.14806e+03  3.03102e-01
 6.14832e+03  3.22447e-01
 6.14858e+03  3.45277e-01
 6.14884e+03  3.65849e-01
 6.14910e+03  3.87213e-01
 6.14936e+03  4.03944e-01
 6.14962e+03  4.18427e-01
 6.14988e+03  4.32668e-01
 6.15014e+03  4.47969e-01
 6.15040e+03  4.62720e-01
 6.15066e+03  4.75654e-01
 6.15092e+03  4.84797e-01
 6.15119e+03  4.94080e-01
 6.15145e+03  4.98405e-01
 6.15171e+03  5.02309e-01
 6.15197e+03  5.07279e-01
 6.15223e+03  5.11216e-01
 6.15249e+03  5.13074e-01
 6.15275e+03  5.14469e-01
 6.15301e+03  5.12903e-01
 6.15327e+03  5.13237e-01
 6.15353e+03  5.09646e-01
 6.15379e+03  5.06491e-01
 6.15405e+03  5.04785e-01
 6.15432e+03  5.02310e-01
 6.15458e+03  4.97822e-01
 6.15484e+03  4.94462e-01
 6.15510e+03  4.89825e-01
 6.15536e+03  4.84349e-01
 6.15562e+03  4.78731e-01
 6.15588e+03  4.72410e-01
 6.15614e+03  4.65669e-01
 6.15640e+03  4.63005e-01
 6.15666e+03  4.57597e-01
 6.15692e+03  4.50360e-01
 6.15718e+03  4.41645e-01
 6.15744e+03  4.35764e-01
 6.15771e+03  4.29833e-01
 6.15797e+03  4.24924e-01
 6.15823e+03  4.20076e-01
 6.15849e+03  4.14218e-01
 6.15875e+03  4.06521e-01
 6.15901e+03  4.02417e-01
 6.15927e+03  3.98035e-01
 6.15953e+03  3.93229e-01
 6.15979e+03  3.87566e-01
 6.16005e+03  3.83711e-01
 6.16031e+03  3.79060e-01
 6.16057e+03  3.76450e-01
 6.16084e+03  3.72792e-01
 6.16110e+03  3.68640e-01
 6.16136e+03  3.66599e-01
 6.16162e+03  3.64278e-01
 6.16188e+03  3.59425e-01
 6.16214e+03  3.57250e-01
 6.16240e+03  3.55445e-01
 6.16266e+03  3.54842e-01
 6.16292e+03  3.52809e-01
 6.16318e+03  3.52031e-01
 6.16344e+03  3.47818e-01
 6.16370e+03  3.50208e-01
 6.16396e+03  3.47474e-01
 6.16423e+03  3.48130e-01
 6.16449e+03  3.48537e-01
 6.16475e+03  3.48648e-01
 6.16501e+03  3.48200e-01
 6.16527e+03  3.47673e-01
 6.16553e+03  3.47408e-01
 6.16579e+03  3.48594e-01
 6.16605e+03  3.49308e-01
 6.16631e+03  3.51295e-01
 6.16657e+03  3.52852e-01
 6.16683e+03  3.52566e-01
 6.16709e+03  3.53736e-01
 6.16736e+03  3.55076e-01
 6.16762e+03  3.55902e-01
 6.16788e+03  3.59875e-01
 6.16814e+03  3.60211e-01
 6.16840e+03  3.64018e-01
 6.16866e+03  3.65628e-01
 6.16892e+03  3.65808e-01
 6.16918e+03  3.69132e-01
 6.16944e+03  3.71645e-01
 6.16970e+03  3.75789e-01
 6.16996e+03  3.78889e-01
 6.17022e+03  3.80943e-01
 6.17048e+03  3.83190e-01
 6.17075e+03  3.85152e-01
 6.17101e+03  3.88815e-01
 6.17127e+03  3.93128e-01
 6.17153e+03  3.96777e-01
 6.17179e+03  4.00496e-01
 6.17205e+03  4.03474e-01
 6.17231e+03  4.06159e-01
 6.17257e+03  4.10396e-01
 6.17283e+03  4.14438e-01
 6.17309e+03  4.19657e-01
 6.17335e+03  4.23291e-01
 6.17361e+03  4.28212e-01
 6.17388e+03  4.30281e-01
 6.17414e+03  4.34396e-01
 6.17440e+03  4.37662e-01
 6.17466e+03  4.43700e-01
 6.17492e+03  4.46997e-01
 6.17518e+03  4.52786e-01
 6.17544e+03  4.55349e-01
 6.17570e+03  4.58985e-01
 6.17596e+03  4.64343e-01
 6.17622e+03  4.69668e-01
 6.17648e+03  4.73841e-01
 6.17674e+03  4.81053e-01
 6.17700e+03  4.83735e-01
 6.17727e+03  4.88047e-01
 6.17753e+03  4.91978e-01
 6.17779e+03  4.94538e-01
 6.17805e+03  5.00902e-01
 6.17831e+03  5.06131e-01
 6.17857e+03  5.12095e-01
 6.17883e+03  5.15288e-01
 6.17909e+03  5.18180e-01
 6.17935e+03  5.20661e-01
 6.17961e+03  5.23920e-01
 6.17987e+03  5.29197e-01
 6.18013e+03  5.36482e-01
 6.18040e+03  5.36803e-01
 6.18066e+03  5.42302e-01
 6.18092e+03  5.44187e-01
 6.18118e+03  5.49395e-01
 6.18144e+03  5.52242e-01
 6.18170e+03  5.54761e-01
 6.18196e+03  5.60328e-01
 6.18222e+03  5.61931e-01
 6.18248e+03  5.65792e-01
 6.18274e+03  5.66972e-01
 6.18300e+03  5.68162e-01
 6.18326e+03  5.72996e-01
 6.18352e+03  5.75913e-01
 6.18379e+03  5.79247e-01
 6.18405e+03  5.80868e-01
 6.18431e+03  5.81541e-01
 6.18457e+03  5.83965e-01
 6.18483e+03  5.85762e-01
 6.18509e+03  5.87737e-01
 6.18535e+03  5.89999e-01
 6.18561e+03  5.91681e-01
 6.18587e+03  5.91780e-01
 6.18613e+03  5.94660e-01
 6.18639e+03  5.94729e-01
 6.18665e+03  5.97618e-01
 6.18692e+03  5.96699e-01
 6.18718e+03  5.99783e-01
 6.18744e+03  5.98516e-01
 6.18770e+03  5.98403e-01
 6.18796e+03  5.99321e-01
 6.18822e+03  6.01781e-01
 6.18848e+03  5.99786e-01
 6.18874e+03  6.01327e-01
 6.18900e+03  6.00862e-01
 6.18926e+03  6.04093e-01
 6.18952e+03  6.00309e-01
 6.18978e+03  6.00924e-01
 6.19004e+03  6.02261e-01
 6.19031e+03  5.99619e-01
 6.19057e+03  6.01587e-01
 6.19083e+03  6.00977e-01
 6.19109e+03  6.00923e-01
 6.19135e+03  5.98346e-01
 6.19161e+03  5.98308e-01
 6.19187e+03  5.97088e-01
 6.19213e+03  5.98714e-01
 6.19239e+03  5.97446e-01
 6.19265e+03  5.94506e-01
 6.19291e+03  5.95086e-01
 6.19317e+03  5.93986e-01
 6.19344e+03  5.94085e-01
 6.19370e+03  5.90943e-01
 6.19396e+03  5.92116e-01
 6.19422e+03  5.94283e-01
 6.19448e+03  5.90410e-01
 6.19474e+03  5.88855e-01
 6.19500e+03  5.86935e-01
 6.19526e+03  5.87758e-01
 6.19552e+03  5.85414e-01
 6.19578e+03  5.87285e-01
 6.19604e+03  5.87174e-01
 6.19630e+03  5.83620e-01
 6.19656e+03  5.83073e-01
 6.19683e+03  5.81275e-01
 6.19709e+03  5.83510e-01
 6.19735e+03  5.82231e-01
 6.19761e+03  5.82070e-01
 6.19787e+03  5.78167e-01
 6.19813e+03  5.78442e-01
 6.19839e+03  5.75705e-01
 6.19865e+03  5.78372e-01
 6.19891e+03  5.76770e-01
 6.19917e+03  5.75991e-01
 6.19943e+03  5.75574e-01
 6.19969e+03  5.75012e-01
 6.19996e+03  5.73042e-01
 6.20022e+03  5.71875e-01
 6.20048e+03  5.73446e-01
 6.20074e+03  5.74213e-01
 6.20100e+03  5.70886e-01
 6.20126e+03  5.72543e-01
 6.20152e+03  5.69746e-01
 6.20178e+03  5.69001e-01
 6.20204e+03  5.69734e-01
 6.20230e+03  5.69899e-01
 6.20256e+03  5.70293e-01
 6.20282e+03  5.70036e-01
 6.20308e+03  5.70385e-01
 6.20335e+03  5.67023e-01
 6.20361e+03  5.66746e-01
 6.20387e+03  5.67672e-01
 6.20413e+03  5.67028e-01
 6.20439e+03  5.67092e-01
 6.20465e+03  5.65944e-01
 6.20491e+03  5.66122e-01
 6.20517e+03  5.67492e-01
 6.20543e+03  5.67071e-01
 6.20569e+03  5.68469e-01
 6.20595e+03  5.67536e-01
 6.20621e+03  5.67179e-01
 6.20648e+03  5.65919e-01
 6.20674e+03  5.67077e-01
 6.20700e+03  5.66160e-01
 6.20726e+03  5.65604e-01
 6.20752e+03  5.68078e-01
 6.20778e+03  5.67980e-01
 6.20804e+03  5.68108e-01
 6.20830e+03  5.69746e-01
 6.20856e+03  5.67137e-01
 6.20882e+03  5.68822e-01
 6.20908e+03  5.68403e-01
 6.20934e+03  5.69423e-01
 6.20960e+03  5.69422e-01
 6.20987e+03  5.69735e-01
 6.21013e+03  5.70009e-01
 6.21039e+03  5.71188e-01
 6.21065e+03  5.70633e-01
 6.21091e+03  5.70641e-01
 6.21117e+03  5.72842e-01
 6.21143e+03  5.71964e-01
 6.21169e+03  5.73710e-01
 6.21195e+03  5.71512e-01
 6.21221e+03  5.73821e-01
 6.21247e+03  5.74368e-01
 6.21273e+03  5.74421e-01
 6.21300e+03  5.74394e-01
 6.21326e+03  5.75873e-01
 6.21352e+03  5.76887e-01
 6.21378e+03  5.76196e-01
 6.21404e+03  5.74750e-01
 6.21430e+03  5.78136e-01
 6.21456e+03  5.76278e-01
 6.21482e+03  5.79613e-01
 6.21508e+03  5.77795e-01
 6.21534e+03  5.77170e-01
 6.21560e+03  5.78812e-01
 6.21586e+03  5.79301e-01
 6.21612e+03  5.79209e-01
 6.21639e+03  5.81818e-01
 6.21665e+03  5.81826e-01
 6.21691e+03  5.81104e-01
 6.21717e+03  5.82171e-01
 6.21743e+03  5.82184e-01
 6.21769e+03  5.83636e-01
 6.21795e+03  5.85174e-01
 6.21821e+03  5.84495e-01
 6.21847e+03  5.85750e-01
 6.21873e+03  5.85017e-01
 6.21899e+03  5.86941e-01
 6.21925e+03  5.86186e-01
 6.21952e+03  5.87028e-01
 6.21978e+03  5.88514e-01
 6.22004e+03  5.88499e-01
 6.22030e+03  5.88789e-01
 6.22056e+03  5.87600e-01
 6.22082e+03  5.90698e-01
 6.22108e+03  5.89679e-01
 6.22134e+03  5.89261e-01
 6.22160e+03  5.90062e-01
 6.22186e+03  5.93280e-01
 6.22212e+03  5.93187e-01
 6.22238e+03  5.92496e-01
 6.22265e+03  5.92153e-01
 6.22291e+03  5.92388e-01
 6.22317e+03  5.93740e-01
 6.22343e+03  5.92493e-01
 6.22369e+03  5.93504e-01
 6.22395e+03  5.94073e-01
 6.22421e+03  5.93054e-01
 6.22447e+03  5.93341e-01
 6.22473e+03  5.95858e-01
 6.22499e+03  5.94527e-01
 6.22525e+03  5.94844e-01
 6.22551e+03  5.95328e-01
 6.22577e+03  5.95432e-01
 6.22604e+03  5.95562e-01
 6.22630e+03  5.96547e-01
 6.22656e+03  5.97361e-01
 6.22682e+03  5.98109e-01
 6.22708e+03  5.94732e-01
 6.22734e+03  5.96793e-01
 6.22760e+03  5.98626e-01
 6.22786e+03  5.97153e-01
 6.22812e+03  5.99492e-01
 6.22838e+03  5.98821e-01
 6.22864e+03  5.96792e-01
 6.22890e+03  5.96825e-01
 6.22917e+03  5.99795e-01
 6.22943e+03  5.99769e-01
 6.22969e+03  5.99665e-01
 6.22995e+03  5.98818e-01
 6.23021e+03  5.97720e-01
 6.23047e+03  6.00584e-01
 6.23073e+03  5.99687e-01
 6.23099e+03  6.01281e-01
 6.23125e+03  6.00305e-01
 6.23151e+03  5.99291e-01
 6.23177e+03  5.99157e-01
 6.23203e+03  6.00057e-01
 6.23229e+03  6.00885e-01
 6.23256e+03  5.99395e-01
 6.23282e+03  5.99185e-01
 6.23308e+03  5.99478e-01
 6.23334e+03  5.98957e-01
 6.23360e+03  5.98365e-01
 6.23386e+03  6.02803e-01
 6.23412e+03  5.98867e-01
 6.23438e+03  5.99132e-01
 6.23464e+03  6.01772e-01
 6.23490e+03  5.98877e-01
 6.23516e+03  5.97403e-01
 6.23542e+03  5.99493e-01
 6.23569e+03  6.00477e-01
 6.23595e+03  5.98833e-01
 6.23621e+03  5.99458e-01
 6.23647e+03  5.99562e-01
 6.23673e+03  6.01044e-01
 6.23699e+03  5.98300e-01
 6.23725e+03  5.97358e-01
 6.23751e+03  5.99075e-01
 6.23777e+03  5.98196e-01
 6.23803e+03  5.98684e-01
 6.23829e+03  6.00985e-01
 6.23855e+03  5.97655e-01
 6.23881e+03  5.98848e-01
 6.23908e+03  5.99705e-01
 6.23934e+03  5.97940e-01
 6.23960e+03  5.99364e-01
 6.23986e+03  5.97535e-01
 6.24012e+03  5.96707e-01
 6.24038e+03  5.95925e-01
 6.24064e+03  5.97483e-01
 6.24090e+03  5.97565e-01
 6.24116e+03  5.97610e-01
 6.24142e+03  5.98156e-01
 6.24168e+03  5.98003e-01
 6.24194e+03  5.98498e-01
 6.24221e+03  5.97607e-01
 6.24247e+03  5.96125e-01
 6.24273e+03  5.97906e-01
 6.24299e+03  5.95928e-01
 6.24325e+03  5.97289e-01
 6.24351e+03  5.96274e-01
 6.24377e+03  5.96622e-01
 6.24403e+03  5.94300e-01
 6.24429e+03  5.94831e-01
 6.24455e+03  5.93989e-01
 6.24481e+03  5.96810e-01
 6.24507e+03  5.95943e-01
 6.24533e+03  5.97472e-01
 6.24560e+03  5.94870e-01
 6.24586e+03  5.94598e-01
 6.24612e+03  5.93512e-01
 6.24638e+03  5.95078e-01
 6.24664e+03  5.92923e-01
 6.24690e+03  5.93492e-01
 6.24716e+03  5.94653e-01
 6.24742e+03  5.94293e-01
 6.24768e+03  5.94601e-01
 6.24794e+03  5.93691e-01
 6.24820e+03  5.93885e-01
 6.24846e+03  5.92943e-01
 6.24873e+03  5.91644e-01
 6.24899e+03  5.92469e-01
 6.24925e+03  5.91927e-01
 6.24951e+03  5.91930e-01
 6.24977e+03  5.91833e-01
 6.25003e+03  5.89840e-01
 6.25029e+03  5.89127e-01
 6.25055e+03  5.89999e-01
 6.25081e+03  5.88722e-01
 6.25107e+03  5.87898e-01
 6.25133e+03  5.88382e-01
 6.25159e+03  5.87907e-01
 6.25185e+03  5.87710e-01
 6.25212e+03  5.89868e-01
 6.25238e+03  5.87208e-01
 6.25264e+03  5.86117e-01
 6.25290e+03  5.88942e-01
 6.25316e+03  5.86800e-01
 6.25342e+03  5.85219e-01
 6.25368e+03  5.87042e-01
 6.25394e+03  5.87828e-01
 6.25420e+03  5.84721e-01
 6.25446e+03  5.85949e-01
 6.25472e+03  5.84412e-01
 6.25498e+03  5.83587e-01
 6.25525e+03  5.86868e-01
 6.25551e+03  5.84152e-01
 6.25577e+03  5.83128e-01
 6.25603e+03  5.82425e-01
 6.25629e+03  5.82502e-01
 6.25655e+03  5.82401e-01
 6.25681e+03  5.80059e-01
 6.25707e+03  5.82885e-01
 6.25733e+03  5.81238e-01
 6.25759e+03  5.82307e-01
 6.25785e+03  5.81967e-01
 6.25811e+03  5.80955e-01
 6.25837e+03  5.79347e-01
 6.25864e+03  5.80006e-01
 6.25890e+03  5.79098e-01
 6.25916e+03  5.79074e-01
 6.25942e+03  5.79751e-01
 6.25968e+03  5.79126e-01
 6.25994e+03  5.76721e-01
 6.26020e+03  5.78282e-01
 6.26046e+03  5.78548e-01
 6.26072e+03  5.76543e-01
 6.26098e+03  5.76596e-01
 6.26124e+03  5.76824e-01
 6.26150e+03  5.77349e-01
 6.26177e+03  5.75499e-01
 6.26203e+03  5.75986e-01
 6.26229e+03  5.73947e-01
 6.26255e+03  5.77687e-01
 6.26281e+03  5.76589e-01
 6.26307e+03  5.73258e-01
 6.26333e+03  5.73266e-01
 6.26359e+03  5.74033e-01
 6.26385e+03  5.73929e-01
 6.26411e+03  5.74496e-01
 6.26437e+03  5.73229e-01
 6.26463e+03  5.72441e-01
 6.26489e+03  5.74009e-01
 6.26516e+03  5.73764e-01
 6.26542e+03  5.71093e-01
 6.26568e+03  5.72492e-01
 6.26594e+03  5.72536e-01
 6.26620e+03  5.72954e-01
 6.26646e+03  5.71927e-01
 6.26672e+03  5.71983e-01
 6.26698e+03  5.69108e-01
 6.26724e+03  5.70959e-01
 6.26750e+03  5.70480e-01
 6.26776e+03  5.71869e-01
 6.26802e+03  5.70822e-01
 6.26829e+03  5.69383e-01
 6.26855e+03  5.72770e-01
 6.26881e+03  5.70253e-01
 6.26907e+03  5.68762e-01
 6.26933e+03  5.69368e-01
 6.26959e+03  5.69568e-01
 6.26985e+03  5.71714e-01
 6.27011e+03  5.68311e-01
 6.27037e+03  5.71024e-01
 6.27063e+03  5.68279e-01
 6.27089e+03  5.67759e-01
 6.27115e+03  5.67347e-01
 6.27141e+03  5.67065e-01
 6.27168e+03  5.68554e-01
 6.27194e+03  5.66917e-01
 6.27220e+03  5.65566e-01
 6.27246e+03  5.67638e-01
 6.27272e+03  5.64955e-01
 6.27298e+03  5.67431e-01
 6.27324e+03  5.65210e-01
 6.27350e+03  5.65260e-01
 6.27376e+03  5.65179e-01
 6.27402e+03  5.63434e-01
 6.27428e+03  5.62775e-01
 6.27454e+03  5.60580e-01
 6.27481e+03  5.62071e-01
 6.27507e+03  5.60567e-01
 6.27533e+03  5.60501e-01
 6.27559e+03  5.61209e-01
 6.27585e+03  5.60593e-01
 6.27611e+03  5.58970e-01
 6.27637e+03  5.59304e-01
 6.27663e+03  5.57516e-01
 6.27689e+03  5.56642e-01
 6.27715e+03  5.57445e-01
 6.27741e+03  5.56246e-01
 6.27767e+03  5.53972e-01
 6.27793e+03  5.52952e-01
 6.27820e+03  5.51106e-01
 6.27846e+03  5.51604e-01
 6.27872e+03  5.49638e-01
 6.27898e+03  5.48989e-01
 6.27924e+03  5.48240e-01
 6.27950e+03  5.45867e-01
 6.27976e+03  5.44304e-01
 6.28002e+03  5.41289e-01
 6.28028e+03  5.43190e-01
 6.28054e+03  5.41168e-01
 6.28080e+03  5.39986e-01
 6.28106e+03  5.38046e-01
 6.28133e+03  5.36374e-01
 6.28159e+03  5.34279e-01
 6.28185e+03  5.33184e-01
 6.28211e+03  5.30025e-01
 6.28237e+03  5.29346e-01
 6.28263e+03  5.24768e-01
 6.28289e+03  5.24663e-01
 6.28315e+03  5.19683e-01
 6.28341e+03  5.18830e-01
 6.28367e+03  5.17878e-01
 6.28393e+03  5.14801e-01
 6.28419e+03  5.10496e-01
 6.28445e+03  5.09616e-01
 6.28472e+03  5.06393e-01
 6.28498e+03  5.03864e-01
 6.28524e+03  5.01588e-01
 6.28550e+03  4.96545e-01
 6.28576e+03  4.93853e-01
 6.28602e+03  4.91210e-01
 6.28628e+03  4.88963e-01
 6.28654e+03  4.85941e-01
 6.28680e+03  4.83471e-01
 6.28706e+03  4.79504e-01
 6.28732e+03  4.77491e-01
 6.28758e+03  4.73776e-01
 6.28785e+03  4.70296e-01
 6.28811e+03  4.66206e-01
 6.28837e+03  4.64229e-01
 6.28863e+03  4.60107e-01
 6.28889e+03  4.58316e-01
 6.28915e+03  4.53117e-01
 6.28941e+03  4.51204e-01
 6.28967e+03  4.45414e-01
 6.28993e+03  4.42649e-01
 6.29019e+03  4.39048e-01
 6.29045e+03  4.36221e-01
 6.29071e+03  4.31353e-01
 6.29097e+03  4.29487e-01
 6.29124e+03  4.25049e-01
 6.29150e+03  4.20840e-01
 6.29176e+03  4.17697e-01
 6.29202e+03  4.13476e-01
 6.29228e+03  4.09967e-01
 6.29254e+03  4.07728e-01
 6.29280e+03  4.02544e-01
 6.29306e+03  3.99254e-01
 6.29332e+03  3.95492e-01
 6.29358e+03  3.91988e-01
 6.29384e+03  3.89432e-01
 6.29410e+03  3.85291e-01
 6.29437e+03  3.82163e-01
 6.29463e+03  3.77982e-01
 6.29489e+03  3.74617e-01
 6.29515e+03  3.70143e-01
 6.29541e+03  3.66566e-01
 6.29567e+03  3.65431e-01
 6.29593e+03  3.62561e-01
 6.29619e+03  3.58687e-01
 6.29645e+03  3.54180e-01
 6.29671e+03  3.52041e-01
 6.29697e+03  3.48638e-01
 6.29723e+03  3.46754e-01
 6.29749e+03  3.42845e-01
 6.29776e+03  3.38992e-01
 6.29802e+03  3.36640e-01
 6.29828e+03  3.33625e-01
 6.29854e+03  3.31399e-01
 6.29880e+03  3.29426e-01
 6.29906e+03  3.26020e-01
 6.29932e+03  3.24102e-01
 6.29958e+03  3.20174e-01
 6.29984e+03  3.19449e-01
 6.30010e+03  3.15777e-01
 6.30036e+03  3.13322e-01
 6.30062e+03  3.10319e-01
 6.30088e+03  3.10059e-01
 6.30115e+03  3.08154e-01
 6.30141e+03  3.05087e-01
 6.30167e+03  3.03785e-01
 6.30193e+03  3.02122e-01
 6.30219e+03  2.99636e-01
 6.30245e+03  2.98002e-01
 6.30271e+03  2.96853e-01
 6.30297e+03  2.96173e-01
 6.30323e+03  2.95274e-01
 6.30349e+03  2.92921e-01
 6.30375e+03  2.90618e-01
 6.30401e+03  2.91327e-01
 6.30428e+03  2.89683e-01
 6.30454e+03  2.89228e-01
 6.30480e+03  2.89470e-01
 6.30506e+03  2.88046e-01
 6.30532e+03  2.86726e-01
 6.30558e+03  2.87502e-01
 6.30584e+03  2.84995e-01
 6.30610e+03  2.85892e-01
 6.30636e+03  2.86075e-01
 6.30662e+03  2.86225e-01
 6.30688e+03  2.85849e-01
 6.30714e+03  2.87515e-01
 6.30740e+03  2.85695e-01
 6.30767e+03  2.87090e-01
 6.30793e+03  2.86854e-01
 6.30819e+03  2.89401e-01
 6.30845e+03  2.90911e-01
 6.30871e+03  2.91692e-01
 6.30897e+03  2.92051e-01
 6.30923e+03  2.92174e-01
 6.30949e+03  2.94168e-01
 6.30975e+03  2.96198e-01
 6.31001e+03  2.98921e-01
 6.31027e+03  3.01269e-01
 6.31053e+03  3.02260e-01
 6.31080e+03  3.05042e-01
 6.31106e+03  3.07577e-01
 6.31132e+03  3.10071e-01
 6.31158e+03  3.11653e-01
 6.31184e+03  3.17267e-01
 6.31210e+03  3.21757e-01
 6.31236e+03  3.23510e-01
 6.31262e+03  3.26270e-01
 6.31288e+03  3.30327e-01
 6.31314e+03  3.34586e-01
 6.31340e+03  3.40115e-01
 6.31366e+03  3.45177e-01
 6.31392e+03  3.51228e-01
 6.31419e+03  3.55531e-01
 6.31445e+03  3.59611e-01
 6.31471e+03  3.63894e-01
 6.31497e+03  3.68049e-01
 6.31523e+03  3.75736e-01
 6.31549e+03  3.81809e-01
 6.31575e+03  3.88926e-01
 6.31601e+03  3.95160e-01
 6.31627e+03  3.98566e-01
 6.31653e+03  4.01662e-01
 6.31679e+03  4.06965e-01
 6.31705e+03  4.12680e-01
 6.31732e+03  4.19521e-01
 6.31758e+03  4.23186e-01
 6.31784e+03  4.25253e-01
 6.31810e+03  4.25828e-01
 6.31836e+03  4.26743e-01
 6.31862e+03  4.30406e-01
 6.31888e+03  4.29210e-01
 6.31914e+03  4.29120e-01
 6.31940e+03  4.27433e-01
 6.31966e+03  4.22613e-01
 6.31992e+03  4.18038e-01
 6.32018e+03  4.12312e-01
 6.32044e+03  4.07702e-01
 6.32071e+03  4.02083e-01
 6.32097e+03  3.92308e-01
 6.32123e+03  3.82959e-01
 6.32149e+03  3.75866e-01
 6.32175e+03  3.65435e-01
 6.32201e+03  3.55852e-01
 6.32227e+03  3.45318e-01
 6.32253e+03  3.33212e-01
 6.32279e+03  3.21765e-01
 6.32305e+03  3.10769e-01
 6.32331e+03  3.00430e-01
 6.32357e+03  2.92000e-01
 6.32384e+03  2.80717e-01
 6.32410e+03  2.68539e-01
 6.32436e+03  2.55525e-01
 6.32462e+03  2.46191e-01
 6.32488e+03  2.33877e-01
 6.32514e+03  2.24962e-01
 6.32540e+03  2.14794e-01
 6.32566e+03  2.05112e-01
 6.32592e+03  1.93173e-01
 6.32618e+03  1.82125e-01
 6.32644e+03  1.72231e-01
 6.32670e+03  1.63244e-01
 6.32696e+03  1.55675e-01
 6.32723e+03  1.46823e-01
 6.32749e+03  1.38614e-01
 6.32775e+03  1.28438e-01
 6.32801e+03  1.20974e-01
 6.32827e+03  1.12226e-01
 6.32853e+03  1.07107e-01
 6.32879e+03  1.01005e-01
 6.32905e+03  9.44751e-02
 6.32931e+03  8.92938e-02
 6.32957e+03  8.21835e-02
 6.32983e+03  7.77227e-02
 6.33009e+03  7.17568e-02
 6.33036e+03  6.83687e-02
 6.33062e+03  6.47356e-02
 6.33088e+03  6.04333e-02
 6.33114e+03  5.64478e-02
 6.33140e+03  5.25921e-02
 6.33166e+03  4.97105e-02
 6.33192e+03  4.64878e-02
 6.33218e+03  4.38365e-02
 6.33244e+03  4.21518e-02
 6.33270e+03  3.95911e-02
 6.33296e+03  3.68848e-02
 6.33322e+03  3.46656e-02
 6.33348e+03  3.29414e-02
 6.33375e+03  3.09763e-02
 6.33401e+03  2.96347e-02
 6.33427e+03  2.80601e-02
 6.33453e+03  2.65131e-02
 6.33479e+03  2.51026e-02
 6.33505e+03  2.37321e-02
 6.33531e+03  2.24701e-02
 6.33557e+03  2.15593e-02
 6.33583e+03  2.04073e-02
 6.33609e+03  1.97588e-02
 6.33635e+03  1.86756e-02
 6.33661e+03  1.80184e-02
 6.33688e+03  1.67549e-02
 6.33714e+03  1.61450e-02
 6.33740e+03  1.56334e-02
 6.33766e+03  1.51427e-02
 6.33792e+03  1.45866e-02
 6.33818e+03  1.36855e-02
 6.33844e+03  1.31943e-02
 6.33870e+03  1.27006e-02
 6.33896e+03  1.19770e-02
 6.33922e+03  1.18295e-02
 6.33948e+03  1.13756e-02
 6.33974e+03  1.09647e-02
 6.34000e+03  1.06753e-02
 6.34027e+03  9.92770e-03
 6.34053e+03  9.55642e-03
 6.34079e+03  9.31941e-03
 6.34105e+03  9.19055e-03
 6.34131e+03  8.92746e-03
 6.34157e+03  8.69020e-03
 6.34183e+03  8.37752e-03
 6.34209e+03  8.03646e-03
 6.34235e+03  7.57952e-03
 6.34261e+03  7.49020e-03
 6.34287e+03  7.17374e-03
 6.34313e+03  7.10728e-03
 6.34340e+03  6.79823e-03
 6.34366e+03  6.63103e-03
 6.34392e+03  6.72786e-03
 6.34418e+03  6.35376e-03
 6.34444e+03  6.00220e-03
 6.34470e+03  5.97466e-03
 6.34496e+03  5.86345e-03
 6.34522e+03  6.00335e-03
 6.34548e+03  5.62862e-03
 6.34574e+03  5.63415e-03
 6.34600e+03  5.36747e-03
 6.34626e+03  5.14191e-03
 6.34652e+03  5.13784e-03
 6.34679e+03  4.97825e-03
 6.34705e+03  4.78878e-03
 6.34731e+03  4.76472e-03
 6.34757e+03  4.67678e-03
 6.34783e+03  4.63617e-03
 6.34809e+03  4.42042e-03
 6.34835e+03  4.31657e-03
 6.34861e+03  4.30464e-03
 6.34887e+03  4.18192e-03
 6.34913e+03  4.14956e-03
 6.34939e+03  4.09618e-03
 6.34965e+03  3.98049e-03
 6.34992e+03  3.88869e-03
 6.35018e+03  3.74306e-03
 6.35044e+03  3.68304e-03
 6.35070e+03  3.84723e-03
 6.35096e+03  3.73184e-03
 6.35122e+03  3.56559e-03
 6.35148e+03  3.50204e-03
 6.35174e+03  3.44490e-03
 6.35200e+03  3.43463e-03
 6.35226e+03  3.47998e-03
 6.35252e+03  3.41334e-03
 6.35278e+03  3.39628e-03
 6.35304e+03  3.22613e-03
 6.35331e+03  3.17692e-03
 6.35357e+03  3.17825e-03
 6.35383e+03  3.19318e-03
 6.35409e+03  3.15538e-03
 6.35435e+03  3.01241e-03
 6.35461e+03  2.97302e-03
 6.35487e+03  2.96437e-03
 6.35513e+03  2.94724e-03
 6.35539e+03  2.82464e-03
 6.35565e+03  2.90359e-03
 6.35591e+03  2.74328e-03
 6.35617e+03  2.85525e-03
 6.35644e+03  2.70944e-03
 6.35670e+03  2.73319e-03
 6.35696e+03  2.65148e-03
 6.35722e+03  2.72355e-03
 6.35748e+03  2.61491e-03
 6.35774e+03  2.49436e-03
 6.35800e+03  2.59908e-03
 6.35826e+03  2.58542e-03
 6.35852e+03  2.41835e-03
 6.35878e+03  2.54810e-03
 6.35904e+03  2.57487e-03
 6.35930e+03  2.48384e-03
 6.35956e+03  2.48166e-03
 6.35983e+03  2.46106e-03
 6.36009e+03  2.53932e-03
 6.36035e+03  2.31312e-03
 6.36061e+03  2.32293e-03
 6.36087e+03  2.22172e-03
 6.36113e+03  2.36940e-03
 6.36139e+03  2.28232e-03
 6.36165e+03  2.21528e-03
 6.36191e+03  2.25310e-03
 6.36217e+03  2.18079e-03
 6.36243e+03  2.11316e-03
 6.36269e+03  2.24583e-03
 6.36296e+03  2.23739e-03
 6.36322e+03  2.13558e-03
 6.36348e+03  2.21505e-03
 6.36374e+03  2.19796e-03
 6.36400e+03  2.14356e-03
 6.36426e+03  2.16088e-03
 6.36452e+03  2.11503e-03
 6.36478e+03  2.15609e-03
 6.36504e+03  1.96523e-03
 6.36530e+03  1.97433e-03
 6.36556e+03  2.02569e-03
 6.36582e+03  1.94602e-03
 6.36608e+03  1.92229e-03
 6.36635e+03  2.03326e-03
 6.36661e+03  2.04077e-03
 6.36687e+03  1.99259e-03
 6.36713e+03  1.99114e-03
 6.36739e+03  1.91689e-03
 6.36765e+03  1.94941e-03
 6.36791e+03  1.84096e-03
 6.36817e+03  1.85996e-03
 6.36843e+03  1.92361e-03
 6.36869e+03  1.86772e-03
 6.36895e+03  1.83557e-03
 6.36921e+03  1.85631e-03
 6.36948e+03  1.92104e-03
 6.36974e+03  1.87127e-03
 6.37000e+03  1.80017e-03
 6.37026e+03  1.87922e-03
 6.37052e+03  1.80876e-03
 6.37078e+03  1.83174e-03
 6.37104e+03  1.77468e-03
 6.37130e+03  1.78202e-03
 6.37156e+03  1.73262e-03
 6.37182e+03  1.70988e-03
 6.37208e+03  1.76547e-03
 6.37234e+03  1.66954e-03
 6.37260e+03  1.72139e-03
 6.37287e+03  1.67926e-03
 6.37313e+03  1.72411e-03
 6.37339e+03  1.79477e-03
 6.37365e+03  1.62734e-03
 6.37391e+03  1.59647e-03
 6.37417e+03  1.66726e-03
 6.37443e+03  1.61352e-03
 6.37469e+03  1.61020e-03
 6.37495e+03  1.67265e-03
 6.37521e+03  1.63318e-03
 6.37547e+03  1.59581e-03
 6.37573e+03  1.66357e-03
 6.37600e+03  1.59588e-03
 6.37626e+03  1.59705e-03
 6.37652e+03  1.59184e-03
 6.37678e+03  1.63776e-03
 6.37704e+03  1.57833e-03
 6.37730e+03  1.49161e-03
 6.37756e+03  1.51555e-03
 6.37782e+03  1.57390e-03
 6.37808e+03  1.58828e-03
 6.37834e+03  1.49962e-03
 6.37860e+03  1.51905e-03
 6.37886e+03  1.41283e-03
 6.37912e+03  1.46250e-03
 6.37939e+03  1.51001e-03
 6.37965e+03  1.44535e-03
 6.37991e+03  1.38445e-03
 6.38017e+03  1.47064e-03
 6.38043e+03  1.46975e-03
 6.38069e+03  1.53447e-03
 6.38095e+03  1.40781e-03
 6.38121e+03  1.41901e-03
 6.38147e+03  1.43204e-03
 6.38173e+03  1.45399e-03
 6.38199e+03  1.41696e-03
 6.38225e+03  1.48591e-03
 6.38252e+03  1.27675e-03
 6.38278e+03  1.38380e-03
 6.38304e+03  1.35544e-03
 6.38330e+03  1.42452e-03
 6.38356e+03  1.38827e-03
 6.38382e+03  1.39520e-03
 6.38408e+03  1.35947e-03
 6.38434e+03  1.44193e-03
 6.38460e+03  1.40326e-03
 6.38486e+03  1.34735e-03
 6.38512e+03  1.42673e-03
 6.38538e+03  1.35704e-03
 6.38565e+03  1.35816e-03
 6.38591e+03  1.33372e-03
 6.38617e+03  1.27735e-03
 6.38643e+03  1.31070e-03
 6.38669e+03  1.32593e-03
 6.38695e+03  1.26102e-03
 6.38721e+03  1.37062e-03
 6.38747e+03  1.29796e-03
 6.38773e+03  1.31300e-03
 6.38799e+03  1.28309e-03
 6.38825e+03  1.30915e-03
 6.38851e+03  1.29788e-03
 6.38877e+03  1.30413e-03
 6.38904e+03  1.32784e-03
 6.38930e+03  1.33136e-03
 6.38956e+03  1.18794e-03
 6.38982e+03  1.18773e-03
 6.39008e+03  1.20480e-03
 6.39034e+03  1.25199e-03
 6.39060e+03  1.20414e-03
 6.39086e+03  1.19066e-03
 6.39112e+03  1.26926e-03
 6.39138e+03  1.21523e-03
 6.39164e+03  1.27232e-03
 6.39190e+03  1.20762e-03
 6.39217e+03  1.15364e-03
 6.39243e+03  1.19772e-03
 6.39269e+03  1.21451e-03
 6.39295e+03  1.19628e-03
 6.39321e+03  1.21738e-03
 6.39347e+03  1.18560e-03
 6.39373e+03  1.31633e-03
 6.39399e+03  1.28761e-03
 6.39425e+03  1.16311e-03
 6.39451e+03  1.24306e-03
 6.39477e+03  1.07156e-03
 6.39503e+03  1.19163e-03
 6.39529e+03  1.14813e-03
 6.39556e+03  1.12686e-03
 6.39582e+03  1.18133e-03
 6.39608e+03  1.18841e-03
 6.39634e+03  1.19013e-03
 6.39660e+03  1.15241e-03
 6.39686e+03  1.13377e-03
 6.39712e+03  1.05580e-03
 6.39738e+03  1.20476e-03
 6.39764e+03  1.16591e-03
 6.39790e+03  1.12728e-03
 6.39816e+03  1.11331e-03
 6.39842e+03  1.11414e-03
 6.39869e+03  1.11891e-03
 6.39895e+03  1.02661e-03
 6.39921e+03  1.06842e-03
 6.39947e+03  1.13346e-03
 6.39973e+03  1.10397e-03
 6.39999e+03  1.09860e-03
 6.40025e+03  1.01233e-03
 6.40051e+03  1.12086e-03
 6.40077e+03  1.03893e-03
 6.40103e+03  1.06537e-03
 6.40129e+03  1.03640e-03
 6.40155e+03  1.13781e-03
 6.40181e+03  1.01899e-03
 6.40208e+03  1.14487e-03
 6.40234e+03  1.06928e-03
 6.40260e+03  9.96916e-04
 6.40286e+03  1.10409e-03
 6.40312e+03  1.07458e-03
 6.40338e+03  9.57387e-04
 6.40364e+03  1.03738e-03
 6.40390e+03  1.00852e-03
 6.40416e+03  1.06781e-03
 6.40442e+03  9.60237e-04
 6.40468e+03  1.04066e-03
 6.40494e+03  1.01356e-03
 6.40521e+03  9.98332e-04
 6.40547e+03  9.87040e-04
 6.40573e+03  1.03962e-03
 6.40599e+03  9.53311e-04
 6.40625e+03  9.20967e-04
 6.40651e+03  1.05356e-03
 6.40677e+03  1.01839e-03
 6.40703e+03  1.05057e-03
 6.40729e+03  1.01165e-03
 6.40755e+03  8.81111e-04
 6.40781e+03  9.63326e-04
 6.40807e+03  1.05413e-03
 6.40833e+03  9.69727e-04
 6.40860e+03  9.71607e-04
 6.40886e+03  9.39507e-04
 6.40912e+03  1.04535e-03
 6.40938e+03  9.39919e-04
 6.40964e+03  9.44488e-04
 6.40990e+03  9.57109e-04
 6.41016e+03  9.58439e-04
 6.41042e+03  9.47280e-04
 6.41068e+03  8.90242e-04
 6.41094e+03  9.25141e-04
 6.41120e+03  9.72256e-04
 6.41146e+03  9.08808e-04
 6.41173e+03  9.49471e-04
 6.41199e+03  9.92888e-04
 6.41225e+03  8.99409e-04
 6.41251e+03  8.39961e-04
 6.41277e+03  9.47927e-04
 6.41303e+03  8.82123e-04
 6.41329e+03  8.89922e-04
 6.41355e+03  8.77355e-04
 6.41381e+03  8.94715e-04
 6.41407e+03  9.02380e-04
 6.41433e+03  9.53713e-04
 6.41459e+03  8.60690e-04
 6.41485e+03  8.71196e-04
 6.41512e+03  9.31974e-04
 6.41538e+03  9.11943e-04
 6.41564e+03  9.20210e-04
 6.41590e+03  9.93537e-04
 6.41616e+03  8.64393e-04
 6.41642e+03  8.70308e-04
 6.41668e+03  9.14888e-04
 6.41694e+03  8.69480e-04
 6.41720e+03  8.99255e-04
 6.41746e+03  8.68700e-04
 6.41772e+03  9.36446e-04
 6.41798e+03  8.49625e-04
 6.41825e+03  8.43604e-04
 6.41851e+03  8.31576e-04
 6.41877e+03  8.82132e-04
 6.41903e+03  7.48777e-04
 6.41929e+03  8.57029e-04
 6.41955e+03  8.42210e-04
 6.41981e+03  8.78085e-04
 6.42007e+03  8.64510e-04
 6.42033e+03  9.16068e-04
 6.42059e+03  8.54243e-04
 6.42085e+03  8.31338e-04
 6.42111e+03  7.90760e-04
 6.42137e+03  8.54823e-04
 6.42164e+03  7.85979e-04
 6.42190e+03  7.51319e-04
 6.42216e+03  7.55335e-04
 6.42242e+03  7.05988e-04
 6.42268e+03  7.86908e-04
 6.42294e+03  8.28129e-04
 6.42320e+03  7.84100e-04
 6.42346e+03  7.65493e-04
 6.42372e+03  7.72152e-04
 6.42398e+03  6.62388e-04
 6.42424e+03  8.21502e-04
 6.42450e+03  7.72072e-04
 6.42477e+03  8.14366e-04
 6.42503e+03  7.70073e-04
 6.42529e+03  7.99222e-04
 6.42555e+03  7.79940e-04
 6.42581e+03  8.27411e-04
 6.42607e+03  7.93342e-04
 6.42633e+03  7.39915e-04
 6.42659e+03  7.71068e-04
 6.42685e+03  7.81838e-04
 6.42711e+03  7.21220e-04
 6.42737e+03  7.83075e-04
 6.42763e+03  7.82682e-04
 6.42789e+03  7.09168e-04
 6.42816e+03  7.30167e-04
 6.42842e+03  7.22539e-04
 6.42868e+03  8.04138e-04
 6.42894e+03  7.86902e-04
 6.42920e+03  7.56398e-04
 6.42946e+03  7.62453e-04
 6.42972e+03  7.51037e-04
 6.42998e+03  6.84622e-04
 6.43024e+03  7.19019e-04
 6.43050e+03  7.49503e-04
 6.43076e+03  6.52962e-04
 6.43102e+03  8.01074e-04
 6.43129e+03  7.86941e-04
 6.43155e+03  7.66995e-04
 6.43181e+03  6.79706e-04
 6.43207e+03  7.93737e-04
 6.43233e+03  6.63358e-04
 6.43259e+03  6.82452e-04
 6.43285e+03  6.37804e-04
 6.43311e+03  6.51979e-04
 6.43337e+03  7.31604e-04
 6.43363e+03  6.45781e-04
 6.43389e+03  7.24398e-04
 6.43415e+03  6.81466e-04
 6.43441e+03  7.29939e-04
 6.43468e+03  7.44513e-04
 6.43494e+03  6.80892e-04
 6.43520e+03  7.01218e-04
 6.43546e+03  7.75603e-04
 6.43572e+03  6.39337e-04
 6.43598e+03  7.06975e-04
 6.43624e+03  6.39765e-04
 6.43650e+03  7.02553e-04
 6.43676e+03  7.07511e-04
 6.43702e+03  7.34083e-04
 6.43728e+03  6.37395e-04
 6.43754e+03  6.23663e-04
 6.43781e+03  6.58816e-04
 6.43807e+03  6.91859e-04
 6.43833e+03  7.13361e-04
 6.43859e+03  6.46590e-04
 6.43885e+03  6.40532e-04
 6.43911e+03  6.27492e-04
 6.43937e+03  6.13740e-04
 6.43963e+03  6.94117e-04
 6.43989e+03  6.37498e-04
 6.44015e+03  6.20985e-04
 6.44041e+03  6.21615e-04
 6.44067e+03  6.90919e-04
 6.44093e+03  6.58880e-04
 6.44120e+03  6.50244e-04
 6.44146e+03  7.01270e-04
 6.44172e+03  5.82804e-04
 6.44198e+03  6.82806e-04
 6.44224e+03  5.55276e-04
 6.44250e+03  6.40706e-04
 6.44276e+03  7.13113e-04
 6.44302e+03  6.38275e-04
 6.44328e+03  6.67564e-04
 6.44354e+03  5.45489e-04
 6.44380e+03  6.41048e-04
 6.44406e+03  6.95786e-04
 6.44433e+03  6.93382e-04
 6.44459e+03  6.24086e-04
 6.44485e+03  6.07841e-04
 6.44511e+03  5.93322e-04
 6.44537e+03  6.03995e-04
 6.44563e+03  6.22906e-04
 6.44589e+03  5.85311e-04
 6.44615e+03  6.04891e-04
 6.44641e+03  6.42765e-04
 6.44667e+03  6.24352e-04
 6.44693e+03  6.45643e-04
 6.44719e+03  6.16294e-04
 6.44745e+03  6.05765e-04
 6.44772e+03  6.20783e-04
 6.44798e+03  6.08766e-04
 6.44824e+03  6.37965e-04
 6.44850e+03  6.64468e-04
 6.44876e+03  6.44793e-04
 6.44902e+03  6.41984e-04
 6.44928e+03  5.54176e-04
 6.44954e+03  6.03533e-04
 6.44980e+03  5.97709e-04
 6.45006e+03  6.45159e-04
