   3701.714      1.7407291E-03
   3704.958      1.7407291E-03
   3708.201      1.7407291E-03
   3711.445      1.7407291E-03
   3714.688      1.7407291E-03
   3717.932      1.7407291E-03
   3721.176      1.7407291E-03
   3724.420      1.7407291E-03
   3727.664      1.7407291E-03
   3730.908      1.7407291E-03
   3734.152      1.7407291E-03
   3737.396      1.7407291E-03
   3740.639      1.7407291E-03
   3743.884      1.7407291E-03
   3747.127      1.7407291E-03
   3750.372      1.7407291E-03
   3753.616      1.7407291E-03
   3756.860      1.7407291E-03
   3760.104      1.7407291E-03
   3763.348      1.7407291E-03
   3766.592      1.7407291E-03
   3769.836      1.7407291E-03
   3773.081      1.7407291E-03
   3776.325      1.7407291E-03
   3779.569      1.7407291E-03
   3782.814      1.7407291E-03
   3786.058      1.7407291E-03
   3789.302      1.7407291E-03
   3792.547      1.7407291E-03
   3795.791      1.7407291E-03
   3799.036      1.7407291E-03
   3802.280      1.7407291E-03
   3805.525      1.7407291E-03
   3808.770      1.7407291E-03
   3812.014      1.7407291E-03
   3815.259      1.7407291E-03
   3818.503      1.7407291E-03
   3821.748      1.7407291E-03
   3824.993      1.7407291E-03
   3828.238      1.7407291E-03
   3831.482      1.7407291E-03
   3834.727      1.7407291E-03
   3837.972      1.7407291E-03
   3841.217      1.7407291E-03
   3844.462      1.7407291E-03
   3847.707      1.7407291E-03
   3850.952      1.7407291E-03
   3854.197      1.7407291E-03
   3857.442      1.7407291E-03
   3860.687      1.7407291E-03
   3863.932      1.7407291E-03
   3867.177      1.7407291E-03
   3870.423      1.7407291E-03
   3873.668      1.7407291E-03
   3876.913      1.7407291E-03
   3880.158      1.7407291E-03
   3883.404      1.7407291E-03
   3886.649      1.7407291E-03
   3889.894      1.7407291E-03
   3893.140      1.7407291E-03
   3896.385      1.7407291E-03
   3899.630      1.7407291E-03
   3902.876      1.7407291E-03
   3906.121      1.7407291E-03
   3909.367      1.7407291E-03
   3912.613      1.7407291E-03
   3915.858      1.7407291E-03
   3919.104      1.7407291E-03
   3922.350      1.7407291E-03
   3925.595      1.7407291E-03
   3928.841      1.7407291E-03
   3932.087      1.7407291E-03
   3935.333      1.7407291E-03
   3938.578      1.7407291E-03
   3941.824      1.7407291E-03
   3945.070      1.7407291E-03
   3948.316      1.7407291E-03
   3951.562      1.7407291E-03
   3954.808      1.7407291E-03
   3958.054      1.7407291E-03
   3961.300      1.7407291E-03
   3964.546      1.7407291E-03
   3967.792      1.7407291E-03
   3971.039      1.7407291E-03
   3974.285      1.7407291E-03
   3977.531      1.7407291E-03
   3980.777      1.7407291E-03
   3984.024      1.7407291E-03
   3987.270      1.7407291E-03
   3990.516      1.7407291E-03
   3993.763      1.7407291E-03
   3997.009      1.7407291E-03
   4000.256      1.7407291E-03
   4003.502      1.7407291E-03
   4006.749      1.7407291E-03
   4009.995      1.7407291E-03
   4013.242      1.7407291E-03
   4016.489      1.7407291E-03
   4019.735      1.7407291E-03
   4022.982      1.7407291E-03
   4026.229      1.7407291E-03
   4029.475      1.7407291E-03
   4032.722      1.7407291E-03
   4035.969      1.7407291E-03
   4039.216      1.7407291E-03
   4042.463      1.7407291E-03
   4045.710      1.7407291E-03
   4048.957      1.7407291E-03
   4052.204      1.7407291E-03
   4055.451      1.7407291E-03
   4058.698      1.7407291E-03
   4061.945      1.7407291E-03
   4065.192      1.7407291E-03
   4068.439      1.7407291E-03
   4071.687      1.7407291E-03
   4074.934      1.7407291E-03
   4078.181      1.7407291E-03
   4081.428      1.7407291E-03
   4084.676      1.7407291E-03
   4087.923      1.7407291E-03
   4091.171      1.7407291E-03
   4094.418      1.7407291E-03
   4097.666      1.7407291E-03
   4100.913      1.7407291E-03
   4104.161      1.7407291E-03
   4107.408      1.7407291E-03
   4110.656      1.7407291E-03
   4113.904      1.7407291E-03
   4117.151      1.7407291E-03
   4120.399      1.7407291E-03
   4123.647      1.7407291E-03
   4126.895      1.7407291E-03
   4130.143      1.7407291E-03
   4133.390      1.7407291E-03
   4136.638      1.7407291E-03
   4139.886      1.7407291E-03
   4143.134      1.7407291E-03
   4146.382      1.7407291E-03
   4149.630      1.7407291E-03
   4152.878      1.7407291E-03
   4156.126      1.7407291E-03
   4159.375      1.7407291E-03
   4162.623      1.7407291E-03
   4165.871      1.7407291E-03
   4169.120      1.7407291E-03
   4172.368      1.7407291E-03
   4175.616      1.7407291E-03
   4178.865      1.7407291E-03
   4182.113      1.7407291E-03
   4185.362      1.7407291E-03
   4188.610      1.7407291E-03
   4191.858      1.7407291E-03
   4195.107      1.7407291E-03
   4198.356      1.7407291E-03
   4201.604      1.7407291E-03
   4204.853      1.7407291E-03
   4208.102      1.7407291E-03
   4211.351      1.7407291E-03
   4214.600      1.7407291E-03
   4217.848      1.7407291E-03
   4221.097      1.7407291E-03
   4224.346      1.7407291E-03
   4227.595      1.7407291E-03
   4230.844      1.7407291E-03
   4234.093      1.7407291E-03
   4237.342      1.7407291E-03
   4240.591      1.7407291E-03
   4243.840      1.7407291E-03
   4247.090      1.7407291E-03
   4250.339      1.7407291E-03
   4253.588      1.7407291E-03
   4256.837      1.7407291E-03
   4260.087      1.7407291E-03
   4263.336      1.7407291E-03
   4266.585      1.7407291E-03
   4269.835      1.7407291E-03
   4273.084      1.7407291E-03
   4276.334      1.7407291E-03
   4279.583      1.7407291E-03
   4282.833      1.7407291E-03
   4286.083      1.7407291E-03
   4289.333      1.7407291E-03
   4292.582      1.7407291E-03
   4295.832      1.7407291E-03
   4299.082      1.7407291E-03
   4302.332      1.7407291E-03
   4305.582      1.7407291E-03
   4308.831      1.7407291E-03
   4312.081      1.7407291E-03
   4315.331      1.7407291E-03
   4318.581      1.7407291E-03
   4321.832      1.7407291E-03
   4325.082      1.7407291E-03
   4328.332      1.7407291E-03
   4331.582      1.7407291E-03
   4334.832      1.7407291E-03
   4338.082      1.7407291E-03
   4341.333      1.7407291E-03
   4344.583      1.7407291E-03
   4347.833      1.7407291E-03
   4351.083      1.7407291E-03
   4354.334      1.7407291E-03
   4357.584      1.7407291E-03
   4360.835      1.7407291E-03
   4364.086      1.7407291E-03
   4367.336      1.7407291E-03
   4370.587      1.7407291E-03
   4373.838      1.7407291E-03
   4377.088      1.7407291E-03
   4380.339      1.7407291E-03
   4383.590      1.7407291E-03
   4386.841      1.7407291E-03
   4390.092      1.7407291E-03
   4393.343      1.7407291E-03
   4396.594      1.7407291E-03
   4399.845      1.7407291E-03
   4403.096      1.7407291E-03
   4406.347      1.7407291E-03
   4409.598      1.7405933E-03
   4412.849      1.7401557E-03
   4416.101      1.7389227E-03
   4419.352      1.7358342E-03
   4422.603      1.7289231E-03
   4425.854      1.7150803E-03
   4429.106      1.6902336E-03
   4432.357      1.6502086E-03
   4435.609      1.5922365E-03
   4438.860      1.5165346E-03
   4442.112      1.4270562E-03
   4445.363      1.3307602E-03
   4448.615      1.2355783E-03
   4451.867      1.1480842E-03
   4455.118      1.0720050E-03
   4458.370      1.0081178E-03
   4461.622      9.5519621E-04
   4464.874      9.1125665E-04
   4468.125      8.7447453E-04
   4471.377      8.4357290E-04
   4474.629      8.1781816E-04
   4477.881      7.9685403E-04
   4481.134      7.8056956E-04
   4484.386      7.6884759E-04
   4487.638      7.6168776E-04
   4490.890      7.5909006E-04
   4494.142      7.6105475E-04
   4497.395      7.6758157E-04
   4500.647      7.7867083E-04
   4503.899      7.9432223E-04
   4507.151      8.1453577E-04
   4510.404      8.3931163E-04
   4513.656      8.6864963E-04
   4516.909      9.0255024E-04
   4520.162      9.4101316E-04
   4523.414      9.8403858E-04
   4526.667      1.0316264E-03
   4529.919      1.0837769E-03
   4533.172      1.1404895E-03
   4536.425      1.2017644E-03
   4539.678      1.2676017E-03
   4542.931      1.3380015E-03
   4546.184      1.4129633E-03
   4549.437      1.4924875E-03
   4552.689      1.5765742E-03
   4555.942      1.6652236E-03
   4559.195      1.7584348E-03
   4562.449      1.8562087E-03
   4565.702      1.9585451E-03
   4568.955      2.0654437E-03
   4572.208      2.1769041E-03
   4575.461      2.2929283E-03
   4578.715      2.4135141E-03
   4581.968      2.5386629E-03
   4585.222      2.6683735E-03
   4588.475      2.8026463E-03
   4591.729      2.9414813E-03
   4594.982      3.0848782E-03
   4598.236      3.2328377E-03
   4601.489      3.3853592E-03
   4604.743      3.5424433E-03
   4607.997      3.7040901E-03
   4611.250      3.8702991E-03
   4614.504      4.0410706E-03
   4617.758      4.2164037E-03
   4621.012      4.3962994E-03
   4624.266      4.5807576E-03
   4627.520      4.7697779E-03
   4630.774      4.9633612E-03
   4634.028      5.1615071E-03
   4637.282      5.3642150E-03
   4640.537      5.5714860E-03
   4643.791      5.7833190E-03
   4647.045      5.9997137E-03
   4650.299      6.2206713E-03
   4653.554      6.4461906E-03
   4656.808      6.6762739E-03
   4660.063      6.9109187E-03
   4663.317      7.1501262E-03
   4666.571      7.3938952E-03
   4669.826      7.6422268E-03
   4673.081      7.8951195E-03
   4676.335      8.1525752E-03
   4679.590      8.4145935E-03
   4682.845      8.6811734E-03
   4686.100      8.9523159E-03
   4689.354      9.2280200E-03
   4692.609      9.5082903E-03
   4695.864      9.7945901E-03
   4699.119      1.0088364E-02
   4702.375      1.0394331E-02
   4705.629      1.0721996E-02
   4708.884      1.1087867E-02
   4712.140      1.1518313E-02
   4715.395      1.2041835E-02
   4718.650      1.2681353E-02
   4721.905      1.3439239E-02
   4725.161      1.4287524E-02
   4728.416      1.5166748E-02
   4731.672      1.6002595E-02
   4734.927      1.6726254E-02
   4738.183      1.7287549E-02
   4741.438      1.7659493E-02
   4744.694      1.7829388E-02
   4747.950      1.7806882E-02
   4751.205      1.7623307E-02
   4754.461      1.7348694E-02
   4757.717      1.7078862E-02
   4760.973      1.6912585E-02
   4764.229      1.6919784E-02
   4767.484      1.7119156E-02
   4770.741      1.7474392E-02
   4773.997      1.7915828E-02
   4777.252      1.8372737E-02
   4780.509      1.8802024E-02
   4783.765      1.9202773E-02
   4787.021      1.9620024E-02
   4790.277      2.0118359E-02
   4793.534      2.0769218E-02
   4796.790      2.1637661E-02
   4800.047      2.2777028E-02
   4803.303      2.4227759E-02
   4806.560      2.6015416E-02
   4809.816      2.8154055E-02
   4813.073      3.0650847E-02
   4816.330      3.3525921E-02
   4819.586      3.6818516E-02
   4822.843      4.0604331E-02
   4826.100      4.4979934E-02
   4829.356      5.0059874E-02
   4832.613      5.5943508E-02
   4835.871      6.2691174E-02
   4839.127      7.0301346E-02
   4842.384      7.8718394E-02
   4845.642      8.7846138E-02
   4848.899      9.7581297E-02
   4852.156      0.1078194    
   4855.413      0.1184641    
   4858.670      0.1294357    
   4861.928      0.1407027    
   4865.185      0.1522986    
   4868.443      0.1643277    
   4871.700      0.1769267    
   4874.958      0.1901986    
   4878.215      0.2041678    
   4881.473      0.2187508    
   4884.730      0.2337849    
   4887.988      0.2490701    
   4891.246      0.2644201    
   4894.504      0.2797024    
   4897.762      0.2948677    
   4901.020      0.3099566    
   4904.278      0.3250710    
   4907.536      0.3403200    
   4910.793      0.3557505    
   4914.052      0.3713067    
   4917.310      0.3868205    
   4920.568      0.4020492    
   4923.827      0.4167499    
   4927.085      0.4307455    
   4930.343      0.4439888    
   4933.602      0.4565826    
   4936.860      0.4687400    
   4940.119      0.4806973    
   4943.377      0.4926226    
   4946.636      0.5045582    
   4949.895      0.5164059    
   4953.153      0.5279977    
   4956.412      0.5391636    
   4959.670      0.5498082    
   4962.930      0.5599303    
   4966.188      0.5695913    
   4969.447      0.5788622    
   4972.707      0.5877755    
   4975.965      0.5963309    
   4979.225      0.6045191    
   4982.484      0.6123530    
   4985.743      0.6198550    
   4989.002      0.6270413    
   4992.262      0.6338907    
   4995.521      0.6403707    
   4998.780      0.6464695    
   5002.040      0.6522238    
   5005.299      0.6577038    
   5008.559      0.6629844    
   5011.818      0.6681212    
   5015.078      0.6731475    
   5018.338      0.6780841    
   5021.598      0.6829527    
   5024.857      0.6877553    
   5028.117      0.6924655    
   5031.377      0.6970292    
   5034.637      0.7013870    
   5037.897      0.7054955    
   5041.157      0.7093324    
   5044.417      0.7129006    
   5047.678      0.7162116    
   5050.938      0.7193009    
   5054.198      0.7222420    
   5057.458      0.7251409    
   5060.719      0.7281105    
   5063.979      0.7312133    
   5067.240      0.7344160    
   5070.500      0.7375953    
   5073.761      0.7405934    
   5077.021      0.7433050    
   5080.282      0.7457138    
   5083.543      0.7478780    
   5086.804      0.7498641    
   5090.065      0.7516965    
   5093.326      0.7533554    
   5096.587      0.7548297    
   5099.848      0.7561646    
   5103.109      0.7574703    
   5106.370      0.7588809    
   5109.631      0.7604986    
   5112.892      0.7623613    
   5116.154      0.7644329    
   5119.415      0.7666203    
   5122.676      0.7688012    
   5125.938      0.7708586    
   5129.199      0.7727208    
   5132.461      0.7743699    
   5135.723      0.7758347    
   5138.984      0.7771454    
   5142.246      0.7783085    
   5145.508      0.7792982    
   5148.770      0.7800848    
   5152.031      0.7806789    
   5155.293      0.7811358    
   5158.555      0.7815492    
   5161.817      0.7820067    
   5165.079      0.7825530    
   5168.341      0.7831696    
   5171.604      0.7837955    
   5174.866      0.7843524    
   5178.128      0.7847696    
   5181.391      0.7850032    
   5184.653      0.7850374    
   5187.916      0.7848926    
   5191.178      0.7846366    
   5194.440      0.7843622    
   5197.703      0.7841855    
   5200.966      0.7842073    
   5204.229      0.7845027    
   5207.491      0.7850971    
   5210.754      0.7859597    
   5214.017      0.7869985    
   5217.280      0.7880744    
   5220.543      0.7890188    
   5223.806      0.7896672    
   5227.069      0.7899009    
   5230.333      0.7896827    
   5233.596      0.7890785    
   5236.859      0.7882447    
   5240.122      0.7873775    
   5243.385      0.7866520    
   5246.649      0.7861819    
   5249.913      0.7860090    
   5253.176      0.7861064    
   5256.439      0.7863910    
   5259.703      0.7867478    
   5262.967      0.7870365    
   5266.231      0.7871271    
   5269.495      0.7869167    
   5272.758      0.7863755    
   5276.022      0.7855637    
   5279.287      0.7846447    
   5282.550      0.7838508    
   5285.814      0.7833993    
   5289.079      0.7834046    
   5292.343      0.7838132    
   5295.607      0.7844173    
   5298.872      0.7849448    
   5302.136      0.7851799    
   5305.400      0.7850358    
   5308.665      0.7845595    
   5311.929      0.7838673    
   5315.194      0.7830600    
   5318.458      0.7821819    
   5321.724      0.7812257    
   5324.988      0.7801898    
   5328.253      0.7791134    
   5331.518      0.7780648    
   5334.783      0.7770925    
   5338.048      0.7761672    
   5341.313      0.7751857    
   5344.578      0.7740304    
   5347.843      0.7726418    
   5351.108      0.7710565    
   5354.374      0.7693672    
   5357.639      0.7676796    
   5360.905      0.7660463    
   5364.170      0.7644701    
   5367.436      0.7629233    
   5370.701      0.7613779    
   5373.967      0.7598416    
   5377.232      0.7583627    
   5380.498      0.7570232    
   5383.764      0.7559161    
   5387.030      0.7550926    
   5390.296      0.7545323    
   5393.562      0.7541402    
   5396.828      0.7537786    
   5400.094      0.7533259    
   5403.360      0.7527021    
   5406.626      0.7518687    
   5409.893      0.7507980    
   5413.159      0.7494497    
   5416.425      0.7477891    
   5419.691      0.7458420    
   5422.958      0.7437109    
   5426.225      0.7415718    
   5429.491      0.7395877    
   5432.758      0.7378446    
   5436.025      0.7362964    
   5439.292      0.7347931    
   5442.559      0.7331652    
   5445.825      0.7313110    
   5449.092      0.7292550    
   5452.359      0.7271098    
   5455.626      0.7250029    
   5458.894      0.7230000    
   5462.161      0.7210710    
   5465.428      0.7191200    
   5468.695      0.7170432    
   5471.962      0.7147897    
   5475.230      0.7123895    
   5478.498      0.7099437    
   5481.765      0.7075779    
   5485.033      0.7053842    
   5488.300      0.7033749    
   5491.568      0.7014775    
   5494.836      0.6995770    
   5498.104      0.6975521    
   5501.372      0.6953254    
   5504.640      0.6928787    
   5507.908      0.6902577    
   5511.176      0.6875517    
   5514.444      0.6848509    
   5517.712      0.6822131    
   5520.980      0.6796519    
   5524.249      0.6771437    
   5527.517      0.6746696    
   5530.786      0.6722422    
   5534.054      0.6699092    
   5537.323      0.6677358    
   5540.591      0.6657656    
   5543.860      0.6639822    
   5547.128      0.6622954    
   5550.397      0.6605550    
   5553.667      0.6585870    
   5556.935      0.6562535    
   5560.204      0.6534778    
   5563.473      0.6502636    
   5566.742      0.6466985    
   5570.012      0.6429379    
   5573.281      0.6391742    
   5576.550      0.6355907    
   5579.819      0.6323096    
   5583.089      0.6293596    
   5586.358      0.6266869    
   5589.628      0.6241897    
   5592.897      0.6217678    
   5596.167      0.6193569    
   5599.437      0.6169090    
   5602.707      0.6143758    
   5605.977      0.6116946    
   5609.246      0.6087936    
   5612.516      0.6056191    
   5615.787      0.6021590    
   5619.057      0.5984517    
   5622.327      0.5945752    
   5625.597      0.5906268    
   5628.867      0.5867067    
   5632.137      0.5829144    
   5635.408      0.5793373    
   5638.678      0.5760342    
   5641.949      0.5730234    
   5645.219      0.5702648    
   5648.490      0.5676528    
   5651.761      0.5650321    
   5655.031      0.5622397    
   5658.302      0.5591586    
   5661.573      0.5557634    
   5664.844      0.5521271    
   5668.115      0.5483893    
   5671.386      0.5447096    
   5674.657      0.5412108    
   5677.929      0.5379454    
   5681.200      0.5348881    
   5684.471      0.5319510    
   5687.743      0.5290261    
   5691.014      0.5260264    
   5694.286      0.5229229    
   5697.557      0.5197419    
   5700.829      0.5165290    
   5704.101      0.5133156    
   5707.372      0.5101014    
   5710.644      0.5068536    
   5713.916      0.5035226    
   5717.188      0.5000548    
   5720.460      0.4963956    
   5723.732      0.4925076    
   5727.004      0.4883826    
   5730.276      0.4840648    
   5733.548      0.4796544    
   5736.821      0.4752862    
   5740.093      0.4710914    
   5743.366      0.4671570    
   5746.638      0.4634956    
   5749.911      0.4600471    
   5753.184      0.4567037    
   5756.456      0.4533357    
   5759.729      0.4498318    
   5763.002      0.4461188    
   5766.275      0.4421746    
   5769.548      0.4380343    
   5772.821      0.4337813    
   5776.094      0.4295281    
   5779.367      0.4253851    
   5782.641      0.4214333    
   5785.914      0.4177034    
   5789.187      0.4141790    
   5792.460      0.4108147    
   5795.734      0.4075585    
   5799.008      0.4043786    
   5802.281      0.4012565    
   5805.555      0.3981785    
   5808.829      0.3951178    
   5812.103      0.3920237    
   5815.376      0.3888343    
   5818.650      0.3854964    
   5821.924      0.3819733    
   5825.198      0.3782584    
   5828.472      0.3743833    
   5831.747      0.3704111    
   5835.021      0.3664233    
   5838.295      0.3624862    
   5841.569      0.3586278    
   5844.844      0.3548346    
   5848.119      0.3510732    
   5851.393      0.3473226    
   5854.668      0.3435965    
   5857.942      0.3399371    
   5861.217      0.3363945    
   5864.492      0.3330053    
   5867.767      0.3297671    
   5871.042      0.3266309    
   5874.317      0.3235123    
   5877.592      0.3203173    
   5880.868      0.3169780    
   5884.143      0.3134778    
   5887.418      0.3098473    
   5890.693      0.3061480    
   5893.969      0.3024507    
   5897.244      0.2988100    
   5900.520      0.2952503    
   5903.796      0.2917607    
   5907.071      0.2883077    
   5910.347      0.2848555    
   5913.623      0.2813883    
   5916.899      0.2779264    
   5920.175      0.2745215    
   5923.451      0.2712373    
   5926.727      0.2681278    
   5930.003      0.2652150    
   5933.279      0.2624761    
   5936.556      0.2598428    
   5939.832      0.2572209    
   5943.108      0.2545176    
   5946.385      0.2516694    
   5949.662      0.2486592    
   5952.938      0.2455136    
   5956.215      0.2422913    
   5959.492      0.2390618    
   5962.769      0.2358913    
   5966.045      0.2328235    
   5969.323      0.2298703    
   5972.600      0.2270110    
   5975.877      0.2241963    
   5979.154      0.2213639    
   5982.431      0.2184616    
   5985.708      0.2154598    
   5988.986      0.2123560    
   5992.263      0.2091676    
   5995.541      0.2059200    
   5998.818      0.2026394    
   6002.096      0.1993508    
   6005.374      0.1960788    
   6008.652      0.1928508    
   6011.930      0.1896907    
   6015.208      0.1866164    
   6018.485      0.1836326    
   6021.764      0.1807283    
   6025.042      0.1778859    
   6028.320      0.1750901    
   6031.598      0.1723422    
   6034.876      0.1696540    
   6038.155      0.1670443    
   6041.434      0.1645163    
   6044.712      0.1620541    
   6047.991      0.1596290    
   6051.270      0.1572165    
   6054.548      0.1548061    
   6057.827      0.1524074    
   6061.106      0.1500410    
   6064.385      0.1477302    
   6067.664      0.1454874    
   6070.943      0.1433083    
   6074.222      0.1411723    
   6077.501      0.1390449    
   6080.781      0.1368928    
   6084.060      0.1346945    
   6087.339      0.1324503    
   6090.619      0.1301897    
   6093.898      0.1279591    
   6097.178      0.1258057    
   6100.458      0.1237560    
   6103.738      0.1218034    
   6107.018      0.1199169    
   6110.298      0.1180562    
   6113.578      0.1161918    
   6116.857      0.1143059    
   6120.138      0.1123836    
   6123.418      0.1104083    
   6126.698      0.1083668    
   6129.979      0.1062585    
   6133.259      0.1041027    
   6136.540      0.1019311    
   6139.820      9.9774547E-02
   6143.101      9.7654715E-02
   6146.381      9.5587760E-02
   6149.663      9.3591981E-02
   6152.943      9.1693193E-02
   6156.224      8.9923419E-02
   6159.505      8.8308744E-02
   6162.786      8.6857259E-02
   6166.067      8.5550204E-02
   6169.349      8.4339723E-02
   6172.630      8.3158702E-02
   6175.911      8.1940703E-02
   6179.192      8.0635622E-02
   6182.474      7.9224244E-02
   6185.756      7.7713601E-02
   6189.037      7.6125011E-02
   6192.319      7.4483953E-02
   6195.601      7.2809532E-02
   6198.883      7.1120106E-02
   6202.165      6.9444828E-02
   6205.447      6.7825817E-02
   6208.729      6.6312149E-02
   6212.011      6.4943105E-02
   6215.293      6.3735366E-02
   6218.575      6.2678799E-02
   6221.857      6.1743435E-02
   6225.140      6.0885087E-02
   6228.422      6.0052034E-02
   6231.705      5.9191871E-02
   6234.988      5.8259521E-02
   6238.271      5.7229586E-02
   6241.553      5.6098584E-02
   6244.836      5.4886349E-02
   6248.119      5.3626895E-02
   6251.402      5.2364461E-02
   6254.685      5.1142152E-02
   6257.968      4.9996275E-02
   6261.251      4.8943967E-02
   6264.535      4.7974546E-02
   6267.818      4.7057174E-02
   6271.102      4.6151526E-02
   6274.385      4.5226965E-02
   6277.668      4.4276763E-02
   6280.952      4.3317791E-02
   6284.236      4.2379908E-02
   6287.520      4.1487411E-02
   6290.804      4.0644966E-02
   6294.087      3.9833989E-02
   6297.372      3.9023004E-02
   6300.656      3.8184036E-02
   6303.940      3.7306458E-02
   6307.224      3.6402110E-02
   6310.508      3.5495281E-02
   6313.793      3.4611743E-02
   6317.077      3.3768829E-02
   6320.362      3.2972943E-02
   6323.646      3.2221168E-02
   6326.931      3.1505723E-02
   6330.216      3.0815605E-02
   6333.500      3.0137671E-02
   6336.786      2.9459549E-02
   6340.070      2.8773947E-02
   6343.355      2.8084291E-02
   6346.641      2.7405268E-02
   6349.926      2.6757982E-02
   6353.211      2.6161779E-02
   6356.497      2.5624884E-02
   6359.782      2.5142075E-02
   6363.067      2.4695639E-02
   6366.353      2.4261421E-02
   6369.639      2.3815451E-02
   6372.924      2.3338353E-02
   6376.210      2.2823358E-02
   6379.496      2.2274995E-02
   6382.782      2.1707114E-02
   6386.068      2.1135572E-02
   6389.354      2.0570125E-02
   6392.640      2.0014608E-02
   6395.926      1.9470384E-02
   6399.212      1.8940935E-02
   6402.499      1.8436097E-02
   6405.786      1.7967856E-02
   6409.072      1.7543849E-02
   6412.358      1.7162971E-02
   6415.646      1.6815832E-02
   6418.932      1.6489284E-02
   6422.219      1.6169284E-02
   6425.506      1.5847577E-02
   6428.793      1.5520332E-02
   6432.080      1.5190186E-02
   6435.367      1.4862896E-02
   6438.654      1.4545328E-02
   6441.941      1.4244410E-02
   6445.229      1.3966773E-02
   6448.516      1.3715240E-02
   6451.804      1.3489551E-02
   6455.091      1.3282597E-02
   6458.379      1.3082426E-02
   6461.667      1.2875537E-02
   6464.955      1.2651272E-02
   6468.243      1.2406603E-02
   6471.531      1.2147489E-02
   6474.818      1.1884314E-02
   6478.107      1.1629159E-02
   6481.395      1.1389945E-02
   6484.683      1.1166633E-02
   6487.972      1.0952400E-02
   6491.260      1.0738011E-02
   6494.548      1.0517853E-02
   6497.837      1.0291685E-02
   6501.125      1.0063310E-02
   6504.415      9.8321242E-03
   6507.703      9.5920675E-03
   6510.992      9.3309116E-03
   6514.281      9.0379249E-03
   6517.570      8.7112291E-03
   6520.859      8.3607221E-03
   6524.148      8.0059124E-03
   6527.438      7.6708090E-03
   6530.727      7.3751593E-03
   6534.017      7.1300920E-03
   6537.306      6.9341757E-03
   6540.596      6.7762579E-03
   6543.885      6.6423798E-03
   6547.175      6.5213963E-03
   6550.465      6.4075133E-03
   6553.755      6.2967394E-03
   6557.044      6.1829640E-03
   6560.334      6.0577611E-03
   6563.625      5.9126667E-03
   6566.915      5.7467269E-03
   6570.206      5.5707139E-03
   6573.496      5.4047387E-03
   6576.786      5.2699689E-03
   6580.077      5.1773880E-03
   6583.367      5.1244157E-03
   6586.658      5.0942865E-03
   6589.949      5.0631547E-03
   6593.239      5.0070058E-03
   6596.530      4.9083466E-03
   6599.821      4.7620181E-03
   6603.112      4.5771454E-03
   6606.403      4.3747798E-03
   6609.695      4.1831019E-03
   6612.986      4.0298249E-03
   6616.277      3.9360346E-03
   6619.569      3.9124521E-03
   6622.860      3.9544669E-03
   6626.152      4.0443065E-03
   6629.443      4.1523427E-03
   6632.735      4.2438791E-03
   6636.027      4.2909482E-03
   6639.319      4.2781238E-03
   6642.611      4.2056832E-03
   6645.903      4.0876321E-03
   6649.195      3.9435737E-03
   6652.488      3.7903872E-03
   6655.780      3.6376202E-03
   6659.072      3.4881891E-03
   6662.365      3.3400583E-03
   6665.657      3.1914669E-03
   6668.950      3.0409365E-03
   6672.243      2.8886248E-03
   6675.536      2.7362800E-03
   6678.828      2.5878150E-03
   6682.122      2.4477369E-03
   6685.415      2.3205278E-03
   6688.708      2.2103565E-03
   6692.001      2.1207298E-03
   6695.294      2.0539314E-03
   6698.587      2.0099601E-03
   6701.881      1.9864694E-03
   6705.174      1.9798495E-03
   6708.468      1.9842861E-03
   6711.762      1.9934129E-03
   6715.055      2.0009130E-03
   6718.349      2.0014700E-03
   6721.643      1.9957153E-03
   6724.937      1.9901886E-03
   6728.231      1.9938254E-03
   6731.525      2.0109909E-03
   6734.819      2.0362230E-03
   6738.114      2.0564189E-03
   6741.408      2.0604092E-03
   6744.703      2.0459795E-03
   6747.998      2.0223458E-03
   6751.292      2.0018173E-03
   6754.587      1.9898231E-03
   6757.881      1.9781310E-03
   6761.176      1.9491211E-03
   6764.471      1.8856269E-03
   6767.766      1.7821408E-03
   6771.062      1.6488022E-03
   6774.357      1.5070968E-03
   6777.652      1.3805400E-03
   6780.947      1.2888919E-03
   6784.243      1.2425098E-03
   6787.539      1.2422667E-03
   6790.834      1.2820017E-03
   6794.129      1.3491756E-03
   6797.425      1.4278424E-03
   6800.721      1.5006687E-03
   6804.018      1.5532901E-03
   6807.313      1.5760342E-03
   6810.609      1.5669831E-03
   6813.905      1.5319136E-03
   6817.202      1.4816748E-03
   6820.498      1.4273396E-03
   6823.794      1.3750512E-03
   6827.091      1.3239332E-03
   6830.388      1.2664960E-03
   6833.685      1.1927815E-03
   6836.981      1.0966109E-03
   6840.278      9.7810663E-04
   6843.575      8.4731157E-04
   6846.872      7.2194246E-04
   6850.169      6.2269781E-04
   6853.466      5.6598440E-04
   6856.764      5.5936730E-04
   6860.061      5.9840968E-04
   6863.358      6.6820119E-04
   6866.656      7.4848573E-04
   6869.954      8.2050747E-04
   6873.251      8.7329693E-04
   6876.549      9.0728054E-04
   6879.847      9.3272678E-04
   6883.145      9.6299063E-04
   6886.443      1.0068136E-03
   6889.741      1.0619604E-03
   6893.039      1.1136368E-03
   6896.337      1.1415558E-03
   6899.635      1.1297844E-03
   6902.934      1.0757665E-03
   6906.232      9.9264656E-04
   6909.531      9.0221787E-04
   6912.830      8.2489150E-04
   6916.128      7.7102450E-04
   6919.427      7.4215309E-04
   6922.726      7.3373067E-04
   6926.025      7.4044580E-04
   6929.324      7.5702503E-04
   6932.623      7.7741937E-04
   6935.923      7.9454825E-04
   6939.222      8.0250937E-04
   6942.521      7.9976371E-04
   6945.821      7.8913954E-04
   6949.121      7.7691016E-04
   6952.420      7.6868309E-04
   6955.720      7.6595246E-04
   6959.020      7.6590577E-04
   6962.320      7.6313334E-04
   6965.620      7.5193221E-04
   6968.920      7.2647427E-04
   6972.220      6.8169244E-04
   6975.520      6.1531481E-04
   6978.821      5.2898098E-04
   6982.121      4.3096673E-04
   6985.421      3.3597180E-04
   6988.722      2.6116776E-04
   6992.023      2.2077533E-04
   6995.324      2.2123738E-04
   6998.625      2.5808293E-04
   7001.925      2.2076815E-04
   7005.227      2.2076815E-04
   7008.528      2.2076815E-04
   7011.829      2.2076815E-04
   7015.130      2.2076815E-04
   7018.432      2.2076815E-04
   7021.733      2.2076815E-04
   7025.035      2.2076815E-04
   7028.336      2.2076815E-04
   7031.638      2.2076815E-04
   7034.940      2.2076815E-04
   7038.242      2.2076815E-04
   7041.543      2.2076815E-04
   7044.846      2.2076815E-04
