1100		94.07563019
1099.5		94.14591217
1099		94.18910217
1098.5		94.24801636
1098		94.33647156
1097.5		94.4144516
1097		94.45263672
1096.5		94.51885986
1096		94.57234192
1095.5		94.63664246
1095		94.70324707
1094.5		94.79390717
1094		94.81551361
1093.5		94.88676453
1093		94.95502472
1092.5		95.03382111
1092		95.09404755
1091.5		95.12381744
1091		95.18109131
1090.5		95.26116943
1090		95.34370422
1089.5		95.3911438
1089		95.42382813
1088.5		95.46954346
1088		95.53179169
1087.5		95.62054443
1087		95.65679169
1086.5		95.68151093
1086		95.75029755
1085.5		95.80067444
1085		95.84755707
1084.5		95.89814758
1084		95.91770172
1083.5		95.96878052
1083		96.03373718
1082.5		96.04589844
1082		96.08047485
1081.5		96.11688995
1081		96.14373016
1080.5		96.19007874
1080		96.21672058
1079.5		96.21809387
1079		96.25596619
1078.5		96.28740692
1078		96.29551697
1077.5		96.3326416
1077		96.33444214
1076.5		96.32524109
1076		96.3575592
1075.5		96.37038422
1075		96.39048004
1074.5		96.37947845
1074		96.39112091
1073.5		96.39122772
1073		96.39103699
1072.5		96.37921143
1072		96.36497498
1071.5		96.39116669
1071		96.36408234
1070.5		96.32901764
1070		96.34223938
1069.5		96.32174683
1069		96.2848053
1068.5		96.291008
1068		96.25341034
1067.5		96.2178421
1067		96.23264313
1066.5		96.18117523
1066		96.12278748
1065.5		96.12480164
1065		96.12393951
1064.5		96.02793121
1064		96.03106689
1063.5		96.00341797
1063		95.93106842
1062.5		95.91566467
1062		95.88568115
1061.5		95.81821442
1061		95.78981018
1060.5		95.766922
1060		95.68564606
1059.5		95.6754837
1059		95.64319611
1058.5		95.5560379
1058		95.52374268
1057.5		95.5217514
1057		95.41542053
1056.5		95.36657715
1056		95.38589478
1055.5		95.29471588
1055		95.20982361
1054.5		95.22515869
1054		95.18076324
1053.5		95.06851959
1053		95.07229614
1052.5		95.04142761
1052		94.94256592
1051.5		94.91275787
1051		94.91652679
1050.5		94.83280945
1050		94.77594757
1049.5		94.7722168
1049		94.72426605
1048.5		94.67306519
1048		94.6370697
1047.5		94.6095047
1047		94.5669632
1046.5		94.5205307
1046		94.49454498
1045.5		94.47284698
1045		94.41890717
1044.5		94.39066315
1044		94.37203979
1043.5		94.32575989
1043		94.30028534
1042.5		94.29204559
1042		94.25576019
1041.5		94.22251892
1041		94.21060944
1040.5		94.1962204
1040		94.16770172
1039.5		94.14728546
1039		94.15492249
1038.5		94.12578583
1038		94.10881042
1037.5		94.12156677
1037		94.09944153
1036.5		94.07810211
1036		94.09681702
1035.5		94.07345581
1035		94.06246948
1034.5		94.09391022
1034		94.07135773
1033.5		94.07180786
1033		94.1013031
1032.5		94.07398987
1032		94.08205414
1031.5		94.13157654
1031		94.10794067
1030.5		94.11754608
1030		94.15164948
1029.5		94.14617157
1029		94.14998627
1028.5		94.19271851
1028		94.19630432
1027.5		94.21112823
1027		94.23960114
1026.5		94.24371338
1026		94.2858429
1025.5		94.29199982
1025		94.30593109
1024.5		94.35080719
1024		94.38047791
1023.5		94.35420227
1023		94.41647339
1022.5		94.45406342
1022		94.45032501
1021.5		94.49523926
1021		94.51106262
1020.5		94.55866241
1020		94.57369995
1019.5		94.57163239
1019		94.65122986
1018.5		94.68047333
1018		94.67492676
1017.5		94.70871735
1017		94.74385071
1016.5		94.790802
1016		94.7853775
1015.5		94.80600739
1015		94.8745575
1014.5		94.88452148
1014		94.87833405
1013.5		94.91491699
1013		94.96589661
1012.5		94.99378204
1012		95.00109863
1011.5		95.00161743
1011		95.07701111
1010.5		95.04907227
1010		95.09394836
1009.5		95.07550049
1009		95.14386749
1008.5		95.15042877
1008		95.14146423
1007.5		95.14706421
1007		95.19467926
1006.5		95.20882416
1006		95.20580292
1005.5		95.1893158
1005		95.24375916
1004.5		95.24767303
1004		95.23670959
1003.5		95.2361145
1003		95.25722504
1002.5		95.2911377
1002		95.26164246
1001.5		95.2513504
1001		95.26489258
1000.5		95.28748322
1000		95.30383301
999.5		95.23793793
999		95.28258514
998.5		95.26003265
998		95.29008484
997.5		95.24741364
997		95.25588989
996.5		95.26917267
996		95.25057983
995.5		95.25445557
995		95.21459961
994.5		95.24267578
994		95.22750854
993.5		95.22267914
993		95.20144653
992.5		95.19075775
992		95.19081116
991.5		95.19355011
991		95.17484283
990.5		95.16166687
990		95.16020966
989.5		95.1576767
989		95.14858246
988.5		95.13341522
988		95.12393188
987.5		95.12343597
987		95.12319946
986.5		95.11555481
986		95.09912109
985.5		95.09460449
985		95.09558868
984.5		95.09955597
984		95.08621216
983.5		95.08713531
983		95.07021332
982.5		95.07826996
982		95.07648468
981.5		95.09359741
981		95.08222198
980.5		95.09210205
980		95.07879639
979.5		95.09246063
979		95.09471893
978.5		95.11882782
978		95.10933685
977.5		95.1177597
977		95.10703278
976.5		95.13864136
976		95.15009308
975.5		95.17793274
975		95.16317749
974.5		95.17235565
974		95.19698334
973.5		95.22619629
973		95.23580933
972.5		95.25195313
972		95.25246429
971.5		95.28546143
971		95.31407166
970.5		95.35095978
970		95.34273529
969.5		95.34913635
969		95.3772583
968.5		95.42721558
968		95.46689606
967.5		95.47813416
967		95.473526
966.5		95.50234222
966		95.5341568
965.5		95.57994843
965		95.60585022
964.5		95.60361481
964		95.60771942
963.5		95.64256287
963		95.68665314
962.5		95.71337128
962		95.73529053
961.5		95.74087524
961		95.75040436
960.5		95.77449799
960		95.80348969
959.5		95.83654785
959		95.86032867
958.5		95.87054443
958		95.86673737
957.5		95.89069366
957		95.92444611
956.5		95.94373322
956		95.94535828
955.5		95.95198059
955		95.9575119
954.5		95.96826935
954		95.98158264
953.5		95.99030304
953		95.99578094
952.5		95.99028015
952		95.99697876
951.5		95.99436951
951		96.00452423
950.5		96.00687408
950		95.99554443
949.5		95.992836
949		95.98930359
948.5		95.98984528
948		95.97714233
947.5		95.96784973
947		95.94954681
946.5		95.94256592
946		95.93371582
945.5		95.93190765
945		95.90597534
944.5		95.89997864
944		95.87909698
943.5		95.8568573
943		95.8454895
942.5		95.81604767
942		95.80740356
941.5		95.79244995
941		95.76779175
940.5		95.74971008
940		95.72534943
939.5		95.70782471
939		95.69229889
938.5		95.68523407
938		95.65651703
937.5		95.63853455
937		95.6305542
936.5		95.60001373
936		95.57997894
935.5		95.54838562
935		95.54875183
934.5		95.53182983
934		95.50536346
933.5		95.49474335
933		95.49149323
932.5		95.46534729
932		95.45256805
931.5		95.42891693
931		95.41915894
930.5		95.40560913
930		95.40901947
929.5		95.39974213
929		95.39084625
928.5		95.37178802
928		95.37057495
927.5		95.36306
927		95.36588287
926.5		95.36836243
926		95.3866806
925.5		95.38443756
925		95.38933563
924.5		95.3854599
924		95.39684296
923.5		95.40562439
923		95.42050171
922.5		95.42998505
922		95.44005585
921.5		95.45387268
921		95.47834778
920.5		95.4968338
920		95.51651764
919.5		95.54256439
919		95.55419922
918.5		95.58414459
918		95.6098938
917.5		95.63362885
917		95.66307831
916.5		95.69065857
916		95.7232132
915.5		95.74999237
915		95.77534485
914.5		95.80713654
914		95.84243774
913.5		95.87528992
913		95.9028244
912.5		95.93497467
912		95.95959473
911.5		95.99182129
911		96.02820587
910.5		96.0631485
910		96.09440613
909.5		96.11703491
909		96.14501953
908.5		96.18493652
908		96.19817352
907.5		96.24250793
907		96.25566864
906.5		96.2844696
906		96.29978943
905.5		96.33346558
905		96.34623718
904.5		96.37896729
904		96.39030457
903.5		96.40802765
903		96.41329193
902.5		96.43070984
902		96.44219208
901.5		96.4601593
901		96.45633698
900.5		96.46418762
900		96.45973969
899.5		96.46152496
899		96.46208954
898.5		96.465271
898		96.45315552
897.5		96.44615173
897		96.42817688
896.5		96.41346741
896		96.40463257
895.5		96.39287567
895		96.37033081
894.5		96.34265137
894		96.31585693
893.5		96.29076385
893		96.26605988
892.5		96.23762512
892		96.2064743
891.5		96.17195892
891		96.13415527
890.5		96.10131836
890		96.0590744
889.5		96.01782227
889		95.98079681
888.5		95.9344101
888		95.88895416
887.5		95.84021759
887		95.79967499
886.5		95.74951172
886		95.70553589
885.5		95.65605927
885		95.60832214
884.5		95.55964661
884		95.50965118
883.5		95.45935059
883		95.4128952
882.5		95.37228394
882		95.31929016
881.5		95.27578735
881		95.23068237
880.5		95.17996979
880		95.14871216
879.5		95.10425568
879		95.06821442
878.5		95.02565765
878		94.99541473
877.5		94.97486877
877		94.93331146
876.5		94.90660095
876		94.88761139
875.5		94.87282562
875		94.85185242
874.5		94.83731842
874		94.832901
873.5		94.82930756
873		94.83000183
872.5		94.83672333
872		94.84603119
871.5		94.8554306
871		94.88101196
870.5		94.89839935
870		94.93423462
869.5		94.96993256
869		95.00907898
868.5		95.04495239
868		95.09546661
867.5		95.14599609
867		95.20411682
866.5		95.2665863
866		95.32926941
865.5		95.39652252
865		95.46285248
864.5		95.53440857
864		95.60890198
863.5		95.68210602
863		95.75935364
862.5		95.83084869
862		95.90188599
861.5		95.96839142
861		96.04549408
860.5		96.10707092
860		96.16239166
859.5		96.21652222
859		96.2641449
858.5		96.30073547
858		96.32365417
857.5		96.34479523
857		96.34910583
856.5		96.34117126
856		96.3150177
855.5		96.28359222
855		96.23857117
854.5		96.17207336
854		96.09590912
853.5		96.0013504
853		95.87826538
852.5		95.75572205
852		95.62007904
851.5		95.47040558
851		95.31008148
850.5		95.13709259
850		94.94304657
849.5		94.69810486
849		94.51421356
848.5		94.28556824
848		94.12471008
847.5		93.90470886
847		93.71618652
846.5		93.55682373
846		93.38289642
845.5		93.23473358
845		93.11141205
844.5		92.99104309
844		92.90853882
843.5		92.84585571
843		92.81815338
842.5		92.77709961
842		92.78666687
841.5		92.77971649
841		92.84352112
840.5		92.84703064
840		92.89372253
839.5		92.83394623
839		92.74440002
838.5		92.57410431
838		92.25868225
837.5		91.77513885
837		91.04992676
836.5		90.05418396
836		88.75870514
835.5		87.07410431
835		84.9067688
834.5		82.34630585
834		79.27563477
833.5		75.76341248
833		71.76792908
832.5		67.46672821
832		62.74840164
831.5		57.83099365
831		52.97109985
830.5		48.06493759
830		43.22393799
829.5		38.62868118
829		34.30222321
828.5		30.26490211
828		26.57998848
827.5		23.31756592
827		20.38510513
826.5		17.77106285
826		15.48339748
825.5		13.43157482
825		11.65201092
824.5		10.13754272
824		8.815889359
823.5		7.658913612
823		6.663224697
822.5		5.799191475
822		5.050654888
821.5		4.408581734
821		3.860486269
820.5		3.376234055
820		2.959748268
819.5		2.602703571
819		2.288511992
818.5		2.011906624
818		1.776388645
817.5		1.570058584
817		1.389857531
816.5		1.23238647
816		1.092555881
815.5		0.969988823
815		0.863898993
814.5		0.770865202
814		0.687140167
813.5		0.613307238
813		0.549130023
812.5		0.49123621
812		0.440106481
811.5		0.394972414
811		0.354795188
810.5		0.319558978
810		0.287557453
809.5		0.258601725
809		0.233460337
808.5		0.210471079
808		0.190385878
807.5		0.171965972
807		0.155496612
806.5		0.141087979
806		0.128133506
805.5		0.116075181
805		0.105321303
804.5		0.096042715
804		0.087119013
803.5		0.079253733
803		0.072561987
802.5		0.066026583
802		0.060127798
801.5		0.055079762
801		0.050482027
800.5		0.046259973
800		0.042163614
799.5		0.038641941
799		0.035485715
798.5		0.032518387
798		0.029816343
797.5		0.027677061
797		0.02524152
796.5		0.023230063
796		0.021409033
795.5		0.019713329
795		0.018212235
794.5		0.016774816
794		0.015553512
793.5		0.01443191
793		0.013382661
792.5		0.012170249
792		0.01139446
791.5		0.010446169
791		0.009774117
790.5		0.009102
790		0.008390511
789.5		0.00774161
789		0.007198521
788.5		0.00669478
788		0.006226243
787.5		0.005826397
787		0.005436322
786.5		0.005033221
786		0.00478396
785.5		0.004435732
785		0.003941842
784.5		0.003855327
784		0.003407737
783.5		0.003272858
783		0.003155417
782.5		0.002918787
782		0.002694581
781.5		0.002659762
781		0.002423268
780.5		0.002297941
780		0.002160921
779.5		0.001984468
779		0.001870629
778.5		0.00171596
778		0.001626041
777.5		0.001620302
777		0.001424166
776.5		0.001289893
776		0.001216838
775.5		0.001229769
775		0.001139028
774.5		0.001074317
774		0.001054006
773.5		0.000910208
773		0.00102705
772.5		0.000914546
772		0.000703979
771.5		0.000718591
771		0.000686321
770.5		0.000685678
770		0.00068858
769.5		0.000575535
769		0.000713181
768.5		0.000603378
768		0.000488249
767.5		0.000441123
767		0.000403529
766.5		0.000446457
766		0.000438872
765.5		0.000413238
765		0.000414909
764.5		0.000452092
764		0.000335011
763.5		0.000293745
763		0.000375177
762.5		0.000350116
762		0.000314204
761.5		0.000315751
761		0.00041566
760.5		0.000249539
760		0.000290106
759.5		0.000265379
759		0.000238844
758.5		0.000106612
758		0.000218079
757.5		0.000239524
757		0.000275581
756.5		0.00016914
756		0.00018557
755.5		8.06E-05
755		9.81E-05
754.5		0.000268371
754		0.000126637
753.5		0.000197234
753		0.000157975
752.5		9.19E-05
752		2.49E-05
751.5		9.56E-05
751		0.00018631
750.5		0.000156822
750		0.000371829
749.5		0.000134429
749		7.50E-05
748.5		5.88E-05
748		0.000118931
747.5		6.92E-05
747		0.000201534
746.5		9.14E-05
746		1.54E-05
745.5		-6.23E-07
745		6.09E-05
744.5		5.49E-05
744		6.48E-05
743.5		0.000176961
743		0.000270784
742.5		0.000101165
742		8.72E-05
741.5		1.15E-05
741		8.41E-05
740.5		0.000118159
740		0.00012381
739.5		8.09E-05
739		0.000111276
738.5		4.16E-05
738		5.04E-05
737.5		2.73E-05
737		0.000218839
736.5		4.97E-05
736		8.94E-05
735.5		-1.37E-05
735		0.000103433
734.5		0.000122239
734		4.34E-05
733.5		0.00020116
733		8.00E-05
732.5		8.82E-05
732		-3.67E-05
731.5		3.28E-05
731		9.36E-05
730.5		0.000245574
730		-2.31E-06
729.5		-3.21E-06
729		-8.47E-06
728.5		2.19E-05
728		-1.95E-05
727.5		7.19E-05
727		7.24E-06
726.5		-1.79E-05
726		1.52E-05
725.5		6.63E-05
725		3.22E-05
724.5		0.000150151
724		-4.12E-05
723.5		0.000129471
723		5.46E-05
722.5		5.59E-05
722		0.000143925
721.5		-3.97E-05
721		4.56E-05
720.5		7.91E-05
720		8.01E-05
719.5		0.000165209
719		0.00016244
718.5		-8.50E-06
718		6.44E-05
717.5		2.48E-05
717		0.000109118
716.5		0.000192636
716		4.16E-05
715.5		9.80E-05
715		-1.02E-05
714.5		7.60E-05
714		0.000166345
713.5		7.20E-05
713		3.17E-05
712.5		-9.27E-06
712		4.31E-05
711.5		0.000161
711		9.25E-05
710.5		-1.53E-05
710		6.29E-05
709.5		3.02E-05
709		0.000133801
708.5		3.26E-05
708		4.72E-05
707.5		0.000170598
707		1.42E-05
706.5		0.000113178
706		1.05E-05
705.5		1.63E-05
705		0.000121005
704.5		-8.61E-06
704		-2.28E-05
703.5		3.89E-05
703		2.41E-05
702.5		5.36E-05
702		4.07E-05
701.5		7.60E-05
701		5.80E-06
700.5		1.54E-05
700		0.000121278
