   3736.614      5.2892378E-06
   3739.853      5.2892378E-06
   3743.093      5.2892378E-06
   3746.333      5.2892378E-06
   3749.572      5.2892378E-06
   3752.812      5.2892378E-06
   3756.052      5.2892378E-06
   3759.292      5.2892378E-06
   3762.532      5.2892378E-06
   3765.772      5.2892378E-06
   3769.012      5.2892378E-06
   3772.252      5.2892378E-06
   3775.492      5.2892378E-06
   3778.732      5.2892378E-06
   3781.972      5.2892378E-06
   3785.212      5.2892378E-06
   3788.453      5.2892378E-06
   3791.693      5.2892378E-06
   3794.933      5.2892378E-06
   3798.174      5.2892378E-06
   3801.414      5.2892378E-06
   3804.654      5.2892378E-06
   3807.895      5.2892378E-06
   3811.135      5.2892378E-06
   3814.376      5.2892378E-06
   3817.616      5.2892378E-06
   3820.857      5.2892378E-06
   3824.098      5.2892378E-06
   3827.338      5.2892378E-06
   3830.579      5.2892378E-06
   3833.820      5.2892378E-06
   3837.061      5.2892378E-06
   3840.302      5.2892378E-06
   3843.542      5.2892378E-06
   3846.783      5.2892378E-06
   3850.024      5.2892378E-06
   3853.265      5.2892378E-06
   3856.507      5.2892378E-06
   3859.748      5.2892378E-06
   3862.989      5.2892378E-06
   3866.230      5.2892378E-06
   3869.471      5.2892378E-06
   3872.712      5.2892378E-06
   3875.954      5.2892378E-06
   3879.195      5.2892378E-06
   3882.437      5.2892378E-06
   3885.678      5.2892378E-06
   3888.919      5.2892378E-06
   3892.161      5.2892378E-06
   3895.402      5.2892378E-06
   3898.644      5.2892378E-06
   3901.886      5.2892378E-06
   3905.127      5.2892378E-06
   3908.369      5.2892378E-06
   3911.611      5.2892378E-06
   3914.853      5.2892378E-06
   3918.094      5.2892378E-06
   3921.336      5.2892378E-06
   3924.578      5.2892378E-06
   3927.820      5.2892378E-06
   3931.062      5.2892378E-06
   3934.304      5.2892378E-06
   3937.546      5.2892378E-06
   3940.788      5.2892378E-06
   3944.031      5.2892378E-06
   3947.273      5.2892378E-06
   3950.515      5.2892378E-06
   3953.757      5.2892378E-06
   3957.000      5.2892378E-06
   3960.242      5.2892378E-06
   3963.484      5.2892378E-06
   3966.727      5.2892378E-06
   3969.969      5.2892378E-06
   3973.212      5.2892378E-06
   3976.455      5.2892378E-06
   3979.697      5.2892378E-06
   3982.940      5.2892378E-06
   3986.183      5.2892378E-06
   3989.425      5.2892378E-06
   3992.668      5.2892378E-06
   3995.911      5.2892378E-06
   3999.154      5.2892378E-06
   4002.397      5.2892378E-06
   4005.640      5.2892378E-06
   4008.883      5.2892378E-06
   4012.126      5.2892378E-06
   4015.369      5.2892378E-06
   4018.612      5.2892378E-06
   4021.855      5.2892378E-06
   4025.098      5.2892378E-06
   4028.342      5.2892378E-06
   4031.585      5.2892378E-06
   4034.828      5.2892378E-06
   4038.072      5.2892378E-06
   4041.315      5.2892378E-06
   4044.559      5.2892378E-06
   4047.802      5.2892378E-06
   4051.046      5.2892378E-06
   4054.290      5.2892378E-06
   4057.533      5.2892378E-06
   4060.777      5.2892378E-06
   4064.021      5.2892378E-06
   4067.264      5.2892378E-06
   4070.508      5.2892378E-06
   4073.752      5.2892378E-06
   4076.996      5.2892378E-06
   4080.240      5.2892378E-06
   4083.484      5.2892378E-06
   4086.728      5.2892378E-06
   4089.972      5.2892378E-06
   4093.216      5.2892378E-06
   4096.460      5.2892378E-06
   4099.705      5.2892378E-06
   4102.949      5.2892378E-06
   4106.193      5.2892378E-06
   4109.438      5.2892378E-06
   4112.682      5.2892378E-06
   4115.927      5.2892378E-06
   4119.171      5.2892378E-06
   4122.416      5.2892378E-06
   4125.660      5.2892378E-06
   4128.905      5.2892378E-06
   4132.150      5.2892378E-06
   4135.395      5.2892378E-06
   4138.639      5.2892378E-06
   4141.884      5.2892378E-06
   4145.129      5.2892378E-06
   4148.374      5.2892378E-06
   4151.619      5.2892378E-06
   4154.864      5.2892378E-06
   4158.109      5.2892378E-06
   4161.354      5.2892378E-06
   4164.599      5.2892378E-06
   4167.844      5.2892378E-06
   4171.089      5.2892378E-06
   4174.335      5.2892378E-06
   4177.580      5.2892378E-06
   4180.826      5.2892378E-06
   4184.071      5.2892378E-06
   4187.316      5.2892378E-06
   4190.562      5.2892378E-06
   4193.808      5.2892378E-06
   4197.053      5.2892378E-06
   4200.299      5.2892378E-06
   4203.544      5.2892378E-06
   4206.790      5.2892378E-06
   4210.036      5.2892378E-06
   4213.282      5.2892378E-06
   4216.528      5.2892378E-06
   4219.774      5.2892378E-06
   4223.020      5.2892378E-06
   4226.266      5.2892378E-06
   4229.512      5.2892378E-06
   4232.758      5.2892378E-06
   4236.004      5.2892378E-06
   4239.250      5.2892378E-06
   4242.497      5.2892378E-06
   4245.743      5.2892378E-06
   4248.989      5.2892378E-06
   4252.236      5.2892378E-06
   4255.482      5.2892378E-06
   4258.729      5.2892378E-06
   4261.975      5.2892378E-06
   4265.222      5.2892378E-06
   4268.469      5.2892378E-06
   4271.715      5.2892378E-06
   4274.962      5.2892378E-06
   4278.209      5.2892378E-06
   4281.456      5.2892378E-06
   4284.703      5.2892378E-06
   4287.950      5.2892378E-06
   4291.196      5.2892378E-06
   4294.443      5.2892378E-06
   4297.690      5.2892378E-06
   4300.938      5.2892378E-06
   4304.185      5.2892378E-06
   4307.432      5.2892378E-06
   4310.680      5.2892378E-06
   4313.927      5.2892378E-06
   4317.174      5.2892378E-06
   4320.421      5.2892378E-06
   4323.669      5.2892378E-06
   4326.917      5.2892378E-06
   4330.164      5.2892378E-06
   4333.412      5.2892378E-06
   4336.660      5.2892378E-06
   4339.907      5.2892378E-06
   4343.155      5.2892378E-06
   4346.403      5.2892378E-06
   4349.651      5.2892378E-06
   4352.898      5.2892378E-06
   4356.146      5.2892378E-06
   4359.395      5.2892378E-06
   4362.643      5.2892378E-06
   4365.891      5.2892378E-06
   4369.139      5.2892378E-06
   4372.387      5.2892378E-06
   4375.635      5.2892378E-06
   4378.884      5.2892378E-06
   4382.132      5.2892378E-06
   4385.380      5.2892378E-06
   4388.629      5.2892378E-06
   4391.877      5.2892378E-06
   4395.126      5.2892378E-06
   4398.375      5.2892378E-06
   4401.624      5.2892378E-06
   4404.872      5.2892378E-06
   4408.121      5.2892378E-06
   4411.370      5.2892378E-06
   4414.619      5.2892378E-06
   4417.868      5.2892378E-06
   4421.117      5.2892378E-06
   4424.366      5.2892378E-06
   4427.615      5.2892378E-06
   4430.864      5.2892378E-06
   4434.113      5.2892378E-06
   4437.362      5.2892378E-06
   4440.612      5.2892378E-06
   4443.861      5.2892378E-06
   4447.110      5.2892378E-06
   4450.360      5.2892378E-06
   4453.609      5.2892378E-06
   4456.859      5.2892378E-06
   4460.108      5.2892378E-06
   4463.358      5.2892378E-06
   4466.608      5.2892378E-06
   4469.857      5.2892378E-06
   4473.107      5.2892378E-06
   4476.357      5.2892378E-06
   4479.607      5.2892378E-06
   4482.857      5.2892378E-06
   4486.107      5.2892378E-06
   4489.357      5.2892378E-06
   4492.607      5.2892378E-06
   4495.857      5.2892378E-06
   4499.108      5.2892378E-06
   4502.358      5.2892378E-06
   4505.608      5.2892378E-06
   4508.858      5.2892378E-06
   4512.109      5.2892378E-06
   4515.359      5.7427565E-06
   4518.610      7.9043184E-06
   4521.861      1.6121174E-05
   4525.111      4.1149473E-05
   4528.362      1.0232061E-04
   4531.613      2.2243288E-04
   4534.864      4.1228303E-04
   4538.115      6.5473327E-04
   4541.365      9.0677274E-04
   4544.616      1.1234826E-03
   4547.867      1.2830658E-03
   4551.119      1.3911714E-03
   4554.370      1.4667116E-03
   4557.621      1.5268283E-03
   4560.872      1.5813247E-03
   4564.124      1.6342237E-03
   4567.375      1.6866882E-03
   4570.626      1.7391527E-03
   4573.877      1.7916174E-03
   4577.129      1.8440817E-03
   4580.380      1.8965465E-03
   4583.632      1.9490108E-03
   4586.884      2.0014755E-03
   4590.136      2.0539404E-03
   4593.387      2.1064046E-03
   4596.639      2.1588693E-03
   4599.891      2.2113340E-03
   4603.143      2.2637988E-03
   4606.395      2.3162628E-03
   4609.647      2.3687275E-03
   4612.899      2.4211924E-03
   4616.151      2.4736566E-03
   4619.403      2.5261212E-03
   4622.656      2.5785854E-03
   4625.908      2.6310503E-03
   4629.161      2.6835145E-03
   4632.413      2.7359794E-03
   4635.666      2.7884440E-03
   4638.918      2.8409085E-03
   4642.170      2.8933731E-03
   4645.423      2.9458376E-03
   4648.676      2.9983020E-03
   4651.929      3.0507667E-03
   4655.182      3.1032313E-03
   4658.435      3.1556957E-03
   4661.688      3.2081604E-03
   4664.940      3.2606253E-03
   4668.193      3.3130893E-03
   4671.446      3.3655541E-03
   4674.700      3.4180188E-03
   4677.953      3.4704830E-03
   4681.206      3.5229477E-03
   4684.459      3.5754121E-03
   4687.713      3.6278770E-03
   4690.966      3.6803412E-03
   4694.220      3.7328061E-03
   4697.473      3.7852703E-03
   4700.727      3.8377352E-03
   4703.980      3.8901991E-03
   4707.234      3.9426638E-03
   4710.488      3.9951289E-03
   4713.742      4.0475931E-03
   4716.996      4.1000578E-03
   4720.250      4.1525229E-03
   4723.504      4.2049866E-03
   4726.758      4.2574513E-03
   4730.012      4.3099155E-03
   4733.266      4.3623806E-03
   4736.520      4.4148448E-03
   4739.774      4.4673095E-03
   4743.029      4.5197741E-03
   4746.283      4.5722392E-03
   4749.538      4.6247034E-03
   4752.792      4.6771672E-03
   4756.047      4.7296328E-03
   4759.301      4.7820969E-03
   4762.556      4.8345611E-03
   4765.811      4.8870267E-03
   4769.066      4.9394914E-03
   4772.321      4.9919551E-03
   4775.576      5.0444202E-03
   4778.831      5.0968840E-03
   4782.085      5.1493482E-03
   4785.341      5.2018128E-03
   4788.596      5.2542780E-03
   4791.851      5.3067426E-03
   4795.106      5.3592068E-03
   4798.362      5.4116715E-03
   4801.617      5.4641366E-03
   4804.873      5.5166013E-03
   4808.128      5.5690650E-03
   4811.383      5.6215301E-03
   4814.639      5.6739948E-03
   4817.895      5.7264585E-03
   4821.150      5.7789236E-03
   4824.406      5.8313883E-03
   4827.662      5.8838530E-03
   4830.918      5.9363167E-03
   4834.174      5.9887813E-03
   4837.430      6.0412460E-03
   4840.686      6.0937111E-03
   4843.942      6.1461749E-03
   4847.199      6.1986400E-03
   4850.455      6.2511046E-03
   4853.711      6.3035684E-03
   4856.967      6.3560340E-03
   4860.224      6.4084982E-03
   4863.480      6.4609619E-03
   4866.737      6.5134275E-03
   4869.994      6.5658912E-03
   4873.250      6.6183563E-03
   4876.507      6.6711223E-03
   4879.764      6.7246994E-03
   4883.021      6.7812777E-03
   4886.278      6.8450933E-03
   4889.535      6.9222869E-03
   4892.792      7.0155500E-03
   4896.049      7.1159699E-03
   4899.306      7.1998509E-03
   4902.563      7.2379755E-03
   4905.820      7.2160289E-03
   4909.078      7.1497075E-03
   4912.335      7.0850761E-03
   4915.593      7.0819724E-03
   4918.850      7.1872636E-03
   4922.108      7.4088541E-03
   4925.366      7.7056740E-03
   4928.623      8.0010872E-03
   4931.881      8.2137017E-03
   4935.139      8.2852077E-03
   4938.396      8.1989905E-03
   4941.655      7.9833390E-03
   4944.913      7.7022980E-03
   4948.171      7.4370014E-03
   4951.429      7.2658299E-03
   4954.687      7.2414014E-03
   4957.945      7.3745702E-03
   4961.204      7.6335473E-03
   4964.462      7.9590287E-03
   4967.721      8.2720062E-03
   4970.979      8.4857037E-03
   4974.238      8.5454630E-03
   4977.496      8.4682675E-03
   4980.755      8.3319098E-03
   4984.014      8.2199126E-03
   4987.272      8.1820888E-03
   4990.531      8.2387142E-03
   4993.791      8.3915489E-03
   4997.049      8.6193113E-03
   5000.309      8.8694319E-03
   5003.567      9.0792589E-03
   5006.827      9.2204111E-03
   5010.086      9.3186609E-03
   5013.345      9.4272168E-03
   5016.604      9.5795235E-03
   5019.864      9.7821057E-03
   5023.124      1.0040501E-02
   5026.383      1.0366959E-02
   5029.643      1.0760585E-02
   5032.902      1.1193713E-02
   5036.162      1.1634019E-02
   5039.422      1.2082030E-02
   5042.682      1.2578811E-02
   5045.942      1.3181390E-02
   5049.202      1.3930858E-02
   5052.462      1.4848890E-02
   5055.722      1.5961673E-02
   5058.982      1.7323904E-02
   5062.243      1.9017497E-02
   5065.503      2.1136124E-02
   5068.763      2.3778187E-02
   5072.024      2.7049787E-02
   5075.284      3.1070968E-02
   5078.545      3.5990592E-02
   5081.806      4.2021137E-02
   5085.066      4.9488086E-02
   5088.327      5.8872666E-02
   5091.588      7.0823729E-02
   5094.849      8.6129405E-02
   5098.110      0.1056493    
   5101.371      0.1302325    
   5104.632      0.1606459    
   5107.893      0.1974811    
   5111.154      0.2409530    
   5114.416      0.2905772    
   5117.677      0.3448827    
   5120.938      0.4013477    
   5124.200      0.4566804    
   5127.461      0.5073819    
   5130.723      0.5504431    
   5133.984      0.5838675    
   5137.246      0.6068653    
   5140.508      0.6197988    
   5143.770      0.6240540    
   5147.032      0.6218086    
   5150.294      0.6155922    
   5153.556      0.6077269    
   5156.818      0.5999070    
   5160.080      0.5930905    
   5163.342      0.5876647    
   5166.605      0.5837010    
   5169.867      0.5811595    
   5173.130      0.5800081    
   5176.392      0.5802564    
   5179.655      0.5819705    
   5182.917      0.5852503    
   5186.180      0.5901491    
   5189.443      0.5965242    
   5192.706      0.6039543    
   5195.969      0.6118054    
   5199.232      0.6194310    
   5202.495      0.6264325    
   5205.758      0.6328251    
   5209.021      0.6389519    
   5212.284      0.6451322    
   5215.548      0.6513501    
   5218.811      0.6572704    
   5222.074      0.6625016    
   5225.338      0.6667857    
   5228.602      0.6700165    
   5231.865      0.6722238    
   5235.129      0.6735849    
   5238.393      0.6743672    
   5241.657      0.6747694    
   5244.920      0.6748372    
   5248.185      0.6745396    
   5251.449      0.6739188    
   5254.712      0.6731379    
   5257.977      0.6724045    
   5261.241      0.6718462    
   5264.505      0.6714784    
   5267.770      0.6712335    
   5271.034      0.6709839    
   5274.299      0.6705604    
   5277.563      0.6698036    
   5280.828      0.6686286    
   5284.093      0.6670399    
   5287.357      0.6650914    
   5290.623      0.6627983    
   5293.887      0.6600899    
   5297.152      0.6568415    
   5300.417      0.6529585    
   5303.683      0.6484041    
   5306.948      0.6431534    
   5310.213      0.6371635    
   5313.479      0.6304536    
   5316.744      0.6232154    
   5320.009      0.6158201    
   5323.275      0.6086490    
   5326.541      0.6019096    
   5329.806      0.5956084    
   5333.072      0.5896552    
   5336.337      0.5839465    
   5339.604      0.5783891    
   5342.870      0.5729544    
   5346.135      0.5677816    
   5349.401      0.5632255    
   5352.667      0.5597615    
   5355.934      0.5577499    
   5359.200      0.5572276    
   5362.467      0.5578727    
   5365.733      0.5591851    
   5369.000      0.5607387    
   5372.266      0.5623283    
   5375.533      0.5639763    
   5378.799      0.5658563    
   5382.066      0.5681774    
   5385.333      0.5710351    
   5388.600      0.5742871    
   5391.867      0.5775483    
   5395.134      0.5803133    
   5398.401      0.5821481    
   5401.668      0.5828787    
   5404.936      0.5826820    
   5408.203      0.5819830    
   5411.471      0.5811418    
   5414.738      0.5801558    
   5418.005      0.5786358    
   5421.273      0.5760838    
   5424.541      0.5722136    
   5427.809      0.5670606    
   5431.077      0.5608681    
   5434.344      0.5538997    
   5437.612      0.5462635    
   5440.880      0.5377872    
   5444.148      0.5279819    
   5447.417      0.5161372    
   5450.685      0.5015265    
   5453.953      0.4836403    
   5457.222      0.4623337    
   5460.490      0.4378153    
   5463.759      0.4105366    
   5467.027      0.3810899    
   5470.296      0.3501452    
   5473.565      0.3183928    
   5476.834      0.2864935    
   5480.103      0.2550713    
   5483.372      0.2247468    
   5486.641      0.1961406    
   5489.910      0.1698118    
   5493.179      0.1461606    
   5496.448      0.1253635    
   5499.717      0.1073671    
   5502.987      9.1944329E-02
   5506.256      7.8783982E-02
   5509.526      6.7575343E-02
   5512.795      5.8057878E-02
   5516.065      5.0027594E-02
   5519.335      4.3306477E-02
   5522.605      3.7707027E-02
   5525.875      3.3027556E-02
   5529.145      2.9083753E-02
   5532.415      2.5737999E-02
   5535.685      2.2897737E-02
   5538.955      2.0495366E-02
   5542.226      1.8471291E-02
   5545.496      1.6767796E-02
   5548.766      1.5322139E-02
   5552.037      1.4067744E-02
   5555.308      1.2948327E-02
   5558.578      1.1937273E-02
   5561.849      1.1043251E-02
   5565.120      1.0292276E-02
   5568.390      9.6976412E-03
   5571.661      9.2381816E-03
   5574.932      8.8594565E-03
   5578.203      8.4983837E-03
   5581.475      8.1182430E-03
   5584.746      7.7252835E-03
   5588.017      7.3516504E-03
   5591.289      7.0231026E-03
   5594.560      6.7418707E-03
   5597.832      6.4962269E-03
   5601.103      6.2879492E-03
   5604.375      6.1453623E-03
   5607.646      6.1009405E-03
   5610.918      6.1511728E-03
   5614.190      6.2466320E-03
   5617.462      6.3199531E-03
   5620.734      6.3178139E-03
   5624.006      6.2139477E-03
   5627.278      6.0191383E-03
   5630.551      5.7854415E-03
   5633.823      5.5841543E-03
   5637.096      5.4664039E-03
   5640.368      5.4383148E-03
   5643.641      5.4702954E-03
   5646.913      5.5229282E-03
   5650.186      5.5634328E-03
   5653.458      5.5708713E-03
   5656.731      5.5418261E-03
   5660.004      5.4924442E-03
   5663.277      5.4484857E-03
   5666.551      5.4231603E-03
   5669.824      5.4067252E-03
   5673.097      5.3758742E-03
   5676.370      5.3150021E-03
   5679.644      5.2314117E-03
   5682.917      5.1519000E-03
   5686.190      5.1034628E-03
   5689.464      5.0936318E-03
   5692.738      5.1088920E-03
   5696.012      5.1280614E-03
   5699.286      5.1313462E-03
   5702.560      5.0999611E-03
   5705.833      5.0212801E-03
   5709.108      4.9049808E-03
   5712.382      4.7906335E-03
   5715.656      4.7228383E-03
   5718.930      4.7188378E-03
   5722.205      4.7599939E-03
   5725.479      4.8118941E-03
   5728.753      4.8482013E-03
   5732.028      4.8576817E-03
   5735.303      4.8441566E-03
   5738.578      4.8213466E-03
   5741.853      4.8064319E-03
   5745.127      4.8099472E-03
   5748.402      4.8231627E-03
   5751.677      4.8169964E-03
   5754.953      4.7642421E-03
   5758.228      4.6721115E-03
   5761.503      4.5804237E-03
   5764.778      4.5216763E-03
   5768.054      4.4874358E-03
   5771.330      4.4494905E-03
   5774.605      4.4056727E-03
   5777.881      4.3854918E-03
   5781.157      4.4036661E-03
   5784.433      4.4278619E-03
   5787.708      4.4062175E-03
   5790.984      4.3218518E-03
   5794.260      4.2046951E-03
   5797.537      4.0980475E-03
   5800.813      4.0224809E-03
   5804.089      3.9715567E-03
   5807.365      3.9321347E-03
   5810.642      3.8997859E-03
   5813.918      3.8771485E-03
   5817.195      3.8599579E-03
   5820.472      3.8346550E-03
   5823.749      3.7867830E-03
   5827.025      3.7137144E-03
   5830.302      3.6263396E-03
   5833.579      3.5386824E-03
   5836.856      3.4599074E-03
   5840.133      3.3981791E-03
   5843.411      3.3650224E-03
   5846.688      3.3685965E-03
   5849.965      3.4025793E-03
   5853.243      3.4479657E-03
   5856.521      3.4852645E-03
   5859.798      3.5061780E-03
   5863.076      3.5162985E-03
   5866.354      3.5234415E-03
   5869.632      3.5244732E-03
   5872.910      3.5078973E-03
   5876.188      3.4673593E-03
   5879.466      3.4057375E-03
   5882.744      3.3300770E-03
   5886.022      3.2473658E-03
   5889.300      3.1696234E-03
   5892.579      3.1122181E-03
   5895.857      3.0803864E-03
   5899.136      3.0574629E-03
   5902.415      3.0187801E-03
   5905.693      2.9603324E-03
   5908.972      2.9068203E-03
   5912.251      2.8899130E-03
   5915.530      2.9201910E-03
   5918.809      2.9788860E-03
   5922.088      3.0244456E-03
   5925.368      3.0131631E-03
   5928.647      2.9271760E-03
   5931.926      2.7927328E-03
   5935.206      2.6644322E-03
   5938.485      2.5895978E-03
   5941.765      2.5769144E-03
   5945.044      2.5954295E-03
   5948.324      2.6023921E-03
   5951.604      2.5767817E-03
   5954.884      2.5283578E-03
   5958.164      2.4812284E-03
   5961.444      2.4525130E-03
   5964.725      2.4448843E-03
   5968.005      2.4522953E-03
   5971.285      2.4651219E-03
   5974.566      2.4744291E-03
   5977.846      2.4753367E-03
   5981.126      2.4710137E-03
   5984.407      2.4686696E-03
   5987.688      2.4681475E-03
   5990.969      2.4576576E-03
   5994.250      2.4265680E-03
   5997.531      2.3830903E-03
   6000.812      2.3489322E-03
   6004.093      2.3343510E-03
   6007.375      2.3252892E-03
   6010.656      2.2982806E-03
   6013.937      2.2424485E-03
   6017.219      2.1638928E-03
   6020.500      2.0796559E-03
   6023.782      2.0138929E-03
   6027.064      1.9890803E-03
   6030.346      2.0083317E-03
   6033.627      2.0462417E-03
   6036.910      2.0659494E-03
   6040.191      2.0497239E-03
   6043.474      2.0094551E-03
   6046.756      1.9667840E-03
   6050.038      1.9244696E-03
   6053.320      1.8637843E-03
   6056.603      1.7674726E-03
   6059.886      1.6420223E-03
   6063.168      1.5236893E-03
   6066.451      1.4612556E-03
   6069.734      1.4828984E-03
   6073.017      1.5684111E-03
   6076.300      1.6607235E-03
   6079.583      1.7097146E-03
   6082.866      1.7051945E-03
   6086.149      1.6705137E-03
   6089.433      1.6370295E-03
   6092.716      1.6206248E-03
   6095.999      1.6146005E-03
   6099.283      1.6052560E-03
   6102.566      1.6042424E-03
   6105.850      1.6523675E-03
   6109.134      1.7746395E-03
   6112.418      1.9322446E-03
   6115.702      2.0375184E-03
   6118.986      2.0281500E-03
   6122.270      1.9212123E-03
   6125.555      1.7933671E-03
   6128.839      1.7114781E-03
   6132.123      1.6882621E-03
   6135.408      1.6952638E-03
   6138.692      1.7030734E-03
   6141.977      1.7023173E-03
   6145.262      1.6964662E-03
   6148.546      1.6865042E-03
   6151.831      1.6714314E-03
   6155.116      1.6563629E-03
   6158.401      1.6497459E-03
   6161.687      1.6480450E-03
   6164.972      1.6294776E-03
   6168.257      1.5740111E-03
   6171.542      1.4895095E-03
   6174.828      1.4156158E-03
   6178.114      1.3973671E-03
   6181.399      1.4526768E-03
   6184.685      1.5564065E-03
   6187.971      1.6516754E-03
   6191.257      1.6857962E-03
   6194.543      1.6447416E-03
   6197.829      1.5591827E-03
   6201.115      1.4756983E-03
   6204.401      1.4246699E-03
   6207.688      1.4092250E-03
   6210.974      1.4145491E-03
   6214.261      1.4266656E-03
   6217.547      1.4465506E-03
   6220.834      1.4823455E-03
   6224.121      1.5319102E-03
   6227.408      1.5773914E-03
   6230.695      1.5999031E-03
   6233.982      1.5933124E-03
   6237.269      1.5656991E-03
   6240.556      1.5300448E-03
   6243.843      1.4915860E-03
   6247.131      1.4444195E-03
   6250.418      1.3804571E-03
   6253.706      1.3067612E-03
   6256.994      1.2469839E-03
   6260.281      1.2201709E-03
   6263.569      1.2163146E-03
   6266.857      1.1994337E-03
   6270.145      1.1466722E-03
   6273.433      1.0790831E-03
   6276.721      1.0424457E-03
   6280.009      1.0605921E-03
   6283.298      1.1163505E-03
   6286.586      1.1752176E-03
   6289.875      1.2147494E-03
   6293.163      1.2307689E-03
   6296.452      1.2260138E-03
   6299.741      1.2042576E-03
   6303.030      1.1755559E-03
   6306.319      1.1547271E-03
   6309.607      1.1447323E-03
   6312.896      1.1266773E-03
   6316.186      1.0761115E-03
   6319.475      9.9543168E-04
   6322.765      9.1672014E-04
   6326.054      8.7200175E-04
   6329.344      8.6918491E-04
   6332.633      9.0077618E-04
   6335.923      9.6501026E-04
   6339.213      1.0653001E-03
   6342.503      1.1886586E-03
   6345.793      1.2981927E-03
   6349.083      1.3539667E-03
   6352.373      1.3406592E-03
   6355.663      1.2746116E-03
   6358.954      1.1914200E-03
   6362.244      1.1265342E-03
   6365.535      1.0958688E-03
   6368.825      1.0934548E-03
   6372.116      1.1019070E-03
   6375.407      1.1081083E-03
   6378.698      1.1057933E-03
   6381.989      1.0910295E-03
   6385.280      1.0589070E-03
   6388.571      1.0076689E-03
   6391.862      9.4633520E-04
   6395.153      8.9583226E-04
   6398.445      8.7826053E-04
   6401.737      9.0591010E-04
   6405.028      9.7501278E-04
   6408.320      1.0684130E-03
   6411.612      1.1641701E-03
   6414.904      1.2481558E-03
   6418.195      1.3133518E-03
   6421.487      1.3432906E-03
   6424.780      1.3101571E-03
   6428.072      1.1996274E-03
   6431.364      1.0391054E-03
   6434.657      8.9149293E-04
   6437.949      8.1979530E-04
   6441.242      8.5444894E-04
   6444.534      9.8347908E-04
   6447.827      1.1579768E-03
   6451.120      1.3071040E-03
   6454.413      1.3682338E-03
   6457.706      1.3237182E-03
   6460.999      1.2118267E-03
   6464.292      1.1027299E-03
   6467.586      1.0537670E-03
   6470.879      1.0836023E-03
   6474.173      1.1779413E-03
   6477.466      1.3041655E-03
   6480.760      1.4219680E-03
   6484.054      1.4939504E-03
   6487.348      1.5048138E-03
   6490.642      1.4673616E-03
   6493.936      1.4077211E-03
   6497.229      1.3469175E-03
   6500.524      1.2923613E-03
   6503.818      1.2434339E-03
   6507.113      1.2046046E-03
   6510.407      1.1920750E-03
   6513.702      1.2196481E-03
   6516.997      1.2741033E-03
   6520.292      1.3118009E-03
   6523.586      1.2848063E-03
   6526.881      1.1773378E-03
   6530.176      1.0232808E-03
   6533.471      8.8641013E-04
   6536.767      8.2170346E-04
   6540.062      8.5340400E-04
   6543.357      9.7768917E-04
   6546.653      1.1631468E-03
   6549.948      1.3542480E-03
   6553.244      1.4963234E-03
   6556.540      1.5679142E-03
   6559.836      1.5762993E-03
   6563.132      1.5325792E-03
   6566.428      1.4515094E-03
   6569.724      1.3720581E-03
   6573.020      1.3478458E-03
   6576.316      1.4049830E-03
   6579.613      1.5180125E-03
   6582.909      1.6292506E-03
   6586.206      1.6832817E-03
   6589.503      1.6525434E-03
   6592.799      1.5371215E-03
   6596.097      1.3511928E-03
   6599.394      1.1196997E-03
   6602.690      8.8620983E-04
   6605.988      7.1364420E-04
   6609.285      6.5675448E-04
   6612.583      7.3501945E-04
   6615.880      9.1609982E-04
   6619.177      1.1189829E-03
   6622.475      1.2479746E-03
   6625.773      1.2517163E-03
   6629.070      1.1541853E-03
   6632.369      1.0252758E-03
   6635.667      9.2468510E-04
   6638.965      8.7538012E-04
   6642.263      8.6755643E-04
   6645.561      8.8026194E-04
   6648.859      9.0115319E-04
   6652.158      9.2993886E-04
   6655.457      9.6843729E-04
   6658.755      1.0062478E-03
   6662.054      1.0247559E-03
   6665.353      1.0165871E-03
   6668.652      1.0037795E-03
   6671.951      1.0230441E-03
   6675.250      1.0824930E-03
   6678.549      1.1431221E-03
   6681.849      1.1618029E-03
   6685.148      1.1475590E-03
   6688.448      1.1544729E-03
   6691.748      1.2167059E-03
   6695.047      1.3102086E-03
   6698.347      1.3807797E-03
   6701.646      1.3956680E-03
   6704.947      1.3554954E-03
   6708.247      1.2735748E-03
   6711.547      1.1649692E-03
   6714.847      1.0491016E-03
   6718.148      9.4405276E-04
   6721.448      8.5413473E-04
   6724.749      7.7382085E-04
   6728.049      7.0624001E-04
   6731.350      6.6414895E-04
   6734.651      6.5062230E-04
   6737.952      6.5126177E-04
   6741.253      6.5951416E-04
   6744.554      6.8771659E-04
   6747.855      7.3494593E-04
   6751.157      7.5994863E-04
   6754.458      7.0806110E-04
   6757.760      5.6309020E-04
   6761.062      3.6253486E-04
   6764.363      1.7657946E-04
   6767.665      7.4098556E-05
   6770.967      9.2267386E-05
   6774.269      2.2303172E-04
   6777.571      4.2622857E-04
   6780.874      6.5533334E-04
   6784.176      8.7132416E-04
   6787.478      1.0420955E-03
   6790.780      1.1458050E-03
   6794.083      1.1742882E-03
   6797.386      1.1391789E-03
   6800.688      1.0722282E-03
   6803.992      1.0100966E-03
   6807.294      9.6945517E-04
   6810.598      9.3577767E-04
   6813.901      8.8780321E-04
   6817.204      8.3053875E-04
   6820.507      8.0643594E-04
   6823.811      8.6189539E-04
   6827.114      9.9796255E-04
   6830.418      1.1507828E-03
   6833.722      1.2267348E-03
   6837.026      1.1783999E-03
   6840.330      1.0440813E-03
   6843.634      9.1131066E-04
   6846.938      8.4147265E-04
   6850.242      8.3570561E-04
   6853.546      8.6925959E-04
   6856.851      9.3685742E-04
   6860.155      1.0434982E-03
   6863.460      1.1623547E-03
   6866.765      1.2246689E-03
   6870.070      1.1716959E-03
   6873.375      1.0047440E-03
   6876.680      7.8888726E-04
   6879.985      6.0460658E-04
   6883.290      4.9762346E-04
   6886.596      4.6736174E-04
   6889.901      4.8950536E-04
   6893.207      5.5190647E-04
   6896.512      6.5443577E-04
   6899.818      7.7550707E-04
   6903.124      8.5440552E-04
   6906.430      8.2828791E-04
   6909.736      6.9063017E-04
   6913.042      5.0966645E-04
   6916.348      3.7854374E-04
   6919.654      3.3788709E-04
   6922.960      3.4586963E-04
   6926.267      3.2741288E-04
   6929.574      2.5067880E-04
   6932.880      1.5537429E-04
   6936.188      1.1385284E-04
   6939.495      1.7316287E-04
   6942.801      3.2847075E-04
   6946.108      5.3526676E-04
   6949.416      7.4044679E-04
   6952.723      8.9920126E-04
   6956.030      9.7721652E-04
   6959.338      9.6247724E-04
   6962.646      8.8885496E-04
   6965.953      8.3261123E-04
   6969.261      8.6724153E-04
   6972.569      1.0113738E-03
   6975.877      1.2134738E-03
   6979.185      1.3881072E-03
   6982.493      1.4648457E-03
   6985.802      1.4262046E-03
   6989.110      1.3194394E-03
   6992.418      1.2294826E-03
   6995.727      1.2144985E-03
   6999.036      1.2631834E-03
   7002.345      1.3116518E-03
   7005.654      1.3039879E-03
   7008.963      1.2313732E-03
   7012.272      1.1273244E-03
   7015.581      1.0295698E-03
   7018.891      9.4957056E-04
   7022.200      8.8083796E-04
   7025.510      8.2595600E-04
   7028.819      7.9809915E-04
   7032.129      7.9019065E-04
   7035.438      7.6834287E-04
   7038.749      7.0788036E-04
   7042.059      6.3844776E-04
   7045.369      6.3224242E-04
   7048.679      7.3393213E-04
   7051.989      8.9849939E-04
   7055.300      1.0191312E-03
   7058.610      1.0142090E-03
   7061.921      8.8710932E-04
   7065.232      7.0521468E-04
   7068.542      5.4098014E-04
   7071.854      4.3076792E-04
   7075.165      3.7283800E-04
   7078.476      3.4860388E-04
   7081.787      3.4035061E-04
