   7616.190     -3.9247793E-04
   7617.055     -1.3237687E-04
   7617.919      1.1643361E-04
   7618.784      3.1276172E-04
   7619.649      4.2320928E-04
   7620.513      4.3866996E-04
   7621.378      3.8313773E-04
   7622.243      3.1030228E-04
   7623.107      2.8264499E-04
   7623.972      3.4080632E-04
   7624.836      4.8712088E-04
   7625.701      6.8208110E-04
   7626.565      8.6709874E-04
   7627.430      9.9071721E-04
   7628.294      1.0285676E-03
   7629.159      9.8717643E-04
   7630.023      8.9484593E-04
   7630.888      7.8665960E-04
   7631.752      6.9532718E-04
   7632.617      6.4104365E-04
   7633.481      6.3090347E-04
   7634.346      6.5766479E-04
   7635.210      7.0635404E-04
   7636.074      7.5651193E-04
   7636.939      7.8983244E-04
   7637.803      7.9856347E-04
   7638.667      7.8761345E-04
   7639.532      7.7206839E-04
   7640.396      7.7000825E-04
   7641.260      7.8936992E-04
   7642.125      8.2584884E-04
   7642.989      8.6764427E-04
   7643.853      9.0377702E-04
   7644.717      9.3083736E-04
   7645.582      9.4915146E-04
   7646.445      9.5778203E-04
   7647.310      9.5094775E-04
   7648.174      9.2091999E-04
   7649.038      8.6483697E-04
   7649.902      7.8715803E-04
   7650.766      6.9792621E-04
   7651.630      6.1028457E-04
   7652.494      5.3305354E-04
   7653.358      4.7190257E-04
   7654.222      4.2956663E-04
   7655.086      4.0935949E-04
   7655.950      4.1589499E-04
   7656.814      4.5432942E-04
   7657.678      5.2778918E-04
   7658.542      6.3546619E-04
   7659.406      7.6764566E-04
   7660.270      9.0830092E-04
   7661.134      1.0355347E-03
   7661.998      1.1280044E-03
   7662.861      1.1698459E-03
   7663.726      1.1582223E-03
   7664.589      1.1007462E-03
   7665.453      1.0128948E-03
   7666.317      9.1147108E-04
   7667.181      8.1163622E-04
   7668.044      7.2535308E-04
   7668.908      6.6337490E-04
   7669.772      6.3278317E-04
   7670.635      6.3510117E-04
   7671.499      6.6473917E-04
   7672.363      7.1271695E-04
   7673.227      7.7194278E-04
   7674.090      8.3883427E-04
   7674.954      9.1311353E-04
   7675.817      9.9400838E-04
   7676.681      1.0826449E-03
   7677.544      1.1755438E-03
   7678.408      1.2677141E-03
   7679.271      1.3480586E-03
   7680.135      1.4018801E-03
   7680.999      1.4163299E-03
   7681.862      1.3836726E-03
   7682.726      1.3042247E-03
   7683.589      1.1871838E-03
   7684.453      1.0467374E-03
   7685.316      8.9877669E-04
   7686.179      7.5847108E-04
   7687.043      6.3877722E-04
   7687.906      5.4931635E-04
   7688.770      4.9999752E-04
   7689.633      4.9985002E-04
   7690.496      5.5302476E-04
   7691.359      6.5082818E-04
   7692.223      7.7202881E-04
   7693.086      8.8940619E-04
   7693.949      9.8179770E-04
   7694.813      1.0456610E-03
   7695.676      1.0916052E-03
   7696.539      1.1407404E-03
   7697.402      1.2086265E-03
   7698.266      1.2980034E-03
   7699.128      1.3949596E-03
   7699.992      1.4719932E-03
   7700.855      1.4987424E-03
   7701.718      1.4543765E-03
   7702.581      1.3392312E-03
   7703.444      1.1789266E-03
   7704.307      1.0131013E-03
   7705.170      8.8033569E-04
   7706.033      8.0295425E-04
   7706.896      7.8376470E-04
   7707.759      8.0686691E-04
   7708.622      8.5030228E-04
   7709.485      8.9409342E-04
   7710.348      9.2767767E-04
   7711.211      9.5341826E-04
   7712.074      9.8451227E-04
   7712.937      1.0394211E-03
   7713.800      1.1283930E-03
   7714.663      1.2482805E-03
   7715.525      1.3767866E-03
   7716.389      1.4816506E-03
   7717.251      1.5332795E-03
   7718.114      1.5169139E-03
   7718.977      1.4393560E-03
   7719.840      1.3260550E-03
   7720.702      1.2087006E-03
   7721.565      1.1103862E-03
   7722.428      1.0389769E-03
   7723.291      9.9038298E-04
   7724.153      9.5636788E-04
   7725.016      9.3491905E-04
   7725.878      9.2796161E-04
   7726.741      9.4139227E-04
   7727.604      9.7498507E-04
   7728.466      1.0241969E-03
   7729.329      1.0805501E-03
   7730.191      1.1347495E-03
   7731.054      1.1788531E-03
   7731.917      1.2033302E-03
   7732.779      1.1984456E-03
   7733.642      1.1553483E-03
   7734.504      1.0761027E-03
   7735.367      9.7389979E-04
   7736.229      8.7110396E-04
   7737.092      7.9119048E-04
   7737.954      7.4873003E-04
   7738.816      7.4708409E-04
   7739.679      7.7946862E-04
   7740.541      8.3504361E-04
   7741.404      8.9938077E-04
   7742.266      9.5994270E-04
   7743.128      1.0082308E-03
   7743.991      1.0390403E-03
   7744.853      1.0532298E-03
   7745.715      1.0522709E-03
   7746.578      1.0395983E-03
   7747.439      1.0213676E-03
   7748.302      1.0063993E-03
   7749.164      1.0094313E-03
   7750.026      1.0433560E-03
   7750.889      1.1160495E-03
   7751.750      1.2235095E-03
   7752.613      1.3470307E-03
   7753.475      1.4601344E-03
   7754.337      1.5379095E-03
   7755.199      1.5676987E-03
   7756.061      1.5541773E-03
   7756.923      1.5163573E-03
   7757.785      1.4766514E-03
   7758.647      1.4486955E-03
   7759.509      1.4307456E-03
   7760.372      1.4123454E-03
   7761.233      1.3836483E-03
   7762.095      1.3479503E-03
   7762.958      1.3225086E-03
   7763.819      1.3296031E-03
   7764.681      1.3851022E-03
   7765.543      1.4896184E-03
   7766.405      1.6265974E-03
   7767.267      1.7694794E-03
   7768.129      1.8870268E-03
   7768.991      1.9568764E-03
   7769.853      1.9659726E-03
   7770.714      1.9136601E-03
   7771.576      1.8087511E-03
   7772.438      1.6636595E-03
   7773.299      1.4978190E-03
   7774.161      1.3367933E-03
   7775.023      1.2096675E-03
   7775.885      1.1422441E-03
   7776.746      1.1445935E-03
   7777.608      1.2047818E-03
   7778.470      1.2925018E-03
   7779.331      1.3690703E-03
   7780.193      1.4063697E-03
   7781.055      1.3969676E-03
   7781.916      1.3565831E-03
   7782.778      1.3111210E-03
   7783.639      1.2868977E-03
   7784.501      1.2990454E-03
   7785.362      1.3519893E-03
   7786.224      1.4420210E-03
   7787.085      1.5589197E-03
   7787.947      1.6831782E-03
   7788.808      1.7930848E-03
   7789.670      1.8691666E-03
   7790.531      1.9059657E-03
   7791.393      1.9164599E-03
   7792.254      1.9239760E-03
   7793.115      1.9472818E-03
   7793.977      1.9902105E-03
   7794.838      2.0377380E-03
   7795.699      2.0646085E-03
   7796.561      2.0506675E-03
   7797.422      1.9926336E-03
   7798.283      1.9103203E-03
   7799.145      1.8340746E-03
   7800.006      1.7937460E-03
   7800.867      1.8057007E-03
   7801.728      1.8683263E-03
   7802.589      1.9662827E-03
   7803.451      2.0811954E-03
   7804.312      2.1970586E-03
   7805.173      2.3005512E-03
   7806.034      2.3812321E-03
   7806.895      2.4331636E-03
   7807.756      2.4543395E-03
   7808.617      2.4560092E-03
   7809.479      2.4502641E-03
   7810.339      2.4426207E-03
   7811.201      2.4275996E-03
   7812.062      2.3917237E-03
   7812.922      2.3236938E-03
   7813.784      2.2273224E-03
   7814.645      2.1215477E-03
   7815.505      2.0331296E-03
   7816.366      1.9807031E-03
   7817.227      1.9643889E-03
   7818.088      1.9671798E-03
   7818.949      1.9662082E-03
   7819.810      1.9484235E-03
   7820.671      1.9232195E-03
   7821.532      1.9168142E-03
   7822.393      1.9620627E-03
   7823.253      2.0798096E-03
   7824.114      2.2667269E-03
   7824.975      2.4928187E-03
   7825.835      2.7103839E-03
   7826.696      2.8705699E-03
   7827.557      2.9375723E-03
   7828.417      2.9036454E-03
   7829.278      2.7860329E-03
   7830.139      2.6238530E-03
   7831.000      2.4675794E-03
   7831.860      2.3661994E-03
   7832.721      2.3492048E-03
   7833.582      2.4181448E-03
   7834.442      2.5464317E-03
   7835.303      2.6967474E-03
   7836.163      2.8376100E-03
   7837.024      2.9600558E-03
   7837.884      3.0740930E-03
   7838.745      3.1981524E-03
   7839.605      3.3421810E-03
   7840.466      3.5001519E-03
   7841.326      3.6493260E-03
   7842.187      3.7632729E-03
   7843.047      3.8205101E-03
   7843.908      3.8098928E-03
   7844.768      3.7342689E-03
   7845.628      3.6114564E-03
   7846.489      3.4704290E-03
   7847.349      3.3475393E-03
   7848.209      3.2774378E-03
   7849.070      3.2814895E-03
   7849.930      3.3635886E-03
   7850.791      3.5062833E-03
   7851.650      3.6778199E-03
   7852.511      3.8378334E-03
   7853.371      3.9471174E-03
   7854.231      3.9801197E-03
   7855.091      3.9337599E-03
   7855.952      3.8270541E-03
   7856.812      3.6969129E-03
   7857.672      3.5820701E-03
   7858.532      3.5108135E-03
   7859.392      3.4977978E-03
   7860.252      3.5474657E-03
   7861.112      3.6582749E-03
   7861.973      3.8252622E-03
   7862.833      4.0387567E-03
   7863.692      4.2805579E-03
   7864.553      4.5247371E-03
   7865.413      4.7441255E-03
   7866.272      4.9152104E-03
   7867.132      5.0236224E-03
   7867.993      5.0652977E-03
   7868.853      5.0462880E-03
   7869.712      4.9797008E-03
   7870.572      4.8863511E-03
   7871.432      4.7923010E-03
   7872.292      4.7277650E-03
   7873.152      4.7175977E-03
   7874.012      4.7748447E-03
   7874.872      4.8953691E-03
   7875.731      5.0589507E-03
   7876.591      5.2359886E-03
   7877.451      5.3999536E-03
   7878.311      5.5349101E-03
   7879.170      5.6429803E-03
   7880.030      5.7382244E-03
   7880.890      5.8401381E-03
   7881.750      5.9606475E-03
   7882.609      6.0981084E-03
   7883.469      6.2373225E-03
   7884.329      6.3555129E-03
   7885.188      6.4334208E-03
   7886.048      6.4632939E-03
   7886.907      6.4509977E-03
   7887.767      6.4107948E-03
   7888.626      6.3600508E-03
   7889.486      6.3128904E-03
   7890.345      6.2815771E-03
   7891.205      6.2792022E-03
   7892.064      6.3196411E-03
   7892.924      6.4169131E-03
   7893.783      6.5765758E-03
   7894.643      6.7912024E-03
   7895.502      7.0409463E-03
   7896.362      7.2937324E-03
   7897.221      7.5195152E-03
   7898.081      7.6950653E-03
   7898.940      7.8140348E-03
   7899.799      7.8854924E-03
   7900.659      7.9312315E-03
   7901.518      7.9780193E-03
   7902.377      8.0467518E-03
   7903.236      8.1417263E-03
   7904.096      8.2455995E-03
   7904.955      8.3250524E-03
   7905.814      8.3452221E-03
   7906.673      8.2873991E-03
   7907.533      8.1603676E-03
   7908.392      8.0005024E-03
   7909.251      7.8600645E-03
   7910.110      7.7882623E-03
   7910.969      7.8190630E-03
   7911.828      7.9632504E-03
   7912.688      8.2124742E-03
   7913.546      8.5452246E-03
   7914.405      8.9292554E-03
   7915.265      9.3267318E-03
   7916.124      9.6950904E-03
   7916.982      9.9977478E-03
   7917.842      1.0212545E-02
   7918.701      1.0336485E-02
   7919.560      1.0383627E-02
   7920.418      1.0377426E-02
   7921.277      1.0343372E-02
   7922.136      1.0305502E-02
   7922.995      1.0283974E-02
   7923.854      1.0294655E-02
   7924.713      1.0348953E-02
   7925.572      1.0452244E-02
   7926.431      1.0606907E-02
   7927.290      1.0814625E-02
   7928.148      1.1078380E-02
   7929.007      1.1397609E-02
   7929.866      1.1764383E-02
   7930.725      1.2157695E-02
   7931.583      1.2550904E-02
   7932.442      1.2917790E-02
   7933.301      1.3241329E-02
   7934.160      1.3512297E-02
   7935.018      1.3726781E-02
   7935.877      1.3883837E-02
   7936.735      1.3986155E-02
   7937.594      1.4044326E-02
   7938.453      1.4075024E-02
   7939.312      1.4098631E-02
   7940.170      1.4134426E-02
   7941.028      1.4198872E-02
   7941.887      1.4305793E-02
   7942.746      1.4468301E-02
   7943.604      1.4698165E-02
   7944.462      1.5005620E-02
   7945.321      1.5392244E-02
   7946.179      1.5849235E-02
   7947.038      1.6355975E-02
   7947.896      1.6879136E-02
   7948.755      1.7376307E-02
   7949.613      1.7803624E-02
   7950.472      1.8124225E-02
   7951.330      1.8323096E-02
   7952.188      1.8416671E-02
   7953.046      1.8453136E-02
   7953.905      1.8499259E-02
   7954.763      1.8621081E-02
   7955.622      1.8864302E-02
   7956.479      1.9243559E-02
   7957.338      1.9742075E-02
   7958.196      2.0320026E-02
   7959.054      2.0931723E-02
   7959.913      2.1539534E-02
   7960.771      2.2120273E-02
   7961.629      2.2666246E-02
   7962.487      2.3178339E-02
   7963.345      2.3658773E-02
   7964.203      2.4112670E-02
   7965.062      2.4547400E-02
   7965.919      2.4974938E-02
   7966.777      2.5410494E-02
   7967.636      2.5864106E-02
   7968.494      2.6340343E-02
   7969.352      2.6839733E-02
   7970.209      2.7364245E-02
   7971.068      2.7915450E-02
   7971.926      2.8490340E-02
   7972.784      2.9074816E-02
   7973.642      2.9644109E-02
   7974.500      3.0173391E-02
   7975.357      3.0648874E-02
   7976.215      3.1077934E-02
   7977.073      3.1483073E-02
   7977.931      3.1897888E-02
   7978.789      3.2352217E-02
   7979.646      3.2868527E-02
   7980.504      3.3459980E-02
   7981.362      3.4131739E-02
   7982.220      3.4885392E-02
   7983.078      3.5713755E-02
   7983.936      3.6600128E-02
   7984.793      3.7518870E-02
   7985.651      3.8442761E-02
   7986.508      3.9351840E-02
   7987.366      4.0239140E-02
   7988.224      4.1108817E-02
   7989.082      4.1970551E-02
   7989.939      4.2837277E-02
   7990.797      4.3723371E-02
   7991.654      4.4641253E-02
   7992.512      4.5602784E-02
   7993.370      4.6615943E-02
   7994.227      4.7687788E-02
   7995.084      4.8828360E-02
   7995.942      5.0051343E-02
   7996.799      5.1367983E-02
   7997.657      5.2785549E-02
   7998.515      5.4293614E-02
   7999.372      5.5864483E-02
   8000.229      5.7461925E-02
   8001.087      5.9053924E-02
   8001.944      6.0625024E-02
   8002.802      6.2180910E-02
   8003.659      6.3743576E-02
   8004.516      6.5342292E-02
   8005.374      6.7003720E-02
   8006.231      6.8747632E-02
   8007.088      7.0584618E-02
   8007.945      7.2517253E-02
   8008.803      7.4540310E-02
   8009.660      7.6646976E-02
   8010.517      7.8836024E-02
   8011.375      8.1108376E-02
   8012.231      8.3471276E-02
   8013.089      8.5930839E-02
   8013.946      8.8483550E-02
   8014.803      9.1117591E-02
   8015.660      9.3807258E-02
   8016.517      9.6522987E-02
   8017.375      9.9242106E-02
   8018.231      0.1019588    
   8019.088      0.1046948    
   8019.946      0.1074955    
   8020.803      0.1104216    
   8021.660      0.1135256    
   8022.517      0.1168358    
   8023.374      0.1203488    
   8024.230      0.1240347    
   8025.087      0.1278507    
   8025.944      0.1317620    
   8026.801      0.1357515    
   8027.658      0.1398295    
   8028.515      0.1440271    
   8029.372      0.1483895    
   8030.229      0.1529613    
   8031.086      0.1577683    
   8031.942      0.1628116    
   8032.799      0.1680656    
   8033.656      0.1734832    
   8034.513      0.1790055    
   8035.370      0.1845686    
   8036.227      0.1901215    
   8037.083      0.1956476    
   8037.940      0.2011750    
   8038.796      0.2067891    
   8039.653      0.2126044    
   8040.510      0.2187208    
   8041.367      0.2251715    
   8042.223      0.2318993    
   8043.080      0.2387723    
   8043.937      0.2456338    
   8044.793      0.2523680    
   8045.649      0.2589414    
   8046.506      0.2654097    
   8047.363      0.2718941    
   8048.219      0.2785359    
   8049.076      0.2854520    
   8049.932      0.2926982    
   8050.789      0.3002489    
   8051.645      0.3080091    
   8052.501      0.3158387    
   8053.358      0.3236026    
   8054.214      0.3312086    
   8055.070      0.3386306    
   8055.927      0.3459052    
   8056.783      0.3531121    
   8057.640      0.3603352    
   8058.496      0.3676425    
   8059.352      0.3750625    
   8060.208      0.3825696    
   8061.065      0.3900807    
   8061.921      0.3974696    
   8062.777      0.4046015    
   8063.633      0.4113691    
   8064.490      0.4177341    
   8065.346      0.4237361    
   8066.202      0.4294831    
   8067.058      0.4351167    
   8067.914      0.4407627    
   8068.771      0.4464870    
   8069.626      0.4522752    
   8070.482      0.4580355    
   8071.338      0.4636437    
   8072.195      0.4689826    
   8073.051      0.4739748    
   8073.907      0.4785887    
   8074.763      0.4828275    
   8075.619      0.4867191    
   8076.475      0.4902970    
   8077.331      0.4935954    
   8078.187      0.4966347    
   8079.042      0.4994225    
   8079.898      0.5019576    
   8080.754      0.5042462    
   8081.610      0.5063024    
   8082.466      0.5081456    
   8083.322      0.5097894    
   8084.178      0.5112492    
   8085.033      0.5125471    
   8085.889      0.5137202    
   8086.745      0.5148168    
   8087.601      0.5158688    
   8088.457      0.5168746    
   8089.312      0.5178015    
   8090.168      0.5186052    
   8091.023      0.5192660    
   8091.879      0.5198066    
   8092.735      0.5202826    
   8093.590      0.5207456    
   8094.446      0.5212116    
   8095.302      0.5216529    
   8096.157      0.5220090    
   8097.013      0.5222207    
   8097.869      0.5222529    
   8098.724      0.5221156    
   8099.580      0.5218613    
   8100.435      0.5215751    
   8101.291      0.5213394    
   8102.146      0.5211920    
   8103.001      0.5211090    
   8103.857      0.5210357    
   8104.712      0.5209289    
   8105.568      0.5207908    
   8106.423      0.5206666    
   8107.278      0.5205930    
   8108.134      0.5205716    
   8108.989      0.5205563    
   8109.845      0.5204934    
   8110.700      0.5203540    
   8111.555      0.5201671    
   8112.411      0.5200143    
   8113.266      0.5199904    
   8114.121      0.5201531    
   8114.976      0.5204857    
   8115.832      0.5209004    
   8116.687      0.5212798    
   8117.542      0.5215347    
   8118.397      0.5216482    
   8119.252      0.5216694    
   8120.107      0.5216823    
   8120.962      0.5217533    
   8121.817      0.5218986    
   8122.672      0.5220921    
   8123.528      0.5223002    
   8124.383      0.5225265    
   8125.238      0.5228263    
   8126.093      0.5232823    
   8126.948      0.5239425    
   8127.803      0.5247969    
   8128.658      0.5257586    
   8129.513      0.5267087    
   8130.368      0.5275241    
   8131.223      0.5281182    
   8132.078      0.5284469    
   8132.932      0.5285177    
   8133.787      0.5283937    
   8134.642      0.5281812    
   8135.497      0.5280098    
   8136.352      0.5279835    
   8137.207      0.5281444    
   8138.061      0.5284634    
   8138.916      0.5288638    
   8139.771      0.5292600    
   8140.625      0.5295938    
   8141.480      0.5298441    
   8142.335      0.5300266    
   8143.189      0.5301722    
   8144.044      0.5303172    
   8144.899      0.5304978    
   8145.753      0.5307334    
   8146.608      0.5310098    
   8147.463      0.5312754    
   8148.317      0.5314624    
   8149.172      0.5315317    
   8150.026      0.5315045    
   8150.881      0.5314625    
   8151.736      0.5314915    
   8152.590      0.5316250    
   8153.445      0.5318208    
   8154.299      0.5319665    
   8155.153      0.5319244    
   8156.008      0.5315835    
   8156.862      0.5308987    
   8157.717      0.5299141    
   8158.571      0.5287520    
   8159.426      0.5275682    
   8160.280      0.5264988    
   8161.134      0.5256148    
   8161.989      0.5249040    
   8162.843      0.5242856    
   8163.697      0.5236470    
   8164.551      0.5228878    
   8165.406      0.5219476    
   8166.260      0.5208182    
   8167.114      0.5195223    
   8167.968      0.5180920    
   8168.823      0.5165520    
   8169.677      0.5149156    
   8170.531      0.5131959    
   8171.385      0.5114110    
   8172.239      0.5095869    
   8173.093      0.5077504    
   8173.947      0.5059122    
   8174.802      0.5040479    
   8175.656      0.5021045    
   8176.510      0.5000107    
   8177.364      0.4977154    
   8178.218      0.4952171    
   8179.072      0.4925813    
   8179.926      0.4899383    
   8180.780      0.4874510    
   8181.634      0.4852684    
   8182.488      0.4834837    
   8183.341      0.4820938    
   8184.195      0.4809974    
   8185.049      0.4800152    
   8185.903      0.4789438    
   8186.757      0.4776205    
   8187.611      0.4759716    
   8188.465      0.4740366    
   8189.318      0.4719409    
   8190.172      0.4698405    
   8191.026      0.4678623    
   8191.880      0.4660608    
   8192.733      0.4644154    
   8193.587      0.4628565    
   8194.441      0.4613039    
   8195.295      0.4597140    
   8196.148      0.4580918    
   8197.002      0.4564774    
   8197.855      0.4549183    
   8198.709      0.4534310    
   8199.563      0.4519951    
   8200.416      0.4505664    
   8201.270      0.4491062    
   8202.123      0.4476093    
   8202.978      0.4461031    
   8203.831      0.4446402    
   8204.685      0.4432830    
   8205.538      0.4420847    
   8206.391      0.4410705    
   8207.244      0.4402163    
   8208.098      0.4394562    
   8208.951      0.4387100    
   8209.805      0.4379287    
   8210.658      0.4371340    
   8211.512      0.4364106    
   8212.365      0.4358632    
   8213.219      0.4355608    
   8214.071      0.4355023    
   8214.925      0.4356270    
   8215.778      0.4358571    
   8216.632      0.4361263    
   8217.484      0.4363978    
   8218.338      0.4366550    
   8219.191      0.4368923    
   8220.045      0.4371239    
   8220.897      0.4373924    
   8221.751      0.4377671    
   8222.604      0.4383193    
   8223.457      0.4390824    
   8224.311      0.4400234    
   8225.163      0.4410497    
   8226.017      0.4420543    
   8226.869      0.4429590    
   8227.723      0.4437515    
   8228.576      0.4444776    
   8229.429      0.4452045    
   8230.282      0.4459817    
   8231.135      0.4468247    
   8231.987      0.4477247    
   8232.841      0.4486675    
   8233.693      0.4496446    
   8234.547      0.4506426    
   8235.399      0.4516192    
   8236.252      0.4524955    
   8237.105      0.4531716    
   8237.958      0.4535594    
   8238.811      0.4536315    
   8239.664      0.4534406    
   8240.517      0.4530998    
   8241.369      0.4527176    
   8242.223      0.4523335    
   8243.075      0.4518751    
   8243.928      0.4511796    
   8244.780      0.4500620    
   8245.633      0.4483967    
   8246.486      0.4461538    
   8247.339      0.4433882    
   8248.191      0.4401957    
   8249.044      0.4366601    
   8249.896      0.4328293    
   8250.749      0.4287146    
   8251.602      0.4243041    
   8252.454      0.4195718    
   8253.307      0.4144717    
   8254.159      0.4089413    
   8255.012      0.4028874    
   8255.864      0.3962160    
   8256.717      0.3888708    
   8257.569      0.3808630    
   8258.422      0.3722980    
   8259.274      0.3633449    
   8260.127      0.3541837    
   8260.979      0.3449436    
   8261.832      0.3356742    
   8262.685      0.3263446    
   8263.536      0.3168882    
   8264.389      0.3072489    
   8265.241      0.2974176    
   8266.094      0.2874492    
   8266.946      0.2774527    
   8267.798      0.2675615    
   8268.650      0.2578938    
   8269.503      0.2485256    
   8270.355      0.2394823    
   8271.207      0.2307425    
   8272.060      0.2222658    
   8272.912      0.2139954    
   8273.764      0.2058896    
   8274.616      0.1979256    
   8275.468      0.1901172    
   8276.320      0.1825091    
   8277.173      0.1751541    
   8278.024      0.1680869    
   8278.877      0.1613090    
   8279.729      0.1547906    
   8280.581      0.1484939    
   8281.433      0.1423960    
   8282.285      0.1364917    
   8283.137      0.1307928    
   8283.988      0.1253151    
   8284.841      0.1200673    
   8285.692      0.1150504    
   8286.545      0.1102665    
   8287.396      0.1057236    
   8288.248      0.1014359    
   8289.101      9.7414970E-02
   8289.952      9.3662240E-02
   8290.804      9.0156093E-02
   8291.656      8.6859100E-02
   8292.508      8.3719194E-02
   8293.359      8.0684513E-02
   8294.211      7.7714957E-02
   8295.063      7.4794725E-02
   8295.915      7.1934730E-02
   8296.767      6.9169477E-02
   8297.618      6.6534847E-02
   8298.470      6.4053819E-02
   8299.321      6.1728206E-02
   8300.173      5.9540428E-02
   8301.025      5.7468351E-02
   8301.877      5.5490304E-02
   8302.729      5.3583600E-02
   8303.580      5.1725619E-02
   8304.432      4.9893964E-02
   8305.283      4.8072454E-02
   8306.135      4.6259034E-02
   8306.986      4.4473171E-02
   8307.838      4.2748142E-02
   8308.689      4.1124046E-02
   8309.541      3.9635725E-02
   8310.392      3.8306333E-02
   8311.243      3.7144244E-02
   8312.095      3.6140833E-02
   8312.946      3.5272390E-02
   8313.798      3.4503166E-02
   8314.649      3.3795808E-02
   8315.501      3.3119582E-02
   8316.352      3.2455634E-02
   8317.203      3.1793129E-02
   8318.055      3.1123793E-02
   8318.906      3.0443348E-02
   8319.757      2.9754872E-02
   8320.608      2.9069196E-02
   8321.460      2.8400406E-02
   8322.311      2.7756754E-02
   8323.162      2.7135003E-02
   8324.014      2.6525687E-02
   8324.864      2.5918908E-02
   8325.716      2.5311533E-02
   8326.567      2.4711460E-02
   8327.418      2.4130231E-02
   8328.270      2.3579827E-02
   8329.120      2.3062075E-02
   8329.972      2.2564230E-02
   8330.822      2.2064658E-02
   8331.674      2.1543371E-02
   8332.524      2.0995907E-02
   8333.376      2.0434581E-02
   8334.227      1.9882390E-02
   8335.078      1.9358415E-02
   8335.929      1.8874208E-02
   8336.779      1.8435707E-02
   8337.631      1.8046577E-02
   8338.481      1.7706100E-02
   8339.332      1.7409988E-02
   8340.184      1.7143443E-02
   8341.034      1.6892077E-02
   8341.885      1.6650237E-02
   8342.736      1.6426234E-02
   8343.587      1.6238462E-02
   8344.438      1.6103968E-02
   8345.288      1.6022902E-02
   8346.140      1.5974112E-02
   8346.990      1.5913388E-02
   8347.841      1.5789168E-02
   8348.691      1.5560701E-02
   8349.542      1.5209612E-02
   8350.393      1.4753249E-02
   8351.243      1.4243898E-02
   8352.095      1.3755485E-02
   8352.945      1.3363075E-02
   8353.796      1.3115644E-02
   8354.646      1.3015782E-02
   8355.497      1.3019498E-02
   8356.348      1.3053277E-02
   8357.198      1.3045142E-02
   8358.049      1.2948256E-02
   8358.899      1.2756508E-02
   8359.750      1.2495615E-02
   8360.600      1.2209003E-02
   8361.450      1.1935053E-02
   8362.301      1.1692462E-02
   8363.151      1.1476337E-02
   8364.002      1.1267191E-02
   8364.853      1.1043777E-02
   8365.703      1.0799236E-02
   8366.553      1.0545267E-02
   8367.403      1.0307306E-02
   8368.254      1.0114500E-02
   8369.104      9.9836448E-03
   8369.954      9.9160029E-03
   8370.805      9.8978607E-03
   8371.655      9.9063581E-03
   8372.506      9.9173905E-03
   8373.355      9.9044694E-03
   8374.206      9.8431427E-03
   8375.057      9.7103799E-03
   8375.906      9.4916504E-03
   8376.757      9.1866748E-03
   8377.606      8.8135218E-03
   8378.457      8.4063569E-03
   8379.307      8.0089336E-03
   8380.157      7.6618632E-03
   8381.008      7.3917890E-03
   8381.857      7.2055217E-03
   8382.707      7.0935749E-03
   8383.558      7.0378236E-03
   8384.407      7.0226886E-03
   8385.258      7.0413123E-03
   8386.107      7.0961658E-03
   8386.958      7.1923425E-03
   8387.808      7.3273061E-03
   8388.657      7.4839368E-03
   8389.508      7.6306844E-03
   8390.357      7.7293003E-03
   8391.207      7.7498881E-03
   8392.058      7.6828236E-03
   8392.907      7.5426553E-03
   8393.757      7.3631452E-03
   8394.607      7.1851853E-03
   8395.457      7.0432061E-03
   8396.307      6.9536143E-03
   8397.156      6.9131940E-03
   8398.006      6.9007948E-03
   8398.855      6.8894331E-03
   8399.706      6.8559786E-03
   8400.556      6.7880414E-03
   8401.405      6.6851992E-03
   8402.255      6.5606465E-03
   8403.104      6.4328490E-03
   8403.954      6.3205916E-03
   8404.804      6.2346957E-03
   8405.653      6.1742146E-03
   8406.503      6.1273864E-03
   8407.353      6.0785003E-03
   8408.202      6.0169254E-03
   8409.052      5.9431572E-03
   8409.901      5.8682701E-03
   8410.751      5.8107181E-03
   8411.601      5.7844007E-03
   8412.450      5.7901088E-03
   8413.300      5.8144438E-03
   8414.149      5.8396566E-03
   8414.998      5.8541037E-03
   8415.848      5.8545326E-03
   8416.697      5.8412864E-03
   8417.547      5.8085183E-03
   8418.396      5.7441555E-03
   8419.245      5.6384332E-03
   8420.095      5.4918495E-03
   8420.944      5.3177020E-03
   8421.794      5.1405649E-03
   8422.643      4.9883798E-03
   8423.492      4.8871245E-03
   8424.342      4.8548556E-03
   8425.190      4.9032206E-03
   8426.040      5.0359964E-03
   8426.889      5.2509620E-03
   8427.738      5.5381814E-03
   8428.588      5.8774441E-03
   8429.437      6.2339245E-03
   8430.286      6.5680440E-03
   8431.135      6.8402421E-03
   8431.984      7.0179696E-03
   8432.833      7.0834048E-03
   8433.683      7.0368079E-03
   8434.531      6.8967710E-03
   8435.381      6.6991751E-03
   8436.229      6.4859376E-03
   8437.079      6.2929871E-03
   8437.928      6.1359303E-03
   8438.776      6.0099321E-03
   8439.626      5.8942591E-03
   8440.475      5.7631903E-03
   8441.323      5.5962238E-03
   8442.173      5.3835628E-03
   8443.021      5.1320517E-03
   8443.870      4.8634182E-03
   8444.719      4.6157194E-03
   8445.568      4.4310736E-03
   8446.417      4.3414426E-03
   8447.266      4.3535191E-03
   8448.114      4.4433661E-03
   8448.963      4.5639947E-03
   8449.813      4.6645193E-03
   8450.661      4.7043175E-03
   8451.510      4.6615247E-03
   8452.358      4.5355405E-03
   8453.207      4.3501942E-03
   8454.056      4.1487166E-03
   8454.904      3.9851088E-03
   8455.753      3.9036216E-03
   8456.602      3.9229663E-03
   8457.450      4.0256940E-03
   8458.299      4.1680955E-03
   8459.147      4.3007699E-03
   8459.996      4.3850811E-03
   8460.845      4.4080056E-03
   8461.693      4.3819165E-03
   8462.542      4.3355166E-03
   8463.391      4.2999466E-03
   8464.239      4.2947205E-03
   8465.088      4.3155379E-03
   8465.936      4.3384028E-03
   8466.784      4.3325410E-03
   8467.633      4.2725811E-03
   8468.481      4.1505876E-03
   8469.330      3.9743828E-03
   8470.178      3.7629050E-03
   8471.026      3.5360726E-03
   8471.875      3.3047169E-03
   8472.724      3.0693603E-03
   8473.571      2.8215076E-03
   8474.420      2.5560299E-03
   8475.269      2.2842942E-03
   8476.116      2.0399943E-03
   8476.965      1.8690914E-03
   8477.813      1.8059214E-03
   8478.661      1.8577469E-03
   8479.510      1.9973535E-03
   8480.357      2.1759276E-03
   8481.206      2.3413419E-03
   8482.054      2.4490177E-03
   8482.902      2.4677045E-03
   8483.750      2.3804719E-03
   8484.599      2.1838283E-03
   8485.446      1.8908904E-03
   8486.295      1.5339678E-03
   8487.143      1.1577080E-03
   8487.990      8.0879754E-04
   8488.839      5.2140886E-04
   8489.687      3.1106998E-04
   8490.534      1.7437570E-04
   8491.383      9.4889234E-05
   8492.230      5.3648862E-05
