   7279.372     -3.4829046E-04
   7280.238     -3.1411217E-04
   7281.104     -2.6110763E-04
   7281.971     -1.8239804E-04
   7282.837     -7.4097188E-05
   7283.704      6.0777558E-05
   7284.570      2.0997670E-04
   7285.437      3.5384399E-04
   7286.303      4.7045050E-04
   7287.169      5.4379943E-04
   7288.035      5.7172950E-04
   7288.902      5.6581077E-04
   7289.768      5.4766511E-04
   7290.634      5.3971435E-04
   7291.500      5.5562099E-04
   7292.367      5.9568015E-04
   7293.233      6.4958492E-04
   7294.099      7.0282782E-04
   7294.965      7.4580259E-04
   7295.832      7.7696081E-04
   7296.698      8.0119667E-04
   7297.564      8.2627084E-04
   7298.430      8.5821853E-04
   7299.296      8.9973636E-04
   7300.163      9.4937941E-04
   7301.029      1.0036789E-03
   7301.895      1.0589142E-03
   7302.761      1.1156216E-03
   7303.627      1.1767022E-03
   7304.493      1.2417668E-03
   7305.359      1.3055123E-03
   7306.225      1.3532676E-03
   7307.091      1.3669566E-03
   7307.957      1.3303866E-03
   7308.823      1.2352406E-03
   7309.689      1.0862194E-03
   7310.555      9.0331747E-04
   7311.421      7.1964704E-04
   7312.287      5.6927506E-04
   7313.153      4.7764831E-04
   7314.019      4.4795367E-04
   7314.884      4.6158690E-04
   7315.750      4.8647597E-04
   7316.616      4.9182435E-04
   7317.482      4.6247430E-04
   7318.348      4.0432264E-04
   7319.214      3.4010151E-04
   7320.080      2.9616227E-04
   7320.945      2.9114145E-04
   7321.811      3.2897029E-04
   7322.677      4.0008393E-04
   7323.542      4.8828789E-04
   7324.408      5.7535258E-04
   7325.274      6.4910774E-04
   7326.140      7.0359994E-04
   7327.005      7.4241107E-04
   7327.871      7.7351189E-04
   7328.737      8.0623542E-04
   7329.602      8.4734306E-04
   7330.468      8.9781272E-04
   7331.333      9.5310720E-04
   7332.199      1.0049744E-03
   7333.065      1.0463551E-03
   7333.930      1.0761673E-03
   7334.796      1.1004977E-03
   7335.661      1.1290142E-03
   7336.527      1.1682262E-03
   7337.393      1.2141058E-03
   7338.258      1.2534742E-03
   7339.124      1.2704543E-03
   7339.989      1.2549958E-03
   7340.854      1.2064032E-03
   7341.720      1.1339746E-03
   7342.585      1.0508414E-03
   7343.451      9.6997136E-04
   7344.316      9.0193481E-04
   7345.181      8.5391151E-04
   7346.047      8.2812156E-04
   7346.912      8.2275516E-04
   7347.777      8.3052454E-04
   7348.643      8.4135751E-04
   7349.508      8.4555539E-04
   7350.373      8.3868782E-04
   7351.239      8.2236622E-04
   7352.104      8.0519641E-04
   7352.969      7.9734303E-04
   7353.834      8.0742204E-04
   7354.700      8.3844777E-04
   7355.565      8.8793522E-04
   7356.430      9.4992388E-04
   7357.295      1.0154541E-03
   7358.160      1.0759357E-03
   7359.025      1.1239129E-03
   7359.891      1.1543431E-03
   7360.756      1.1622842E-03
   7361.621      1.1419777E-03
   7362.486      1.0876895E-03
   7363.351      9.9738780E-04
   7364.216      8.7817491E-04
   7365.081      7.5000629E-04
   7365.946      6.4015138E-04
   7366.811      5.7788182E-04
   7367.676      5.8405293E-04
   7368.541      6.6539255E-04
   7369.406      8.1014243E-04
   7370.271      9.9143060E-04
   7371.136      1.1720053E-03
   7372.001      1.3141512E-03
   7372.866      1.3896875E-03
   7373.730      1.3876454E-03
   7374.596      1.3147731E-03
   7375.460      1.1943482E-03
   7376.325      1.0590131E-03
   7377.190      9.4215194E-04
   7378.055      8.7106670E-04
   7378.920      8.6067320E-04
   7379.785      9.1008988E-04
   7380.649      1.0039919E-03
   7381.514      1.1173928E-03
   7382.379      1.2251750E-03
   7383.244      1.3107493E-03
   7384.108      1.3689176E-03
   7384.973      1.4052133E-03
   7385.838      1.4279465E-03
   7386.703      1.4434857E-03
   7387.567      1.4539477E-03
   7388.432      1.4563963E-03
   7389.296      1.4437208E-03
   7390.161      1.4103471E-03
   7391.026      1.3540221E-03
   7391.890      1.2786431E-03
   7392.755      1.1932231E-03
   7393.620      1.1077352E-03
   7394.484      1.0304512E-03
   7395.349      9.6712302E-04
   7396.213      9.2079939E-04
   7397.078      8.9103205E-04
   7397.942      8.7302405E-04
   7398.807      8.5939106E-04
   7399.671      8.4283669E-04
   7400.536      8.2330289E-04
   7401.400      8.0830825E-04
   7402.264      8.1136386E-04
   7403.129      8.4466377E-04
   7403.993      9.1115158E-04
   7404.857      1.0022357E-03
   7405.722      1.1012619E-03
   7406.586      1.1898184E-03
   7407.451      1.2566043E-03
   7408.315      1.2974157E-03
   7409.179      1.3136921E-03
   7410.043      1.3107280E-03
   7410.908      1.2954259E-03
   7411.772      1.2755211E-03
   7412.636      1.2596152E-03
   7413.500      1.2547087E-03
   7414.365      1.2680016E-03
   7415.229      1.3042865E-03
   7416.093      1.3641090E-03
   7416.957      1.4423782E-03
   7417.821      1.5258015E-03
   7418.686      1.5950745E-03
   7419.550      1.6293128E-03
   7420.414      1.6142796E-03
   7421.278      1.5468370E-03
   7422.142      1.4394056E-03
   7423.006      1.3192793E-03
   7423.870      1.2197312E-03
   7424.734      1.1705708E-03
   7425.598      1.1884244E-03
   7426.462      1.2714426E-03
   7427.326      1.4020065E-03
   7428.190      1.5504842E-03
   7429.054      1.6847067E-03
   7429.918      1.7784676E-03
   7430.782      1.8218114E-03
   7431.646      1.8233457E-03
   7432.510      1.8063335E-03
   7433.374      1.7958182E-03
   7434.238      1.8071135E-03
   7435.102      1.8409299E-03
   7435.965      1.8851296E-03
   7436.830      1.9227202E-03
   7437.693      1.9385680E-03
   7438.557      1.9212047E-03
   7439.421      1.8653267E-03
   7440.285      1.7731978E-03
   7441.148      1.6538682E-03
   7442.012      1.5228702E-03
   7442.876      1.3990566E-03
   7443.740      1.2972688E-03
   7444.604      1.2268577E-03
   7445.467      1.1894067E-03
   7446.331      1.1839040E-03
   7447.194      1.2095560E-03
   7448.058      1.2669598E-03
   7448.922      1.3575807E-03
   7449.785      1.4764250E-03
   7450.649      1.6125353E-03
   7451.513      1.7458046E-03
   7452.376      1.8524773E-03
   7453.240      1.9130959E-03
   7454.103      1.9173016E-03
   7454.967      1.8684823E-03
   7455.830      1.7820745E-03
   7456.694      1.6809752E-03
   7457.557      1.5906437E-03
   7458.421      1.5317177E-03
   7459.284      1.5143792E-03
   7460.147      1.5357753E-03
   7461.011      1.5841641E-03
   7461.875      1.6475624E-03
   7462.738      1.7181665E-03
   7463.602      1.7912249E-03
   7464.465      1.8621951E-03
   7465.328      1.9223599E-03
   7466.191      1.9640261E-03
   7467.055      1.9865695E-03
   7467.918      1.9971696E-03
   7468.781      2.0093105E-03
   7469.645      2.0333983E-03
   7470.508      2.0739515E-03
   7471.371      2.1267161E-03
   7472.234      2.1825130E-03
   7473.098      2.2329905E-03
   7473.961      2.2746406E-03
   7474.824      2.3088739E-03
   7475.688      2.3395070E-03
   7476.551      2.3696607E-03
   7477.414      2.3994471E-03
   7478.277      2.4270543E-03
   7479.140      2.4508047E-03
   7480.003      2.4695850E-03
   7480.866      2.4836010E-03
   7481.729      2.4946241E-03
   7482.592      2.5062480E-03
   7483.456      2.5219636E-03
   7484.318      2.5445924E-03
   7485.182      2.5737092E-03
   7486.044      2.6052876E-03
   7486.908      2.6339830E-03
   7487.771      2.6569976E-03
   7488.634      2.6756134E-03
   7489.497      2.6928186E-03
   7490.359      2.7106565E-03
   7491.223      2.7288420E-03
   7492.085      2.7473175E-03
   7492.948      2.7705987E-03
   7493.811      2.8098293E-03
   7494.674      2.8755912E-03
   7495.537      2.9720254E-03
   7496.400      3.0879215E-03
   7497.263      3.1998989E-03
   7498.125      3.2802795E-03
   7498.988      3.3086247E-03
   7499.851      3.2812888E-03
   7500.714      3.2098247E-03
   7501.577      3.1150528E-03
   7502.439      3.0179301E-03
   7503.302      2.9315499E-03
   7504.165      2.8599612E-03
   7505.027      2.8018632E-03
   7505.890      2.7569805E-03
   7506.753      2.7286003E-03
   7507.615      2.7217725E-03
   7508.478      2.7375612E-03
   7509.341      2.7652932E-03
   7510.203      2.7847628E-03
   7511.066      2.7749464E-03
   7511.929      2.7269421E-03
   7512.791      2.6525552E-03
   7513.654      2.5830751E-03
   7514.516      2.5548520E-03
   7515.379      2.5927904E-03
   7516.241      2.6978371E-03
   7517.104      2.8466748E-03
   7517.966      3.0032273E-03
   7518.829      3.1351340E-03
   7519.691      3.2276162E-03
   7520.554      3.2841330E-03
   7521.416      3.3223166E-03
   7522.278      3.3637290E-03
   7523.141      3.4267404E-03
   7524.003      3.5226920E-03
   7524.866      3.6551862E-03
   7525.728      3.8169576E-03
   7526.590      3.9923042E-03
   7527.453      4.1602417E-03
   7528.315      4.3024761E-03
   7529.177      4.4101449E-03
   7530.040      4.4856397E-03
   7530.902      4.5376965E-03
   7531.764      4.5734025E-03
   7532.626      4.5930422E-03
   7533.488      4.5898925E-03
   7534.351      4.5580994E-03
   7535.213      4.4973157E-03
   7536.075      4.4209985E-03
   7536.937      4.3509570E-03
   7537.799      4.3096025E-03
   7538.662      4.3106638E-03
   7539.523      4.3526301E-03
   7540.386      4.4214176E-03
   7541.248      4.4980678E-03
   7542.110      4.5702774E-03
   7542.972      4.6372390E-03
   7543.834      4.7076792E-03
   7544.696      4.7928300E-03
   7545.558      4.8965393E-03
   7546.420      5.0117495E-03
   7547.282      5.1235133E-03
   7548.144      5.2150879E-03
   7549.006      5.2752970E-03
   7549.868      5.3008315E-03
   7550.730      5.2968976E-03
   7551.592      5.2727917E-03
   7552.454      5.2416748E-03
   7553.315      5.2177007E-03
   7554.178      5.2135270E-03
   7555.040      5.2374359E-03
   7555.901      5.2903360E-03
   7556.763      5.3655449E-03
   7557.625      5.4515200E-03
   7558.487      5.5387444E-03
   7559.349      5.6226738E-03
   7560.210      5.7067457E-03
   7561.072      5.8006723E-03
   7561.934      5.9173685E-03
   7562.795      6.0668755E-03
   7563.657      6.2514949E-03
   7564.519      6.4627733E-03
   7565.380      6.6858348E-03
   7566.242      6.9061369E-03
   7567.104      7.1150060E-03
   7567.966      7.3101167E-03
   7568.827      7.4899453E-03
   7569.689      7.6504252E-03
   7570.550      7.7892607E-03
   7571.412      7.9092681E-03
   7572.273      8.0242855E-03
   7573.135      8.1544137E-03
   7573.997      8.3140722E-03
   7574.858      8.5041197E-03
   7575.720      8.7103005E-03
   7576.581      8.9112120E-03
   7577.443      9.0896683E-03
   7578.304      9.2395013E-03
   7579.166      9.3666892E-03
   7580.027      9.4840396E-03
   7580.889      9.6037388E-03
   7581.750      9.7344508E-03
   7582.611      9.8794317E-03
   7583.473      1.0039375E-02
   7584.334      1.0214554E-02
   7585.195      1.0404416E-02
   7586.057      1.0608466E-02
   7586.918      1.0826045E-02
   7587.779      1.1057860E-02
   7588.641      1.1306171E-02
   7589.502      1.1570098E-02
   7590.363      1.1842542E-02
   7591.225      1.2109817E-02
   7592.086      1.2359524E-02
   7592.947      1.2590711E-02
   7593.808      1.2817840E-02
   7594.669      1.3062668E-02
   7595.531      1.3343273E-02
   7596.392      1.3663073E-02
   7597.253      1.4013866E-02
   7598.114      1.4382030E-02
   7598.975      1.4758368E-02
   7599.836      1.5141374E-02
   7600.697      1.5530081E-02
   7601.559      1.5920157E-02
   7602.419      1.6300093E-02
   7603.281      1.6655222E-02
   7604.142      1.6977716E-02
   7605.002      1.7271694E-02
   7605.864      1.7555442E-02
   7606.725      1.7855812E-02
   7607.585      1.8198486E-02
   7608.447      1.8599747E-02
   7609.308      1.9059742E-02
   7610.168      1.9563474E-02
   7611.029      2.0089621E-02
   7611.890      2.0621140E-02
   7612.751      2.1153728E-02
   7613.612      2.1697868E-02
   7614.473      2.2272078E-02
   7615.334      2.2893971E-02
   7616.195      2.3572005E-02
   7617.056      2.4305154E-02
   7617.917      2.5083631E-02
   7618.777      2.5894137E-02
   7619.638      2.6724648E-02
   7620.499      2.7567262E-02
   7621.359      2.8421417E-02
   7622.220      2.9294299E-02
   7623.081      3.0199496E-02
   7623.941      3.1152196E-02
   7624.802      3.2162610E-02
   7625.663      3.3234131E-02
   7626.523      3.4363236E-02
   7627.384      3.5545353E-02
   7628.245      3.6778692E-02
   7629.105      3.8069684E-02
   7629.966      3.9432965E-02
   7630.827      4.0890552E-02
   7631.688      4.2465765E-02
   7632.548      4.4172842E-02
   7633.408      4.6011724E-02
   7634.269      4.7968041E-02
   7635.129      5.0018631E-02
   7635.990      5.2135773E-02
   7636.851      5.4297693E-02
   7637.711      5.6495510E-02
   7638.571      5.8740653E-02
   7639.432      6.1064482E-02
   7640.292      6.3510314E-02
   7641.153      6.6114902E-02
   7642.013      6.8898261E-02
   7642.874      7.1858592E-02
   7643.734      7.4985437E-02
   7644.594      7.8274392E-02
   7645.455      8.1743315E-02
   7646.315      8.5432827E-02
   7647.175      8.9394763E-02
   7648.036      9.3672939E-02
   7648.896      9.8288052E-02
   7649.756      0.1032359    
   7650.616      0.1085007    
   7651.477      0.1140736    
   7652.337      0.1199643    
   7653.197      0.1262020    
   7654.057      0.1328215    
   7654.917      0.1398461    
   7655.777      0.1472723    
   7656.638      0.1550719    
   7657.498      0.1632101    
   7658.358      0.1716721    
   7659.218      0.1804823    
   7660.078      0.1897009    
   7660.938      0.1993980    
   7661.798      0.2096295    
   7662.658      0.2204086    
   7663.519      0.2317103    
   7664.378      0.2434859    
   7665.238      0.2556984    
   7666.099      0.2683503    
   7666.958      0.2814952    
   7667.818      0.2952175    
   7668.678      0.3095872    
   7669.538      0.3246188    
   7670.398      0.3402563    
   7671.258      0.3563894    
   7672.118      0.3729035    
   7672.978      0.3897124    
   7673.838      0.4067683    
   7674.698      0.4240449    
   7675.558      0.4415089    
   7676.417      0.4591057    
   7677.277      0.4767695    
   7678.137      0.4944388    
   7678.997      0.5120576    
   7679.856      0.5295603    
   7680.716      0.5468505    
   7681.576      0.5637973    
   7682.436      0.5802664    
   7683.295      0.5961611    
   7684.155      0.6114467    
   7685.015      0.6261277    
   7685.875      0.6402115    
   7686.734      0.6536701    
   7687.594      0.6664464    
   7688.453      0.6784789    
   7689.313      0.6897470    
   7690.172      0.7002857    
   7691.032      0.7101663    
   7691.892      0.7194744    
   7692.751      0.7282649    
   7693.611      0.7365492    
   7694.470      0.7442941    
   7695.330      0.7514505    
   7696.189      0.7579845    
   7697.049      0.7639077    
   7697.908      0.7692823    
   7698.768      0.7741877    
   7699.627      0.7786807    
   7700.486      0.7827686    
   7701.346      0.7864121    
   7702.205      0.7895764    
   7703.064      0.7922857    
   7703.924      0.7946585    
   7704.783      0.7968728    
   7705.643      0.7991021    
   7706.502      0.8014403    
   7707.361      0.8038763    
   7708.221      0.8063060    
   7709.080      0.8085905    
   7709.939      0.8106102    
   7710.798      0.8122928    
   7711.658      0.8136324    
   7712.517      0.8146800    
   7713.376      0.8155384    
   7714.235      0.8163369    
   7715.094      0.8172038    
   7715.954      0.8182225    
   7716.813      0.8194064    
   7717.672      0.8206881    
   7718.531      0.8219448    
   7719.390      0.8230358    
   7720.249      0.8238527    
   7721.108      0.8243448    
   7721.967      0.8245281    
   7722.826      0.8244689    
   7723.686      0.8242603    
   7724.544      0.8240074    
   7725.403      0.8238173    
   7726.262      0.8237894    
   7727.121      0.8240077    
   7727.980      0.8245119    
   7728.839      0.8252729    
   7729.698      0.8261902    
   7730.557      0.8271169    
   7731.416      0.8278992    
   7732.275      0.8284177    
   7733.134      0.8286144    
   7733.993      0.8285009    
   7734.852      0.8281590    
   7735.710      0.8277118    
   7736.569      0.8272877    
   7737.428      0.8269634    
   7738.287      0.8267352    
   7739.146      0.8265259    
   7740.004      0.8262366    
   7740.863      0.8257838    
   7741.722      0.8251452    
   7742.580      0.8243562    
   7743.439      0.8234945    
   7744.298      0.8226460    
   7745.156      0.8218905    
   7746.015      0.8212687    
   7746.874      0.8207887    
   7747.732      0.8204290    
   7748.591      0.8201486    
   7749.450      0.8198846    
   7750.308      0.8195590    
   7751.167      0.8190820    
   7752.025      0.8183917    
   7752.884      0.8174866    
   7753.742      0.8164442    
   7754.601      0.8153995    
   7755.459      0.8144892    
   7756.318      0.8137940    
   7757.176      0.8133100    
   7758.035      0.8129636    
   7758.893      0.8126518    
   7759.751      0.8122955    
   7760.610      0.8118507    
   7761.468      0.8113059    
   7762.327      0.8106650    
   7763.185      0.8099413    
   7764.043      0.8091542    
   7764.902      0.8083609    
   7765.760      0.8076448    
   7766.618      0.8071008    
   7767.477      0.8067918    
   7768.335      0.8067128    
   7769.193      0.8067775    
   7770.051      0.8068458    
   7770.910      0.8067669    
   7771.768      0.8064268    
   7772.626      0.8057613    
   7773.484      0.8047529    
   7774.342      0.8034200    
   7775.201      0.8018045    
   7776.059      0.7999471    
   7776.917      0.7978842    
   7777.775      0.7956347    
   7778.633      0.7931925    
   7779.491      0.7905219    
   7780.349      0.7875638    
   7781.208      0.7842286    
   7782.065      0.7804161    
   7782.923      0.7760308    
   7783.781      0.7709870    
   7784.639      0.7652295    
   7785.498      0.7587267    
   7786.355      0.7514796    
   7787.213      0.7435182    
   7788.071      0.7348952    
   7788.929      0.7256555    
   7789.787      0.7158108    
   7790.645      0.7053341    
   7791.503      0.6941700    
   7792.361      0.6822595    
   7793.219      0.6695673    
   7794.077      0.6560898    
   7794.934      0.6418608    
   7795.792      0.6269389    
   7796.650      0.6113911    
   7797.508      0.5952818    
   7798.365      0.5786632    
   7799.223      0.5615808    
   7800.081      0.5441065    
   7800.938      0.5263539    
   7801.796      0.5084761    
   7802.654      0.4906307    
   7803.512      0.4729310    
   7804.370      0.4554228    
   7805.227      0.4380931    
   7806.085      0.4209151    
   7806.942      0.4038841    
   7807.800      0.3870484    
   7808.658      0.3705002    
   7809.515      0.3543458    
   7810.373      0.3386705    
   7811.230      0.3235161    
   7812.088      0.3088748    
   7812.945      0.2947198    
   7813.803      0.2810326    
   7814.660      0.2678132    
   7815.518      0.2550878    
   7816.375      0.2428833    
   7817.233      0.2312152    
   7818.090      0.2200862    
   7818.948      0.2094911    
   7819.805      0.1994241    
   7820.663      0.1898807    
   7821.520      0.1808540    
   7822.377      0.1723273    
   7823.234      0.1642786    
   7824.092      0.1566797    
   7824.949      0.1494965    
   7825.807      0.1426939    
   7826.664      0.1362351    
   7827.521      0.1300896    
   7828.378      0.1242405    
   7829.235      0.1186873    
   7830.093      0.1134320    
   7830.950      0.1084691    
   7831.807      0.1037726    
   7832.665      9.9301450E-02
   7833.521      9.5022231E-02
   7834.379      9.0925395E-02
   7835.236      8.7036364E-02
   7836.093      8.3401598E-02
   7836.950      8.0057107E-02
   7837.807      7.7009186E-02
   7838.665      7.4225068E-02
   7839.521      7.1648575E-02
   7840.378      6.9220401E-02
   7841.235      6.6895112E-02
   7842.093      6.4639464E-02
   7842.950      6.2428202E-02
   7843.807      6.0236346E-02
   7844.664      5.8044899E-02
   7845.521      5.5854112E-02
   7846.377      5.3695247E-02
   7847.234      5.1627953E-02
   7848.091      4.9719065E-02
   7848.948      4.8018038E-02
   7849.805      4.6535198E-02
   7850.662      4.5239348E-02
   7851.519      4.4072691E-02
   7852.376      4.2969953E-02
   7853.232      4.1877571E-02
   7854.089      4.0768091E-02
   7854.946      3.9637037E-02
   7855.803      3.8496681E-02
   7856.660      3.7361428E-02
   7857.517      3.6246300E-02
   7858.374      3.5165049E-02
   7859.230      3.4135491E-02
   7860.087      3.3178955E-02
   7860.943      3.2313518E-02
   7861.800      3.1543575E-02
   7862.657      3.0854875E-02
   7863.514      3.0216353E-02
   7864.370      2.9595492E-02
   7865.227      2.8973496E-02
   7866.083      2.8351163E-02
   7866.940      2.7740546E-02
   7867.797      2.7150797E-02
   7868.653      2.6577400E-02
   7869.510      2.6003789E-02
   7870.367      2.5415214E-02
   7871.223      2.4811337E-02
   7872.080      2.4205513E-02
   7872.936      2.3616388E-02
   7873.792      2.3058197E-02
   7874.649      2.2534821E-02
   7875.505      2.2044424E-02
   7876.362      2.1584099E-02
   7877.218      2.1155918E-02
   7878.075      2.0765206E-02
   7878.931      2.0417755E-02
   7879.788      2.0111769E-02
   7880.644      1.9836280E-02
   7881.500      1.9571988E-02
   7882.357      1.9295724E-02
   7883.213      1.8993769E-02
   7884.069      1.8668005E-02
   7884.926      1.8339038E-02
   7885.782      1.8038958E-02
   7886.638      1.7795322E-02
   7887.495      1.7618079E-02
   7888.351      1.7492794E-02
   7889.207      1.7379973E-02
   7890.063      1.7230760E-02
   7890.919      1.7003246E-02
   7891.776      1.6677937E-02
   7892.632      1.6269172E-02
   7893.488      1.5823023E-02
   7894.344      1.5398770E-02
   7895.200      1.5046905E-02
   7896.057      1.4787394E-02
   7896.913      1.4606364E-02
   7897.769      1.4465378E-02
   7898.625      1.4325581E-02
   7899.481      1.4161585E-02
   7900.337      1.3970257E-02
   7901.193      1.3760865E-02
   7902.049      1.3541261E-02
   7902.905      1.3314478E-02
   7903.761      1.3078190E-02
   7904.617      1.2834203E-02
   7905.473      1.2596205E-02
   7906.329      1.2386720E-02
   7907.185      1.2224048E-02
   7908.041      1.2112509E-02
   7908.896      1.2036338E-02
   7909.752      1.1968111E-02
   7910.608      1.1881625E-02
   7911.464      1.1763351E-02
   7912.320      1.1615249E-02
   7913.176      1.1452800E-02
   7914.032      1.1291618E-02
   7914.887      1.1140542E-02
   7915.743      1.0998506E-02
   7916.599      1.0859541E-02
   7917.455      1.0718336E-02
   7918.311      1.0576302E-02
   7919.166      1.0437418E-02
   7920.022      1.0306175E-02
   7920.877      1.0183668E-02
   7921.733      1.0068281E-02
   7922.589      9.9601885E-03
   7923.445      9.8646609E-03
   7924.300      9.7890776E-03
   7925.156      9.7385030E-03
   7926.012      9.7064152E-03
   7926.867      9.6719507E-03
   7927.723      9.6058240E-03
   7928.578      9.4820997E-03
   7929.434      9.2927609E-03
   7930.290      9.0517979E-03
   7931.145      8.7926798E-03
   7932.000      8.5547306E-03
   7932.856      8.3723674E-03
   7933.711      8.2632080E-03
   7934.567      8.2232617E-03
   7935.422      8.2291067E-03
   7936.278      8.2428874E-03
   7937.133      8.2271155E-03
   7937.989      8.1606843E-03
   7938.844      8.0426605E-03
   7939.699      7.8903772E-03
   7940.555      7.7253943E-03
   7941.410      7.5604757E-03
   7942.266      7.3925732E-03
   7943.121      7.2088237E-03
   7943.976      6.9971480E-03
   7944.832      6.7594610E-03
   7945.687      6.5129432E-03
   7946.542      6.2872740E-03
   7947.397      6.1127380E-03
   7948.252      6.0072229E-03
   7949.108      5.9724497E-03
   7949.963      5.9917942E-03
   7950.818      6.0375743E-03
   7951.673      6.0788481E-03
   7952.528      6.0926038E-03
   7953.384      6.0710907E-03
   7954.239      6.0254410E-03
   7955.094      5.9806318E-03
   7955.949      5.9629534E-03
   7956.804      5.9903604E-03
   7957.659      6.0656215E-03
   7958.514      6.1732684E-03
   7959.369      6.2856735E-03
   7960.224      6.3710096E-03
   7961.080      6.4050602E-03
   7961.934      6.3780146E-03
   7962.790      6.2941140E-03
   7963.645      6.1645014E-03
   7964.499      6.0013505E-03
   7965.354      5.8118403E-03
   7966.209      5.6020971E-03
   7967.064      5.3815749E-03
   7967.919      5.1651220E-03
   7968.774      4.9729683E-03
   7969.629      4.8258998E-03
   7970.483      4.7342889E-03
   7971.338      4.6917545E-03
   7972.193      4.6726349E-03
   7973.048      4.6389531E-03
   7973.903      4.5535634E-03
   7974.758      4.3999865E-03
   7975.612      4.1911770E-03
   7976.467      3.9699427E-03
   7977.322      3.7892407E-03
   7978.177      3.6892260E-03
   7979.031      3.6786089E-03
   7979.886      3.7347609E-03
   7980.741      3.8195741E-03
   7981.596      3.8989135E-03
   7982.450      3.9541996E-03
   7983.305      3.9799674E-03
   7984.160      3.9760550E-03
   7985.014      3.9424980E-03
   7985.869      3.8820987E-03
   7986.723      3.8064092E-03
   7987.578      3.7376434E-03
   7988.433      3.7025018E-03
   7989.287      3.7217846E-03
   7990.142      3.7975034E-03
   7990.996      3.9110151E-03
   7991.851      4.0316945E-03
   7992.705      4.1323616E-03
   7993.560      4.2000259E-03
   7994.414      4.2361883E-03
   7995.269      4.2467043E-03
   7996.123      4.2329617E-03
   7996.977      4.1875048E-03
   7997.832      4.1006659E-03
   7998.686      3.9708433E-03
   7999.541      3.8122528E-03
   8000.395      3.6502860E-03
   8001.249      3.5125292E-03
   8002.104      3.4172821E-03
   8002.958      3.3677642E-03
   8003.812      3.3538009E-03
   8004.667      3.3573003E-03
   8005.521      3.3618459E-03
   8006.375      3.3571252E-03
   8007.229      3.3404960E-03
   8008.083      3.3171528E-03
   8008.938      3.2980058E-03
   8009.792      3.2973739E-03
   8010.646      3.3266351E-03
   8011.500      3.3857545E-03
   8012.354      3.4577488E-03
   8013.208      3.5129993E-03
   8014.063      3.5218198E-03
   8014.917      3.4678662E-03
   8015.771      3.3588065E-03
   8016.625      3.2215088E-03
   8017.479      3.0898221E-03
   8018.333      2.9870085E-03
   8019.187      2.9170292E-03
   8020.041      2.8649049E-03
   8020.895      2.8086521E-03
   8021.749      2.7348292E-03
   8022.603      2.6468863E-03
   8023.457      2.5663537E-03
   8024.311      2.5199105E-03
   8025.165      2.5245952E-03
   8026.019      2.5765977E-03
   8026.873      2.6514209E-03
   8027.727      2.7135513E-03
   8028.581      2.7341528E-03
   8029.434      2.7030215E-03
   8030.288      2.6314603E-03
   8031.142      2.5430957E-03
   8031.996      2.4634155E-03
   8032.850      2.4106607E-03
   8033.703      2.3959177E-03
   8034.557      2.4206012E-03
   8035.411      2.4799320E-03
   8036.265      2.5621427E-03
   8037.118      2.6539098E-03
   8037.972      2.7410251E-03
   8038.826      2.8115378E-03
   8039.680      2.8568213E-03
   8040.533      2.8703951E-03
   8041.387      2.8478208E-03
   8042.240      2.7844515E-03
   8043.094      2.6798865E-03
   8043.948      2.5415467E-03
   8044.801      2.3884764E-03
   8045.655      2.2493149E-03
   8046.508      2.1560059E-03
   8047.362      2.1282984E-03
   8048.216      2.1666468E-03
   8049.069      2.2517047E-03
   8049.923      2.3543546E-03
   8050.776      2.4482757E-03
   8051.630      2.5184595E-03
   8052.483      2.5605871E-03
   8053.336      2.5777281E-03
   8054.190      2.5757169E-03
   8055.043      2.5656018E-03
   8055.897      2.5634912E-03
   8056.750      2.5887806E-03
   8057.604      2.6559872E-03
   8058.457      2.7666313E-03
   8059.311      2.9025532E-03
   8060.164      3.0311181E-03
   8061.017      3.1182785E-03
   8061.871      3.1408402E-03
   8062.724      3.0978543E-03
   8063.577      3.0080136E-03
   8064.430      2.8985848E-03
   8065.284      2.7923919E-03
   8066.137      2.7005558E-03
   8066.990      2.6211499E-03
   8067.843      2.5459148E-03
   8068.696      2.4665461E-03
   8069.550      2.3803918E-03
   8070.403      2.2901499E-03
   8071.256      2.2046906E-03
   8072.109      2.1353238E-03
   8072.962      2.0942192E-03
   8073.815      2.0876622E-03
   8074.668      2.1134010E-03
   8075.521      2.1581810E-03
   8076.375      2.2036922E-03
   8077.228      2.2352377E-03
   8078.081      2.2523573E-03
   8078.934      2.2651430E-03
   8079.787      2.2877236E-03
   8080.640      2.3269914E-03
   8081.493      2.3748013E-03
   8082.346      2.4115283E-03
   8083.199      2.4165560E-03
   8084.051      2.3795555E-03
   8084.904      2.3062171E-03
   8085.757      2.2161345E-03
   8086.610      2.1322239E-03
   8087.463      2.0720584E-03
   8088.316      2.0415597E-03
   8089.169      2.0383368E-03
   8090.021      2.0545691E-03
   8090.875      2.0868089E-03
   8091.727      2.1363008E-03
   8092.580      2.2075863E-03
   8093.433      2.2992757E-03
   8094.286      2.3959815E-03
   8095.138      2.4690733E-03
   8095.991      2.4882904E-03
   8096.844      2.4356446E-03
   8097.697      2.3183238E-03
   8098.549      2.1647473E-03
   8099.402      2.0134393E-03
   8100.254      1.8981164E-03
   8101.107      1.8364238E-03
   8101.960      1.8273103E-03
   8102.813      1.8537515E-03
   8103.665      1.8902447E-03
   8104.518      1.9085247E-03
   8105.370      1.8858517E-03
   8106.223      1.8084026E-03
   8107.075      1.6773618E-03
   8107.928      1.5085510E-03
   8108.780      1.3337819E-03
   8109.633      1.1887436E-03
   8110.485      1.1039402E-03
   8111.338      1.0931279E-03
   8112.190      1.1504741E-03
   8113.043      1.2596980E-03
   8113.896      1.3989955E-03
   8114.748      1.5472762E-03
   8115.600      1.6843129E-03
   8116.453      1.7897572E-03
   8117.305      1.8475839E-03
   8118.157      1.8513949E-03
   8119.010      1.8084388E-03
   8119.862      1.7372946E-03
   8120.714      1.6612561E-03
   8121.566      1.6015032E-03
   8122.419      1.5735481E-03
   8123.271      1.5874479E-03
   8124.124      1.6462398E-03
   8124.976      1.7425545E-03
   8125.828      1.8569825E-03
   8126.680      1.9644236E-03
   8127.532      2.0441485E-03
   8128.384      2.0917389E-03
   8129.237      2.1159842E-03
   8130.089      2.1285482E-03
   8130.941      2.1313492E-03
   8131.793      2.1105814E-03
   8132.645      2.0494314E-03
   8133.497      1.9397656E-03
   8134.349      1.7898550E-03
   8135.201      1.6220211E-03
   8136.053      1.4614076E-03
   8136.905      1.3249827E-03
   8137.757      1.2149515E-03
   8138.609      1.1216245E-03
   8139.461      1.0300707E-03
   8140.313      9.2988356E-04
   8141.166      8.1970613E-04
   8142.018      7.0726697E-04
   8142.869      6.0402404E-04
   8143.721      5.2000053E-04
   8144.573      4.5908376E-04
   8145.425      4.1998914E-04
   8146.277      3.9760888E-04
   8147.129      3.8605358E-04
   8147.981      3.8085534E-04
   8148.833      3.7875667E-04
   8149.685      3.7777584E-04
   8150.536      3.7765768E-04
   8151.388      3.7759996E-04
   8152.240      3.7759996E-04
   8153.092      3.7759996E-04
   8153.943      3.7759996E-04
   8154.795      3.7759996E-04
   8155.647      3.7759996E-04
   8156.499      3.7759996E-04
   8157.350      3.7759996E-04
   8158.202      3.7759996E-04
