   3891.306      1.8658830E-02
   3896.371      2.0551978E-02
   3901.436      2.2742718E-02
   3906.501      2.5223898E-02
   3911.567      2.8034555E-02
   3916.633      3.1257883E-02
   3921.699      3.4995634E-02
   3926.765      3.9352585E-02
   3931.832      4.4441786E-02
   3936.898      5.0391823E-02
   3941.965      5.7364348E-02
   3947.032      6.5538809E-02
   3952.100      7.5097017E-02
   3957.167      8.6186215E-02
   3962.235      9.8914988E-02
   3967.303      0.1133360    
   3972.371      0.1294675    
   3977.440      0.1473061    
   3982.508      0.1668121    
   3987.577      0.1878808    
   3992.646      0.2103103    
   3997.716      0.2338008    
   4002.785      0.2579679    
   4007.855      0.2823675    
   4012.925      0.3064926    
   4017.995      0.3297568    
   4023.065      0.3515124    
   4028.136      0.3710813    
   4033.207      0.3878601    
   4038.278      0.4014236    
   4043.349      0.4116088    
   4048.421      0.4185365    
   4053.493      0.4225399    
   4058.565      0.4240697    
   4063.637      0.4236015    
   4068.709      0.4216076    
   4073.782      0.4185219    
   4078.855      0.4147130    
   4083.928      0.4104264    
   4089.001      0.4057596    
   4094.074      0.4007039    
   4099.148      0.3952112    
   4104.222      0.3892642    
   4109.296      0.3828669    
   4114.371      0.3760061    
   4119.445      0.3685944    
   4124.520      0.3604741    
   4129.595      0.3514611    
   4134.670      0.3414166    
   4139.746      0.3303026    
   4144.822      0.3181646    
   4149.897      0.3050939    
   4154.974      0.2911899    
   4160.050      0.2765528    
   4165.126      0.2613075    
   4170.204      0.2456245    
   4175.280      0.2297161    
   4180.358      0.2138179    
   4185.435      0.1981690    
   4190.513      0.1829887    
   4195.591      0.1684567    
   4200.669      0.1546997    
   4205.747      0.1417898    
   4210.826      0.1297473    
   4215.904      0.1185529    
   4220.983      0.1081712    
   4226.063      9.8556720E-02
   4231.142      8.9664854E-02
   4236.222      8.1453554E-02
   4241.302      7.3888168E-02
   4246.382      6.6942506E-02
   4251.462      6.0607795E-02
   4256.542      5.4885659E-02
   4261.624      4.9778387E-02
   4266.705      4.5272231E-02
   4271.786      4.1329194E-02
   4276.867      3.7885137E-02
   4281.949      3.4860037E-02
   4287.030      3.2172728E-02
   4292.112      2.9750429E-02
   4297.195      2.7538421E-02
   4302.277      2.5503179E-02
   4307.360      2.3630885E-02
   4312.443      2.1921111E-02
   4317.526      2.0373663E-02
   4322.609      1.8982833E-02
   4327.693      1.7732419E-02
   4332.777      1.6601006E-02
   4337.861      1.5566246E-02
   4342.945      1.4610173E-02
   4348.030      1.3718787E-02
   4353.115      1.2883787E-02
   4358.200      1.2100911E-02
   4363.285      1.1372098E-02
   4368.370      1.0703215E-02
   4373.456      1.0096490E-02
   4378.542      9.5447954E-03
   4383.627      9.0295812E-03
   4388.714      8.5292393E-03
   4393.800      8.0291396E-03
   4398.887      7.5305370E-03
   4403.974      7.0503731E-03
   4409.061      6.6125561E-03
   4414.148      6.2357872E-03
   4419.236      5.9254868E-03
   4424.324      5.6720651E-03
   4429.412      5.4565598E-03
   4434.500      5.2578035E-03
   4439.588      5.0602402E-03
   4444.677      4.8565711E-03
   4449.766      4.6476806E-03
   4454.855      4.4380440E-03
   4459.944      4.2335605E-03
   4465.034      4.0391241E-03
   4470.124      3.8582184E-03
   4475.213      3.6921836E-03
   4480.304      3.5401366E-03
   4485.394      3.3999232E-03
   4490.485      3.2688950E-03
   4495.576      3.1454002E-03
   4500.667      3.0287614E-03
   4505.758      2.9185223E-03
   4510.850      2.8124314E-03
   4515.941      2.7053826E-03
   4521.033      2.5902635E-03
   4526.125      2.4612453E-03
   4531.218      2.3172591E-03
   4536.311      2.1643396E-03
   4541.403      2.0140605E-03
   4546.497      1.8801289E-03
   4551.590      1.7723043E-03
   4556.683      1.6943415E-03
   4561.777      1.6434073E-03
   4566.871      1.6118840E-03
   4571.965      1.5904197E-03
   4577.060      1.5703348E-03
   4582.154      1.5450888E-03
   4587.249      1.5120562E-03
   4592.344      1.4725027E-03
   4597.439      1.4303190E-03
   4602.535      1.3898180E-03
   4607.630      1.3535285E-03
   4612.726      1.3205991E-03
   4617.822      1.2887531E-03
   4622.919      1.2563907E-03
   4628.015      1.2237531E-03
   4633.112      1.1926529E-03
   4638.209      1.1640928E-03
   4643.306      1.1370083E-03
   4648.404      1.1087883E-03
   4653.501      1.0776250E-03
   4658.600      1.0446151E-03
   4663.698      1.0136074E-03
   4668.796      9.8831055E-04
   4673.895      9.7007118E-04
   4678.993      9.5668511E-04
   4684.092      9.4375986E-04
   4689.191      9.2742714E-04
   4694.291      9.0605370E-04
   4699.391      8.8022003E-04
   4704.490      8.5214589E-04
   4709.590      8.2423916E-04
   4714.691      7.9847954E-04
   4719.792      7.7660359E-04
   4724.892      7.6053303E-04
   4729.993      7.5166184E-04
   4735.094      7.5033092E-04
   4740.196      7.5529091E-04
   4745.297      7.6367287E-04
   4750.399      7.7152619E-04
   4755.501      7.7480113E-04
   4760.604      7.7002792E-04
   4765.706      7.5562566E-04
   4770.809      7.3295448E-04
   4775.912      7.0627232E-04
   4781.015      6.8118959E-04
   4786.118      6.6184509E-04
   4791.222      6.4893143E-04
   4796.326      6.3908071E-04
   4801.430      6.2710821E-04
   4806.534      6.0884090E-04
   4811.639      5.8338256E-04
   4816.743      5.5312470E-04
   4821.848      5.2277761E-04
   4826.953      4.9720093E-04
   4832.059      4.8010965E-04
   4837.164      4.7417817E-04
   4842.270      4.8045095E-04
   4847.376      4.9821555E-04
   4852.482      5.2449672E-04
   4857.589      5.5432395E-04
   4862.696      5.8192399E-04
   4867.802      6.0218404E-04
   4872.910      6.1205582E-04
   4878.017      6.1084784E-04
   4883.125      6.0009595E-04
   4888.232      5.8216898E-04
   4893.340      5.5961160E-04
   4898.449      5.3413532E-04
   4903.557      5.0707848E-04
   4908.666      4.7979862E-04
   4913.774      4.5427794E-04
   4918.884      4.3291444E-04
   4923.993      4.1799160E-04
   4929.103      4.1070482E-04
   4934.212      4.1027335E-04
   4939.322      4.1430001E-04
   4944.433      4.1955084E-04
   4949.543      4.2353244E-04
   4954.653      4.2589262E-04
   4959.764      4.2789537E-04
   4964.875      4.3090610E-04
   4969.987      4.3454167E-04
   4975.098      4.3648470E-04
   4980.210      4.3306639E-04
   4985.322      4.2137181E-04
   4990.434      4.0095276E-04
   4995.547      3.7393358E-04
   5000.659      3.4486555E-04
   5005.772      3.1845921E-04
   5010.885      2.9825288E-04
   5015.999      2.8512793E-04
   5021.112      2.7808177E-04
   5026.226      2.7509715E-04
   5031.340      2.7472698E-04
   5036.454      2.7615449E-04
   5041.568      2.7851254E-04
   5046.683      2.8085470E-04
   5051.797      2.8226362E-04
   5056.913      2.8315576E-04
   5062.028      2.8493683E-04
   5067.144      2.8912289E-04
   5072.259      2.9557821E-04
   5077.375      3.0220242E-04
   5082.491      3.0563166E-04
   5087.607      3.0315144E-04
   5092.724      2.9427771E-04
   5097.841      2.8065033E-04
   5102.958      2.6530653E-04
   5108.075      2.5143413E-04
   5113.192      2.4126895E-04
   5118.310      2.3583407E-04
   5123.428      2.3505941E-04
   5128.546      2.3851018E-04
   5133.665      2.4587094E-04
   5138.783      2.5741989E-04
   5143.902      2.7343503E-04
   5149.021      2.9378975E-04
   5154.140      3.1693777E-04
   5159.259      3.3980323E-04
   5164.379      3.5847179E-04
   5169.499      3.6902752E-04
   5174.619      3.6920371E-04
   5179.739      3.5866204E-04
   5184.860      3.3934470E-04
   5189.981      3.1414497E-04
   5195.102      2.8615666E-04
   5200.223      2.5792143E-04
   5205.344      2.3174941E-04
   5210.466      2.1043322E-04
   5215.588      1.9712852E-04
   5220.710      1.9435785E-04
   5225.832      2.0237335E-04
   5230.955      2.1799580E-04
   5236.078      2.3536477E-04
   5241.201      2.4789601E-04
   5246.324      2.5107805E-04
   5251.447      2.4397668E-04
   5256.571      2.2922571E-04
   5261.694      2.1132617E-04
   5266.818      1.9483846E-04
   5271.943      1.8235785E-04
   5277.067      1.7428296E-04
   5282.192      1.6916738E-04
   5287.317      1.6521548E-04
   5292.442      1.6121182E-04
   5297.567      1.5694578E-04
   5302.693      1.5287219E-04
   5307.819      1.4923830E-04
   5312.945      1.4588804E-04
   5318.071      1.4259103E-04
   5323.198      1.3932520E-04
   5328.324      1.3676443E-04
   5333.451      1.3586388E-04
   5338.578      1.3732778E-04
   5343.706      1.4121202E-04
   5348.833      1.4669039E-04
   5353.961      1.5236156E-04
   5359.089      1.5653475E-04
   5364.217      1.5772092E-04
   5369.346      1.5471570E-04
   5374.475      1.4691503E-04
   5379.603      1.3477003E-04
   5384.732      1.1984120E-04
   5389.862      1.0496831E-04
   5394.991      9.3451745E-05
   5400.121      8.8040273E-05
   5405.251      5.1205534E-05
   5410.381      5.1129049E-05
   5415.512      5.1052564E-05
   5420.642      5.0976076E-05
   5425.773      5.0899591E-05
   5430.904      5.0823102E-05
   5436.036      5.0746617E-05
   5441.167      5.0670133E-05
   5446.299      5.0593644E-05
   5451.431      5.0517159E-05
   5456.563      5.0440671E-05
   5461.695      5.0364186E-05
   5466.828      5.0287701E-05
   5471.961      5.0211213E-05
   5477.094      5.0134728E-05
   5482.227      5.0058239E-05
   5487.361      4.9981754E-05
   5492.495      4.9905269E-05
   5497.628      4.9828781E-05
   5502.762      4.9752296E-05
   5507.897      4.9675808E-05
   5513.031      4.9599323E-05
   5518.167      4.9522834E-05
   5523.301      4.9446349E-05
   5528.437      4.9369864E-05
   5533.572      4.9293376E-05
   5538.708      4.9216891E-05
   5543.844      4.9140403E-05
   5548.980      4.9063918E-05
   5554.116      4.8987433E-05
   5559.253      4.8910944E-05
   5564.390      4.8834459E-05
   5569.526      4.8757971E-05
   5574.664      4.8681486E-05
   5579.801      4.8605001E-05
   5584.939      4.8528513E-05
   5590.077      4.8452028E-05
   5595.215      4.8375539E-05
   5600.354      4.8299054E-05
   5605.492      4.8222570E-05
   5610.631      4.8146081E-05
   5615.770      4.8069596E-05
   5620.909      4.7993108E-05
   5626.048      4.7916623E-05
   5631.188      4.7840138E-05
   5636.328      4.7763649E-05
   5641.468      4.7687165E-05
   5646.608      4.7610676E-05
   5651.749      4.7534191E-05
   5656.890      4.7457706E-05
   5662.031      4.7381218E-05
   5667.172      4.7304733E-05
   5672.313      4.7228245E-05
   5677.455      4.7151760E-05
   5682.597      4.7075275E-05
   5687.739      4.6998786E-05
   5692.881      4.6922301E-05
   5698.023      4.6845813E-05
   5703.166      4.6769328E-05
   5708.309      4.6692843E-05
   5713.452      4.6616355E-05
   5718.596      4.6539870E-05
   5723.739      4.6463381E-05
   5728.883      4.6386896E-05
   5734.027      4.6310412E-05
   5739.171      4.6233923E-05
   5744.316      4.6157438E-05
   5749.461      4.6080950E-05
   5754.605      4.6004465E-05
   5759.751      4.5927980E-05
   5764.896      4.5851491E-05
   5770.042      4.5775007E-05
   5775.188      4.5698518E-05
   5780.333      4.5622033E-05
   5785.480      4.5545548E-05
   5790.626      4.5469060E-05
   5795.773      4.5392575E-05
   5800.920      4.5316086E-05
   5806.067      4.5239602E-05
   5811.214      4.5163117E-05
   5816.362      4.5086628E-05
   5821.510      4.5010143E-05
   5826.658      4.4933655E-05
   5831.806      4.4857170E-05
   5836.955      4.4780685E-05
   5842.103      4.4704197E-05
   5847.252      4.4627712E-05
   5852.401      4.4551223E-05
   5857.550      4.4474738E-05
   5862.700      4.4398254E-05
   5867.850      4.4321765E-05
   5873.000      4.4245280E-05
   5878.150      4.4168792E-05
   5883.300      4.4092307E-05
   5888.451      4.4015822E-05
   5893.602      4.3939333E-05
   5898.753      4.3862849E-05
   5903.904      4.3786360E-05
   5909.056      4.3709875E-05
   5914.208      4.3633390E-05
   5919.359      4.3556902E-05
   5924.512      4.3480413E-05
   5929.664      4.3403928E-05
   5934.817      4.3327444E-05
   5939.970      4.3250955E-05
   5945.123      4.3174470E-05
   5950.276      4.3097982E-05
   5955.430      4.3021497E-05
   5960.583      4.2945012E-05
   5965.737      4.2868523E-05
   5970.891      4.2792039E-05
   5976.046      4.2715550E-05
   5981.200      4.2639065E-05
   5986.355      4.2562580E-05
   5991.510      4.2486092E-05
   5996.666      4.2409607E-05
   6001.821      4.2333118E-05
   6006.977      4.2256634E-05
   6012.132      4.2180149E-05
   6017.289      4.2103660E-05
   6022.445      4.2027175E-05
   6027.602      4.1950687E-05
   6032.758      4.1874202E-05
   6037.916      4.1797717E-05
   6043.073      4.1721229E-05
   6048.230      4.1644744E-05
   6053.388      4.1568255E-05
   6058.545      4.1491770E-05
   6063.704      4.1415286E-05
   6068.862      4.1338797E-05
   6074.021      4.1262312E-05
   6079.180      4.1185824E-05
   6084.338      4.1109339E-05
   6089.498      4.1032854E-05
   6094.657      4.0956365E-05
   6099.817      4.0879881E-05
   6104.977      4.0803392E-05
   6110.137      4.0726907E-05
   6115.297      4.0650422E-05
   6120.458      4.0573934E-05
   6125.618      4.0497449E-05
   6130.779      4.0420960E-05
   6135.940      4.0344476E-05
   6141.102      4.0267991E-05
   6146.264      4.0191502E-05
   6151.426      4.0115017E-05
   6156.587      4.0038529E-05
   6161.750      3.9962044E-05
   6166.913      3.9885559E-05
   6172.075      3.9809071E-05
   6177.238      3.9732586E-05
   6182.401      3.9656097E-05
   6187.564      3.9579612E-05
   6192.728      3.9503127E-05
   6197.892      3.9426639E-05
   6203.056      3.9350154E-05
   6208.220      3.9273666E-05
   6213.385      3.9197181E-05
   6218.550      3.9120696E-05
   6223.714      3.9044207E-05
   6228.880      3.8967723E-05
   6234.045      3.8891234E-05
   6239.210      3.8814749E-05
   6244.376      3.8738264E-05
   6249.542      3.8661776E-05
   6254.709      3.8585291E-05
   6259.875      3.8508802E-05
   6265.042      3.8432318E-05
   6270.209      3.8355833E-05
   6275.376      3.8279344E-05
   6280.543      3.8202859E-05
   6285.711      3.8126371E-05
   6290.878      3.8049886E-05
   6296.047      3.7973397E-05
   6301.215      3.7896913E-05
   6306.383      3.7820428E-05
   6311.552      3.7743939E-05
   6316.721      3.7667454E-05
   6321.890      3.7590966E-05
   6327.059      3.7514481E-05
   6332.229      3.7437996E-05
   6337.398      3.7361508E-05
   6342.569      3.7285023E-05
   6347.739      3.7208534E-05
   6352.909      3.7132049E-05
   6358.080      3.7055564E-05
   6363.251      3.6979076E-05
   6368.422      3.6902591E-05
   6373.593      3.6826103E-05
   6378.765      3.6749618E-05
   6383.937      3.6673133E-05
   6389.108      3.6596644E-05
   6394.280      3.6520159E-05
   6399.453      3.6443671E-05
   6404.625      3.6367186E-05
   6409.798      3.6290701E-05
   6414.972      3.6214213E-05
   6420.145      3.6137728E-05
   6425.318      3.6061239E-05
   6430.492      3.5984755E-05
   6435.666      3.5908270E-05
   6440.840      3.5831781E-05
   6446.015      3.5755296E-05
   6451.189      3.5678808E-05
   6456.364      3.5602323E-05
   6461.539      3.5525838E-05
   6466.714      3.5449350E-05
   6471.890      3.5372865E-05
   6477.065      3.5296376E-05
   6482.241      3.5219891E-05
   6487.417      3.5143406E-05
   6492.594      3.5066918E-05
   6497.771      3.4990433E-05
   6502.947      3.4913945E-05
   6508.125      3.4837460E-05
   6513.302      3.4760975E-05
   6518.479      3.4684486E-05
   6523.657      3.4608001E-05
   6528.834      3.4531513E-05
   6534.013      3.4455028E-05
   6539.191      3.4378543E-05
   6544.370      3.4302055E-05
   6549.548      3.4225570E-05
   6554.728      3.4149081E-05
   6559.907      3.4072596E-05
   6565.086      3.3996112E-05
   6570.266      3.3919623E-05
   6575.446      3.3843138E-05
   6580.625      3.3766650E-05
   6585.806      3.3690165E-05
   6590.986      3.3613680E-05
   6596.167      3.3537191E-05
   6601.348      3.3460707E-05
   6606.529      3.3384218E-05
   6611.711      3.3307733E-05
   6616.893      3.3231248E-05
   6622.074      3.3154760E-05
   6627.256      3.3078275E-05
   6632.439      3.3001787E-05
   6637.621      3.2925302E-05
   6642.804      3.2848817E-05
   6647.987      3.2772328E-05
   6653.170      3.2695843E-05
   6658.354      3.2619355E-05
   6663.537      3.2542870E-05
   6668.721      3.2466385E-05
   6673.905      3.2389897E-05
   6679.089      3.2313412E-05
   6684.273      3.2236923E-05
   6689.458      3.2160438E-05
   6694.644      3.2083954E-05
   6699.829      3.2007465E-05
   6705.014      3.1930980E-05
   6710.200      3.1854492E-05
   6715.385      3.1778007E-05
   6720.571      3.1701522E-05
   6725.758      3.1625033E-05
   6730.944      3.1548549E-05
   6736.131      3.1472060E-05
   6741.317      3.1395575E-05
   6746.505      3.1319087E-05
   6751.692      3.1242602E-05
   6756.880      3.1166117E-05
   6762.067      3.1089628E-05
   6767.256      3.1013144E-05
   6772.444      3.0936655E-05
   6777.632      3.0860170E-05
   6782.821      3.0783685E-05
   6788.010      3.0707197E-05
   6793.199      3.0630712E-05
   6798.388      3.0554223E-05
   6803.578      3.0477739E-05
   6808.768      3.0401254E-05
   6813.958      3.0324765E-05
   6819.147      3.0248280E-05
   6824.338      3.0171792E-05
   6829.529      3.0095307E-05
   6834.720      3.0018822E-05
   6839.911      2.9942334E-05
   6845.102      2.9865849E-05
   6850.293      2.9789360E-05
   6855.485      2.9712875E-05
   6860.677      2.9636391E-05
   6865.869      2.9559902E-05
   6871.062      2.9483417E-05
   6876.254      2.9406929E-05
   6881.447      2.9330444E-05
   6886.640      2.9253959E-05
   6891.834      2.9177470E-05
   6897.027      2.9100986E-05
   6902.221      2.9024497E-05
   6907.415      2.8948012E-05
   6912.609      2.8871527E-05
   6917.803      2.8795039E-05
   6922.998      2.8718554E-05
   6928.193      2.8642065E-05
   6933.388      2.8565581E-05
   6938.583      2.8489096E-05
   6943.778      2.8412607E-05
   6948.975      2.8336122E-05
   6954.170      2.8259634E-05
   6959.367      2.8183149E-05
   6964.563      2.8106664E-05
   6969.759      2.8030176E-05
   6974.956      2.7953691E-05
   6980.153      2.7877202E-05
   6985.351      2.7800717E-05
   6990.548      2.7724232E-05
   6995.746      2.7647744E-05
   7000.943      2.7571259E-05
   7006.142      2.7494771E-05
   7011.340      2.7418286E-05
   7016.539      2.7341801E-05
   7021.737      2.7265312E-05
   7026.937      2.7188828E-05
   7032.135      2.7112339E-05
   7037.335      2.7035854E-05
   7042.535      2.6959369E-05
   7047.734      2.6882881E-05
   7052.935      2.6806396E-05
   7058.135      2.6729907E-05
   7063.335      2.6653423E-05
   7068.536      2.6576938E-05
   7073.737      2.6500449E-05
   7078.938      2.6423964E-05
   7084.140      2.6347476E-05
   7089.341      2.6270991E-05
   7094.543      2.6194506E-05
   7099.745      2.6118018E-05
   7104.948      2.6041533E-05
   7110.150      2.5965044E-05
   7115.353      2.5888559E-05
   7120.556      2.5812074E-05
   7125.759      2.5735586E-05
   7130.962      2.5659101E-05
   7136.166      2.5582613E-05
   7141.370      2.5506128E-05
   7146.574      2.5429643E-05
   7151.778      2.5353154E-05
   7156.982      2.5276669E-05
   7162.188      2.5200181E-05
   7167.392      2.5123696E-05
   7172.598      2.5047208E-05
   7177.803      2.4970723E-05
   7183.008      2.4894238E-05
   7188.214      2.4817749E-05
   7193.420      2.4741264E-05
   7198.626      2.4664776E-05
   7203.833      2.4588291E-05
   7209.040      2.4511806E-05
   7214.247      2.4435318E-05
   7219.454      2.4358833E-05
   7224.661      2.4282344E-05
   7229.869      2.4205860E-05
   7235.076      2.4129375E-05
   7240.285      2.4052886E-05
   7245.493      2.3976401E-05
   7250.701      2.3899913E-05
   7255.910      2.3823428E-05
   7261.119      2.3746943E-05
   7266.328      2.3670455E-05
   7271.537      2.3593970E-05
   7276.747      2.3517481E-05
   7281.956      2.3440996E-05
   7287.167      2.3364511E-05
   7292.376      2.3288023E-05
   7297.587      2.3211538E-05
   7302.798      2.3135050E-05
   7308.009      2.3058565E-05
   7313.220      2.2982080E-05
   7318.431      2.2905591E-05
   7323.643      2.2829106E-05
   7328.854      2.2752618E-05
   7334.066      2.2676133E-05
   7339.278      2.2599648E-05
   7344.491      2.2523160E-05
   7349.703      2.2446675E-05
   7354.917      2.2370186E-05
   7360.129      2.2293701E-05
   7365.343      2.2217217E-05
   7370.556      2.2140728E-05
   7375.770      2.2064243E-05
   7380.984      2.1987755E-05
   7386.198      2.1911270E-05
   7391.412      2.1834785E-05
   7396.627      2.1758296E-05
   7401.842      2.1681812E-05
   7407.057      2.1605323E-05
   7412.272      2.1528838E-05
   7417.487      2.1452353E-05
   7422.703      2.1375865E-05
   7427.919      2.1299380E-05
   7433.135      2.1222892E-05
   7438.352      2.1146407E-05
   7443.568      2.1069922E-05
   7448.785      2.0993433E-05
   7454.002      2.0916948E-05
   7459.219      2.0840460E-05
   7464.437      2.0763975E-05
   7469.654      2.0687490E-05
   7474.872      2.0611002E-05
   7480.090      2.0534517E-05
   7485.309      2.0458028E-05
   7490.527      2.0381543E-05
   7495.746      2.0305059E-05
   7500.965      2.0228570E-05
   7506.184      2.0152085E-05
   7511.404      2.0075597E-05
   7516.624      1.9999112E-05
   7521.843      1.9922627E-05
   7527.063      1.9846138E-05
   7532.284      1.9769654E-05
   7537.504      1.9693165E-05
   7542.725      1.9616680E-05
   7547.946      1.9540195E-05
   7553.167      1.9463707E-05
   7558.389      1.9387222E-05
   7563.610      1.9310733E-05
   7568.832      1.9234249E-05
   7574.054      1.9157764E-05
   7579.277      1.9081275E-05
   7584.499      1.9004790E-05
   7589.722      1.8928302E-05
   7594.945      1.8851817E-05
   7600.168      1.8775332E-05
   7605.391      1.8698844E-05
   7610.615      1.8622359E-05
   7615.839      1.8545870E-05
   7621.063      1.8469385E-05
   7626.287      1.8392897E-05
   7631.511      1.8316412E-05
   7636.736      1.8239927E-05
   7641.961      1.8163439E-05
   7647.187      1.8086954E-05
   7652.412      1.8010465E-05
   7657.638      1.7933980E-05
   7662.863      1.7857496E-05
   7668.089      1.7781007E-05
   7673.315      1.7704522E-05
   7678.542      1.7628034E-05
   7683.769      1.7551549E-05
   7688.996      1.7475064E-05
   7694.223      1.7398575E-05
   7699.450      1.7322091E-05
   7704.678      1.7245602E-05
   7709.905      1.7169117E-05
   7715.133      1.7092632E-05
   7720.361      1.7016144E-05
   7725.590      1.6939659E-05
   7730.819      1.6863170E-05
   7736.048      1.6786686E-05
   7741.277      1.6710201E-05
   7746.506      1.6633712E-05
   7751.736      1.6557227E-05
   7756.965      1.6480739E-05
   7762.195      1.6404254E-05
   7767.425      1.6327769E-05
   7772.656      1.6251281E-05
   7777.887      1.6174796E-05
   7783.118      1.6098307E-05
   7788.349      1.6021822E-05
   7793.580      1.5945338E-05
   7798.812      1.5868849E-05
   7804.043      1.5792364E-05
   7809.275      1.5715876E-05
   7814.507      1.5639391E-05
   7819.740      1.5562906E-05
   7824.972      1.5486417E-05
   7830.205      1.5409933E-05
   7835.438      1.5333444E-05
   7840.672      1.5256959E-05
   7845.905      1.5180474E-05
   7851.139      1.5103986E-05
   7856.373      1.5027501E-05
   7861.607      1.4951012E-05
   7866.841      1.4874528E-05
   7872.076      1.4798043E-05
   7877.311      1.4721554E-05
   7882.545      1.4645069E-05
   7887.781      1.4568581E-05
   7893.016      1.4492096E-05
   7898.252      1.4415611E-05
   7903.488      1.4339123E-05
   7908.724      1.4262638E-05
   7913.960      1.4186149E-05
   7919.197      1.4109664E-05
   7924.434      1.4033179E-05
   7929.671      1.3956691E-05
   7934.908      1.3880206E-05
   7940.146      1.3803718E-05
   7945.383      1.3727233E-05
   7950.621      1.3650748E-05
   7955.859      1.3574259E-05
   7961.098      1.3497774E-05
   7966.336      1.3421286E-05
   7971.575      1.3344801E-05
   7976.814      1.3268316E-05
   7982.053      1.3191828E-05
   7987.293      1.3115343E-05
   7992.532      1.3038854E-05
   7997.772      1.2962366E-05
   8003.012      1.2885881E-05
   8008.253      1.2809396E-05
   8013.493      1.2732911E-05
   8018.734      1.2656426E-05
   8023.975      1.2579934E-05
   8029.216      1.2503449E-05
   8034.458      1.2426965E-05
   8039.699      1.2350480E-05
   8044.941      1.2273995E-05
   8050.183      1.2197503E-05
   8055.425      1.2121018E-05
   8060.668      1.2044533E-05
   8065.911      1.1968048E-05
   8071.153      1.1891563E-05
   8076.397      1.1815071E-05
   8081.640      1.1738586E-05
   8086.884      1.1662101E-05
   8092.127      1.1585616E-05
   8097.372      1.1509132E-05
   8102.616      1.1432639E-05
   8107.860      1.1356155E-05
   8113.105      1.1279670E-05
   8118.350      1.1203185E-05
   8123.595      1.1126700E-05
   8128.840      1.1050208E-05
   8134.086      1.0973723E-05
   8139.332      1.0897238E-05
   8144.578      1.0820753E-05
   8149.824      1.0744268E-05
   8155.071      1.0667776E-05
   8160.317      1.0591291E-05
   8165.564      1.0514806E-05
   8170.812      1.0438322E-05
   8176.059      1.0361837E-05
   8181.307      1.0285345E-05
   8186.554      1.0208860E-05
   8191.802      1.0132375E-05
   8197.051      1.0055890E-05
   8202.299      9.9794051E-06
   8207.548      9.9029130E-06
   8212.797      9.8264281E-06
   8218.046      9.7499433E-06
   8223.295      9.6734584E-06
   8228.545      9.5969735E-06
   8233.794      9.5204814E-06
   8239.045      9.4439965E-06
   8244.295      9.3675117E-06
   8249.545      9.2910268E-06
   8254.796      9.2145419E-06
   8260.047      9.1380498E-06
   8265.298      9.0615649E-06
   8270.549      8.9850801E-06
   8275.801      8.9085952E-06
   8281.053      8.8321103E-06
   8286.305      8.7556182E-06
   8291.557      8.6791333E-06
   8296.809      8.6026484E-06
   8302.062      8.5261636E-06
   8307.314      8.4496787E-06
   8312.567      8.3731866E-06
   8317.820      8.2967017E-06
   8323.074      8.2202168E-06
   8328.328      8.1437320E-06
   8333.582      8.0672471E-06
   8338.836      7.9907550E-06
   8344.091      7.9142701E-06
   8349.345      7.8377852E-06
   8354.600      7.7613004E-06
   8359.855      7.6848155E-06
   8365.110      7.6083234E-06
   8370.365      7.5318385E-06
   8375.621      7.4553536E-06
   8380.877      7.3788688E-06
   8386.134      7.3023839E-06
   8391.390      7.2258917E-06
   8396.646      7.1494069E-06
   8401.903      7.0729220E-06
   8407.160      6.9964372E-06
   8412.417      6.9199523E-06
   8417.675      6.8434601E-06
   8422.933      6.7669753E-06
   8428.190      6.6904904E-06
   8433.448      6.6140055E-06
   8438.707      6.5375207E-06
   8443.966      6.4610285E-06
   8449.224      6.3845437E-06
   8454.483      6.3080588E-06
   8459.742      6.2315739E-06
   8465.002      6.1550891E-06
   8470.262      6.0785969E-06
   8475.521      6.0021121E-06
   8480.781      5.9256272E-06
   8486.042      5.8491423E-06
   8491.303      5.7726575E-06
   8496.563      5.6961653E-06
   8501.824      5.6196805E-06
   8507.085      5.5431956E-06
   8512.347      5.4667107E-06
   8517.608      5.3902259E-06
   8522.870      5.3137337E-06
   8528.132      5.2372488E-06
   8533.395      5.1607640E-06
   8538.657      5.0842791E-06
   8543.920      5.0077942E-06
   8549.183      4.9313021E-06
   8554.446      4.8548172E-06
   8559.709      4.7783324E-06
   8564.974      4.7018475E-06
   8570.237      4.6253626E-06
   8575.501      4.5488705E-06
   8580.766      4.4723856E-06
   8586.029      4.3959008E-06
   8591.295      4.3194159E-06
   8596.560      4.2429310E-06
   8601.824      4.1664389E-06
   8607.090      4.0899540E-06
   8612.355      4.0134692E-06
   8617.621      3.9369843E-06
   8622.888      3.8604994E-06
   8628.153      3.7840073E-06
   8633.420      3.7075224E-06
   8638.687      3.6310375E-06
   8643.953      3.5545527E-06
   8649.221      3.4780678E-06
   8654.488      3.4015757E-06
   8659.756      3.3250908E-06
   8665.023      3.2486059E-06
   8670.292      3.1721211E-06
   8675.560      3.0956362E-06
   8680.828      3.0191441E-06
   8686.097      2.9426592E-06
   8691.366      2.8661743E-06
   8696.635      2.7896895E-06
   8701.904      2.7132046E-06
   8707.174      2.6367125E-06
   8712.443      2.5602276E-06
   8717.714      2.4837427E-06
   8722.983      2.4072579E-06
   8728.254      2.3307730E-06
   8733.524      2.2542808E-06
   8738.796      2.1777960E-06
   8744.066      2.1013111E-06
   8749.338      2.0248262E-06
   8754.609      1.9483341E-06
   8759.882      1.8718492E-06
   8765.153      1.7953644E-06
   8770.426      1.7188795E-06
   8775.698      1.6423946E-06
   8780.971      1.5659025E-06
   8786.243      1.4894176E-06
   8791.517      1.4129328E-06
   8796.790      1.3364479E-06
   8802.063      1.2599630E-06
   8807.337      1.1834709E-06
   8812.610      1.1069860E-06
   8817.885      1.0305012E-06
   8823.159      9.5401629E-07
   8828.435      8.7753142E-07
   8833.709      8.0103928E-07
   8838.984      7.2455441E-07
   8844.259      6.4806954E-07
   8849.534      5.7158468E-07
   8854.811      4.9509981E-07
   8860.086      4.1860767E-07
   8865.362      3.4212280E-07
   8870.639      2.6563794E-07
   8875.915      1.8915307E-07
   8881.192      1.1266820E-07
   8886.470      3.6176061E-08
   8891.746     -4.0308805E-08
   8897.024     -1.1679367E-07
   8902.302     -1.9327854E-07
   8907.580     -2.6976340E-07
   8912.857     -3.4625555E-07
   8918.136     -4.2274041E-07
   8923.415     -4.9922528E-07
   8928.693     -5.7571015E-07
   8933.973     -6.5219501E-07
   8939.251     -7.2868716E-07
   8944.531     -8.0517202E-07
   8949.811     -8.8165689E-07
   8955.091     -9.5814175E-07
   8960.370     -1.0346266E-06
   8965.651     -1.1111188E-06
   8970.932     -1.1876036E-06
   8976.213     -1.2640885E-06
   8981.493     -1.3405734E-06
   8986.774     -1.4170582E-06
   8992.056     -1.4935504E-06
   8997.337     -1.5700352E-06
   9002.619     -1.6465201E-06
   9007.901     -1.7230050E-06
   9013.184     -1.7994898E-06
   9018.466     -1.8759820E-06
   9023.749     -1.9524668E-06
   9029.032     -2.0289517E-06
   9034.315     -2.1054366E-06
   9039.599     -2.1819214E-06
   9044.882     -2.2584136E-06
   9050.166     -2.3348985E-06
   9055.450     -2.4113833E-06
   9060.734     -2.4878682E-06
   9066.019     -2.5643531E-06
   9071.304     -2.6408452E-06
   9076.588     -2.7173301E-06
   9081.874     -2.7938149E-06
   9087.159     -2.8702998E-06
   9092.444     -2.9467847E-06
   9097.730     -3.0232768E-06
   9103.017     -3.0997617E-06
   9108.303     -3.1762465E-06
   9113.589     -3.2527314E-06
   9118.876     -3.3292163E-06
   9124.162     -3.4057084E-06
   9129.450     -3.4821933E-06
   9134.737     -3.5586781E-06
   9140.024     -3.6351630E-06
   9145.313     -3.7116479E-06
   9150.601     -3.7881400E-06
   9155.889     -3.8646249E-06
   9161.178     -3.9411098E-06
   9166.466     -4.0175946E-06
   9171.755     -4.0940795E-06
   9177.044     -4.1705716E-06
   9182.333     -4.2470565E-06
   9187.623     -4.3235414E-06
