500		0.000598606
499.5		0.000609068
499		0.000614531
498.5		0.000557577
498		0.000597528
497.5		0.000671473
497		0.000742643
496.5		0.000721965
496		0.000673821
495.5		0.000665844
495		0.000644068
494.5		0.000696308
494		0.000762576
493.5		0.000702281
493		0.000676358
492.5		0.000621502
492		0.000677172
491.5		0.000670458
491		0.00063219
490.5		0.000680092
490		0.000541836
489.5		0.000521104
489		0.000532695
488.5		0.000463692
488		0.000546272
487.5		0.000490463
487		0.00045443
486.5		0.000533775
486		0.000393112
485.5		0.000484351
485		0.000474866
484.5		0.000382201
484		0.00040495
483.5		0.000508094
483		0.000385741
482.5		0.000412598
482		0.000366967
481.5		0.000289176
481		0.000343048
480.5		0.000410646
480		0.000323766
479.5		0.000400589
479		0.000332221
478.5		0.000314107
478		0.000343514
477.5		0.00030648
477		0.000287866
476.5		0.000212209
476		0.000227069
475.5		0.000292057
475		0.000182871
474.5		0.000172619
474		0.000147112
473.5		0.0003645
473		0.000267699
472.5		0.000131845
472		0.000327444
471.5		0.000248367
471		0.000228683
470.5		0.000251041
470		0.00025438
469.5		0.000179143
469		0.000233819
468.5		0.000141234
468		0.000350725
467.5		0.000270946
467		0.000197437
466.5		0.000197256
466		0.000159703
465.5		0.000219793
465		0.000289693
464.5		0.000231762
464		0.000199655
463.5		0.000270351
463		0.00023093
462.5		0.000165247
462		0.000188696
461.5		0.000333637
461		0.000259099
460.5		0.000331521
460		0.000276772
459.5		0.000234
459		0.000246469
458.5		0.000315611
458		0.00022521
457.5		7.58E-05
457		0.000226895
456.5		0.000243768
456		0.000166302
455.5		0.00019804
455		0.000260545
454.5		0.000335431
454		0.000150678
453.5		0.00023457
453		0.000281487
452.5		0.000216015
452		0.000199038
451.5		0.000223831
451		0.000204197
450.5		0.000343641
450		0.000261286
449.5		0.000221357
449		0.000160372
448.5		0.000257246
448		0.000239134
447.5		0.000141274
447		0.00012881
446.5		0.000250431
446		0.000219986
445.5		0.000308206
445		0.000280176
444.5		0.000308843
444		0.000255606
443.5		0.000280911
443		4.91E-05
442.5		0.000283827
442		0.00012203
441.5		0.000183022
441		0.000223957
440.5		0.000153247
440		0.000328251
439.5		0.000162412
439		0.000331072
438.5		0.000231799
438		0.000282439
437.5		0.000262193
437		0.000193475
436.5		0.000139961
436		0.000230355
435.5		0.000365093
435		0.000282805
434.5		0.000337128
434		0.000251455
433.5		0.00020013
433		0.000270692
432.5		0.000314845
432		0.000354627
431.5		0.000177153
431		0.000319302
430.5		0.000279219
430		0.000241377
429.5		0.000282881
429		0.000250257
428.5		0.000275585
428		0.000194428
427.5		0.000275348
427		0.000217027
426.5		0.000168942
426		0.000241495
425.5		0.000200468
425		0.000318966
424.5		0.000160557
424		0.000254762
423.5		0.000196547
423		0.000267621
422.5		0.000288948
422		0.000263386
421.5		0.000352919
421		0.000379594
420.5		0.000275571
420		0.000186796
419.5		0.000255391
419		0.00030635
418.5		0.000309233
418		0.000353907
417.5		0.000395378
417		0.000362388
416.5		0.00037133
416		0.000510193
415.5		0.000477268
415		0.000602158
414.5		0.000595619
414		0.000703412
413.5		0.000919359
413		0.001137937
412.5		0.001388159
412		0.001537505
411.5		0.002002082
411		0.002729614
410.5		0.003497656
410		0.004748616
409.5		0.00604202
409		0.007999695
408.5		0.010352783
408		0.013717828
407.5		0.01798434
407		0.023545317
406.5		0.031049881
406		0.040460795
405.5		0.05245997
405		0.068235524
404.5		0.088010207
404		0.113292106
403.5		0.145701706
403		0.185815319
402.5		0.234966353
402		0.296645582
401.5		0.373261899
401		0.465287954
400.5		0.578948319
400		0.715927243
399.5		0.878210187
399		1.07089901
398.5		1.298473239
398		1.5650388
397.5		1.874315381
397		2.237715244
396.5		2.65129447
396		3.115044832
395.5		3.651575804
395		4.253936768
394.5		4.919176579
394		5.671636581
393.5		6.503818035
393		7.405748367
392.5		8.387125015
392		9.461486816
391.5		10.61716938
391		11.8527813
390.5		13.19000721
390		14.6012764
389.5		16.0723362
389		17.64869308
388.5		19.2807579
388		20.95759583
387.5		22.73017693
387		24.56179047
386.5		26.39291382
386		28.28106499
385.5		30.21142578
385		32.13184738
384.5		34.09957504
384		36.05392838
383.5		38.01190948
383		39.92413712
382.5		41.84378815
382		43.72098923
381.5		45.54811859
381		47.38395309
380.5		49.14382935
380		50.83171844
379.5		52.4970932
379		54.11286926
378.5		55.65506363
378		57.17455292
377.5		58.63267899
377		60.04463577
376.5		61.40214157
376		62.69515228
375.5		63.94667816
375		65.19471741
374.5		66.39733887
374		67.54373932
373.5		68.63679504
373		69.71044922
372.5		70.73601532
372		71.68766022
371.5		72.61273193
371		73.48721313
370.5		74.29946899
370		75.05826569
369.5		75.74874115
369		76.40149689
368.5		77.00360107
368		77.55983734
367.5		78.05501556
367		78.51802826
366.5		78.95746613
366		79.3565979
365.5		79.71894836
365		80.07709503
364.5		80.4138031
364		80.72496796
363.5		81.02893066
363		81.34449768
362.5		81.62805176
362		81.91339111
361.5		82.16734314
361		82.41832733
360.5		82.66182709
360		82.87776947
359.5		83.07434082
359		83.24131775
358.5		83.3886261
358		83.50476074
357.5		83.58420563
357		83.64560699
356.5		83.68491364
356		83.7226944
355.5		83.74498749
355		83.74049377
354.5		83.72607422
354		83.69907379
353.5		83.67726135
353		83.6252594
352.5		83.56658936
352		83.50695801
351.5		83.40193939
351		83.30412292
350.5		83.17936707
350		83.03207397
349.5		82.85681915
349		82.70071411
348.5		82.49510193
348		82.31536102
347.5		82.08531189
347		81.89370728
346.5		81.7130661
346		81.51911163
345.5		81.34413147
345		81.18034363
344.5		81.03170013
344		80.84288025
343.5		80.70860291
343		80.46983337
342.5		80.28530121
342		80.02505493
341.5		79.78302002
341		79.48236847
340.5		79.17819214
340		78.8825531
339.5		78.54833984
339		78.21514893
338.5		77.9269104
338		77.61807251
337.5		77.33561707
337		77.01837921
336.5		76.70892334
336		76.38215637
335.5		76.02313995
335		75.65785217
334.5		75.20535278
334		74.75617218
333.5		74.24227142
333		73.72253418
332.5		73.18647766
332		72.65084076
331.5		72.10085297
331		71.54344177
330.5		70.96434021
330		70.37303162
329.5		69.70487976
329		69.00979614
328.5		68.24925995
328		67.44489288
327.5		66.58917236
327		65.72507477
326.5		64.83512878
326		63.97410583
325.5		63.17559052
325		62.39822006
324.5		61.64225388
324		60.89542007
323.5		60.1072197
323		59.25427246
322.5		58.32801437
322		57.33785629
321.5		56.20274353
321		55.06720734
320.5		53.92495346
320		52.78149796
319.5		51.74472427
319		50.79979706
318.5		49.88493729
318		49.02523422
317.5		48.12814713
317		47.15134811
316.5		46.05751801
316		44.8603363
315.5		43.58226776
315		42.29107285
314.5		41.02880478
314		39.86093521
313.5		38.78002548
313		37.77484131
312.5		36.80114365
312		35.72738647
311.5		34.53166962
311		33.22893524
310.5		31.82300568
310		30.43001938
309.5		29.15218544
309		28.01865005
308.5		27.02174759
308		26.09165955
307.5		25.12652969
307		24.04170418
306.5		22.81237221
306		21.50296593
305.5		20.17537308
305		18.96273422
304.5		17.88907051
304		16.85972977
303.5		15.80376816
303		14.66924667
302.5		13.37523937
302		12.05134773
301.5		10.78274918
301		9.626877785
300.5		8.563493729
300		7.514032841
299.5		6.411250114
299		5.270017147
298.5		4.175956726
298		3.229370356
297.5		2.441031456
297		1.818064809
296.5		1.318345547
296		0.884554625
295.5		0.538133383
295		0.293237656
294.5		0.136246607
294		0.05517808
293.5		0.01974179
293		0.005865985
292.5		0.00149034
292		0.000549332
291.5		0.000412408
291		0.000373892
290.5		0.000562705
290		0.00043576
289.5		0.000352295
289		0.000360952
288.5		0.000319925
288		0.000472466
287.5		0.000426559
287		0.000346386
286.5		0.000372815
286		0.000417017
285.5		0.000313269
285		0.000484647
284.5		0.000342878
284		0.000403874
283.5		0.000489323
283		0.000507042
282.5		0.000479674
282		0.00049031
281.5		0.000406364
281		0.000355107
280.5		0.00043408
280		0.000444535
279.5		0.000415688
279		0.000573082
278.5		0.000445512
278		0.000404831
277.5		0.000455194
277		0.000438837
276.5		0.000431658
276		0.000480241
275.5		0.000627301
275		0.000492222
274.5		0.000431346
274		0.00043584
273.5		0.000430992
273		0.000475282
272.5		0.000462774
272		0.000538444
271.5		0.000510055
271		0.000418933
270.5		0.000500301
270		0.000530859
269.5		0.00051217
269		0.000422808
268.5		0.000559684
268		0.000522972
267.5		0.000449852
267		0.000472931
266.5		0.000542719
266		0.000466201
265.5		0.000379416
265		0.00050997
264.5		0.000520317
264		0.000493266
263.5		0.000647799
263		0.00052196
262.5		0.000526481
262		0.000495677
261.5		0.000431616
261		0.00048953
260.5		0.000429283
260		0.000519045
259.5		0.00057098
259		0.000468552
258.5		0.000499107
258		0.0005863
257.5		0.000504651
257		0.000548326
256.5		0.000461396
256		0.000550245
255.5		0.000602521
255		0.000482588
254.5		0.000532659
254		0.000536753
253.5		0.000549008
253		0.000576629
252.5		0.000541196
252		0.000561583
251.5		0.000538049
251		0.000517799
250.5		0.000621057
250		0.000556841
249.5		0.000673071
249		0.000587327
248.5		0.000639105
248		0.00046149
247.5		0.00062493
247		0.000488435
246.5		0.000686314
246		0.000673267
245.5		0.000584964
245		0.000611796
244.5		0.000651282
244		0.00064871
243.5		0.000632639
243		0.000660125
242.5		0.000655509
242		0.000722272
241.5		0.000614379
241		0.000783431
240.5		0.000583319
240		0.000621951
239.5		0.000638055
239		0.000653937
238.5		0.000766995
238		0.000672367
237.5		0.000673511
237		0.000578633
236.5		0.000639795
236		0.000689661
235.5		0.000643669
235		0.000755449
234.5		0.000713854
234		0.000711735
233.5		0.000680887
233		0.000720616
232.5		0.000754973
232		0.000712007
231.5		0.000762171
231		0.0006238
230.5		0.000931313
230		0.000668755
229.5		0.000746572
229		0.000805274
228.5		0.000783061
228		0.000719843
227.5		0.000650969
227		0.000800096
226.5		0.000795522
226		0.000642138
225.5		0.000853116
225		0.000745041
224.5		0.000853833
224		0.000827644
223.5		0.000652342
223		0.000829299
222.5		0.000896141
222		0.000899645
221.5		0.000832142
221		0.000744503
220.5		0.000864517
220		0.000820996
219.5		0.00092666
219		0.000853148
218.5		0.00077345
218		0.000957267
217.5		0.00095176
217		0.000990869
216.5		0.000877051
216		0.000838097
215.5		0.000968031
215		0.000980851
214.5		0.001035116
214		0.000962427
213.5		0.001070972
213		0.00100394
212.5		0.000912052
212		0.000924209
211.5		0.000934467
211		0.00109636
210.5		0.000961462
210		0.001031615
209.5		0.000954832
209		0.001097492
208.5		0.001122002
208		0.000874227
207.5		0.0011669
207		0.001117122
206.5		0.001133231
206		0.001157733
205.5		0.001054499
205		0.001309569
204.5		0.001200238
204		0.001091689
203.5		0.001246666
203		0.001013729
202.5		0.001197894
202		0.001200608
201.5		0.001157607
201		0.001252248
200.5		0.001272707
200		0.001237704
