   3701.714      1.5537466E-04
   3704.958      1.5537466E-04
   3708.201      1.5537466E-04
   3711.445      1.5537466E-04
   3714.688      1.5537466E-04
   3717.932      1.5537466E-04
   3721.176      1.5537466E-04
   3724.420      1.5537466E-04
   3727.664      1.5537466E-04
   3730.908      1.5537466E-04
   3734.152      1.5537466E-04
   3737.396      1.5537466E-04
   3740.639      1.5537466E-04
   3743.884      1.5537466E-04
   3747.127      1.5537466E-04
   3750.372      1.5537466E-04
   3753.616      1.5537466E-04
   3756.860      1.5537466E-04
   3760.104      1.5537466E-04
   3763.348      1.5537466E-04
   3766.592      1.5537466E-04
   3769.836      1.5537466E-04
   3773.081      1.5537466E-04
   3776.325      1.5537466E-04
   3779.569      1.5537466E-04
   3782.814      1.5537466E-04
   3786.058      1.5537466E-04
   3789.302      1.5537466E-04
   3792.547      1.5537466E-04
   3795.791      1.5537466E-04
   3799.036      1.5537466E-04
   3802.280      1.5537466E-04
   3805.525      1.5537466E-04
   3808.770      1.5537466E-04
   3812.014      1.5537466E-04
   3815.259      1.5537466E-04
   3818.503      1.5537466E-04
   3821.748      1.5531070E-04
   3824.993      1.5515229E-04
   3828.238      1.5480763E-04
   3831.482      1.5411206E-04
   3834.727      1.5279111E-04
   3837.972      1.5042129E-04
   3841.217      1.4640260E-04
   3844.462      1.3996498E-04
   3847.707      1.3023480E-04
   3850.952      1.1638423E-04
   3854.197      9.7869262E-05
   3857.442      7.4733092E-05
   3860.687      4.7920614E-05
   3863.932      1.9524759E-05
   3867.177     -7.1152926E-06
   3870.423     -2.7515362E-05
   3873.668     -3.6348709E-05
   3876.913     -2.7893479E-05
   3880.158     -2.7715123E-07
   3883.404      5.5136545E-05
   3886.649      1.4493860E-04
   3889.894      2.6614164E-04
   3893.140      4.2729455E-04
   3896.385      6.2436244E-04
   3899.630      8.7268307E-04
   3902.876      1.1797176E-03
   3906.121      1.5688507E-03
   3909.367      2.0742959E-03
   3912.613      2.7204130E-03
   3915.858      3.5470061E-03
   3919.104      4.5703901E-03
   3922.350      5.7889931E-03
   3925.595      7.1743722E-03
   3928.841      8.6727589E-03
   3932.087      1.0217241E-02
   3935.333      1.1751510E-02
   3938.578      1.3242624E-02
   3941.824      1.4698679E-02
   3945.070      1.6166916E-02
   3948.316      1.7705223E-02
   3951.562      1.9381637E-02
   3954.808      2.1240132E-02
   3958.054      2.3286993E-02
   3961.300      2.5504332E-02
   3964.546      2.7865399E-02
   3967.792      3.0348191E-02
   3971.039      3.2956038E-02
   3974.285      3.5723235E-02
   3977.531      3.8704060E-02
   3980.777      4.1971944E-02
   3984.024      4.5593567E-02
   3987.270      4.9631838E-02
   3990.516      5.4134723E-02
   3993.763      5.9123348E-02
   3997.009      6.4616717E-02
   4000.256      7.0591651E-02
   4003.502      7.7014148E-02
   4006.749      8.3801053E-02
   4009.995      9.0844303E-02
   4013.242      9.8017164E-02
   4016.489      0.1051627    
   4019.735      0.1121518    
   4022.982      0.1188591    
   4026.229      0.1252049    
   4029.475      0.1311381    
   4032.722      0.1366356    
   4035.969      0.1416986    
   4039.216      0.1463347    
   4042.463      0.1505572    
   4045.710      0.1543839    
   4048.957      0.1578455    
   4052.204      0.1609727    
   4055.451      0.1638006    
   4058.698      0.1663719    
   4061.945      0.1687083    
   4065.192      0.1708139    
   4068.439      0.1726764    
   4071.687      0.1742725    
   4074.934      0.1755740    
   4078.181      0.1765781    
   4081.428      0.1772901    
   4084.676      0.1777481    
   4087.923      0.1780003    
   4091.171      0.1781131    
   4094.418      0.1781383    
   4097.666      0.1781111    
   4100.913      0.1780613    
   4104.161      0.1779856    
   4107.408      0.1778723    
   4110.656      0.1776820    
   4113.904      0.1773684    
   4117.151      0.1768808    
   4120.399      0.1761538    
   4123.647      0.1751391    
   4126.895      0.1737730    
   4130.143      0.1720185    
   4133.390      0.1698525    
   4136.638      0.1672788    
   4139.886      0.1643366    
   4143.134      0.1610944    
   4146.382      0.1576377    
   4149.630      0.1540577    
   4152.878      0.1504299    
   4156.126      0.1468134    
   4159.375      0.1432261    
   4162.623      0.1396639    
   4165.871      0.1360992    
   4169.120      0.1325004    
   4172.368      0.1288367    
   4175.616      0.1250936    
   4178.865      0.1212592    
   4182.113      0.1173409    
   4185.362      0.1133447    
   4188.610      0.1092875    
   4191.858      0.1051847    
   4195.107      0.1010565    
   4198.356      9.6931256E-02
   4201.604      9.2829667E-02
   4204.853      8.8786490E-02
   4208.102      8.4826991E-02
   4211.351      8.0980718E-02
   4214.600      7.7270962E-02
   4217.848      7.3704764E-02
   4221.097      7.0291832E-02
   4224.346      6.7013450E-02
   4227.595      6.3848011E-02
   4230.844      6.0757704E-02
   4234.093      5.7702888E-02
   4237.342      5.4653868E-02
   4240.591      5.1594276E-02
   4243.840      4.8520066E-02
   4247.090      4.5447577E-02
   4250.339      4.2405240E-02
   4253.588      3.9425630E-02
   4256.837      3.6540512E-02
   4260.087      3.3784591E-02
   4263.336      3.1187838E-02
   4266.585      2.8772982E-02
   4269.835      2.6557583E-02
   4273.084      2.4550304E-02
   4276.334      2.2758145E-02
   4279.583      2.1174897E-02
   4282.833      1.9794108E-02
   4286.083      1.8600885E-02
   4289.333      1.7582215E-02
   4292.582      1.6719935E-02
   4295.832      1.6000193E-02
   4299.082      1.5402861E-02
   4302.332      1.4910863E-02
   4305.582      1.4500057E-02
   4308.831      1.4151284E-02
   4312.081      1.3836425E-02
   4315.331      1.3529308E-02
   4318.581      1.3209428E-02
   4321.832      1.2853339E-02
   4325.082      1.2457891E-02
   4328.332      1.2016904E-02
   4331.582      1.1535363E-02
   4334.832      1.1028019E-02
   4338.082      1.0500681E-02
   4341.333      9.9673234E-03
   4344.583      9.4351247E-03
   4347.833      8.9082187E-03
   4351.083      8.3923526E-03
   4354.334      7.8900838E-03
   4357.584      7.4087679E-03
   4360.835      6.9533736E-03
   4364.086      6.5289456E-03
   4367.336      6.1485930E-03
   4370.587      5.8172643E-03
   4373.838      5.5394750E-03
   4377.088      5.3153438E-03
   4380.339      4.5443848E-03
   4383.590      4.4093505E-03
   4386.841      4.2759106E-03
   4390.092      4.1440651E-03
   4393.343      4.0138140E-03
   4396.594      3.8851500E-03
   4399.845      3.7580878E-03
   4403.096      3.6326200E-03
   4406.347      3.5087392E-03
   4409.598      3.3864602E-03
   4412.849      3.2657683E-03
   4416.101      3.1466708E-03
   4419.352      3.0291677E-03
   4422.603      2.9132590E-03
   4425.854      2.7989447E-03
   4429.106      2.6862249E-03
   4432.357      2.5750995E-03
   4435.609      2.4655759E-03
   4438.860      2.3576394E-03
   4442.112      2.2512898E-03
   4445.363      2.1465421E-03
   4448.615      2.0433813E-03
   4451.867      1.9418225E-03
   4455.118      1.8418506E-03
   4458.370      1.7434731E-03
   4461.622      1.6466975E-03
   4464.874      1.5515089E-03
   4468.125      1.4579147E-03
   4471.377      1.3659149E-03
   4474.629      1.2755021E-03
   4477.881      1.1866912E-03
   4481.134      1.0994747E-03
   4484.386      1.0138527E-03
   4487.638      9.2981756E-04
   4490.890      8.4738433E-04
   4494.142      7.6653808E-04
   4497.395      6.8728626E-04
   4500.647      6.0962886E-04
   4503.899      5.3357333E-04
   4507.151      4.5910478E-04
   4510.404      3.8623065E-04
   4513.656      3.1495094E-04
   4516.909      2.4525821E-04
   4520.162      1.5820350E-04
   4523.414      1.5762134E-04
   4526.667      1.5703919E-04
   4529.919      1.5645703E-04
   4533.172      1.5587486E-04
   4536.425      1.5529271E-04
   4539.678      1.5471055E-04
   4542.931      1.5412839E-04
   4546.184      1.5354624E-04
   4549.437      1.5296407E-04
   4552.689      1.5238191E-04
   4555.942      1.5179974E-04
   4559.195      1.5121759E-04
   4562.449      1.5063543E-04
   4565.702      1.5005327E-04
   4568.955      1.4947112E-04
   4572.208      1.4888895E-04
   4575.461      1.4830679E-04
   4578.715      1.4772464E-04
   4581.968      1.4714248E-04
   4585.222      1.4656031E-04
   4588.475      1.4597815E-04
   4591.729      1.4539600E-04
   4594.982      1.4481384E-04
   4598.236      1.4423167E-04
   4601.489      1.4364952E-04
   4604.743      1.4306736E-04
   4607.997      1.4248519E-04
   4611.250      1.4190305E-04
   4614.504      1.4132088E-04
   4617.758      1.4073872E-04
   4621.012      1.4015655E-04
   4624.266      1.3957440E-04
   4627.520      1.3899224E-04
   4630.774      1.3841008E-04
   4634.028      1.3782793E-04
   4637.282      1.3724576E-04
   4640.537      1.3666360E-04
   4643.791      1.3608145E-04
   4647.045      1.3549929E-04
   4650.299      1.3491712E-04
   4653.554      1.3433496E-04
   4656.808      1.3375281E-04
   4660.063      1.3317064E-04
   4663.317      1.3258848E-04
   4666.571      1.3200633E-04
   4669.826      1.3142417E-04
   4673.081      1.3084200E-04
   4676.335      1.3025985E-04
   4679.590      1.2967769E-04
   4682.845      1.2909553E-04
   4686.100      1.2851336E-04
   4689.354      1.2793121E-04
   4692.609      1.2734905E-04
   4695.864      1.2676688E-04
   4699.119      1.2618474E-04
   4702.375      1.2560257E-04
   4705.629      1.2502041E-04
   4708.884      1.2443826E-04
   4712.140      1.2385609E-04
   4715.395      1.2327393E-04
   4718.650      1.2269177E-04
   4721.905      1.2210962E-04
   4725.161      1.2152745E-04
   4728.416      1.2094529E-04
   4731.672      1.2036314E-04
   4734.927      1.1978098E-04
   4738.183      1.1919881E-04
   4741.438      1.1861666E-04
   4744.694      1.1803450E-04
   4747.950      1.1745233E-04
   4751.205      1.1687017E-04
   4754.461      1.1628802E-04
   4757.717      1.1570586E-04
   4760.973      1.1512369E-04
   4764.229      1.1454154E-04
   4767.484      1.1395938E-04
   4770.741      1.1337722E-04
   4773.997      1.1279507E-04
   4777.252      1.1221290E-04
   4780.509      1.1163074E-04
   4783.765      1.1104858E-04
   4787.021      1.1046643E-04
   4790.277      1.0988426E-04
   4793.534      1.0930210E-04
   4796.790      1.0871995E-04
   4800.047      1.0813778E-04
   4803.303      1.0755562E-04
   4806.560      1.0697347E-04
   4809.816      1.0639131E-04
   4813.073      1.0580914E-04
   4816.330      1.0522698E-04
   4819.586      1.0464483E-04
   4822.843      1.0406267E-04
   4826.100      1.0348050E-04
   4829.356      1.0289835E-04
   4832.613      1.0231619E-04
   4835.871      1.0173403E-04
   4839.127      1.0115188E-04
   4842.384      1.0056971E-04
   4845.642      9.9987548E-05
   4848.899      9.9405384E-05
   4852.156      9.8823235E-05
   4855.413      9.8241071E-05
   4858.670      9.7658907E-05
   4861.928      9.7076758E-05
   4865.185      9.6494594E-05
   4868.443      9.5912430E-05
   4871.700      9.5330281E-05
   4874.958      9.4748117E-05
   4878.215      9.4165953E-05
   4881.473      9.3583789E-05
   4884.730      9.3001639E-05
   4887.988      9.2419476E-05
   4891.246      9.1837312E-05
   4894.504      9.1255162E-05
   4897.762      9.0672998E-05
   4901.020      9.0090834E-05
   4904.278      8.9508685E-05
   4907.536      8.8926521E-05
   4910.793      8.8344357E-05
   4914.052      8.7762193E-05
   4917.310      8.7180044E-05
   4920.568      8.6597880E-05
   4923.827      8.6015716E-05
   4927.085      8.5433567E-05
   4930.343      8.4851403E-05
   4933.602      8.4269239E-05
   4936.860      8.3687090E-05
   4940.119      8.3104926E-05
   4943.377      8.2522762E-05
   4946.636      8.1940598E-05
   4949.895      8.1358448E-05
   4953.153      8.0776284E-05
   4956.412      8.0194121E-05
   4959.670      7.9611971E-05
   4962.930      7.9029807E-05
   4966.188      7.8447643E-05
   4969.447      7.7865494E-05
   4972.707      7.7283330E-05
   4975.965      7.6701166E-05
   4979.225      7.6119017E-05
   4982.484      7.5536853E-05
   4985.743      7.4954689E-05
   4989.002      7.4372525E-05
   4992.262      7.3790376E-05
   4995.521      7.3208212E-05
   4998.780      7.2626048E-05
   5002.040      7.2043898E-05
   5005.299      7.1461734E-05
   5008.559      7.0879571E-05
   5011.818      7.0297421E-05
   5015.078      6.9715257E-05
   5018.338      6.9133093E-05
   5021.598      6.8550929E-05
   5024.857      6.7968780E-05
   5028.117      6.7386616E-05
   5031.377      6.6804452E-05
   5034.637      6.6222303E-05
   5037.897      6.5640139E-05
   5041.157      6.5057975E-05
   5044.417      6.4475826E-05
   5047.678      6.3893662E-05
   5050.938      6.3311498E-05
   5054.198      6.2729334E-05
   5057.458      6.2147185E-05
   5060.719      6.1565021E-05
   5063.979      6.0982857E-05
   5067.240      6.0400693E-05
   5070.500      5.9818529E-05
   5073.761      5.9236394E-05
   5077.021      5.8654230E-05
   5080.282      5.8072066E-05
   5083.543      5.7489902E-05
   5086.804      5.6907738E-05
   5090.065      5.6325574E-05
   5093.326      5.5743440E-05
   5096.587      5.5161276E-05
   5099.848      5.4579112E-05
   5103.109      5.3996948E-05
   5106.370      5.3414784E-05
   5109.631      5.2832620E-05
   5112.892      5.2250456E-05
   5116.154      5.1668321E-05
   5119.415      5.1086157E-05
   5122.676      5.0503993E-05
   5125.938      4.9921829E-05
   5129.199      4.9339666E-05
   5132.461      4.8757502E-05
   5135.723      4.8175338E-05
   5138.984      4.7593203E-05
   5142.246      4.7011039E-05
   5145.508      4.6428875E-05
   5148.770      4.5846711E-05
   5152.031      4.5264547E-05
   5155.293      4.4682383E-05
   5158.555      4.4100248E-05
   5161.817      4.3518085E-05
   5165.079      4.2935921E-05
   5168.341      4.2353757E-05
   5171.604      4.1771593E-05
   5174.866      4.1189429E-05
   5178.128      4.0607265E-05
   5181.391      4.0025130E-05
   5184.653      3.9442966E-05
   5187.916      3.8860802E-05
   5191.178      3.8278638E-05
   5194.440      3.7696474E-05
   5197.703      3.7114311E-05
   5200.966      3.6532147E-05
   5204.229      3.5950012E-05
   5207.491      3.5367848E-05
   5210.754      3.4785684E-05
   5214.017      3.4203520E-05
   5217.280      3.3621356E-05
   5220.543      3.3039192E-05
   5223.806      3.2457057E-05
   5227.069      3.1874893E-05
   5230.333      3.1292730E-05
   5233.596      3.0710566E-05
   5236.859      3.0128402E-05
   5240.122      2.9546238E-05
   5243.385      2.8964074E-05
   5246.649      2.8381939E-05
   5249.913      2.7799775E-05
   5253.176      2.7217611E-05
   5256.439      2.6635447E-05
   5259.703      2.6053283E-05
   5262.967      2.5471119E-05
   5266.231      2.4888956E-05
   5269.495      2.4306821E-05
   5272.758      2.3724657E-05
   5276.022      2.3142493E-05
   5279.287      2.2560329E-05
   5282.550      2.1978165E-05
   5285.814      2.1396001E-05
   5289.079      2.0813866E-05
   5292.343      2.0231702E-05
   5295.607      1.9649538E-05
   5298.872      1.9067375E-05
   5302.136      1.8485211E-05
   5305.400      1.7903047E-05
   5308.665      1.7320883E-05
   5311.929      1.6738748E-05
   5315.194      1.6156584E-05
   5318.458      1.5574420E-05
   5321.724      1.4992256E-05
   5324.988      1.4410092E-05
   5328.253      1.3827928E-05
   5331.518      1.3245764E-05
   5334.783      1.2663630E-05
   5338.048      1.2081466E-05
   5341.313      1.1499302E-05
   5344.578      1.0917138E-05
   5347.843      1.0334974E-05
   5351.108      9.7528100E-06
   5354.374      9.1706752E-06
   5357.639      8.5885113E-06
   5360.905      8.0063473E-06
   5364.170      7.4241834E-06
   5367.436      6.8420195E-06
   5370.701      6.2598556E-06
   5373.967      5.6776917E-06
   5377.232      5.0955568E-06
   5380.498      4.5133929E-06
   5383.764      3.9312290E-06
   5387.030      3.3490651E-06
   5390.296      2.7669012E-06
   5393.562      2.1847372E-06
   5396.828      1.6026024E-06
   5400.094      1.0204385E-06
   5403.360      4.3827458E-07
   5406.626     -1.4388934E-07
   5409.893     -7.2605326E-07
   5413.159     -1.3082172E-06
   5416.425     -1.8903811E-06
   5419.691     -2.4725159E-06
   5422.958     -3.0546798E-06
   5426.225     -3.6368438E-06
   5429.491     -4.2190077E-06
   5432.758     -4.8011716E-06
   5436.025     -5.3833355E-06
   5439.292     -5.9654994E-06
   5442.559     -6.5476343E-06
   5445.825     -7.1297982E-06
   5449.092     -7.7119621E-06
   5452.359     -8.2941260E-06
   5455.626     -8.8762899E-06
   5458.894     -9.4584539E-06
   5462.161     -1.0040589E-05
   5465.428     -1.0622753E-05
   5468.695     -1.1204917E-05
   5471.962     -1.1787080E-05
   5475.230     -1.2369244E-05
   5478.498     -1.2951408E-05
   5481.765     -1.3533572E-05
   5485.033     -1.4115707E-05
   5488.300     -1.4697871E-05
   5491.568     -1.5280035E-05
   5494.836     -1.5862199E-05
   5498.104     -1.6444363E-05
   5501.372     -1.7026527E-05
   5504.640     -1.7608691E-05
   5507.908     -1.8190825E-05
   5511.176     -1.8772989E-05
   5514.444     -1.9355153E-05
   5517.712     -1.9937317E-05
   5520.980     -2.0519481E-05
   5524.249     -2.1101645E-05
   5527.517     -2.1683780E-05
   5530.786     -2.2265944E-05
   5534.054     -2.2848108E-05
   5537.323     -2.3430272E-05
   5540.591     -2.4012435E-05
   5543.860     -2.4594599E-05
   5547.128     -2.5176763E-05
   5550.397     -2.5758898E-05
   5553.667     -2.6341062E-05
   5556.935     -2.6923226E-05
   5560.204     -2.7505390E-05
   5563.473     -2.8087554E-05
   5566.742     -2.8669718E-05
   5570.012     -2.9251882E-05
   5573.281     -2.9834016E-05
   5576.550     -3.0416180E-05
   5579.819     -3.0998344E-05
   5583.089     -3.1580508E-05
   5586.358     -3.2162672E-05
   5589.628     -3.2744836E-05
   5592.897     -3.3326971E-05
   5596.167     -3.3909135E-05
   5599.437     -3.4491299E-05
   5602.707     -3.5073463E-05
   5605.977     -3.5655627E-05
   5609.246     -3.6237790E-05
   5612.516     -3.6819954E-05
   5615.787     -3.7402089E-05
   5619.057     -3.7984253E-05
   5622.327     -3.8566417E-05
   5625.597     -3.9148581E-05
   5628.867     -3.9730745E-05
   5632.137     -4.0312909E-05
   5635.408     -4.0895073E-05
   5638.678     -4.1477208E-05
   5641.949     -4.2059371E-05
   5645.219     -4.2641535E-05
   5648.490     -4.3223699E-05
   5651.761     -4.3805863E-05
   5655.031     -4.4388027E-05
   5658.302     -4.4970162E-05
   5661.573     -4.5552326E-05
   5664.844     -4.6134490E-05
   5668.115     -4.6716654E-05
   5671.386     -4.7298818E-05
   5674.657     -4.7880982E-05
   5677.929     -4.8463146E-05
   5681.200     -4.9045280E-05
   5684.471     -4.9627444E-05
   5687.743     -5.0209608E-05
   5691.014     -5.0791772E-05
   5694.286     -5.1373936E-05
   5697.557     -5.1956100E-05
   5700.829     -5.2538264E-05
   5704.101     -5.3120399E-05
   5707.372     -5.3702563E-05
   5710.644     -5.4284727E-05
   5713.916     -5.4866890E-05
   5717.188     -5.5449054E-05
   5720.460     -5.6031218E-05
   5723.732     -5.6613353E-05
   5727.004     -5.7195517E-05
   5730.276     -5.7777681E-05
   5733.548     -5.8359845E-05
   5736.821     -5.8942009E-05
   5740.093     -5.9524173E-05
   5743.366     -6.0106337E-05
   5746.638     -6.0688471E-05
   5749.911     -6.1270635E-05
   5753.184     -6.1852799E-05
   5756.456     -6.2434963E-05
   5759.729     -6.3017127E-05
   5763.002     -6.3599291E-05
   5766.275     -6.4181455E-05
   5769.548     -6.4763590E-05
   5772.821     -6.5345754E-05
   5776.094     -6.5927918E-05
   5779.367     -6.6510082E-05
   5782.641     -6.7092245E-05
   5785.914     -6.7674409E-05
   5789.187     -6.8256544E-05
   5792.460     -6.8838708E-05
   5795.734     -6.9420872E-05
   5799.008     -7.0003036E-05
   5802.281     -7.0585200E-05
   5805.555     -7.1167364E-05
   5808.829     -7.1749528E-05
   5812.103     -7.2331663E-05
   5815.376     -7.2913826E-05
   5818.650     -7.3495990E-05
   5821.924     -7.4078154E-05
   5825.198     -7.4660318E-05
   5828.472     -7.5242482E-05
   5831.747     -7.5824617E-05
   5835.021     -7.6406781E-05
   5838.295     -7.6988945E-05
   5841.569     -7.7571109E-05
   5844.844     -7.8153273E-05
   5848.119     -7.8735437E-05
   5851.393     -7.9317600E-05
   5854.668     -7.9899735E-05
   5857.942     -8.0481899E-05
   5861.217     -8.1064063E-05
   5864.492     -8.1646227E-05
   5867.767     -8.2228391E-05
   5871.042     -8.2810555E-05
   5874.317     -8.3392719E-05
   5877.592     -8.3974854E-05
   5880.868     -8.4557018E-05
   5884.143     -8.5139181E-05
   5887.418     -8.5721345E-05
   5890.693     -8.6303509E-05
   5893.969     -8.6885673E-05
   5897.244     -8.7467808E-05
   5900.520     -8.8049972E-05
   5903.796     -8.8632136E-05
   5907.071     -8.9214300E-05
   5910.347     -8.9796464E-05
   5913.623     -9.0378628E-05
   5916.899     -9.0960792E-05
   5920.175     -9.1542926E-05
   5923.451     -9.2125090E-05
   5926.727     -9.2707254E-05
   5930.003     -9.3289418E-05
   5933.279     -9.3871582E-05
   5936.556     -9.4453746E-05
   5939.832     -9.5035910E-05
   5943.108     -9.5618045E-05
   5946.385     -9.6200209E-05
   5949.662     -9.6782373E-05
   5952.938     -9.7364536E-05
   5956.215     -9.7946700E-05
   5959.492     -9.8528864E-05
   5962.769     -9.9110999E-05
   5966.045     -9.9693163E-05
   5969.323     -1.0027533E-04
   5972.600     -1.0085749E-04
   5975.877     -1.0143965E-04
   5979.154     -1.0202182E-04
   5982.431     -1.0260398E-04
   5985.708     -1.0318612E-04
   5988.986     -1.0376828E-04
   5992.263     -1.0435045E-04
   5995.541     -1.0493261E-04
   5998.818     -1.0551477E-04
   6002.096     -1.0609694E-04
   6005.374     -1.0667910E-04
   6008.652     -1.0726124E-04
   6011.930     -1.0784340E-04
   6015.208     -1.0842556E-04
   6018.485     -1.0900773E-04
   6021.764     -1.0958989E-04
   6025.042     -1.1017206E-04
   6028.320     -1.1075419E-04
   6031.598     -1.1133635E-04
   6034.876     -1.1191852E-04
   6038.155     -1.1250068E-04
   6041.434     -1.1308285E-04
   6044.712     -1.1366501E-04
   6047.991     -1.1424717E-04
   6051.270     -1.1482931E-04
   6054.548     -1.1541147E-04
   6057.827     -1.1599364E-04
   6061.106     -1.1657580E-04
   6064.385     -1.1715796E-04
   6067.664     -1.1774013E-04
   6070.943     -1.1832229E-04
   6074.222     -1.1890443E-04
   6077.501     -1.1948659E-04
   6080.781     -1.2006875E-04
   6084.060     -1.2065092E-04
   6087.339     -1.2123308E-04
   6090.619     -1.2181525E-04
   6093.898     -1.2239738E-04
   6097.178     -1.2297955E-04
   6100.458     -1.2356171E-04
   6103.738     -1.2414387E-04
   6107.018     -1.2472604E-04
   6110.298     -1.2530820E-04
   6113.578     -1.2589036E-04
   6116.857     -1.2647250E-04
   6120.138     -1.2705466E-04
   6123.418     -1.2763683E-04
   6126.698     -1.2821899E-04
   6129.979     -1.2880116E-04
   6133.259     -1.2938332E-04
   6136.540     -1.2996548E-04
   6139.820     -1.3054762E-04
   6143.101     -1.3112978E-04
   6146.381     -1.3171195E-04
   6149.663     -1.3229411E-04
   6152.943     -1.3287627E-04
   6156.224     -1.3345844E-04
   6159.505     -1.3404057E-04
   6162.786     -1.3462274E-04
   6166.067     -1.3520490E-04
   6169.349     -1.3578706E-04
   6172.630     -1.3636923E-04
   6175.911     -1.3695139E-04
   6179.192     -1.3753356E-04
   6182.474     -1.3811569E-04
   6185.756     -1.3869785E-04
   6189.037     -1.3928002E-04
   6192.319     -1.3986218E-04
   6195.601     -1.4044435E-04
   6198.883     -1.4102651E-04
   6202.165     -1.4160867E-04
   6205.447     -1.4219081E-04
   6208.729     -1.4277297E-04
   6212.011     -1.4335514E-04
   6215.293     -1.4393730E-04
   6218.575     -1.4451946E-04
   6221.857     -1.4510163E-04
   6225.140     -1.4568376E-04
   6228.422     -1.4626593E-04
   6231.705     -1.4684809E-04
   6234.988     -1.4743026E-04
   6238.271     -1.4801242E-04
   6241.553     -1.4859458E-04
   6244.836     -1.4917675E-04
   6248.119     -1.4975888E-04
   6251.402     -1.5034105E-04
   6254.685     -1.5092321E-04
   6257.968     -1.5150537E-04
   6261.251     -1.5208754E-04
   6264.535     -1.5266970E-04
   6267.818     -1.5325184E-04
   6271.102     -1.5383400E-04
   6274.385     -1.5441616E-04
   6277.668     -1.5499833E-04
   6280.952     -1.5558049E-04
   6284.236     -1.5616266E-04
   6287.520     -1.5674482E-04
   6290.804     -1.5732695E-04
   6294.087     -1.5790912E-04
   6297.372     -1.5849128E-04
   6300.656     -1.5907345E-04
   6303.940     -1.5965561E-04
   6307.224     -1.6023777E-04
   6310.508     -1.6081994E-04
   6313.793     -1.6140207E-04
   6317.077     -1.6198424E-04
   6320.362     -1.6256640E-04
   6323.646     -1.6314856E-04
   6326.931     -1.6373073E-04
   6330.216     -1.6431289E-04
   6333.500     -1.6489503E-04
   6336.786     -1.6547719E-04
   6340.070     -1.6605936E-04
   6343.355     -1.6664152E-04
   6346.641     -1.6722368E-04
   6349.926     -1.6780585E-04
   6353.211     -1.6838801E-04
   6356.497     -1.6897015E-04
   6359.782     -1.6955231E-04
   6363.067     -1.7013447E-04
   6366.353     -1.7071664E-04
   6369.639     -1.7129880E-04
   6372.924     -1.7188097E-04
   6376.210     -1.7246313E-04
   6379.496     -1.7304526E-04
   6382.782     -1.7362743E-04
   6386.068     -1.7420959E-04
   6389.354     -1.7479176E-04
   6392.640     -1.7537392E-04
   6395.926     -1.7595608E-04
   6399.212     -1.7653822E-04
   6402.499     -1.7712038E-04
   6405.786     -1.7770255E-04
   6409.072     -1.7828471E-04
   6412.358     -1.7886687E-04
   6415.646     -1.7944904E-04
   6418.932     -1.8003120E-04
   6422.219     -1.8061334E-04
   6425.506     -1.8119550E-04
   6428.793     -1.8177766E-04
   6432.080     -1.8235983E-04
   6435.367     -1.8294196E-04
   6438.654     -1.8352416E-04
   6441.941     -1.8410629E-04
   6445.229     -1.8468848E-04
   6448.516     -1.8527062E-04
   6451.804     -1.8585281E-04
   6455.091     -1.8643495E-04
   6458.379     -1.8701708E-04
   6461.667     -1.8759927E-04
   6464.955     -1.8818141E-04
   6468.243     -1.8876360E-04
   6471.531     -1.8934574E-04
   6474.818     -1.8992793E-04
   6478.107     -1.9051007E-04
   6481.395     -1.9109220E-04
   6484.683     -1.9167439E-04
   6487.972     -1.9225653E-04
   6491.260     -1.9283872E-04
   6494.548     -1.9342086E-04
   6497.837     -1.9400299E-04
   6501.125     -1.9458518E-04
   6504.415     -1.9516732E-04
   6507.703     -1.9574951E-04
   6510.992     -1.9633165E-04
   6514.281     -1.9691384E-04
   6517.570     -1.9749597E-04
   6520.859     -1.9807811E-04
   6524.148     -1.9866030E-04
   6527.438     -1.9924244E-04
   6530.727     -1.9982463E-04
   6534.017     -2.0040676E-04
   6537.306     -2.0098896E-04
   6540.596     -2.0157109E-04
   6543.885     -2.0215323E-04
   6547.175     -2.0273542E-04
   6550.465     -2.0331756E-04
   6553.755     -2.0389975E-04
   6557.044     -2.0448188E-04
   6560.334     -2.0506408E-04
   6563.625     -2.0564621E-04
   6566.915     -2.0622835E-04
   6570.206     -2.0681054E-04
   6573.496     -2.0739267E-04
   6576.786     -2.0797487E-04
   6580.077     -2.0855700E-04
   6583.367     -2.0913919E-04
   6586.658     -2.0972133E-04
   6589.949     -2.1030346E-04
   6593.239     -2.1088566E-04
   6596.530     -2.1146779E-04
   6599.821     -2.1204998E-04
   6603.112     -2.1263212E-04
   6606.403     -2.1321431E-04
   6609.695     -2.1379645E-04
   6612.986     -2.1437858E-04
   6616.277     -2.1496078E-04
   6619.569     -2.1554291E-04
   6622.860     -2.1612510E-04
   6626.152     -2.1670724E-04
   6629.443     -2.1728937E-04
   6632.735     -2.1787157E-04
   6636.027     -2.1845370E-04
   6639.319     -2.1903589E-04
   6642.611     -2.1961803E-04
   6645.903     -2.2020022E-04
   6649.195     -2.2078236E-04
   6652.488     -2.2136449E-04
   6655.780     -2.2194668E-04
   6659.072     -2.2252882E-04
   6662.365     -2.2311101E-04
   6665.657     -2.2369315E-04
   6668.950     -2.2427534E-04
   6672.243     -2.2485747E-04
   6675.536     -2.2543961E-04
   6678.828     -2.2602180E-04
   6682.122     -2.2660394E-04
   6685.415     -2.2718613E-04
   6688.708     -2.2776827E-04
   6692.001     -2.2835046E-04
   6695.294     -2.2893259E-04
   6698.587     -2.2951473E-04
   6701.881     -2.3009692E-04
   6705.174     -2.3067906E-04
   6708.468     -2.3126125E-04
   6711.762     -2.3184338E-04
   6715.055     -2.3242558E-04
   6718.349     -2.3300771E-04
   6721.643     -2.3358985E-04
   6724.937     -2.3417204E-04
   6728.231     -2.3475417E-04
   6731.525     -2.3533637E-04
   6734.819     -2.3591850E-04
   6738.114     -2.3650064E-04
   6741.408     -2.3708283E-04
   6744.703     -2.3766496E-04
   6747.998     -2.3824716E-04
   6751.292     -2.3882929E-04
   6754.587     -2.3941149E-04
   6757.881     -2.3999362E-04
   6761.176     -2.4057576E-04
   6764.471     -2.4115795E-04
   6767.766     -2.4174008E-04
   6771.062     -2.4232228E-04
   6774.357     -2.4290441E-04
   6777.652     -2.4348660E-04
   6780.947     -2.4406874E-04
   6784.243     -2.4465087E-04
   6787.539     -2.4523307E-04
   6790.834     -2.4581520E-04
   6794.129     -2.4639739E-04
   6797.425     -2.4697953E-04
   6800.721     -2.4756172E-04
   6804.018     -2.4814386E-04
   6807.313     -2.4872599E-04
   6810.609     -2.4930818E-04
   6813.905     -2.4989032E-04
   6817.202     -2.5047251E-04
   6820.498     -2.5105465E-04
   6823.794     -2.5163684E-04
   6827.091     -2.5221898E-04
   6830.388     -2.5280111E-04
   6833.685     -2.5338330E-04
   6836.981     -2.5396544E-04
   6840.278     -2.5454763E-04
   6843.575     -2.5512977E-04
   6846.872     -2.5571196E-04
   6850.169     -2.5629409E-04
   6853.466     -2.5687623E-04
   6856.764     -2.5745842E-04
   6860.061     -2.5804056E-04
   6863.358     -2.5862275E-04
   6866.656     -2.5920488E-04
   6869.954     -2.5978702E-04
   6873.251     -2.6036921E-04
   6876.549     -2.6095135E-04
   6879.847     -2.6153354E-04
   6883.145     -2.6211567E-04
   6886.443     -2.6269787E-04
   6889.741     -2.6328000E-04
   6893.039     -2.6386214E-04
   6896.337     -2.6444433E-04
   6899.635     -2.6502647E-04
   6902.934     -2.6560866E-04
   6906.232     -2.6619079E-04
   6909.531     -2.6677299E-04
   6912.830     -2.6735512E-04
   6916.128     -2.6793726E-04
   6919.427     -2.6851945E-04
   6922.726     -2.6910158E-04
   6926.025     -2.6968378E-04
   6929.324     -2.7026591E-04
   6932.623     -2.7084810E-04
   6935.923     -2.7143024E-04
   6939.222     -2.7201237E-04
   6942.521     -2.7259457E-04
   6945.821     -2.7317670E-04
   6949.121     -2.7375889E-04
   6952.420     -2.7434103E-04
   6955.720     -2.7492322E-04
   6959.020     -2.7550536E-04
   6962.320     -2.7608749E-04
   6965.620     -2.7666969E-04
   6968.920     -2.7725182E-04
   6972.220     -2.7783401E-04
   6975.520     -2.7841615E-04
   6978.821     -2.7899834E-04
   6982.121     -2.7958048E-04
   6985.421     -2.8016261E-04
   6988.722     -2.8074480E-04
   6992.023     -2.8132694E-04
   6995.324     -2.8190913E-04
   6998.625     -2.8249127E-04
   7001.925     -2.8307340E-04
   7005.227     -2.8365559E-04
   7008.528     -2.8423773E-04
   7011.829     -2.8481992E-04
   7015.130     -2.8540206E-04
   7018.432     -2.8598425E-04
   7021.733     -2.8656638E-04
   7025.035     -2.8714852E-04
   7028.336     -2.8773071E-04
   7031.638     -2.8831285E-04
   7034.940     -2.8889504E-04
   7038.242     -2.8947718E-04
   7041.543     -2.9005937E-04
   7044.846     -2.9064150E-04
