   6819.852      1.7073045E-02
   6820.112      1.7234348E-02
   6820.374      1.7411957E-02
   6820.634      1.7595746E-02
   6820.896      1.7778756E-02
   6821.156      1.7959621E-02
   6821.417      1.8141195E-02
   6821.678      1.8328151E-02
   6821.939      1.8524250E-02
   6822.201      1.8731466E-02
   6822.461      1.8950464E-02
   6822.723      1.9181103E-02
   6822.983      1.9420931E-02
   6823.245      1.9664342E-02
   6823.505      1.9903313E-02
   6823.767      2.0131649E-02
   6824.028      2.0350011E-02
   6824.289      2.0566281E-02
   6824.550      2.0791816E-02
   6824.811      2.1034133E-02
   6825.072      2.1294123E-02
   6825.333      2.1567024E-02
   6825.594      2.1848179E-02
   6825.855      2.2136264E-02
   6826.116      2.2432569E-02
   6826.377      2.2737369E-02
   6826.638      2.3047207E-02
   6826.899      2.3354944E-02
   6827.160      2.3653788E-02
   6827.421      2.3940394E-02
   6827.682      2.4215376E-02
   6827.943      2.4482572E-02
   6828.204      2.4747187E-02
   6828.465      2.5014391E-02
   6828.726      2.5289612E-02
   6828.987      2.5576653E-02
   6829.249      2.5877513E-02
   6829.509      2.6191574E-02
   6829.771      2.6516194E-02
   6830.031      2.6848920E-02
   6830.292      2.7187878E-02
   6830.554      2.7531138E-02
   6830.814      2.7875651E-02
   6831.076      2.8217105E-02
   6831.337      2.8551495E-02
   6831.598      2.8877376E-02
   6831.859      2.9196592E-02
   6832.120      2.9514374E-02
   6832.381      2.9836224E-02
   6832.642      3.0166529E-02
   6832.903      3.0507734E-02
   6833.164      3.0860981E-02
   6833.425      3.1228278E-02
   6833.686      3.1611621E-02
   6833.947      3.2012418E-02
   6834.208      3.2429490E-02
   6834.469      3.2858174E-02
   6834.730      3.3291686E-02
   6834.992      3.3722516E-02
   6835.252      3.4145370E-02
   6835.514      3.4558296E-02
   6835.775      3.4963381E-02
   6836.036      3.5367139E-02
   6836.297      3.5779819E-02
   6836.558      3.6211748E-02
   6836.819      3.6668856E-02
   6837.080      3.7147988E-02
   6837.341      3.7637454E-02
   6837.602      3.8122837E-02
   6837.863      3.8593642E-02
   6838.125      3.9049145E-02
   6838.386      3.9496306E-02
   6838.646      3.9945461E-02
   6838.908      4.0405516E-02
   6839.169      4.0881630E-02
   6839.430      4.1376173E-02
   6839.691      4.1889876E-02
   6839.952      4.2421818E-02
   6840.213      4.2969182E-02
   6840.474      4.3527417E-02
   6840.735      4.4092376E-02
   6840.997      4.4662364E-02
   6841.257      4.5238972E-02
   6841.519      4.5824524E-02
   6841.780      4.6418671E-02
   6842.041      4.7017008E-02
   6842.302      4.7612842E-02
   6842.563      4.8200529E-02
   6842.824      4.8777688E-02
   6843.085      4.9345363E-02
   6843.346      4.9906697E-02
   6843.607      5.0467975E-02
   6843.868      5.1039092E-02
   6844.129      5.1634017E-02
   6844.391      5.2265499E-02
   6844.652      5.2939743E-02
   6844.913      5.3651914E-02
   6845.174      5.4387778E-02
   6845.435      5.5130575E-02
   6845.696      5.5868607E-02
   6845.957      5.6599360E-02
   6846.218      5.7328768E-02
   6846.479      5.8065347E-02
   6846.741      5.8814827E-02
   6847.001      5.9577879E-02
   6847.263      6.0352240E-02
   6847.524      6.1136119E-02
   6847.785      6.1929710E-02
   6848.046      6.2734291E-02
   6848.307      6.3549682E-02
   6848.568      6.4374372E-02
   6848.830      6.5206356E-02
   6849.090      6.6045560E-02
   6849.352      6.6892929E-02
   6849.613      6.7749053E-02
   6849.874      6.8613134E-02
   6850.135      6.9485307E-02
   6850.396      7.0367582E-02
   6850.657      7.1265072E-02
   6850.918      7.2182819E-02
   6851.180      7.3122442E-02
   6851.440      7.4081324E-02
   6851.702      7.5053699E-02
   6851.963      7.6033331E-02
   6852.224      7.7015460E-02
   6852.485      7.7998571E-02
   6852.746      7.8984126E-02
   6853.007      7.9977654E-02
   6853.269      8.0988273E-02
   6853.530      8.2027540E-02
   6853.791      8.3105855E-02
   6854.052      8.4227547E-02
   6854.313      8.5388899E-02
   6854.574      8.6579144E-02
   6854.835      8.7784886E-02
   6855.097      8.8996403E-02
   6855.357      9.0211853E-02
   6855.619      9.1436759E-02
   6855.880      9.2679307E-02
   6856.141      9.3943134E-02
   6856.402      9.5223278E-02
   6856.664      9.6507281E-02
   6856.924      9.7783223E-02
   6857.186      9.9046774E-02
   6857.447      0.1003041    
   6857.708      0.1015676    
   6857.969      0.1028485    
   6858.230      0.1041508    
   6858.491      0.1054732    
   6858.752      0.1068134    
   6859.014      0.1081731    
   6859.275      0.1095582    
   6859.536      0.1109771    
   6859.797      0.1124372    
   6860.058      0.1139424    
   6860.319      0.1154907    
   6860.581      0.1170731    
   6860.842      0.1186733    
   6861.103      0.1202716    
   6861.364      0.1218532    
   6861.625      0.1234152    
   6861.886      0.1249665    
   6862.147      0.1265222    
   6862.409      0.1280962    
   6862.670      0.1296964    
   6862.931      0.1313269    
   6863.192      0.1329908    
   6863.454      0.1346919    
   6863.715      0.1364331    
   6863.976      0.1382154    
   6864.237      0.1400381    
   6864.498      0.1419005    
   6864.759      0.1438033    
   6865.021      0.1457463    
   6865.282      0.1477228    
   6865.543      0.1497192    
   6865.804      0.1517179    
   6866.065      0.1537054    
   6866.326      0.1556809    
   6866.587      0.1576569    
   6866.849      0.1596521    
   6867.110      0.1616812    
   6867.371      0.1637488    
   6867.632      0.1658506    
   6867.894      0.1679797    
   6868.155      0.1701296    
   6868.416      0.1722948    
   6868.677      0.1744683    
   6868.938      0.1766431    
   6869.199      0.1788162    
   6869.460      0.1809919    
   6869.722      0.1831807    
   6869.983      0.1853924    
   6870.244      0.1876311    
   6870.505      0.1898972    
   6870.767      0.1921927    
   6871.028      0.1945260    
   6871.289      0.1969067    
   6871.550      0.1993358    
   6871.812      0.2017995    
   6872.073      0.2042722    
   6872.334      0.2067277    
   6872.595      0.2091506    
   6872.856      0.2115391    
   6873.118      0.2139055    
   6873.378      0.2162715    
   6873.640      0.2186661    
   6873.901      0.2211194    
   6874.162      0.2236540    
   6874.423      0.2262746    
   6874.685      0.2289636    
   6874.946      0.2316874    
   6875.207      0.2344120    
   6875.468      0.2371174    
   6875.729      0.2398034    
   6875.991      0.2424811    
   6876.252      0.2451608    
   6876.513      0.2478459    
   6876.774      0.2505371    
   6877.036      0.2532398    
   6877.297      0.2559659    
   6877.558      0.2587279    
   6877.819      0.2615273    
   6878.081      0.2643552    
   6878.342      0.2671988    
   6878.603      0.2700540    
   6878.864      0.2729270    
   6879.125      0.2758258    
   6879.387      0.2787492    
   6879.648      0.2816821    
   6879.909      0.2846048    
   6880.170      0.2875070    
   6880.432      0.2903933    
   6880.693      0.2932775    
   6880.954      0.2961661    
   6881.215      0.2990544    
   6881.477      0.3019277    
   6881.738      0.3047772    
   6881.999      0.3076062    
   6882.260      0.3104277    
   6882.521      0.3132542    
   6882.783      0.3160917    
   6883.044      0.3189442    
   6883.305      0.3218205    
   6883.566      0.3247368    
   6883.828      0.3277028    
   6884.089      0.3307098    
   6884.350      0.3337279    
   6884.611      0.3367209    
   6884.873      0.3396667    
   6885.134      0.3425650    
   6885.395      0.3454289    
   6885.656      0.3482732    
   6885.917      0.3511057    
   6886.179      0.3539345    
   6886.440      0.3567726    
   6886.702      0.3596383    
   6886.963      0.3625395    
   6887.224      0.3654660    
   6887.485      0.3683900    
   6887.747      0.3712811    
   6888.008      0.3741230    
   6888.269      0.3769202    
   6888.530      0.3796861    
   6888.792      0.3824300    
   6889.053      0.3851467    
   6889.314      0.3878222    
   6889.575      0.3904465    
   6889.836      0.3930221    
   6890.098      0.3955620    
   6890.359      0.3980815    
   6890.621      0.4005908    
   6890.882      0.4030956    
   6891.143      0.4055995    
   6891.404      0.4081048    
   6891.666      0.4106083    
   6891.927      0.4130977    
   6892.188      0.4155569    
   6892.449      0.4179734    
   6892.710      0.4203472    
   6892.972      0.4226891    
   6893.233      0.4250082    
   6893.495      0.4273091    
   6893.756      0.4295917    
   6894.017      0.4318590    
   6894.278      0.4341206    
   6894.540      0.4363829    
   6894.801      0.4386423    
   6895.062      0.4408824    
   6895.323      0.4430841    
   6895.584      0.4452386    
   6895.846      0.4473507    
   6896.107      0.4494319    
   6896.369      0.4514888    
   6896.630      0.4535168    
   6896.891      0.4555067    
   6897.152      0.4574522    
   6897.414      0.4593546    
   6897.675      0.4612178    
   6897.937      0.4630409    
   6898.198      0.4648181    
   6898.459      0.4665452    
   6898.720      0.4682270    
   6898.981      0.4698773    
   6899.243      0.4715073    
   6899.504      0.4731146    
   6899.766      0.4746846    
   6900.027      0.4762031    
   6900.288      0.4776691    
   6900.549      0.4790988    
   6900.811      0.4805112    
   6901.072      0.4819148    
   6901.333      0.4833019    
   6901.595      0.4846597    
   6901.856      0.4859828    
   6902.117      0.4872794    
   6902.378      0.4885651    
   6902.640      0.4898487    
   6902.901      0.4911304    
   6903.163      0.4924054    
   6903.424      0.4936727    
   6903.685      0.4949338    
   6903.946      0.4961873    
   6904.208      0.4974206    
   6904.469      0.4986151    
   6904.730      0.4997568    
   6904.992      0.5008483    
   6905.253      0.5019071    
   6905.514      0.5029522    
   6905.776      0.5039910    
   6906.037      0.5050151    
   6906.298      0.5060080    
   6906.560      0.5069574    
   6906.821      0.5078571    
   6907.083      0.5087047    
   6907.344      0.5094978    
   6907.605      0.5102348    
   6907.866      0.5109220    
   6908.127      0.5115784    
   6908.389      0.5122318    
   6908.650      0.5129074    
   6908.912      0.5136173    
   6909.173      0.5143574    
   6909.434      0.5151117    
   6909.696      0.5158625    
   6909.957      0.5165960    
   6910.218      0.5173005    
   6910.479      0.5179641    
   6910.741      0.5185739    
   6911.002      0.5191213    
   6911.264      0.5196062    
   6911.525      0.5200396    
   6911.787      0.5204388    
   6912.048      0.5208264    
   6912.309      0.5212292    
   6912.570      0.5216798    
   6912.832      0.5222079    
   6913.093      0.5228264    
   6913.354      0.5235162    
   6913.616      0.5242272    
   6913.877      0.5248967    
   6914.139      0.5254733    
   6914.400      0.5259374    
   6914.661      0.5262995    
   6914.923      0.5265912    
   6915.184      0.5268450    
   6915.445      0.5270837    
   6915.707      0.5273144    
   6915.968      0.5275337    
   6916.229      0.5277326    
   6916.491      0.5279052    
   6916.752      0.5280563    
   6917.014      0.5282007    
   6917.275      0.5283629    
   6917.536      0.5285682    
   6917.798      0.5288306    
   6918.059      0.5291460    
   6918.320      0.5294908    
   6918.582      0.5298326    
   6918.843      0.5301429    
   6919.104      0.5304070    
   6919.366      0.5306268    
   6919.627      0.5308135    
   6919.889      0.5309825    
   6920.150      0.5311473    
   6920.412      0.5313215    
   6920.673      0.5315158    
   6920.934      0.5317388    
   6921.195      0.5319904    
   6921.457      0.5322624    
   6921.718      0.5325403    
   6921.979      0.5328127    
   6922.241      0.5330734    
   6922.502      0.5333203    
   6922.764      0.5335514    
   6923.025      0.5337604    
   6923.287      0.5339409    
   6923.548      0.5340902    
   6923.810      0.5342156    
   6924.071      0.5343283    
   6924.332      0.5344377    
   6924.594      0.5345455    
   6924.855      0.5346508    
   6925.116      0.5347582    
   6925.378      0.5348834    
   6925.639      0.5350471    
   6925.900      0.5352644    
   6926.162      0.5355361    
   6926.423      0.5358469    
   6926.685      0.5361756    
   6926.946      0.5365009    
   6927.208      0.5368044    
   6927.469      0.5370691    
   6927.730      0.5372797    
   6927.992      0.5374295    
   6928.253      0.5375230    
   6928.515      0.5375751    
   6928.776      0.5376053    
   6929.038      0.5376317    
   6929.299      0.5376714    
   6929.560      0.5377439    
   6929.822      0.5378708    
   6930.083      0.5380682    
   6930.344      0.5383380    
   6930.606      0.5386621    
   6930.867      0.5390053    
   6931.129      0.5393307    
   6931.390      0.5396109    
   6931.651      0.5398371    
   6931.913      0.5400174    
   6932.174      0.5401732    
   6932.436      0.5403277    
   6932.697      0.5404989    
   6932.958      0.5406966    
   6933.220      0.5409212    
   6933.481      0.5411677    
   6933.743      0.5414268    
   6934.004      0.5416896    
   6934.266      0.5419498    
   6934.527      0.5422058    
   6934.789      0.5424603    
   6935.050      0.5427218    
   6935.312      0.5429996    
   6935.573      0.5433006    
   6935.834      0.5436233    
   6936.096      0.5439564    
   6936.357      0.5442821    
   6936.619      0.5445840    
   6936.880      0.5448583    
   6937.142      0.5451161    
   6937.403      0.5453787    
   6937.665      0.5456672    
   6937.926      0.5459934    
   6938.188      0.5463538    
   6938.449      0.5467349    
   6938.710      0.5471185    
   6938.972      0.5474905    
   6939.233      0.5478455    
   6939.495      0.5481875    
   6939.756      0.5485243    
   6940.018      0.5488636    
   6940.279      0.5492095    
   6940.541      0.5495681    
   6940.802      0.5499511    
   6941.063      0.5503747    
   6941.325      0.5508513    
   6941.586      0.5513787    
   6941.848      0.5519338    
   6942.109      0.5524837    
   6942.371      0.5529954    
   6942.632      0.5534471    
   6942.894      0.5538277    
   6943.155      0.5541389    
   6943.417      0.5543925    
   6943.678      0.5546128    
   6943.939      0.5548322    
   6944.201      0.5550847    
   6944.462      0.5553951    
   6944.724      0.5557734    
   6944.985      0.5562144    
   6945.247      0.5567026    
   6945.508      0.5572190    
   6945.770      0.5577486    
   6946.031      0.5582789    
   6946.292      0.5588022    
   6946.554      0.5593128    
   6946.815      0.5598091    
   6947.077      0.5602968    
   6947.338      0.5607880    
   6947.600      0.5612944    
   6947.861      0.5618175    
   6948.123      0.5623445    
   6948.384      0.5628542    
   6948.646      0.5633308    
   6948.907      0.5637745    
   6949.169      0.5641999    
   6949.430      0.5646261    
   6949.692      0.5650675    
   6949.953      0.5655268    
   6950.215      0.5660008    
   6950.476      0.5664818    
   6950.738      0.5669597    
   6951.000      0.5674245    
   6951.261      0.5678736    
   6951.522      0.5683181    
   6951.784      0.5687880    
   6952.045      0.5693209    
   6952.307      0.5699431    
   6952.568      0.5706496    
   6952.830      0.5714022    
   6953.091      0.5721473    
   6953.353      0.5728437    
   6953.614      0.5734808    
   6953.876      0.5740792    
   6954.137      0.5746726    
   6954.399      0.5752897    
   6954.660      0.5759446    
   6954.922      0.5766420    
   6955.183      0.5773769    
   6955.445      0.5781364    
   6955.706      0.5789003    
   6955.968      0.5796404    
   6956.229      0.5803313    
   6956.491      0.5809601    
   6956.752      0.5815302    
   6957.014      0.5820571    
   6957.275      0.5825645    
   6957.537      0.5830790    
   6957.798      0.5836287    
   6958.060      0.5842386    
   6958.321      0.5849259    
   6958.583      0.5856906    
   6958.844      0.5865173    
   6959.106      0.5873791    
   6959.368      0.5882492    
   6959.629      0.5891055    
   6959.891      0.5899347    
   6960.152      0.5907268    
   6960.414      0.5914776    
   6960.675      0.5921859    
   6960.937      0.5928586    
   6961.198      0.5935119    
   6961.459      0.5941693    
   6961.721      0.5948584    
   6961.983      0.5956047    
   6962.244      0.5964215    
   6962.506      0.5973076    
   6962.768      0.5982425    
   6963.029      0.5991933    
   6963.291      0.6001275    
   6963.552      0.6010265    
   6963.813      0.6018926    
   6964.075      0.6027440    
   6964.336      0.6035982    
   6964.598      0.6044604    
   6964.860      0.6053225    
   6965.121      0.6061696    
   6965.383      0.6069922    
   6965.645      0.6077928    
   6965.906      0.6085843    
   6966.167      0.6093821    
   6966.429      0.6102004    
   6966.690      0.6110457    
   6966.952      0.6119170    
   6967.213      0.6128075    
   6967.475      0.6137059    
   6967.737      0.6145998    
   6967.998      0.6154798    
   6968.260      0.6163439    
   6968.521      0.6172021    
   6968.783      0.6180716    
   6969.044      0.6189685    
   6969.306      0.6198962    
   6969.567      0.6208402    
   6969.829      0.6217743    
   6970.091      0.6226742    
   6970.352      0.6235294    
   6970.614      0.6243491    
   6970.875      0.6251587    
   6971.137      0.6259859    
   6971.398      0.6268451    
   6971.660      0.6277318    
   6971.922      0.6286234    
   6972.183      0.6294942    
   6972.445      0.6303319    
   6972.707      0.6311403    
   6972.968      0.6319391    
   6973.229      0.6327540    
   6973.491      0.6336126    
   6973.752      0.6345385    
   6974.014      0.6355470    
   6974.276      0.6366382    
   6974.537      0.6377936    
   6974.799      0.6389785    
   6975.061      0.6401544    
   6975.322      0.6412883    
   6975.583      0.6423646    
   6975.845      0.6433837    
   6976.107      0.6443569    
   6976.369      0.6452975    
   6976.630      0.6462182    
   6976.892      0.6471310    
   6977.153      0.6480511    
   6977.415      0.6489943    
   6977.676      0.6499718    
   6977.938      0.6509839    
   6978.200      0.6520163    
   6978.461      0.6530479    
   6978.723      0.6540565    
   6978.984      0.6550289    
   6979.246      0.6559632    
   6979.507      0.6568680    
   6979.769      0.6577595    
   6980.031      0.6586573    
   6980.292      0.6595775    
   6980.554      0.6605307    
   6980.815      0.6615176    
   6981.077      0.6625316    
   6981.339      0.6635610    
   6981.600      0.6645918    
   6981.862      0.6656165    
   6982.124      0.6666375    
   6982.385      0.6676680    
   6982.646      0.6687287    
   6982.908      0.6698337    
   6983.170      0.6709801    
   6983.432      0.6721450    
   6983.693      0.6732917    
   6983.955      0.6743822    
   6984.216      0.6753839    
   6984.478      0.6762788    
   6984.740      0.6770646    
   6985.001      0.6777593    
   6985.263      0.6784006    
   6985.524      0.6790397    
   6985.786      0.6797317    
   6986.048      0.6805174    
   6986.309      0.6814113    
   6986.571      0.6823985    
   6986.833      0.6834444    
   6987.094      0.6845130    
   6987.356      0.6855798    
   6987.617      0.6866299    
   6987.879      0.6876531    
   6988.141      0.6886361    
   6988.402      0.6895616    
   6988.664      0.6904204    
   6988.926      0.6912166    
   6989.187      0.6919709    
   6989.449      0.6927167    
   6989.710      0.6934884    
   6989.972      0.6943116    
   6990.234      0.6951926    
   6990.495      0.6961155    
   6990.757      0.6970455    
   6991.019      0.6979454    
   6991.280      0.6987861    
   6991.542      0.6995586    
   6991.804      0.7002726    
   6992.065      0.7009481    
   6992.327      0.7016053    
   6992.588      0.7022556    
   6992.850      0.7028995    
   6993.112      0.7035278    
   6993.374      0.7041329    
   6993.635      0.7047108    
   6993.896      0.7052671    
   6994.158      0.7058138    
   6994.420      0.7063566    
   6994.682      0.7068954    
   6994.943      0.7074215    
   6995.205      0.7079275    
   6995.467      0.7084128    
   6995.728      0.7088854    
   6995.990      0.7093552    
   6996.251      0.7098284    
   6996.513      0.7103044    
   6996.775      0.7107769    
   6997.037      0.7112427    
   6997.298      0.7116974    
   6997.560      0.7121276    
   6997.821      0.7125045    
   6998.083      0.7127903    
   6998.345      0.7129593    
   6998.606      0.7130183    
   6998.868      0.7130062    
   6999.130      0.7129715    
   6999.392      0.7129443    
   6999.653      0.7129229    
   6999.915      0.7128888    
   7000.177      0.7128318    
   7000.438      0.7127588    
   7000.700      0.7126864    
   7000.961      0.7126172    
   7001.223      0.7125307    
   7001.485      0.7123938    
   7001.747      0.7121859    
   7002.008      0.7119062    
   7002.270      0.7115723    
   7002.532      0.7111976    
   7002.793      0.7107803    
   7003.055      0.7103103    
   7003.316      0.7097877    
   7003.578      0.7092302    
   7003.840      0.7086657    
   7004.102      0.7081093    
   7004.363      0.7075489    
   7004.625      0.7069455    
   7004.887      0.7062526    
   7005.148      0.7054388    
   7005.410      0.7044985    
   7005.672      0.7034458    
   7005.934      0.7023062    
   7006.195      0.7011061    
   7006.457      0.6998729    
   7006.719      0.6986329    
   7006.980      0.6974044    
   7007.242      0.6961866    
   7007.504      0.6949495    
   7007.765      0.6936496    
   7008.027      0.6922519    
   7008.289      0.6907529    
   7008.550      0.6891855    
   7008.812      0.6876003    
   7009.074      0.6860331    
   7009.335      0.6844895    
   7009.597      0.6829463    
   7009.859      0.6813723    
   7010.121      0.6797416    
   7010.382      0.6780382    
   7010.644      0.6762470    
   7010.906      0.6743537    
   7011.167      0.6723547    
   7011.429      0.6702705    
   7011.691      0.6681390    
   7011.953      0.6659926    
   7012.214      0.6638325    
   7012.476      0.6616281    
   7012.738      0.6593382    
   7013.000      0.6569456    
   7013.261      0.6544712    
   7013.523      0.6519529    
   7013.785      0.6494155    
   7014.046      0.6468486    
   7014.308      0.6442165    
   7014.570      0.6414933    
   7014.832      0.6386864    
   7015.093      0.6358320    
   7015.355      0.6329644    
   7015.617      0.6300879    
   7015.878      0.6271765    
   7016.140      0.6241941    
   7016.402      0.6211213    
   7016.664      0.6179594    
   7016.925      0.6147183    
   7017.187      0.6114048    
   7017.449      0.6080250    
   7017.710      0.6045965    
   7017.972      0.6011521    
   7018.234      0.5977256    
   7018.496      0.5943292    
   7018.758      0.5909392    
   7019.020      0.5875084    
   7019.281      0.5839965    
   7019.543      0.5803943    
   7019.805      0.5767232    
   7020.066      0.5730109    
   7020.328      0.5692647    
   7020.590      0.5654715    
   7020.852      0.5616205    
   7021.113      0.5577301    
   7021.375      0.5538429    
   7021.637      0.5499954    
   7021.898      0.5461809    
   7022.160      0.5423478    
   7022.422      0.5384343    
   7022.684      0.5344156    
   7022.945      0.5303205    
   7023.208      0.5262069    
   7023.469      0.5221164    
   7023.731      0.5180473    
   7023.993      0.5139663    
   7024.254      0.5098411    
   7024.516      0.5056654    
   7024.778      0.5014510    
   7025.040      0.4972070    
   7025.301      0.4929248    
   7025.563      0.4885912    
   7025.825      0.4842099    
   7026.086      0.4798111    
   7026.349      0.4754331    
   7026.610      0.4710911    
   7026.872      0.4667613    
   7027.134      0.4624036    
   7027.396      0.4579993    
   7027.657      0.4535783    
   7027.919      0.4492005    
   7028.181      0.4449120    
   7028.442      0.4407081    
   7028.704      0.4365416    
   7028.966      0.4323625    
   7029.228      0.4281574    
   7029.490      0.4239526    
   7029.751      0.4197782    
   7030.013      0.4156336    
   7030.275      0.4114835    
   7030.537      0.4072891    
   7030.798      0.4030439    
   7031.061      0.3987798    
   7031.322      0.3945397    
   7031.584      0.3903394    
   7031.846      0.3861579    
   7032.107      0.3819607    
   7032.369      0.3777367    
   7032.631      0.3735128    
   7032.893      0.3693323    
   7033.155      0.3652208    
   7033.417      0.3611686    
   7033.678      0.3571490    
   7033.940      0.3531471    
   7034.202      0.3491744    
   7034.464      0.3452534    
   7034.726      0.3413899    
   7034.987      0.3375599    
   7035.249      0.3337261    
   7035.511      0.3298693    
   7035.772      0.3260036    
   7036.034      0.3221610    
   7036.296      0.3183602    
   7036.558      0.3145864    
   7036.820      0.3108048    
   7037.082      0.3069926    
   7037.343      0.3031635    
   7037.605      0.2993613    
   7037.867      0.2956284    
   7038.129      0.2919791    
   7038.391      0.2883988    
   7038.652      0.2848650    
   7038.914      0.2813721    
   7039.176      0.2779326    
   7039.438      0.2745557    
   7039.700      0.2712277    
   7039.961      0.2679109    
   7040.223      0.2645673    
   7040.485      0.2611872    
   7040.747      0.2577965    
   7041.009      0.2544360    
   7041.271      0.2511311    
   7041.533      0.2478779    
   7041.794      0.2446570    
   7042.056      0.2414602    
   7042.318      0.2383036    
   7042.580      0.2352118    
   7042.842      0.2321927    
   7043.104      0.2292240    
   7043.365      0.2262671    
   7043.627      0.2232981    
   7043.889      0.2203261    
   7044.151      0.2173847    
   7044.413      0.2145052    
   7044.674      0.2116937    
   7044.936      0.2089345    
   7045.198      0.2062102    
   7045.460      0.2035193    
   7045.722      0.2008743    
   7045.983      0.1982818    
   7046.246      0.1957290    
   7046.507      0.1931896    
   7046.769      0.1906440    
   7047.031      0.1880970    
   7047.293      0.1855737    
   7047.555      0.1830984    
   7047.816      0.1806748    
   7048.078      0.1782845    
   7048.340      0.1759065    
   7048.602      0.1735359    
   7048.864      0.1711884    
   7049.125      0.1688856    
   7049.388      0.1666357    
   7049.649      0.1644276    
   7049.911      0.1622426    
   7050.173      0.1600723    
   7050.435      0.1579244    
   7050.697      0.1558117    
   7050.958      0.1537362    
   7051.221      0.1516847    
   7051.482      0.1496404    
   7051.744      0.1476015    
   7052.006      0.1455882    
   7052.268      0.1436294    
   7052.530      0.1417398    
   7052.792      0.1399063    
   7053.054      0.1380951    
   7053.315      0.1362739    
   7053.577      0.1344330    
   7053.839      0.1325872    
   7054.101      0.1307619    
   7054.363      0.1289746    
   7054.625      0.1272289    
   7054.887      0.1255218    
   7055.148      0.1238532    
   7055.410      0.1222267    
   7055.672      0.1206409    
   7055.934      0.1190814    
   7056.196      0.1175263    
   7056.458      0.1159602    
   7056.720      0.1143869    
   7056.981      0.1128271    
   7057.244      0.1113031    
   7057.505      0.1098225    
   7057.767      0.1083752    
   7058.029      0.1069441    
   7058.291      0.1055208    
   7058.553      0.1041114    
   7058.815      0.1027284    
   7059.077      0.1013781    
   7059.338      0.1000511    
   7059.601      9.8730326E-02
   7059.862      9.7402781E-02
   7060.124      9.6070349E-02
   7060.386      9.4746657E-02
   7060.648      9.3446039E-02
   7060.910      9.2173666E-02
   7061.172      9.0925485E-02
   7061.434      8.9697406E-02
   7061.696      8.8493161E-02
   7061.958      8.7323345E-02
   7062.219      8.6195685E-02
   7062.481      8.5105434E-02
   7062.743      8.4034570E-02
   7063.005      8.2963072E-02
   7063.267      8.1881315E-02
   7063.529      8.0796078E-02
   7063.791      7.9723939E-02
   7064.053      7.8678221E-02
   7064.314      7.7660128E-02
   7064.577      7.6659627E-02
   7064.838      7.5665988E-02
   7065.100      7.4676901E-02
   7065.362      7.3699005E-02
   7065.624      7.2741523E-02
   7065.886      7.1808495E-02
   7066.148      7.0897058E-02
   7066.410      7.0001923E-02
   7066.672      6.9120042E-02
   7066.934      6.8249993E-02
   7067.196      6.7388885E-02
   7067.458      6.6530988E-02
   7067.719      6.5671690E-02
   7067.981      6.4813510E-02
   7068.243      6.3967772E-02
   7068.505      6.3148126E-02
   7068.767      6.2360056E-02
   7069.029      6.1595891E-02
   7069.291      6.0839005E-02
   7069.553      6.0075890E-02
   7069.815      5.9305277E-02
   7070.077      5.8537792E-02
   7070.339      5.7787657E-02
   7070.601      5.7060815E-02
   7070.863      5.6353379E-02
   7071.125      5.5657007E-02
   7071.386      5.4968283E-02
   7071.648      5.4291744E-02
   7071.910      5.3635530E-02
   7072.172      5.3003177E-02
   7072.434      5.2389126E-02
   7072.696      5.1782113E-02
   7072.958      5.1173035E-02
   7073.220      5.0560601E-02
   7073.482      4.9950354E-02
   7073.744      4.9347915E-02
   7074.006      4.8752818E-02
   7074.268      4.8158441E-02
   7074.530      4.7558278E-02
   7074.792      4.6952251E-02
   7075.054      4.6347778E-02
   7075.315      4.5754354E-02
   7075.578      4.5177080E-02
   7075.839      4.4613779E-02
   7076.102      4.4058874E-02
   7076.363      4.3511055E-02
   7076.625      4.2975243E-02
   7076.887      4.2459983E-02
   7077.149      4.1969050E-02
   7077.411      4.1496605E-02
   7077.673      4.1028898E-02
   7077.935      4.0552028E-02
   7078.197      4.0060420E-02
   7078.459      3.9558969E-02
   7078.721      3.9058629E-02
   7078.983      3.8570471E-02
   7079.245      3.8100600E-02
   7079.507      3.7650917E-02
   7079.769      3.7221655E-02
   7080.031      3.6811978E-02
   7080.292      3.6418576E-02
   7080.555      3.6034130E-02
   7080.816      3.5650067E-02
   7081.079      3.5260204E-02
   7081.340      3.4865525E-02
   7081.603      3.4472313E-02
   7081.864      3.4085955E-02
   7082.126      3.3705160E-02
   7082.388      3.3322249E-02
   7082.650      3.2928485E-02
   7082.912      3.2521769E-02
   7083.174      3.2108553E-02
   7083.436      3.1698875E-02
   7083.698      3.1299584E-02
   7083.960      3.0910261E-02
   7084.222      3.0525755E-02
   7084.484      3.0142328E-02
   7084.746      2.9761998E-02
   7085.008      2.9392073E-02
   7085.270      2.9039823E-02
   7085.532      2.8708216E-02
   7085.794      2.8395753E-02
   7086.056      2.8099703E-02
   7086.318      2.7820682E-02
   7086.580      2.7563715E-02
   7086.842      2.7337277E-02
   7087.104      2.7148696E-02
   7087.366      2.7001685E-02
