 5.50008e+03  3.40836e-03
 5.50034e+03  3.50392e-03
 5.50060e+03  3.47539e-03
 5.50086e+03  3.17839e-03
 5.50113e+03  3.37643e-03
 5.50139e+03  3.45669e-03
 5.50165e+03  3.57762e-03
 5.50191e+03  3.79643e-03
 5.50217e+03  3.51346e-03
 5.50243e+03  3.51494e-03
 5.50269e+03  3.52412e-03
 5.50295e+03  3.54996e-03
 5.50322e+03  3.55663e-03
 5.50348e+03  3.63130e-03
 5.50374e+03  3.87858e-03
 5.50400e+03  3.83718e-03
 5.50426e+03  3.80239e-03
 5.50452e+03  3.96205e-03
 5.50478e+03  3.95563e-03
 5.50504e+03  3.57802e-03
 5.50531e+03  3.98105e-03
 5.50557e+03  3.82153e-03
 5.50583e+03  3.97269e-03
 5.50609e+03  3.87357e-03
 5.50635e+03  3.79756e-03
 5.50661e+03  3.95696e-03
 5.50687e+03  3.60040e-03
 5.50713e+03  4.10984e-03
 5.50740e+03  4.35413e-03
 5.50766e+03  4.20153e-03
 5.50792e+03  4.01750e-03
 5.50818e+03  4.37144e-03
 5.50844e+03  4.53906e-03
 5.50870e+03  4.34399e-03
 5.50896e+03  4.24739e-03
 5.50922e+03  4.51832e-03
 5.50948e+03  4.34184e-03
 5.50975e+03  4.55134e-03
 5.51001e+03  4.58453e-03
 5.51027e+03  4.22981e-03
 5.51053e+03  4.65011e-03
 5.51079e+03  4.66989e-03
 5.51105e+03  4.44431e-03
 5.51131e+03  4.45010e-03
 5.51157e+03  4.92629e-03
 5.51183e+03  4.78904e-03
 5.51210e+03  4.92745e-03
 5.51236e+03  4.96501e-03
 5.51262e+03  4.94306e-03
 5.51288e+03  5.07726e-03
 5.51314e+03  5.01159e-03
 5.51340e+03  5.02672e-03
 5.51366e+03  5.20680e-03
 5.51392e+03  5.29855e-03
 5.51419e+03  5.22350e-03
 5.51445e+03  5.11673e-03
 5.51471e+03  5.43330e-03
 5.51497e+03  5.28510e-03
 5.51523e+03  5.56854e-03
 5.51549e+03  5.65014e-03
 5.51575e+03  5.39333e-03
 5.51601e+03  5.48916e-03
 5.51628e+03  5.52382e-03
 5.51654e+03  5.66928e-03
 5.51680e+03  5.80997e-03
 5.51706e+03  5.82984e-03
 5.51732e+03  5.81607e-03
 5.51758e+03  6.00928e-03
 5.51784e+03  5.80065e-03
 5.51810e+03  5.86909e-03
 5.51837e+03  5.96578e-03
 5.51863e+03  5.95555e-03
 5.51889e+03  6.43888e-03
 5.51915e+03  6.17394e-03
 5.51941e+03  6.47179e-03
 5.51967e+03  6.45690e-03
 5.51993e+03  6.59850e-03
 5.52019e+03  6.54344e-03
 5.52045e+03  6.86955e-03
 5.52072e+03  6.51102e-03
 5.52098e+03  6.61937e-03
 5.52124e+03  6.94333e-03
 5.52150e+03  7.04398e-03
 5.52176e+03  6.91290e-03
 5.52202e+03  7.21408e-03
 5.52228e+03  7.29323e-03
 5.52254e+03  7.23957e-03
 5.52281e+03  7.44485e-03
 5.52307e+03  7.21451e-03
 5.52333e+03  7.33259e-03
 5.52359e+03  7.61133e-03
 5.52385e+03  7.76335e-03
 5.52411e+03  7.99336e-03
 5.52437e+03  7.83750e-03
 5.52463e+03  8.05200e-03
 5.52490e+03  8.17112e-03
 5.52516e+03  8.23272e-03
 5.52542e+03  8.21864e-03
 5.52568e+03  8.40418e-03
 5.52594e+03  8.53667e-03
 5.52620e+03  8.23806e-03
 5.52646e+03  8.46319e-03
 5.52672e+03 -2.21298e-03
 5.52698e+03  4.07963e-03
 5.52725e+03  7.66765e-03
 5.52751e+03  8.81529e-03
 5.52777e+03  9.20527e-03
 5.52803e+03  9.54035e-03
 5.52829e+03  9.43804e-03
 5.52855e+03  9.50720e-03
 5.52881e+03  9.56581e-03
 5.52907e+03  9.47145e-03
 5.52934e+03  1.01254e-02
 5.52960e+03  9.97252e-03
 5.52986e+03  1.03988e-02
 5.53012e+03  1.03385e-02
 5.53038e+03  1.08104e-02
 5.53064e+03  1.05661e-02
 5.53090e+03  1.07319e-02
 5.53116e+03  1.06317e-02
 5.53143e+03  1.11546e-02
 5.53169e+03  1.11253e-02
 5.53195e+03  1.15120e-02
 5.53221e+03  1.17127e-02
 5.53247e+03  1.15359e-02
 5.53273e+03  1.15839e-02
 5.53299e+03  1.20741e-02
 5.53325e+03  1.22398e-02
 5.53351e+03  1.22592e-02
 5.53378e+03  1.23100e-02
 5.53404e+03  1.26054e-02
 5.53430e+03  1.31288e-02
 5.53456e+03  1.30453e-02
 5.53482e+03  1.29240e-02
 5.53508e+03  1.35625e-02
 5.53534e+03  1.36087e-02
 5.53560e+03  1.36374e-02
 5.53587e+03  1.41108e-02
 5.53613e+03  1.40961e-02
 5.53639e+03  1.44016e-02
 5.53665e+03  1.44520e-02
 5.53691e+03  1.49402e-02
 5.53717e+03  1.50058e-02
 5.53743e+03  1.51355e-02
 5.53769e+03  1.50356e-02
 5.53796e+03  1.55183e-02
 5.53822e+03  1.58820e-02
 5.53848e+03  1.63717e-02
 5.53874e+03  1.62707e-02
 5.53900e+03  1.63242e-02
 5.53926e+03  1.66979e-02
 5.53952e+03  1.77807e-02
 5.53978e+03  1.75216e-02
 5.54004e+03  1.76357e-02
 5.54031e+03  1.81488e-02
 5.54057e+03  1.82100e-02
 5.54083e+03  1.86640e-02
 5.54109e+03  1.90610e-02
 5.54135e+03  1.89157e-02
 5.54161e+03  1.99034e-02
 5.54187e+03  1.98275e-02
 5.54213e+03  2.01942e-02
 5.54240e+03  2.07351e-02
 5.54266e+03  2.13321e-02
 5.54292e+03  2.09923e-02
 5.54318e+03  2.18890e-02
 5.54344e+03  2.16313e-02
 5.54370e+03  2.26433e-02
 5.54396e+03  2.27517e-02
 5.54422e+03  2.33173e-02
 5.54449e+03  2.32784e-02
 5.54475e+03  2.38039e-02
 5.54501e+03  2.44040e-02
 5.54527e+03  2.47454e-02
 5.54553e+03  2.54244e-02
 5.54579e+03  2.62011e-02
 5.54605e+03  2.61386e-02
 5.54631e+03  2.66213e-02
 5.54657e+03  2.70269e-02
 5.54684e+03  2.76358e-02
 5.54710e+03  2.82805e-02
 5.54736e+03  2.86786e-02
 5.54762e+03  2.90153e-02
 5.54788e+03  2.93106e-02
 5.54814e+03  3.08537e-02
 5.54840e+03  3.06972e-02
 5.54866e+03  3.15789e-02
 5.54893e+03  3.21660e-02
 5.54919e+03  3.27515e-02
 5.54945e+03  3.32280e-02
 5.54971e+03  3.34916e-02
 5.54997e+03  3.50203e-02
 5.55023e+03  3.53926e-02
 5.55049e+03  3.59440e-02
 5.55075e+03  3.75938e-02
 5.55102e+03  3.76181e-02
 5.55128e+03  3.85568e-02
 5.55154e+03  3.89824e-02
 5.55180e+03  3.94662e-02
 5.55206e+03  4.05318e-02
 5.55232e+03  4.14640e-02
 5.55258e+03  4.20158e-02
 5.55284e+03  4.32722e-02
 5.55310e+03  4.38570e-02
 5.55337e+03  4.48674e-02
 5.55363e+03  4.53263e-02
 5.55389e+03  4.66396e-02
 5.55415e+03  4.72510e-02
 5.55441e+03  4.80160e-02
 5.55467e+03  5.00436e-02
 5.55493e+03  5.01384e-02
 5.55519e+03  5.19257e-02
 5.55546e+03  5.28227e-02
 5.55572e+03  5.35245e-02
 5.55598e+03  5.50652e-02
 5.55624e+03  5.55934e-02
 5.55650e+03  5.81328e-02
 5.55676e+03  5.89532e-02
 5.55702e+03  6.03194e-02
 5.55728e+03  6.09516e-02
 5.55755e+03  6.28294e-02
 5.55781e+03  6.37524e-02
 5.55807e+03  6.57865e-02
 5.55833e+03  6.67367e-02
 5.55859e+03  6.84819e-02
 5.55885e+03  6.88635e-02
 5.55911e+03  7.20477e-02
 5.55937e+03  7.22274e-02
 5.55963e+03  7.47568e-02
 5.55990e+03  7.61778e-02
 5.56016e+03  7.79631e-02
 5.56042e+03  7.99823e-02
 5.56068e+03  8.23352e-02
 5.56094e+03  8.29429e-02
 5.56120e+03  8.54756e-02
 5.56146e+03  8.73446e-02
 5.56172e+03  8.93215e-02
 5.56199e+03  9.09093e-02
 5.56225e+03  9.41595e-02
 5.56251e+03  9.55190e-02
 5.56277e+03  9.80398e-02
 5.56303e+03  1.00281e-01
 5.56329e+03  1.02431e-01
 5.56355e+03  1.05511e-01
 5.56381e+03  1.07468e-01
 5.56408e+03  1.10450e-01
 5.56434e+03  1.13824e-01
 5.56460e+03  1.15574e-01
 5.56486e+03  1.17368e-01
 5.56512e+03  1.20558e-01
 5.56538e+03  1.24418e-01
 5.56564e+03  1.27192e-01
 5.56590e+03  1.30022e-01
 5.56617e+03  1.33158e-01
 5.56643e+03  1.36436e-01
 5.56669e+03  1.38556e-01
 5.56695e+03  1.43131e-01
 5.56721e+03  1.46163e-01
 5.56747e+03  1.50777e-01
 5.56773e+03  1.52781e-01
 5.56799e+03  1.56680e-01
 5.56825e+03  1.60603e-01
 5.56852e+03  1.66042e-01
 5.56878e+03  1.68894e-01
 5.56904e+03  1.74609e-01
 5.56930e+03  1.76681e-01
 5.56956e+03  1.81980e-01
 5.56982e+03  1.85816e-01
 5.57008e+03  1.88776e-01
 5.57034e+03  1.94690e-01
 5.57060e+03  1.99715e-01
 5.57087e+03  2.04094e-01
 5.57113e+03  2.07659e-01
 5.57139e+03  2.15394e-01
 5.57165e+03  2.19322e-01
 5.57191e+03  2.23695e-01
 5.57217e+03  2.28522e-01
 5.57243e+03  2.34469e-01
 5.57269e+03  2.39329e-01
 5.57296e+03  2.46303e-01
 5.57322e+03  2.51693e-01
 5.57348e+03  2.58292e-01
 5.57374e+03  2.62177e-01
 5.57400e+03  2.70070e-01
 5.57426e+03  2.74188e-01
 5.57452e+03  2.81250e-01
 5.57478e+03  2.87289e-01
 5.57505e+03  2.93271e-01
 5.57531e+03  2.99226e-01
 5.57557e+03  3.06355e-01
 5.57583e+03  3.11802e-01
 5.57609e+03  3.19164e-01
 5.57635e+03  3.27066e-01
 5.57661e+03  3.31212e-01
 5.57687e+03  3.40066e-01
 5.57714e+03  3.46511e-01
 5.57740e+03  3.55850e-01
 5.57766e+03  3.63078e-01
 5.57792e+03  3.67564e-01
 5.57818e+03  3.75275e-01
 5.57844e+03  3.81535e-01
 5.57870e+03  3.90038e-01
 5.57896e+03  3.97581e-01
 5.57922e+03  4.05833e-01
 5.57949e+03  4.09800e-01
 5.57975e+03  4.18872e-01
 5.58001e+03  4.25307e-01
 5.58027e+03  4.33000e-01
 5.58053e+03  4.41004e-01
 5.58079e+03  4.49140e-01
 5.58105e+03  4.55639e-01
 5.58131e+03  4.64214e-01
 5.58158e+03  4.69780e-01
 5.58184e+03  4.77491e-01
 5.58210e+03  4.84307e-01
 5.58236e+03  4.91827e-01
 5.58262e+03  4.98221e-01
 5.58288e+03  5.07147e-01
 5.58314e+03  5.10995e-01
 5.58340e+03  5.18488e-01
 5.58367e+03  5.27017e-01
 5.58393e+03  5.34364e-01
 5.58419e+03  5.38331e-01
 5.58445e+03  5.46472e-01
 5.58471e+03  5.50261e-01
 5.58497e+03  5.56393e-01
 5.58523e+03  5.65338e-01
 5.58549e+03  5.69834e-01
 5.58575e+03  5.75910e-01
 5.58602e+03  5.79008e-01
 5.58628e+03  5.87281e-01
 5.58654e+03  5.93262e-01
 5.58680e+03  6.00688e-01
 5.58706e+03  6.01927e-01
 5.58732e+03  6.09058e-01
 5.58758e+03  6.13520e-01
 5.58784e+03  6.18532e-01
 5.58811e+03  6.23478e-01
 5.58837e+03  6.25634e-01
 5.58863e+03  6.31335e-01
 5.58889e+03  6.35790e-01
 5.58915e+03  6.41874e-01
 5.58941e+03  6.42081e-01
 5.58967e+03  6.47698e-01
 5.58993e+03  6.50348e-01
 5.59020e+03  6.56142e-01
 5.59046e+03  6.54928e-01
 5.59072e+03  6.60690e-01
 5.59098e+03  6.62925e-01
 5.59124e+03  6.65007e-01
 5.59150e+03  6.68171e-01
 5.59176e+03  6.69418e-01
 5.59202e+03  6.75000e-01
 5.59228e+03  6.74842e-01
 5.59255e+03  6.80436e-01
 5.59281e+03  6.76673e-01
 5.59307e+03  6.81719e-01
 5.59333e+03  6.80849e-01
 5.59359e+03  6.85065e-01
 5.59385e+03  6.85022e-01
 5.59411e+03  6.87042e-01
 5.59437e+03  6.90871e-01
 5.59464e+03  6.90651e-01
 5.59490e+03  6.93756e-01
 5.59516e+03  6.90851e-01
 5.59542e+03  6.92217e-01
 5.59568e+03  6.93333e-01
 5.59594e+03  6.98712e-01
 5.59620e+03  6.96872e-01
 5.59646e+03  6.98934e-01
 5.59673e+03  6.98520e-01
 5.59699e+03  6.97583e-01
 5.59725e+03  7.00675e-01
 5.59751e+03  6.99655e-01
 5.59777e+03  7.00824e-01
 5.59803e+03  7.01331e-01
 5.59829e+03  7.03841e-01
 5.59855e+03  7.02499e-01
 5.59881e+03  7.02474e-01
 5.59908e+03  7.02010e-01
 5.59934e+03  7.04083e-01
 5.59960e+03  7.00842e-01
 5.59986e+03  7.03146e-01
 5.60012e+03  7.02016e-01
 5.60038e+03  7.02642e-01
 5.60064e+03  7.01842e-01
 5.60090e+03  7.04077e-01
 5.60117e+03  7.03907e-01
 5.60143e+03  7.05334e-01
 5.60169e+03  7.03732e-01
 5.60195e+03  7.04082e-01
 5.60221e+03  7.04180e-01
 5.60247e+03  7.05202e-01
 5.60273e+03  7.02356e-01
 5.60299e+03  7.03417e-01
 5.60326e+03  7.00917e-01
 5.60352e+03  7.04920e-01
 5.60378e+03  7.02018e-01
 5.60404e+03  7.04051e-01
 5.60430e+03  7.01549e-01
 5.60456e+03  7.03073e-01
 5.60482e+03  7.04328e-01
 5.60508e+03  7.04233e-01
 5.60534e+03  7.01964e-01
 5.60561e+03  7.01307e-01
 5.60587e+03  6.98238e-01
 5.60613e+03  7.03436e-01
 5.60639e+03  7.04142e-01
 5.60665e+03  7.02955e-01
 5.60691e+03  7.02694e-01
 5.60717e+03  7.01889e-01
 5.60743e+03  7.01537e-01
 5.60770e+03  7.02180e-01
 5.60796e+03  7.00079e-01
 5.60822e+03  7.00665e-01
 5.60848e+03  7.00370e-01
 5.60874e+03  7.02535e-01
 5.60900e+03  6.97906e-01
 5.60926e+03  7.03474e-01
 5.60952e+03  6.99147e-01
 5.60979e+03  6.99203e-01
 5.61005e+03  6.98561e-01
 5.61031e+03  6.99081e-01
 5.61057e+03  7.01904e-01
 5.61083e+03  6.99594e-01
 5.61109e+03  7.02636e-01
 5.61135e+03  6.98700e-01
 5.61161e+03  6.97518e-01
 5.61188e+03  6.96540e-01
 5.61214e+03  6.98501e-01
 5.61240e+03  7.00075e-01
 5.61266e+03  6.95954e-01
 5.61292e+03  6.97293e-01
 5.61318e+03  7.02166e-01
 5.61344e+03  7.00592e-01
 5.61370e+03  7.00692e-01
 5.61396e+03  6.94054e-01
 5.61423e+03  6.98345e-01
 5.61449e+03  6.99480e-01
 5.61475e+03  6.97290e-01
 5.61501e+03  6.98068e-01
 5.61527e+03  6.97655e-01
 5.61553e+03  6.97779e-01
 5.61579e+03  6.95216e-01
 5.61605e+03  6.96076e-01
 5.61632e+03  6.96223e-01
 5.61658e+03  6.96107e-01
 5.61684e+03  6.96891e-01
 5.61710e+03  6.95427e-01
 5.61736e+03  6.95330e-01
 5.61762e+03  6.94453e-01
 5.61788e+03  6.94044e-01
 5.61814e+03  6.94960e-01
 5.61840e+03  6.96902e-01
 5.61867e+03  6.93555e-01
 5.61893e+03  6.95140e-01
 5.61919e+03  6.91506e-01
 5.61945e+03  6.94113e-01
 5.61971e+03  6.94004e-01
 5.61997e+03  6.94936e-01
 5.62023e+03  6.94401e-01
 5.62049e+03  6.90576e-01
 5.62076e+03  6.91281e-01
 5.62102e+03  6.91745e-01
 5.62128e+03  6.90529e-01
 5.62154e+03  6.91549e-01
 5.62180e+03  6.91518e-01
 5.62206e+03  6.87399e-01
 5.62232e+03  6.89007e-01
 5.62258e+03  6.89239e-01
 5.62285e+03  6.89586e-01
 5.62311e+03  6.89285e-01
 5.62337e+03  6.87260e-01
 5.62363e+03  6.86429e-01
 5.62389e+03  6.84601e-01
 5.62415e+03  6.86918e-01
 5.62441e+03  6.84225e-01
 5.62467e+03  6.87141e-01
 5.62493e+03  6.84290e-01
 5.62520e+03  6.81715e-01
 5.62546e+03  6.84578e-01
 5.62572e+03  6.84927e-01
 5.62598e+03  6.80579e-01
 5.62624e+03  6.86110e-01
 5.62650e+03  6.81154e-01
 5.62676e+03  6.80879e-01
 5.62702e+03  6.77539e-01
 5.62729e+03  6.80921e-01
 5.62755e+03  6.77812e-01
 5.62781e+03  6.78115e-01
 5.62807e+03  6.75087e-01
 5.62833e+03  6.75639e-01
 5.62859e+03  6.77835e-01
 5.62885e+03  6.75579e-01
 5.62911e+03  6.74332e-01
 5.62938e+03  6.76773e-01
 5.62964e+03  6.75215e-01
 5.62990e+03  6.71045e-01
 5.63016e+03  6.71287e-01
 5.63042e+03  6.69836e-01
 5.63068e+03  6.69761e-01
 5.63094e+03  6.70791e-01
 5.63120e+03  6.68126e-01
 5.63146e+03  6.68988e-01
 5.63173e+03  6.66266e-01
 5.63199e+03  6.67754e-01
 5.63225e+03  6.65922e-01
 5.63251e+03  6.64342e-01
 5.63277e+03  6.62624e-01
 5.63303e+03  6.64835e-01
 5.63329e+03  6.62015e-01
 5.63355e+03  6.62032e-01
 5.63382e+03  6.61903e-01
 5.63408e+03  6.63188e-01
 5.63434e+03  6.61336e-01
 5.63460e+03  6.59479e-01
 5.63486e+03  6.58653e-01
 5.63512e+03  6.57299e-01
 5.63538e+03  6.55476e-01
 5.63564e+03  6.54089e-01
 5.63591e+03  6.56998e-01
 5.63617e+03  6.53943e-01
 5.63643e+03  6.54991e-01
 5.63669e+03  6.55934e-01
 5.63695e+03  6.51389e-01
 5.63721e+03  6.52891e-01
 5.63747e+03  6.52327e-01
 5.63773e+03  6.52209e-01
 5.63799e+03  6.54106e-01
 5.63826e+03  6.51693e-01
 5.63852e+03  6.49344e-01
 5.63878e+03  6.49415e-01
 5.63904e+03  6.50018e-01
 5.63930e+03  6.49869e-01
 5.63956e+03  6.47799e-01
 5.63982e+03  6.48508e-01
 5.64008e+03  6.45615e-01
 5.64035e+03  6.48328e-01
 5.64061e+03  6.45008e-01
 5.64087e+03  6.45571e-01
 5.64113e+03  6.46226e-01
 5.64139e+03  6.43320e-01
 5.64165e+03  6.47542e-01
 5.64191e+03  6.45566e-01
 5.64217e+03  6.45168e-01
 5.64244e+03  6.43501e-01
 5.64270e+03  6.45145e-01
 5.64296e+03  6.42154e-01
 5.64322e+03  6.42995e-01
 5.64348e+03  6.42739e-01
 5.64374e+03  6.43364e-01
 5.64400e+03  6.44671e-01
 5.64426e+03  6.41666e-01
 5.64452e+03  6.41405e-01
 5.64479e+03  6.44869e-01
 5.64505e+03  6.41731e-01
 5.64531e+03  6.41463e-01
 5.64557e+03  6.41536e-01
 5.64583e+03  6.41122e-01
 5.64609e+03  6.40089e-01
 5.64635e+03  6.39885e-01
 5.64661e+03  6.39652e-01
 5.64688e+03  6.41955e-01
 5.64714e+03  6.43052e-01
 5.64740e+03  6.42076e-01
 5.64766e+03  6.41275e-01
 5.64792e+03  6.43201e-01
 5.64818e+03  6.41526e-01
 5.64844e+03  6.43010e-01
 5.64870e+03  6.39422e-01
 5.64897e+03  6.40203e-01
 5.64923e+03  6.41011e-01
 5.64949e+03  6.42239e-01
 5.64975e+03  6.40668e-01
 5.65001e+03  6.41627e-01
 5.65027e+03  6.43130e-01
 5.65053e+03  6.40507e-01
 5.65079e+03  6.40036e-01
 5.65105e+03  6.42822e-01
 5.65132e+03  6.43485e-01
 5.65158e+03  6.42808e-01
 5.65184e+03  6.39773e-01
 5.65210e+03  6.39355e-01
 5.65236e+03  6.40463e-01
 5.65262e+03  6.40872e-01
 5.65288e+03  6.40565e-01
 5.65314e+03  6.40571e-01
 5.65341e+03  6.40222e-01
 5.65367e+03  6.39200e-01
 5.65393e+03  6.39736e-01
 5.65419e+03  6.40823e-01
 5.65445e+03  6.42521e-01
 5.65471e+03  6.39800e-01
 5.65497e+03  6.37297e-01
 5.65523e+03  6.39769e-01
 5.65550e+03  6.37235e-01
 5.65576e+03  6.37836e-01
 5.65602e+03  6.38309e-01
 5.65628e+03  6.36043e-01
 5.65654e+03  6.34987e-01
 5.65680e+03  6.34588e-01
 5.65706e+03  6.32387e-01
 5.65732e+03  6.32639e-01
 5.65758e+03  6.32479e-01
 5.65785e+03  6.33670e-01
 5.65811e+03  6.31117e-01
 5.65837e+03  6.27415e-01
 5.65863e+03  6.25631e-01
 5.65889e+03  6.25918e-01
 5.65915e+03  6.22402e-01
 5.65941e+03  6.21219e-01
 5.65967e+03  6.21376e-01
 5.65994e+03  6.17279e-01
 5.66020e+03  6.17552e-01
 5.66046e+03  6.16482e-01
 5.66072e+03  6.09641e-01
 5.66098e+03  6.07243e-01
 5.66124e+03  6.04721e-01
 5.66150e+03  6.01550e-01
 5.66176e+03  5.98127e-01
 5.66203e+03  5.98592e-01
 5.66229e+03  5.92160e-01
 5.66255e+03  5.88474e-01
 5.66281e+03  5.86707e-01
 5.66307e+03  5.82654e-01
 5.66333e+03  5.77277e-01
 5.66359e+03  5.76634e-01
 5.66385e+03  5.68548e-01
 5.66411e+03  5.63907e-01
 5.66438e+03  5.62040e-01
 5.66464e+03  5.58048e-01
 5.66490e+03  5.51584e-01
 5.66516e+03  5.47152e-01
 5.66542e+03  5.41879e-01
 5.66568e+03  5.35274e-01
 5.66594e+03  5.29059e-01
 5.66620e+03  5.24157e-01
 5.66647e+03  5.18452e-01
 5.66673e+03  5.12820e-01
 5.66699e+03  5.07927e-01
 5.66725e+03  5.01612e-01
 5.66751e+03  4.94801e-01
 5.66777e+03  4.89118e-01
 5.66803e+03  4.80426e-01
 5.66829e+03  4.75594e-01
 5.66856e+03  4.69733e-01
 5.66882e+03  4.62850e-01
 5.66908e+03  4.55152e-01
 5.66934e+03  4.48848e-01
 5.66960e+03  4.44258e-01
 5.66986e+03  4.34623e-01
 5.67012e+03  4.29151e-01
 5.67038e+03  4.20109e-01
 5.67065e+03  4.13206e-01
 5.67091e+03  4.07782e-01
 5.67117e+03  4.01714e-01
 5.67143e+03  3.93701e-01
 5.67169e+03  3.84558e-01
 5.67195e+03  3.79261e-01
 5.67221e+03  3.73491e-01
 5.67247e+03  3.65756e-01
 5.67273e+03  3.58346e-01
 5.67300e+03  3.51037e-01
 5.67326e+03  3.44155e-01
 5.67352e+03  3.36547e-01
 5.67378e+03  3.30359e-01
 5.67404e+03  3.25818e-01
 5.67430e+03  3.17255e-01
 5.67456e+03  3.09341e-01
 5.67482e+03  3.03612e-01
 5.67508e+03  2.97386e-01
 5.67535e+03  2.92331e-01
 5.67561e+03  2.84173e-01
 5.67587e+03  2.79063e-01
 5.67613e+03  2.73037e-01
 5.67639e+03  2.66120e-01
 5.67665e+03  2.58888e-01
 5.67691e+03  2.56003e-01
 5.67717e+03  2.48367e-01
 5.67744e+03  2.43264e-01
 5.67770e+03  2.37397e-01
 5.67796e+03  2.30830e-01
 5.67822e+03  2.26746e-01
 5.67848e+03  2.20636e-01
 5.67874e+03  2.16626e-01
 5.67900e+03  2.10100e-01
 5.67926e+03  2.06388e-01
 5.67953e+03  2.00942e-01
 5.67979e+03  1.96259e-01
 5.68005e+03  1.90420e-01
 5.68031e+03  1.86212e-01
 5.68057e+03  1.82052e-01
 5.68083e+03  1.78906e-01
 5.68109e+03  1.73518e-01
 5.68135e+03  1.69185e-01
 5.68162e+03  1.65203e-01
 5.68188e+03  1.60278e-01
 5.68214e+03  1.57649e-01
 5.68240e+03  1.54139e-01
 5.68266e+03  1.49957e-01
 5.68292e+03  1.46309e-01
 5.68318e+03  1.42819e-01
 5.68344e+03  1.39657e-01
 5.68370e+03  1.35936e-01
 5.68397e+03  1.32454e-01
 5.68423e+03  1.29698e-01
 5.68449e+03  1.25583e-01
 5.68475e+03  1.23738e-01
 5.68501e+03  1.20855e-01
 5.68527e+03  1.17457e-01
 5.68553e+03  1.13271e-01
 5.68579e+03  1.11047e-01
 5.68606e+03  1.09059e-01
 5.68632e+03  1.05406e-01
 5.68658e+03  1.03349e-01
 5.68684e+03  1.00664e-01
 5.68710e+03  9.89399e-02
 5.68736e+03  9.67692e-02
 5.68762e+03  9.36679e-02
 5.68788e+03  9.11946e-02
 5.68815e+03  9.01993e-02
 5.68841e+03  8.75555e-02
 5.68867e+03  8.62560e-02
 5.68893e+03  8.42746e-02
 5.68919e+03  8.15779e-02
 5.68945e+03  7.96062e-02
 5.68971e+03  7.82374e-02
 5.68997e+03  7.60418e-02
 5.69023e+03  7.50041e-02
 5.69050e+03  7.32644e-02
 5.69076e+03  7.08798e-02
 5.69102e+03  6.97081e-02
 5.69128e+03  6.76098e-02
 5.69154e+03  6.64788e-02
 5.69180e+03  6.41032e-02
 5.69206e+03  6.29311e-02
 5.69232e+03  6.25504e-02
 5.69259e+03  6.07814e-02
 5.69285e+03  5.90841e-02
 5.69311e+03  5.81977e-02
 5.69337e+03  5.63428e-02
 5.69363e+03  5.50647e-02
 5.69389e+03  5.43894e-02
 5.69415e+03  5.30892e-02
 5.69441e+03  5.20586e-02
 5.69468e+03  5.04799e-02
 5.69494e+03  4.93144e-02
 5.69520e+03  4.88036e-02
 5.69546e+03  4.79063e-02
 5.69572e+03  4.59580e-02
 5.69598e+03  4.54602e-02
 5.69624e+03  4.38475e-02
 5.69650e+03  4.33994e-02
 5.69676e+03  4.24654e-02
 5.69703e+03  4.14063e-02
 5.69729e+03  4.09880e-02
 5.69755e+03  4.01028e-02
 5.69781e+03  3.89315e-02
 5.69807e+03  3.84023e-02
 5.69833e+03  3.74289e-02
 5.69859e+03  3.66766e-02
 5.69885e+03  3.58177e-02
 5.69912e+03  3.55333e-02
 5.69938e+03  3.42941e-02
 5.69964e+03  3.39896e-02
 5.69990e+03  3.30247e-02
 5.70016e+03  3.28016e-02
 5.70042e+03  3.26244e-02
 5.70068e+03  3.16810e-02
 5.70094e+03  3.04884e-02
 5.70121e+03  3.01591e-02
 5.70147e+03  2.92012e-02
 5.70173e+03  2.90947e-02
 5.70199e+03  2.81489e-02
 5.70225e+03  2.79690e-02
 5.70251e+03  2.72824e-02
 5.70277e+03  2.69933e-02
 5.70303e+03  2.64483e-02
 5.70329e+03  2.56641e-02
 5.70356e+03  2.52748e-02
 5.70382e+03  2.50311e-02
 5.70408e+03  2.42395e-02
 5.70434e+03  2.38881e-02
 5.70460e+03  2.35592e-02
 5.70486e+03  2.32520e-02
 5.70512e+03  2.24737e-02
 5.70538e+03  2.25543e-02
 5.70565e+03  2.19309e-02
 5.70591e+03  2.13452e-02
 5.70617e+03  2.12094e-02
 5.70643e+03  2.06754e-02
 5.70669e+03  2.03283e-02
 5.70695e+03  2.02059e-02
 5.70721e+03  1.94974e-02
 5.70747e+03  1.94265e-02
 5.70774e+03  1.85964e-02
 5.70800e+03  1.85244e-02
 5.70826e+03  1.83335e-02
 5.70852e+03  1.79253e-02
 5.70878e+03  1.76563e-02
 5.70904e+03  1.74051e-02
 5.70930e+03  1.71218e-02
 5.70956e+03  1.69789e-02
 5.70982e+03  1.61861e-02
 5.71009e+03  1.63464e-02
 5.71035e+03  1.59475e-02
 5.71061e+03  1.57411e-02
 5.71087e+03  1.56311e-02
 5.71113e+03  1.53026e-02
 5.71139e+03  1.49256e-02
 5.71165e+03  1.46254e-02
 5.71191e+03  1.43042e-02
 5.71218e+03  1.42861e-02
 5.71244e+03  1.41890e-02
 5.71270e+03  1.36396e-02
 5.71296e+03  1.37610e-02
 5.71322e+03  1.31580e-02
 5.71348e+03  1.30917e-02
 5.71374e+03  1.29023e-02
 5.71400e+03  1.28456e-02
 5.71427e+03  1.26911e-02
 5.71453e+03  1.27016e-02
 5.71479e+03  1.22401e-02
 5.71505e+03  1.20130e-02
 5.71531e+03  1.16795e-02
 5.71557e+03  1.17917e-02
 5.71583e+03  1.15196e-02
 5.71609e+03  1.14126e-02
 5.71635e+03  1.12626e-02
 5.71662e+03  1.08467e-02
 5.71688e+03  1.11528e-02
 5.71714e+03  1.06926e-02
 5.71740e+03  1.04963e-02
 5.71766e+03  1.03427e-02
 5.71792e+03  1.03642e-02
 5.71818e+03  1.00828e-02
 5.71844e+03  9.91237e-03
 5.71871e+03  9.76604e-03
 5.71897e+03  9.62842e-03
 5.71923e+03  9.48141e-03
 5.71949e+03  9.36035e-03
 5.71975e+03  9.04187e-03
 5.72001e+03  9.26108e-03
 5.72027e+03  9.14608e-03
 5.72053e+03  8.89580e-03
 5.72080e+03  9.02314e-03
 5.72106e+03  8.45137e-03
 5.72132e+03  8.72711e-03
 5.72158e+03  8.39575e-03
 5.72184e+03  8.34571e-03
 5.72210e+03  8.16661e-03
 5.72236e+03  8.39024e-03
 5.72262e+03  7.92863e-03
 5.72288e+03  7.94035e-03
 5.72315e+03  7.75852e-03
 5.72341e+03  7.83514e-03
 5.72367e+03  7.66938e-03
 5.72393e+03  7.53283e-03
 5.72419e+03  7.51263e-03
 5.72445e+03  7.34587e-03
 5.72471e+03  7.10769e-03
 5.72497e+03  7.26347e-03
 5.72524e+03  6.94170e-03
 5.72550e+03  7.25163e-03
 5.72576e+03  6.62023e-03
 5.72602e+03  6.76429e-03
 5.72628e+03  6.63498e-03
 5.72654e+03  7.02128e-03
 5.72680e+03  6.51628e-03
 5.72706e+03  6.35053e-03
 5.72733e+03  6.23719e-03
 5.72759e+03  6.23423e-03
 5.72785e+03  6.41335e-03
 5.72811e+03  6.34349e-03
 5.72837e+03  6.09386e-03
 5.72863e+03  6.07944e-03
 5.72889e+03  5.96129e-03
 5.72915e+03  6.04790e-03
 5.72942e+03  5.86864e-03
 5.72968e+03  6.00159e-03
 5.72994e+03  5.67143e-03
 5.73020e+03  5.65833e-03
 5.73046e+03  5.62326e-03
 5.73072e+03  5.58858e-03
 5.73098e+03  5.52680e-03
 5.73124e+03  5.35022e-03
 5.73150e+03  5.32881e-03
 5.73177e+03  5.32593e-03
 5.73203e+03  5.11729e-03
 5.73229e+03  4.90557e-03
 5.73255e+03  4.95432e-03
 5.73281e+03  5.01582e-03
 5.73307e+03  5.00072e-03
 5.73333e+03  4.71348e-03
 5.73359e+03  4.87771e-03
 5.73385e+03  4.83913e-03
 5.73412e+03  4.65682e-03
 5.73438e+03  4.84631e-03
 5.73464e+03  4.76884e-03
 5.73490e+03  4.59260e-03
 5.73516e+03  4.62829e-03
 5.73542e+03  4.49099e-03
 5.73568e+03  4.59840e-03
 5.73594e+03  4.57639e-03
 5.73621e+03  4.44725e-03
 5.73647e+03  4.35282e-03
 5.73673e+03  4.53938e-03
 5.73699e+03  4.35576e-03
 5.73725e+03  4.21602e-03
 5.73751e+03  4.01147e-03
 5.73777e+03  4.18355e-03
 5.73803e+03  4.18670e-03
 5.73830e+03  4.22712e-03
 5.73856e+03  4.03049e-03
 5.73882e+03  4.10486e-03
 5.73908e+03  3.78539e-03
 5.73934e+03  3.80836e-03
 5.73960e+03  3.80541e-03
 5.73986e+03  3.83298e-03
 5.74012e+03  3.83975e-03
 5.74039e+03  3.84118e-03
 5.74065e+03  3.62698e-03
 5.74091e+03  3.84359e-03
 5.74117e+03  3.84524e-03
 5.74143e+03  3.73727e-03
 5.74169e+03  3.60081e-03
 5.74195e+03  3.60009e-03
 5.74221e+03  3.39584e-03
 5.74247e+03  3.51273e-03
 5.74274e+03  3.76099e-03
 5.74300e+03  3.41652e-03
 5.74326e+03  3.46287e-03
 5.74352e+03  3.23145e-03
 5.74378e+03  3.41691e-03
 5.74404e+03  3.25181e-03
 5.74430e+03  3.40108e-03
 5.74456e+03  3.31030e-03
 5.74483e+03  3.22389e-03
 5.74509e+03  3.11100e-03
 5.74535e+03  3.23888e-03
 5.74561e+03  3.08665e-03
 5.74587e+03  3.22495e-03
 5.74613e+03  3.00782e-03
 5.74639e+03  3.05169e-03
 5.74665e+03  3.17678e-03
 5.74692e+03  3.01240e-03
 5.74718e+03  3.06931e-03
 5.74744e+03  3.02727e-03
 5.74770e+03  2.94455e-03
 5.74796e+03  3.05113e-03
 5.74822e+03  2.95072e-03
 5.74848e+03  2.83506e-03
 5.74874e+03  2.83977e-03
 5.74900e+03  2.83875e-03
 5.74927e+03  2.84330e-03
 5.74953e+03  2.79897e-03
 5.74979e+03  2.75402e-03
 5.75005e+03  2.91850e-03
 5.75031e+03  2.79156e-03
