   3701.714     -1.0180845E-04
   3704.958      2.0636609E-05
   3708.201      1.9613080E-04
   3711.445      4.4811261E-04
   3714.688      8.0304896E-04
   3717.932      1.2703289E-03
   3721.176      1.8610522E-03
   3724.420      2.5642985E-03
   3727.664      3.3667081E-03
   3730.908      4.2339833E-03
   3734.152      5.1130718E-03
   3737.396      5.9666447E-03
   3740.639      6.7421547E-03
   3743.884      7.4196043E-03
   3747.127      7.9837171E-03
   3750.372      8.4254267E-03
   3753.616      8.7422132E-03
   3756.860      8.9295488E-03
   3760.104      8.9771291E-03
   3763.348      8.8671995E-03
   3766.592      8.5997926E-03
   3769.836      8.1764581E-03
   3773.081      7.6385071E-03
   3776.325      7.0355199E-03
   3779.569      6.4473483E-03
   3782.814      5.9551438E-03
   3786.058      5.6422842E-03
   3789.302      5.5832174E-03
   3792.547      5.8147288E-03
   3795.791      6.3687582E-03
   3799.036      7.2439513E-03
   3802.280      8.4062330E-03
   3805.525      9.7964332E-03
   3808.770      1.1370467E-02
   3812.014      1.3033498E-02
   3815.259      1.4698211E-02
   3818.503      1.6284795E-02
   3821.748      1.7713826E-02
   3824.993      1.8944288E-02
   3828.238      1.9962696E-02
   3831.482      2.0820763E-02
   3834.727      2.1612275E-02
   3837.972      2.2430111E-02
   3841.217      2.3411117E-02
   3844.462      2.4632940E-02
   3847.707      2.6147120E-02
   3850.952      2.7946925E-02
   3854.197      2.9958805E-02
   3857.442      3.2061048E-02
   3860.687      3.4115899E-02
   3863.932      3.5997417E-02
   3867.177      3.7602536E-02
   3870.423      3.8898125E-02
   3873.668      3.9900653E-02
   3876.913      4.0690541E-02
   3880.158      4.1378964E-02
   3883.404      4.2087611E-02
   3886.649      4.2925037E-02
   3889.894      4.3979526E-02
   3893.140      4.5304466E-02
   3896.385      4.6913590E-02
   3899.630      4.8803717E-02
   3902.876      5.0942983E-02
   3906.121      5.3285595E-02
   3909.367      5.5779528E-02
   3912.613      5.8393456E-02
   3915.858      6.1094038E-02
   3919.104      6.3869916E-02
   3922.350      6.6718727E-02
   3925.595      6.9630407E-02
   3928.841      7.2585106E-02
   3932.087      7.5541131E-02
   3935.333      7.8447506E-02
   3938.578      8.1243753E-02
   3941.824      8.3856829E-02
   3945.070      8.6244896E-02
   3948.316      8.8377632E-02
   3951.562      9.0252198E-02
   3954.808      9.1896594E-02
   3958.054      9.3353264E-02
   3961.300      9.4667524E-02
   3964.546      9.5880486E-02
   3967.792      9.7014375E-02
   3971.039      9.8080210E-02
   3974.285      9.9064641E-02
   3977.531      9.9966027E-02
   3980.777      0.1007913    
   3984.024      0.1015810    
   3987.270      0.1023846    
   3990.516      0.1032700    
   3993.763      0.1043018    
   3997.009      0.1055221    
   4000.256      0.1069346    
   4003.502      0.1085147    
   4006.749      0.1101913    
   4009.995      0.1118594    
   4013.242      0.1134027    
   4016.489      0.1147224    
   4019.735      0.1157486    
   4022.982      0.1164649    
   4026.229      0.1169223    
   4029.475      0.1172200    
   4032.722      0.1174716    
   4035.969      0.1177952    
   4039.216      0.1182634    
   4042.463      0.1188931    
   4045.710      0.1196494    
   4048.957      0.1204594    
   4052.204      0.1212269    
   4055.451      0.1218697    
   4058.698      0.1223381    
   4061.945      0.1226229    
   4065.192      0.1227533    
   4068.439      0.1227732    
   4071.687      0.1227281    
   4074.934      0.1226601    
   4078.181      0.1225855    
   4081.428      0.1224992    
   4084.676      0.1224044    
   4087.923      0.1223046    
   4091.171      0.1221950    
   4094.418      0.1220755    
   4097.666      0.1219264    
   4100.913      0.1217170    
   4104.161      0.1213866    
   4107.408      0.1208832    
   4110.656      0.1201585    
   4113.904      0.1191974    
   4117.151      0.1180237    
   4120.399      0.1166960    
   4123.647      0.1152973    
   4126.895      0.1139094    
   4130.143      0.1126035    
   4133.390      0.1114177    
   4136.638      0.1103568    
   4139.886      0.1094165    
   4143.134      0.1085590    
   4146.382      0.1077508    
   4149.630      0.1069609    
   4152.878      0.1061706    
   4156.126      0.1053626    
   4159.375      0.1045282    
   4162.623      0.1036636    
   4165.871      0.1027590    
   4169.120      0.1018163    
   4172.368      0.1008298    
   4175.616      9.9800117E-02
   4178.865      9.8728828E-02
   4182.113      9.7621314E-02
   4185.362      9.6469507E-02
   4188.610      9.5275454E-02
   4191.858      9.4037406E-02
   4195.107      9.2745431E-02
   4198.356      9.1399565E-02
   4201.604      8.9990772E-02
   4204.853      8.8531189E-02
   4208.102      8.7033674E-02
   4211.351      8.5532576E-02
   4214.600      8.4062643E-02
   4217.848      8.2661070E-02
   4221.097      8.1370875E-02
   4224.346      8.0220796E-02
   4227.595      7.9229802E-02
   4230.844      7.8392759E-02
   4234.093      7.7698439E-02
   4237.342      7.7109985E-02
   4240.591      7.6582737E-02
   4243.840      7.6081164E-02
   4247.090      7.5559892E-02
   4250.339      7.4976198E-02
   4253.588      7.4300371E-02
   4256.837      7.3508352E-02
   4260.087      7.2586663E-02
   4263.336      7.1534708E-02
   4266.585      7.0364334E-02
   4269.835      6.9099799E-02
   4273.084      6.7771561E-02
   4276.334      6.6421442E-02
   4279.583      6.5085448E-02
   4282.833      6.3798487E-02
   4286.083      6.2576950E-02
   4289.333      6.1418578E-02
   4292.582      6.0309861E-02
   4295.832      5.9223808E-02
   4299.082      5.8126383E-02
   4302.332      5.6992114E-02
   4305.582      5.5800747E-02
   4308.831      5.4549247E-02
   4312.081      5.3251036E-02
   4315.331      5.1935151E-02
   4318.581      5.0632700E-02
   4321.832      4.9375314E-02
   4325.082      4.8191030E-02
   4328.332      4.7099613E-02
   4331.582      4.6118230E-02
   4334.832      4.5260202E-02
   4338.082      4.4533651E-02
   4341.333      4.3940421E-02
   4344.583      4.3472130E-02
   4347.833      4.3105908E-02
   4351.083      4.2810816E-02
   4354.334      4.2537179E-02
   4357.584      4.2240653E-02
   4360.835      4.1881450E-02
   4364.086      4.1429065E-02
   4367.336      4.0881719E-02
   4370.587      4.0248282E-02
   4373.838      3.9551467E-02
   4377.088      3.8811807E-02
   4380.339      3.8043544E-02
   4383.590      3.7242837E-02
   4386.841      3.6402542E-02
   4390.092      3.5506714E-02
   4393.343      3.4544587E-02
   4396.594      3.3518743E-02
   4399.845      3.2443170E-02
   4403.096      3.1345978E-02
   4406.347      3.0259252E-02
   4409.598      2.9211340E-02
   4412.849      2.8223289E-02
   4416.101      2.7316667E-02
   4419.352      2.6507502E-02
   4422.603      2.5808703E-02
   4425.854      2.5230305E-02
   4429.106      2.4783093E-02
   4432.357      2.4469009E-02
   4435.609      2.4281856E-02
   4438.860      2.4208143E-02
   4442.112      2.4220990E-02
   4445.363      2.4278689E-02
   4448.615      2.4338586E-02
   4451.867      2.4356831E-02
   4455.118      2.4296811E-02
   4458.370      2.4132617E-02
   4461.622      2.3853766E-02
   4464.874      2.3462927E-02
   4468.125      2.2971133E-02
   4471.377      2.2389263E-02
   4474.629      2.1736439E-02
   4477.881      2.1024797E-02
   4481.134      2.0270836E-02
   4484.386      1.9487705E-02
   4487.638      1.8686151E-02
   4490.890      1.7882628E-02
   4494.142      1.7093677E-02
   4497.395      1.6340951E-02
   4500.647      1.5645083E-02
   4503.899      1.5020228E-02
   4507.151      1.4475499E-02
   4510.404      1.4011705E-02
   4513.656      1.3618036E-02
   4516.909      1.3271757E-02
   4520.162      1.2950691E-02
   4523.414      1.2629987E-02
   4526.667      1.2295463E-02
   4529.919      1.1936462E-02
   4533.172      1.1553526E-02
   4536.425      1.1152999E-02
   4539.678      1.0748437E-02
   4542.931      1.0357940E-02
   4546.184      9.9972449E-03
   4549.437      9.6798865E-03
   4552.689      9.4137713E-03
   4555.942      9.2013469E-03
   4559.195      9.0378104E-03
   4562.449      8.9137461E-03
   4565.702      8.8185854E-03
   4568.955      8.7354388E-03
   4572.208      8.6565157E-03
   4575.461      8.5714385E-03
   4578.715      8.4788632E-03
   4581.968      8.3746910E-03
   4585.222      8.2587469E-03
   4588.475      8.1287865E-03
   4591.729      7.9808990E-03
   4594.982      7.8099743E-03
   4598.236      7.6159737E-03
   4601.489      7.4038804E-03
   4604.743      7.1863835E-03
   4607.997      6.9787661E-03
   4611.250      6.7947954E-03
   4614.504      6.6471095E-03
   4617.758      6.5391627E-03
   4621.012      6.4632106E-03
   4624.266      6.4088134E-03
   4627.520      6.3591646E-03
   4630.774      6.3022887E-03
   4634.028      6.2299375E-03
   4637.282      6.1406214E-03
   4640.537      6.0381228E-03
   4643.791      5.9308908E-03
   4647.045      5.8297776E-03
   4650.299      5.7372875E-03
   4653.554      5.6542843E-03
   4656.808      5.5759805E-03
   4660.063      5.4949787E-03
   4663.317      5.4015284E-03
   4666.571      5.2888929E-03
   4669.826      5.1552388E-03
   4673.081      5.0018136E-03
   4676.335      4.8306054E-03
   4679.590      4.6457602E-03
   4682.845      4.4519901E-03
   4686.100      4.2569195E-03
   4689.354      4.0706433E-03
   4692.609      3.9016744E-03
   4695.864      3.7615264E-03
   4699.119      3.6546807E-03
   4702.375      3.5821237E-03
   4705.629      3.5349373E-03
   4708.884      3.5024555E-03
   4712.140      3.4752761E-03
   4715.395      3.4455683E-03
   4718.650      3.4152507E-03
   4721.905      3.3945802E-03
   4725.161      3.3926263E-03
   4728.416      3.4231609E-03
   4731.672      3.4895672E-03
   4734.927      3.5884550E-03
   4738.183      3.7058149E-03
   4741.438      3.8160684E-03
   4744.694      3.8851355E-03
   4747.950      3.8804063E-03
   4751.205      3.7741025E-03
   4754.461      3.5498037E-03
   4757.717      3.2135118E-03
   4760.973      2.7867150E-03
   4764.229      2.3087279E-03
   4767.484      1.8268224E-03
   4770.741      1.3873829E-03
   4773.997      1.0285106E-03
   4777.252      7.7171327E-04
   4780.509      6.2250241E-04
   4783.765      5.7256484E-04
   4787.021      6.0004037E-04
   4790.277      6.8079017E-04
   4793.534      7.8793004E-04
   4796.790      8.9660095E-04
   4800.047      9.8913326E-04
   4803.303      1.0548553E-03
   4806.560      1.0921068E-03
   4809.816      1.1019958E-03
   4813.073      1.0919662E-03
   4816.330      1.0690466E-03
   4819.586      1.0418220E-03
   4822.843      1.0132580E-03
   4826.100      9.8695862E-04
   4829.356      9.6122961E-04
   4832.613      9.3776733E-04
   4835.871      9.1274839E-04
   4839.127      8.8440685E-04
   4842.384      8.5075537E-04
   4845.642      8.1090047E-04
   4848.899      7.6332048E-04
   4852.156      7.0831884E-04
   4855.413      6.4699282E-04
   4858.670      5.7643186E-04
   4861.928      4.9970520E-04
   4865.185      4.1689764E-04
   4868.443      3.2631075E-04
   4871.700      2.3164647E-04
   4874.958      1.3425981E-04
   4878.215      4.0242467E-05
   4881.473     -4.6327372E-05
   4884.730     -1.1965343E-04
   4887.988     -1.7434309E-04
   4891.246     -2.0680166E-04
   4894.504     -2.1332550E-04
   4897.762     -1.9336084E-04
   4901.020     -1.4927700E-04
   4904.278     -8.4332620E-05
   4907.536     -6.1252931E-06
   4910.793      8.1805731E-05
   4914.052      1.7019849E-04
   4917.310      2.5686124E-04
   4920.568      3.3892196E-04
   4923.827      4.2200609E-04
   4927.085      5.1437522E-04
   4930.343      6.2693952E-04
   4933.602      7.7119499E-04
   4936.860      9.5671776E-04
   4940.119      1.1841372E-03
   4943.377      1.4495070E-03
   4946.636      1.7364104E-03
   4949.895      2.0273591E-03
   4953.153      2.2987935E-03
   4956.412      2.5271054E-03
   4959.670      2.6912466E-03
   4962.930      2.7722120E-03
   4966.188      2.7593186E-03
   4969.447      2.6512840E-03
   4972.707      2.4520764E-03
   4975.965      2.1784049E-03
   4979.225      1.8540951E-03
   4982.484      1.5094698E-03
   4985.743      1.1772616E-03
   4989.002      8.8648981E-04
   4992.262      6.6053361E-04
   4995.521      5.1385735E-04
   4998.780      4.4899082E-04
   5002.040      4.5916747E-04
   5005.299      5.2948960E-04
   5008.559      6.4319355E-04
   5011.818      7.8043417E-04
   5015.078      9.2654565E-04
   5018.338      1.0632792E-03
   5021.598      1.1768828E-03
   5024.857      1.2516073E-03
   5028.117      1.2743473E-03
   5031.377      1.2351779E-03
   5034.637      1.1281304E-03
   5037.897      9.5543085E-04
   5041.157      7.2585780E-04
   5044.417      4.5514756E-04
   5047.678      1.6557338E-04
   5050.938     -1.2126181E-04
   5054.198     -3.7805928E-04
   5057.458     -5.8518216E-04
   5060.719     -7.2676915E-04
   5063.979     -7.9736428E-04
   5067.240     -8.0117182E-04
   5070.500     -7.5155264E-04
   5073.761     -6.6436583E-04
   5077.021     -5.5672531E-04
   5080.282     -4.4220945E-04
   5083.543     -3.2850384E-04
   5086.804     -2.2040535E-04
   5090.065     -1.1824536E-04
   5093.326     -2.6993459E-05
   5096.587      4.8994047E-05
   5099.848      1.0298082E-04
   5103.109      1.3058702E-04
   5106.370      1.3059170E-04
   5109.631      1.0502540E-04
   5112.892      6.0795959E-05
   5116.154      5.5521159E-06
   5119.415     -5.2840784E-05
   5122.676     -1.1095905E-04
   5125.938     -1.6665383E-04
   5129.199     -2.2084026E-04
   5132.461     -2.7129511E-04
   5135.723     -3.1407486E-04
   5138.984     -3.4253934E-04
   5142.246     -3.4563607E-04
   5145.508     -3.1947583E-04
   5148.770     -2.6254309E-04
   5152.031     -1.8131798E-04
   5155.293     -8.8833978E-05
   5158.555     -3.0542893E-07
   5161.817      6.9584181E-05
   5165.079      1.1139837E-04
   5168.341      1.2124427E-04
   5171.604      1.0395476E-04
   5174.866      6.6310240E-05
   5178.128      2.1634803E-05
   5181.391     -1.5807615E-05
   5184.653     -3.3143522E-05
   5187.916     -1.6820957E-05
   5191.178      3.9228180E-05
   5194.440      1.3626923E-04
   5197.703      2.6561535E-04
   5200.966      4.1294913E-04
   5204.229      5.5728585E-04
   5207.491      6.7689741E-04
   5210.754      7.5563072E-04
   5214.017      7.8166096E-04
   5217.280      7.5476145E-04
   5220.543      6.8305607E-04
   5223.806      5.8482954E-04
   5227.069      4.8147864E-04
   5230.333      3.9771097E-04
   5233.596      3.5206086E-04
   5236.859      3.5738136E-04
   5240.122      4.1420391E-04
   5243.385      5.1035266E-04
   5246.649      6.2984059E-04
   5249.913      7.4615882E-04
   5253.176      8.3707785E-04
   5256.439      8.8439003E-04
   5259.703      8.8172959E-04
   5262.967      8.3197362E-04
   5266.231      7.4842270E-04
   5269.495      6.5043801E-04
   5272.758      5.5750506E-04
   5276.022      4.8734705E-04
   5279.287      4.4933881E-04
   5282.550      4.4521046E-04
   5285.814      4.7123944E-04
   5289.079      5.1511748E-04
   5292.343      5.6377257E-04
   5295.607      6.0250348E-04
   5298.872      6.1742676E-04
   5302.136      5.9638941E-04
   5305.400      5.3037622E-04
   5308.665      4.1694206E-04
   5311.929      2.5955206E-04
   5315.194      7.0569520E-05
   5318.458     -1.3220382E-04
   5321.724     -3.2557483E-04
   5324.988     -4.8877083E-04
   5328.253     -6.0373935E-04
   5331.518     -6.5991416E-04
   5334.783     -6.5646629E-04
   5338.048     -6.0072500E-04
   5341.313     -5.0581794E-04
   5344.578     -3.8641950E-04
   5347.843     -2.5803514E-04
   5351.108     -1.3165231E-04
   5354.374     -1.4142925E-05
   5357.639      9.3634626E-05
   5360.905      1.9244845E-04
   5364.170      2.8747739E-04
   5367.436      3.8272710E-04
   5370.701      4.8151604E-04
   5373.967      5.8262463E-04
   5377.232      6.8341597E-04
   5380.498      7.7696214E-04
   5383.764      8.5445237E-04
   5387.030      9.0810942E-04
   5390.296      9.3174004E-04
   5393.562      9.2228339E-04
   5396.828      8.7882741E-04
   5400.094      8.0545107E-04
   5403.360      7.0824235E-04
   5406.626      5.9414364E-04
   5409.893      4.6947401E-04
   5413.159      3.4099817E-04
   5416.425      2.1413395E-04
   5419.691      9.2270537E-05
   5422.958     -2.1408192E-05
   5426.225     -1.2425765E-04
   5429.491     -2.1279104E-04
   5432.758     -2.8448796E-04
   5436.025     -3.3435418E-04
   5439.292     -3.5764801E-04
   5442.559     -3.5137261E-04
   5445.825     -3.1461779E-04
   5449.092     -2.5038744E-04
   5452.359     -1.6423163E-04
   5455.626     -6.8209367E-05
   5458.894      2.6664839E-05
   5462.161      1.0920814E-04
   5465.428      1.6977717E-04
   5468.695      2.0382483E-04
   5471.962      2.0988677E-04
   5475.230      1.9172509E-04
   5478.498      1.5459537E-04
   5481.765      1.0781002E-04
   5485.033      6.1182880E-05
   5488.300      2.3971252E-05
   5491.568      5.8849246E-06
   5494.836      1.2949161E-05
   5498.104      4.8533664E-05
   5501.372      1.1098354E-04
   5504.640      1.9574983E-04
   5507.908      2.9553095E-04
   5511.176      4.0262350E-04
   5514.444      5.0741568E-04
   5517.712      6.0195633E-04
   5520.980      6.8112160E-04
   5524.249      7.3979812E-04
   5527.517      7.7614136E-04
   5530.786      7.8712904E-04
   5534.054      7.7305333E-04
   5537.323      7.3415623E-04
   5540.591      6.7143759E-04
   5543.860      5.8949937E-04
   5547.128      4.9333187E-04
   5550.397      3.9198194E-04
   5553.667      2.9508621E-04
   5556.935      2.1275876E-04
   5560.204      1.5328583E-04
   5563.473      1.2286345E-04
   5566.742      1.2388146E-04
   5570.012      1.5407408E-04
   5573.281      2.0832688E-04
   5576.550      2.7686078E-04
   5579.819      3.4960374E-04
   5583.089      4.1383179E-04
   5586.358      4.6038884E-04
   5589.628      4.8112625E-04
   5592.897      4.7350061E-04
   5596.167      4.3855183E-04
   5599.437      3.8223056E-04
   5602.707      3.1403845E-04
   5605.977      2.4416851E-04
   5609.246      1.8105833E-04
   5612.516      1.3075277E-04
   5615.787      9.4450050E-05
   5619.057      6.8113928E-05
   5622.327      4.2964286E-05
   5625.597      1.0267523E-05
   5628.867     -3.7142581E-05
   5632.137     -1.0320397E-04
   5635.408     -1.8665884E-04
   5638.678     -2.8212514E-04
   5641.949     -3.8032778E-04
   5645.219     -4.7192175E-04
   5648.490     -5.4678821E-04
   5651.761     -5.9752504E-04
   5655.031     -6.1853440E-04
   5658.302     -6.0570770E-04
   5661.573     -5.5778865E-04
   5664.844     -4.7526837E-04
   5668.115     -3.6195043E-04
   5671.386     -2.2404031E-04
   5674.657     -7.2346993E-05
   5677.929      8.0357975E-05
   5681.200      2.1874264E-04
   5684.471      3.2904220E-04
   5687.743      3.9899597E-04
   5691.014      4.2375669E-04
   5694.286      4.0377679E-04
   5697.557      3.4614664E-04
   5700.829      2.6334496E-04
   5704.101      1.6950993E-04
   5707.372      7.9479476E-05
   5710.644      4.7261960E-06
   5713.916     -4.8192105E-05
   5717.188     -7.7432502E-05
   5720.460     -8.6150081E-05
   5723.732     -8.0831946E-05
   5727.004     -6.8648376E-05
   5730.276     -5.4989490E-05
   5733.548     -4.0593415E-05
   5736.821     -2.3593879E-05
   5740.093      3.0288058E-07
   5743.366      3.5266607E-05
   5746.638      8.3668216E-05
   5749.911      1.4447914E-04
   5753.184      2.1383389E-04
   5756.456      2.8556288E-04
   5759.729      3.5374999E-04
   5763.002      4.1148090E-04
   5766.275      4.5467942E-04
   5769.548      4.8018200E-04
   5772.821      4.8648793E-04
   5776.094      4.7518141E-04
   5779.367      4.4938992E-04
   5782.641      4.1454713E-04
   5785.914      3.7885850E-04
   5789.187      3.5121007E-04
   5792.460      3.3968245E-04
   5795.734      3.5089781E-04
   5799.008      3.8769277E-04
   5802.281      4.4969757E-04
   5805.555      5.3168181E-04
   5808.829      6.2755315E-04
   5812.103      7.2894961E-04
   5815.376      8.2792243E-04
   5818.650      9.1774366E-04
   5821.924      9.9314749E-04
   5825.198      1.0512900E-03
   5828.472      1.0910905E-03
   5831.747      1.1124373E-03
   5835.021      1.1164026E-03
   5838.295      1.1052142E-03
   5841.569      1.0810362E-03
   5844.844      1.0442345E-03
   5848.119      9.9523820E-04
   5851.393      9.3577261E-04
   5854.668      8.6619135E-04
   5857.942      7.8914902E-04
   5861.217      7.0710335E-04
   5864.492      6.2481069E-04
   5867.767      5.4464472E-04
   5871.042      4.7105501E-04
   5874.317      4.0682234E-04
   5877.592      3.5495806E-04
   5880.868      3.1898255E-04
   5884.143      3.0065174E-04
   5887.418      2.9942623E-04
   5890.693      3.1191463E-04
   5893.969      3.3112286E-04
   5897.244      3.4770370E-04
   5900.520      3.5018017E-04
   5903.796      3.2871164E-04
   5907.071      2.7808265E-04
   5910.347      1.9656359E-04
   5913.623      8.8044399E-05
   5916.899     -3.9550443E-05
   5920.175     -1.7569422E-04
   5923.451     -3.0870916E-04
   5926.727     -4.2940091E-04
   5930.003     -5.2962755E-04
   5933.279     -6.0320081E-04
   5936.556     -6.4750388E-04
   5939.832     -6.6202553E-04
   5943.108     -6.4757495E-04
   5946.385     -6.0765725E-04
   5949.662     -5.4572098E-04
   5952.938     -4.6822909E-04
   5956.215     -3.7974940E-04
   5959.492     -2.8696907E-04
   5962.769     -1.9566136E-04
   5966.045     -1.1210213E-04
   5969.323     -4.1139341E-05
   5972.600      1.3323269E-05
   5975.877      5.0652121E-05
   5979.154      7.2168346E-05
   5982.431      8.2503022E-05
   5985.708      8.7733897E-05
   5988.986      9.4160612E-05
   5992.263      1.0586775E-04
   5995.541      1.2570810E-04
   5998.818      1.5295547E-04
   6002.096      1.8524242E-04
   6005.374      2.1812707E-04
   6008.652      2.4686521E-04
   6011.930      2.6664900E-04
   6015.208      2.7503804E-04
   6018.485      2.7025628E-04
   6021.764      2.5257390E-04
   6025.042      2.2365368E-04
   6028.320      1.8790843E-04
   6031.598      1.4948094E-04
   6034.876      1.1313341E-04
   6038.155      8.3803905E-05
   6041.434      6.4322579E-05
   6044.712      5.6864861E-05
   6047.991      6.1242572E-05
   6051.270      7.4223732E-05
   6054.548      9.0917099E-05
   6057.827      1.0467278E-04
   6061.106      1.0868100E-04
   6064.385      9.8464952E-05
   6067.664      7.2430899E-05
   6070.943      3.2972286E-05
   6074.222     -1.4162035E-05
   6077.501     -6.0928174E-05
   6080.781     -9.9469748E-05
   6084.060     -1.2344866E-04
   6087.339     -1.2897784E-04
   6090.619     -1.1709057E-04
   6093.898     -9.1068883E-05
   6097.178     -5.7782963E-05
   6100.458     -2.2668308E-05
   6103.738      8.9865052E-06
   6107.018      3.4219694E-05
   6110.298      5.2201907E-05
   6113.578      6.4647233E-05
   6116.857      7.3581250E-05
   6120.138      8.1336351E-05
   6123.418      9.0873858E-05
   6126.698      1.0367206E-04
   6129.979      1.2101935E-04
   6133.259      1.4404840E-04
   6136.540      1.7373584E-04
   6139.820      2.0963489E-04
   6143.101      2.5149772E-04
   6146.381      2.9705107E-04
   6149.663      3.4511214E-04
   6152.943      3.9270753E-04
   6156.224      4.3816512E-04
   6159.505      4.7913281E-04
   6162.786      5.1482709E-04
   6166.067      5.4387428E-04
   6169.349      5.6589756E-04
   6172.630      5.8016879E-04
   6175.911      5.8552204E-04
   6179.192      5.8100722E-04
   6182.474      5.6624803E-04
   6185.756      5.4150668E-04
   6189.037      5.0885277E-04
   6192.319      4.7214635E-04
   6195.601      4.3672413E-04
   6198.883      4.0764717E-04
   6202.165      3.8843494E-04
   6205.447      3.8094603E-04
   6208.729      3.8382362E-04
   6212.011      3.9287482E-04
   6215.293      4.0047886E-04
   6218.575      3.9758778E-04
   6221.857      3.7744353E-04
   6225.140      3.3452458E-04
   6228.422      2.6774066E-04
   6231.705      1.8081495E-04
   6234.988      8.0321945E-05
   6238.271     -2.5689495E-05
   6241.553     -1.2842346E-04
   6244.836     -2.2137372E-04
   6248.119     -2.9898822E-04
   6251.402     -3.5920297E-04
   6254.685     -4.0030410E-04
   6257.968     -4.2263558E-04
   6261.251     -4.2792058E-04
   6264.535     -4.1945279E-04
   6267.818     -4.0110448E-04
   6271.102     -3.7728419E-04
   6274.385     -3.5102110E-04
   6277.668     -3.2311337E-04
   6280.952     -2.9181413E-04
   6284.236     -2.5415508E-04
   6287.520     -2.0665638E-04
   6290.804     -1.4808938E-04
   6294.087     -8.0300204E-05
   6297.372     -9.8067103E-06
   6300.656      5.4935816E-05
   6303.940      1.0412325E-04
   6307.224      1.2933672E-04
   6310.508      1.2522860E-04
   6313.793      9.1643516E-05
   6317.077      3.3212487E-05
   6320.362     -4.0610819E-05
   6323.646     -1.1925405E-04
   6326.931     -1.8993442E-04
   6330.216     -2.4222714E-04
   6333.500     -2.7053998E-04
   6336.786     -2.7387473E-04
   6340.070     -2.5535145E-04
   6343.355     -2.2266088E-04
   6346.641     -1.8493533E-04
   6349.926     -1.5135719E-04
   6353.211     -1.2849885E-04
   6356.497     -1.2019285E-04
   6359.782     -1.2748524E-04
   6363.067     -1.4790180E-04
   6366.353     -1.7799057E-04
   6369.639     -2.1337232E-04
   6372.924     -2.4950976E-04
   6376.210     -2.8343091E-04
   6379.496     -3.1350428E-04
   6382.782     -3.3942418E-04
   6386.068     -3.6075077E-04
   6389.354     -3.7819831E-04
   6392.640     -3.9186553E-04
   6395.926     -4.0134450E-04
   6399.212     -4.0536455E-04
   6402.499     -4.0294291E-04
   6405.786     -3.9225334E-04
   6409.072     -3.7172108E-04
   6412.358     -3.4020966E-04
   6415.646     -2.9870300E-04
   6418.932     -2.4909645E-04
   6422.219     -1.9535585E-04
   6425.506     -1.4259543E-04
   6428.793     -9.6322532E-05
   6432.080     -6.0779697E-05
   6435.367     -3.8508711E-05
   6438.654     -2.9512541E-05
   6441.941     -3.2997996E-05
   6445.229     -4.5182154E-05
   6448.516     -6.2074912E-05
   6451.804     -7.9455647E-05
   6455.091     -9.3115850E-05
   6458.379     -1.0077937E-04
   6461.667     -1.0104648E-04
   6464.955     -9.4485411E-05
   6468.243     -8.1875878E-05
   6471.531     -6.4885870E-05
   6474.818     -4.5345052E-05
   6478.107     -2.4375835E-05
   6481.395     -2.3976938E-06
   6484.683      2.0211941E-05
   6487.972      4.2746298E-05
   6491.260      6.5426466E-05
   6494.548      8.8309323E-05
   6497.837      1.1152270E-04
   6501.125      1.3436881E-04
   6504.415      1.5649603E-04
   6507.703      1.7643876E-04
   6510.992      1.9335374E-04
   6514.281      2.0615886E-04
   6517.570      2.1480928E-04
   6520.859      2.1909035E-04
   6524.148      2.1935042E-04
   6527.438      2.1536104E-04
   6530.727      2.0662689E-04
   6534.017      1.9180792E-04
   6537.306      1.6971037E-04
   6540.596      1.3974907E-04
   6543.885      1.0195521E-04
   6547.175      5.8010803E-05
   6550.465      1.0438810E-05
   6553.755     -3.7400139E-05
   6557.044     -8.2882485E-05
   6560.334     -1.2239128E-04
   6563.625     -1.5449172E-04
   6566.915     -1.7828969E-04
   6570.206     -1.9310985E-04
   6573.496     -1.9924997E-04
   6576.786     -1.9681377E-04
   6580.077     -1.8670347E-04
   6583.367     -1.6925795E-04
   6586.658     -1.4503952E-04
   6589.949     -1.1272277E-04
   6593.239     -7.1401577E-05
   6596.530     -1.9356812E-05
   6599.821      4.4937944E-05
   6603.112      1.2231218E-04
   6606.403      2.1027621E-04
   6609.695      3.0427286E-04
   6612.986      3.9653623E-04
   6616.277      4.7889349E-04
   6619.569      5.4255471E-04
   6622.860      5.8162335E-04
   6626.152      5.9386424E-04
   6629.443      5.8069208E-04
   6632.735      5.4740440E-04
   6636.027      5.0197501E-04
   6639.319      4.5325252E-04
   6642.611      4.0776550E-04
   6645.903      3.7081036E-04
   6649.195      3.4331763E-04
   6652.488      3.2369292E-04
   6655.780      3.0751573E-04
   6659.072      2.8930831E-04
   6662.365      2.6426543E-04
   6665.657      2.2973231E-04
   6668.950      1.8543490E-04
   6672.243      1.3350451E-04
   6675.536      7.8275487E-05
   6678.828      2.4874453E-05
   6682.122     -2.1622376E-05
   6685.415     -5.8386275E-05
   6688.708     -8.3600498E-05
   6692.001     -9.7889206E-05
   6695.294     -1.0285857E-04
   6698.587     -1.0114540E-04
   6701.881     -9.5531548E-05
   6705.174     -1.4978461E-05
   6708.468     -1.4978461E-05
   6711.762     -1.4978461E-05
   6715.055     -1.4978461E-05
   6718.349     -1.4978461E-05
   6721.643     -1.4978461E-05
   6724.937     -1.4978461E-05
   6728.231     -1.4978461E-05
   6731.525     -1.4978461E-05
   6734.819     -1.4978461E-05
   6738.114     -1.4978461E-05
   6741.408     -1.4978461E-05
   6744.703     -1.4978461E-05
   6747.998     -1.4978461E-05
   6751.292     -1.4978461E-05
   6754.587     -1.4978461E-05
   6757.881     -1.4978461E-05
   6761.176     -1.4978461E-05
   6764.471     -1.4978461E-05
   6767.766     -1.4978461E-05
   6771.062     -1.4978461E-05
   6774.357     -1.4978461E-05
   6777.652     -1.4978461E-05
   6780.947     -1.4978461E-05
   6784.243     -1.4978461E-05
   6787.539     -1.4978461E-05
   6790.834     -1.4978461E-05
   6794.129     -1.4978461E-05
   6797.425     -1.4978461E-05
   6800.721     -1.4978461E-05
   6804.018     -1.4978461E-05
   6807.313     -1.4978461E-05
   6810.609     -1.4978461E-05
   6813.905     -1.4978461E-05
   6817.202     -1.4978461E-05
   6820.498     -1.4978461E-05
   6823.794     -1.4978461E-05
   6827.091     -1.4978461E-05
   6830.388     -1.4978461E-05
   6833.685     -1.4978461E-05
   6836.981     -1.4978461E-05
   6840.278     -1.4978461E-05
   6843.575     -1.4978461E-05
   6846.872     -1.4978461E-05
   6850.169     -1.4978461E-05
   6853.466     -1.4978461E-05
   6856.764     -1.4978461E-05
   6860.061     -1.4978461E-05
   6863.358     -1.4978461E-05
   6866.656     -1.4978461E-05
   6869.954     -1.4978461E-05
   6873.251     -1.4978461E-05
   6876.549     -1.4978461E-05
   6879.847     -1.4978461E-05
   6883.145     -1.4978461E-05
   6886.443     -1.4978461E-05
   6889.741     -1.4978461E-05
   6893.039     -1.4978461E-05
   6896.337     -1.4978461E-05
   6899.635     -1.4978461E-05
   6902.934     -1.4978461E-05
   6906.232     -1.4978461E-05
   6909.531     -1.4978461E-05
   6912.830     -1.4978461E-05
   6916.128     -1.4978461E-05
   6919.427     -1.4978461E-05
   6922.726     -1.4978461E-05
   6926.025     -1.4978461E-05
   6929.324     -1.4978461E-05
   6932.623     -1.4978461E-05
   6935.923     -1.4978461E-05
   6939.222     -1.4978461E-05
   6942.521     -1.4978461E-05
   6945.821     -1.4978461E-05
   6949.121     -1.4978461E-05
   6952.420     -1.4978461E-05
   6955.720     -1.4978461E-05
   6959.020     -1.4978461E-05
   6962.320     -1.4978461E-05
   6965.620     -1.4978461E-05
   6968.920     -1.4978461E-05
   6972.220     -1.4978461E-05
   6975.520     -1.4978461E-05
   6978.821     -1.4978461E-05
   6982.121     -1.4978461E-05
   6985.421     -1.4978461E-05
   6988.722     -1.4978461E-05
   6992.023     -1.4978461E-05
   6995.324     -1.4978461E-05
   6998.625     -1.4978461E-05
   7001.925     -1.4978461E-05
   7005.227     -1.4978461E-05
   7008.528     -1.4978461E-05
   7011.829     -1.4978461E-05
   7015.130     -1.4978461E-05
   7018.432     -1.4978461E-05
   7021.733     -1.4978461E-05
   7025.035     -1.4978461E-05
   7028.336     -1.4978461E-05
   7031.638     -1.4978461E-05
   7034.940     -1.4978461E-05
   7038.242     -1.4978461E-05
   7041.543     -1.4978461E-05
   7044.846     -1.4978461E-05
