3.50162e+03 1.64482e-02 
3.50368e+03 1.64482e-02 
3.50574e+03 1.55903e-02 
3.50780e+03 1.38834e-02 
3.50986e+03 1.38834e-02 
3.51192e+03 1.38834e-02 
3.51398e+03 1.47639e-02 
3.51604e+03 1.47639e-02 
3.51810e+03 1.56554e-02 
3.52016e+03 1.62031e-02 
3.52222e+03 1.56554e-02 
3.52428e+03 1.56554e-02 
3.52634e+03 1.56554e-02 
3.52840e+03 1.51184e-02 
3.53046e+03 1.51184e-02 
3.53252e+03 1.51184e-02 
3.53458e+03 1.51184e-02 
3.53664e+03 1.51184e-02 
3.53870e+03 1.67760e-02 
3.54076e+03 1.60854e-02 
3.54282e+03 1.71035e-02 
3.54488e+03 1.60854e-02 
3.54694e+03 1.60854e-02 
3.54900e+03 1.57811e-02 
3.55106e+03 1.57811e-02 
3.55312e+03 1.53852e-02 
3.55518e+03 1.53852e-02 
3.55724e+03 1.65333e-02 
3.55930e+03 1.89973e-02 
3.56136e+03 1.65333e-02 
3.56342e+03 1.81450e-02 
3.56548e+03 1.80535e-02 
3.56754e+03 1.81450e-02 
3.56960e+03 1.80535e-02 
3.57166e+03 1.80535e-02 
3.57372e+03 1.74839e-02 
3.57578e+03 1.71500e-02 
3.57784e+03 1.62950e-02 
3.57990e+03 1.62950e-02 
3.58196e+03 1.62822e-02 
3.58402e+03 1.58664e-02 
3.58608e+03 1.58664e-02 
3.58814e+03 1.58664e-02 
3.59020e+03 1.58664e-02 
3.59226e+03 1.66434e-02 
3.59432e+03 1.66434e-02 
3.59638e+03 1.76568e-02 
3.59844e+03 1.76568e-02 
3.60050e+03 1.70075e-02 
3.60256e+03 1.70075e-02 
3.60462e+03 1.98206e-02 
3.60668e+03 1.83078e-02 
3.60874e+03 1.83078e-02 
3.61080e+03 1.83078e-02 
3.61286e+03 1.70556e-02 
3.61492e+03 1.68923e-02 
3.61698e+03 1.65026e-02 
3.61904e+03 1.64883e-02 
3.62110e+03 1.64883e-02 
3.62316e+03 1.64883e-02 
3.62522e+03 1.64696e-02 
3.62728e+03 1.64696e-02 
3.62934e+03 1.66250e-02 
3.63140e+03 1.66250e-02 
3.63346e+03 1.64696e-02 
3.63552e+03 1.82177e-02 
3.63758e+03 1.82177e-02 
3.63964e+03 1.87642e-02 
3.64170e+03 1.87642e-02 
3.64376e+03 1.87642e-02 
3.64582e+03 1.87642e-02 
3.64788e+03 1.90688e-02 
3.64994e+03 1.90688e-02 
3.65200e+03 1.85535e-02 
3.65406e+03 1.90688e-02 
3.65612e+03 1.85535e-02 
3.65818e+03 1.85535e-02 
3.66024e+03 1.97440e-02 
3.66230e+03 1.97440e-02 
3.66436e+03 1.90630e-02 
3.66642e+03 1.90630e-02 
3.66848e+03 1.90630e-02 
3.67054e+03 1.72901e-02 
3.67260e+03 1.80338e-02 
3.67466e+03 1.80338e-02 
3.67672e+03 1.84408e-02 
3.67878e+03 1.84408e-02 
3.68084e+03 1.94585e-02 
3.68290e+03 1.98573e-02 
3.68496e+03 1.98573e-02 
3.68702e+03 2.02934e-02 
3.68908e+03 1.94585e-02 
3.69114e+03 1.75784e-02 
3.69320e+03 1.75784e-02 
3.69526e+03 2.09233e-02 
3.69732e+03 1.92162e-02 
3.69938e+03 1.92162e-02 
3.70144e+03 2.07633e-02 
3.70350e+03 2.07633e-02 
3.70556e+03 2.01841e-02 
3.70762e+03 2.07633e-02 
3.70968e+03 2.07633e-02 
3.71174e+03 2.01841e-02 
3.71380e+03 1.94202e-02 
3.71586e+03 1.84343e-02 
3.71792e+03 1.84343e-02 
3.71998e+03 1.94202e-02 
3.72204e+03 1.82410e-02 
3.72410e+03 1.86100e-02 
3.72616e+03 2.12132e-02 
3.72822e+03 2.14481e-02 
3.73028e+03 2.01924e-02 
3.73234e+03 2.01924e-02 
3.73440e+03 2.01924e-02 
3.73646e+03 2.01924e-02 
3.73852e+03 2.01924e-02 
3.74058e+03 2.08159e-02 
3.74264e+03 2.08159e-02 
3.74470e+03 2.13163e-02 
3.74676e+03 2.08159e-02 
3.74882e+03 2.07216e-02 
3.75088e+03 2.04151e-02 
3.75294e+03 2.04151e-02 
3.75500e+03 2.04151e-02 
3.75706e+03 2.04151e-02 
3.75912e+03 2.01532e-02 
3.76118e+03 2.01532e-02 
3.76324e+03 2.01532e-02 
3.76530e+03 2.01532e-02 
3.76736e+03 2.01532e-02 
3.76942e+03 1.97274e-02 
3.77148e+03 2.09379e-02 
3.77354e+03 2.04840e-02 
3.77560e+03 2.04840e-02 
3.77766e+03 2.04840e-02 
3.77972e+03 2.04840e-02 
3.78178e+03 2.04840e-02 
3.78384e+03 2.09732e-02 
3.78590e+03 2.41573e-02 
3.78796e+03 2.41573e-02 
3.79002e+03 2.41573e-02 
3.79208e+03 2.41573e-02 
3.79414e+03 2.21790e-02 
3.79620e+03 2.21790e-02 
3.79826e+03 2.23456e-02 
3.80032e+03 2.29471e-02 
3.80238e+03 2.23456e-02 
3.80444e+03 2.24521e-02 
3.80650e+03 2.24521e-02 
3.80856e+03 2.24521e-02 
3.81062e+03 2.24521e-02 
3.81268e+03 2.24521e-02 
3.81474e+03 2.35710e-02 
3.81680e+03 2.35710e-02 
3.81886e+03 2.24189e-02 
3.82092e+03 2.24189e-02 
3.82298e+03 2.24189e-02 
3.82504e+03 2.24189e-02 
3.82710e+03 2.41582e-02 
3.82916e+03 2.41582e-02 
3.83122e+03 2.36299e-02 
3.83328e+03 2.36299e-02 
3.83534e+03 2.36299e-02 
3.83740e+03 2.36299e-02 
3.83946e+03 2.39915e-02 
3.84152e+03 2.46301e-02 
3.84358e+03 2.46301e-02 
3.84564e+03 2.39915e-02 
3.84770e+03 2.46301e-02 
3.84976e+03 2.35773e-02 
3.85182e+03 2.35773e-02 
3.85388e+03 2.51771e-02 
3.85594e+03 2.51771e-02 
3.85800e+03 2.51771e-02 
3.86006e+03 2.61791e-02 
3.86212e+03 2.61791e-02 
3.86418e+03 2.51942e-02 
3.86624e+03 2.54982e-02 
3.86830e+03 2.51942e-02 
3.87036e+03 2.44873e-02 
3.87242e+03 2.51942e-02 
3.87448e+03 2.53680e-02 
3.87654e+03 2.44873e-02 
3.87860e+03 2.46965e-02 
3.88066e+03 2.53680e-02 
3.88272e+03 2.59182e-02 
3.88478e+03 2.59182e-02 
3.88684e+03 2.59906e-02 
3.88890e+03 2.72972e-02 
3.89096e+03 2.72972e-02 
3.89302e+03 2.72972e-02 
3.89508e+03 2.72972e-02 
3.89714e+03 2.64617e-02 
3.89920e+03 2.64617e-02 
3.90126e+03 2.63410e-02 
3.90332e+03 2.63410e-02 
3.90538e+03 2.63410e-02 
3.90744e+03 2.63410e-02 
3.90950e+03 2.63410e-02 
3.91156e+03 2.83162e-02 
3.91362e+03 2.94315e-02 
3.91568e+03 2.92098e-02 
3.91774e+03 2.94624e-02 
3.91980e+03 2.94624e-02 
3.92186e+03 2.94624e-02 
3.92392e+03 2.94624e-02 
3.92598e+03 3.03074e-02 
3.92804e+03 3.03945e-02 
3.93010e+03 3.03945e-02 
3.93216e+03 3.03945e-02 
3.93422e+03 3.03074e-02 
3.93628e+03 3.02160e-02 
3.93834e+03 2.83558e-02 
3.94040e+03 3.02160e-02 
3.94246e+03 2.83558e-02 
3.94452e+03 2.83558e-02 
3.94658e+03 2.90278e-02 
3.94864e+03 3.11897e-02 
3.95070e+03 2.97041e-02 
3.95276e+03 3.11897e-02 
3.95482e+03 2.97041e-02 
3.95688e+03 3.11897e-02 
3.95894e+03 3.32724e-02 
3.96100e+03 3.32724e-02 
3.96306e+03 3.32724e-02 
3.96512e+03 3.32954e-02 
3.96718e+03 3.32954e-02 
3.96924e+03 3.52611e-02 
3.97130e+03 3.59278e-02 
3.97336e+03 3.65566e-02 
3.97542e+03 3.52611e-02 
3.97748e+03 3.57551e-02 
3.97954e+03 3.57551e-02 
3.98160e+03 3.57551e-02 
3.98366e+03 3.57126e-02 
3.98572e+03 3.57551e-02 
3.98778e+03 3.80330e-02 
3.98984e+03 3.88042e-02 
3.99190e+03 3.88042e-02 
3.99396e+03 3.90549e-02 
3.99602e+03 3.96830e-02 
3.99808e+03 3.96830e-02 
4.00014e+03 3.90549e-02 
4.00220e+03 4.05507e-02 
4.00426e+03 4.05507e-02 
4.00632e+03 3.89930e-02 
4.00838e+03 4.13605e-02 
4.01044e+03 4.16358e-02 
4.01250e+03 4.17961e-02 
4.01456e+03 4.39504e-02 
4.01662e+03 4.43250e-02 
4.01868e+03 4.51549e-02 
4.02074e+03 4.69848e-02 
4.02280e+03 4.78911e-02 
4.02486e+03 4.78911e-02 
4.02692e+03 4.78911e-02 
4.02898e+03 4.84530e-02 
4.03104e+03 5.12619e-02 
4.03310e+03 5.13237e-02 
4.03516e+03 5.22122e-02 
4.03722e+03 5.42240e-02 
4.03928e+03 5.48534e-02 
4.04134e+03 5.73684e-02 
4.04340e+03 5.76402e-02 
4.04546e+03 5.77543e-02 
4.04752e+03 5.77543e-02 
4.04958e+03 5.81629e-02 
4.05164e+03 6.10511e-02 
4.05370e+03 6.48275e-02 
4.05576e+03 6.59084e-02 
4.05782e+03 6.59084e-02 
4.05988e+03 6.72996e-02 
4.06194e+03 7.08388e-02 
4.06400e+03 7.44669e-02 
4.06606e+03 7.46286e-02 
4.06812e+03 7.86189e-02 
4.07018e+03 8.15250e-02 
4.07224e+03 8.40938e-02 
4.07430e+03 8.45427e-02 
4.07636e+03 8.57013e-02 
4.07842e+03 8.95180e-02 
4.08048e+03 9.05105e-02 
4.08254e+03 9.85786e-02 
4.08460e+03 9.89726e-02 
4.08666e+03 9.93778e-02 
4.08872e+03 1.01812e-01 
4.09078e+03 1.08025e-01 
4.09284e+03 1.11232e-01 
4.09490e+03 1.17386e-01 
4.09696e+03 1.22074e-01 
4.09902e+03 1.22332e-01 
4.10108e+03 1.25365e-01 
4.10314e+03 1.34975e-01 
4.10520e+03 1.36254e-01 
4.10726e+03 1.41431e-01 
4.10932e+03 1.44065e-01 
4.11138e+03 1.49665e-01 
4.11344e+03 1.53997e-01 
4.11550e+03 1.61553e-01 
4.11756e+03 1.64945e-01 
4.11962e+03 1.68903e-01 
4.12168e+03 1.74512e-01 
4.12374e+03 1.80097e-01 
4.12580e+03 1.89652e-01 
4.12786e+03 1.91623e-01 
4.12992e+03 1.98836e-01 
4.13198e+03 2.01928e-01 
4.13404e+03 2.10958e-01 
4.13610e+03 2.14717e-01 
4.13816e+03 2.18724e-01 
4.14022e+03 2.20367e-01 
4.14228e+03 2.31838e-01 
4.14434e+03 2.39997e-01 
4.14640e+03 2.44461e-01 
4.14846e+03 2.46071e-01 
4.15052e+03 2.51068e-01 
4.15258e+03 2.61181e-01 
4.15464e+03 2.66644e-01 
4.15670e+03 2.71382e-01 
4.15876e+03 2.78697e-01 
4.16082e+03 2.83451e-01 
4.16288e+03 2.87237e-01 
4.16494e+03 2.89345e-01 
4.16700e+03 2.97494e-01 
4.16906e+03 2.97960e-01 
4.17112e+03 3.11276e-01 
4.17318e+03 3.14851e-01 
4.17524e+03 3.16832e-01 
4.17730e+03 3.30003e-01 
4.17936e+03 3.30055e-01 
4.18142e+03 3.30487e-01 
4.18348e+03 3.38342e-01 
4.18554e+03 3.47283e-01 
4.18760e+03 3.53177e-01 
4.18966e+03 3.53308e-01 
4.19172e+03 3.56202e-01 
4.19378e+03 3.58955e-01 
4.19584e+03 3.70422e-01 
4.19790e+03 3.72691e-01 
4.19996e+03 3.77011e-01 
4.20202e+03 3.78513e-01 
4.20408e+03 3.83310e-01 
4.20614e+03 3.83712e-01 
4.20820e+03 3.92775e-01 
4.21026e+03 3.95505e-01 
4.21232e+03 3.96827e-01 
4.21438e+03 4.01360e-01 
4.21644e+03 4.07824e-01 
4.21850e+03 4.08320e-01 
4.22056e+03 4.09796e-01 
4.22262e+03 4.12174e-01 
4.22468e+03 4.15031e-01 
4.22674e+03 4.15205e-01 
4.22880e+03 4.17414e-01 
4.23086e+03 4.19306e-01 
4.23292e+03 4.22542e-01 
4.23498e+03 4.28677e-01 
4.23704e+03 4.29703e-01 
4.23910e+03 4.29762e-01 
4.24116e+03 4.30886e-01 
4.24322e+03 4.32163e-01 
4.24528e+03 4.33354e-01 
4.24734e+03 4.33489e-01 
4.24940e+03 4.39522e-01 
4.25146e+03 4.39522e-01 
4.25352e+03 4.40271e-01 
4.25558e+03 4.40609e-01 
4.25764e+03 4.40609e-01 
4.25970e+03 4.45042e-01 
4.26176e+03 4.46531e-01 
4.26382e+03 4.48536e-01 
4.26588e+03 4.49504e-01 
4.26794e+03 4.52921e-01 
4.27000e+03 4.54190e-01 
4.27206e+03 4.56028e-01 
4.27412e+03 4.57475e-01 
4.27618e+03 4.57507e-01 
4.27824e+03 4.59110e-01 
4.28030e+03 4.59682e-01 
4.28236e+03 4.59110e-01 
4.28442e+03 4.60257e-01 
4.28648e+03 4.62830e-01 
4.28854e+03 4.65469e-01 
4.29060e+03 4.69288e-01 
4.29266e+03 4.70024e-01 
4.29472e+03 4.70905e-01 
4.29678e+03 4.71258e-01 
4.29884e+03 4.71258e-01 
4.30090e+03 4.73037e-01 
4.30296e+03 4.73453e-01 
4.30502e+03 4.75479e-01 
4.30708e+03 4.75499e-01 
4.30914e+03 4.78377e-01 
4.31120e+03 4.78593e-01 
4.31326e+03 4.81657e-01 
4.31532e+03 4.81657e-01 
4.31738e+03 4.82201e-01 
4.31944e+03 4.82461e-01 
4.32150e+03 4.82461e-01 
4.32356e+03 4.84656e-01 
4.32562e+03 4.85744e-01 
4.32768e+03 4.87468e-01 
4.32974e+03 4.87969e-01 
4.33180e+03 4.91252e-01 
4.33386e+03 4.91252e-01 
4.33592e+03 4.91405e-01 
4.33798e+03 4.91645e-01 
4.34004e+03 4.91405e-01 
4.34210e+03 4.93058e-01 
4.34416e+03 4.97250e-01 
4.34622e+03 4.96954e-01 
4.34828e+03 4.97562e-01 
4.35034e+03 4.99658e-01 
4.35240e+03 4.98293e-01 
4.35446e+03 4.98293e-01 
4.35652e+03 5.00287e-01 
4.35858e+03 5.00892e-01 
4.36064e+03 5.00287e-01 
4.36270e+03 5.00287e-01 
4.36476e+03 4.99777e-01 
4.36682e+03 4.99777e-01 
4.36888e+03 4.99777e-01 
4.37094e+03 5.00080e-01 
4.37300e+03 5.04411e-01 
4.37506e+03 5.07873e-01 
4.37712e+03 5.08572e-01 
4.37918e+03 5.08572e-01 
4.38124e+03 5.08572e-01 
4.38330e+03 5.10484e-01 
4.38536e+03 5.08572e-01 
4.38742e+03 5.10484e-01 
4.38948e+03 5.10638e-01 
4.39154e+03 5.11484e-01 
4.39360e+03 5.12664e-01 
4.39566e+03 5.12852e-01 
4.39772e+03 5.12664e-01 
4.39978e+03 5.12852e-01 
4.40184e+03 5.13216e-01 
4.40390e+03 5.14519e-01 
4.40596e+03 5.15223e-01 
4.40802e+03 5.16015e-01 
4.41008e+03 5.17044e-01 
4.41214e+03 5.17475e-01 
4.41420e+03 5.19228e-01 
4.41626e+03 5.19228e-01 
4.41832e+03 5.18228e-01 
4.42038e+03 5.18228e-01 
4.42244e+03 5.19228e-01 
4.42450e+03 5.19429e-01 
4.42656e+03 5.21237e-01 
4.42862e+03 5.21305e-01 
4.43068e+03 5.21527e-01 
4.43274e+03 5.23193e-01 
4.43480e+03 5.22169e-01 
4.43686e+03 5.23193e-01 
4.43892e+03 5.23193e-01 
4.44098e+03 5.23193e-01 
4.44304e+03 5.22169e-01 
4.44510e+03 5.23357e-01 
4.44716e+03 5.23357e-01 
4.44922e+03 5.24401e-01 
4.45128e+03 5.26797e-01 
4.45334e+03 5.27619e-01 
4.45540e+03 5.27174e-01 
4.45746e+03 5.27174e-01 
4.45952e+03 5.27594e-01 
4.46158e+03 5.27174e-01 
4.46364e+03 5.27174e-01 
4.46570e+03 5.24819e-01 
4.46776e+03 5.27594e-01 
4.46982e+03 5.28249e-01 
4.47188e+03 5.28249e-01 
4.47394e+03 5.28249e-01 
4.47600e+03 5.28249e-01 
4.47806e+03 5.25098e-01 
4.48012e+03 5.25098e-01 
4.48218e+03 5.25531e-01 
4.48424e+03 5.25531e-01 
4.48630e+03 5.27655e-01 
4.48836e+03 5.28433e-01 
4.49042e+03 5.27655e-01 
4.49248e+03 5.27655e-01 
4.49454e+03 5.25145e-01 
4.49660e+03 5.25145e-01 
4.49866e+03 5.25145e-01 
4.50072e+03 5.26611e-01 
4.50278e+03 5.26611e-01 
4.50484e+03 5.26611e-01 
4.50690e+03 5.26611e-01 
4.50896e+03 5.26617e-01 
4.51102e+03 5.27774e-01 
4.51308e+03 5.27774e-01 
4.51514e+03 5.28187e-01 
4.51720e+03 5.29727e-01 
4.51926e+03 5.29861e-01 
4.52132e+03 5.29861e-01 
4.52338e+03 5.30251e-01 
4.52544e+03 5.30695e-01 
4.52750e+03 5.30614e-01 
4.52956e+03 5.30614e-01 
4.53162e+03 5.30614e-01 
4.53368e+03 5.30614e-01 
4.53574e+03 5.29902e-01 
4.53780e+03 5.29446e-01 
4.53986e+03 5.29902e-01 
4.54192e+03 5.29902e-01 
4.54398e+03 5.29446e-01 
4.54604e+03 5.28362e-01 
4.54810e+03 5.28362e-01 
4.55016e+03 5.28362e-01 
4.55222e+03 5.29780e-01 
4.55428e+03 5.30105e-01 
4.55634e+03 5.30105e-01 
4.55840e+03 5.29780e-01 
4.56046e+03 5.30105e-01 
4.56252e+03 5.28794e-01 
4.56458e+03 5.28337e-01 
4.56664e+03 5.28337e-01 
4.56870e+03 5.27445e-01 
4.57076e+03 5.27149e-01 
4.57282e+03 5.27149e-01 
4.57488e+03 5.27149e-01 
4.57694e+03 5.27149e-01 
4.57900e+03 5.29685e-01 
4.58106e+03 5.30509e-01 
4.58312e+03 5.29685e-01 
4.58518e+03 5.29685e-01 
4.58724e+03 5.27607e-01 
4.58930e+03 5.27607e-01 
4.59136e+03 5.26479e-01 
4.59342e+03 5.27607e-01 
4.59548e+03 5.25262e-01 
4.59754e+03 5.26162e-01 
4.59960e+03 5.26162e-01 
4.60166e+03 5.26381e-01 
4.60372e+03 5.26162e-01 
4.60578e+03 5.26381e-01 
4.60784e+03 5.26381e-01 
4.60990e+03 5.26381e-01 
4.61196e+03 5.23881e-01 
4.61402e+03 5.24247e-01 
4.61608e+03 5.24247e-01 
4.61814e+03 5.24247e-01 
4.62020e+03 5.24247e-01 
4.62226e+03 5.25366e-01 
4.62432e+03 5.25366e-01 
4.62638e+03 5.19943e-01 
4.62844e+03 5.19943e-01 
4.63050e+03 5.19601e-01 
4.63256e+03 5.18753e-01 
4.63462e+03 5.18753e-01 
4.63668e+03 5.18753e-01 
4.63874e+03 5.18753e-01 
4.64080e+03 5.18753e-01 
4.64286e+03 5.18210e-01 
4.64492e+03 5.17954e-01 
4.64698e+03 5.17145e-01 
4.64904e+03 5.16775e-01 
4.65110e+03 5.16775e-01 
4.65316e+03 5.15758e-01 
4.65522e+03 5.16688e-01 
4.65728e+03 5.16688e-01 
4.65934e+03 5.16688e-01 
4.66140e+03 5.16097e-01 
4.66346e+03 5.16097e-01 
4.66552e+03 5.15324e-01 
4.66758e+03 5.14028e-01 
4.66964e+03 5.11850e-01 
4.67170e+03 5.10196e-01 
4.67376e+03 5.10196e-01 
4.67582e+03 5.10196e-01 
4.67788e+03 5.08870e-01 
4.67994e+03 5.08870e-01 
4.68200e+03 5.07718e-01 
4.68406e+03 5.05916e-01 
4.68612e+03 5.05851e-01 
4.68818e+03 5.04256e-01 
4.69024e+03 5.04256e-01 
4.69230e+03 5.05851e-01 
4.69436e+03 5.02738e-01 
4.69642e+03 5.01896e-01 
4.69848e+03 5.00713e-01 
4.70054e+03 4.98033e-01 
4.70260e+03 4.97703e-01 
4.70466e+03 4.97703e-01 
4.70672e+03 4.95795e-01 
4.70878e+03 4.95795e-01 
4.71084e+03 4.95563e-01 
4.71290e+03 4.95184e-01 
4.71496e+03 4.93690e-01 
4.71702e+03 4.91464e-01 
4.71908e+03 4.90697e-01 
4.72114e+03 4.90697e-01 
4.72320e+03 4.84820e-01 
4.72526e+03 4.84820e-01 
4.72732e+03 4.84820e-01 
4.72938e+03 4.84256e-01 
4.73144e+03 4.84256e-01 
4.73350e+03 4.84151e-01 
4.73556e+03 4.82001e-01 
4.73762e+03 4.79208e-01 
4.73968e+03 4.78151e-01 
4.74174e+03 4.77314e-01 
4.74380e+03 4.76312e-01 
4.74586e+03 4.75664e-01 
4.74792e+03 4.74159e-01 
4.74998e+03 4.72631e-01 
4.75204e+03 4.71999e-01 
4.75410e+03 4.70625e-01 
4.75616e+03 4.69934e-01 
4.75822e+03 4.68545e-01 
4.76028e+03 4.66801e-01 
4.76234e+03 4.64271e-01 
4.76440e+03 4.62794e-01 
4.76646e+03 4.61153e-01 
4.76852e+03 4.59529e-01 
4.77058e+03 4.59336e-01 
4.77264e+03 4.56433e-01 
4.77470e+03 4.54779e-01 
4.77676e+03 4.54143e-01 
4.77882e+03 4.54011e-01 
4.78088e+03 4.53548e-01 
4.78294e+03 4.50248e-01 
4.78500e+03 4.49160e-01 
4.78706e+03 4.47480e-01 
4.78912e+03 4.46828e-01 
4.79118e+03 4.45796e-01 
4.79324e+03 4.41739e-01 
4.79530e+03 4.41530e-01 
4.79736e+03 4.39082e-01 
4.79942e+03 4.37555e-01 
4.80148e+03 4.36076e-01 
4.80354e+03 4.35989e-01 
4.80560e+03 4.35336e-01 
4.80766e+03 4.32613e-01 
4.80972e+03 4.32453e-01 
4.81178e+03 4.32064e-01 
4.81384e+03 4.29144e-01 
4.81590e+03 4.27410e-01 
4.81796e+03 4.25240e-01 
4.82002e+03 4.23485e-01 
4.82208e+03 4.22196e-01 
4.82414e+03 4.19049e-01 
4.82620e+03 4.19049e-01 
4.82826e+03 4.17882e-01 
4.83032e+03 4.17504e-01 
4.83238e+03 4.15126e-01 
4.83444e+03 4.13620e-01 
4.83650e+03 4.10235e-01 
4.83856e+03 4.09684e-01 
4.84062e+03 4.06316e-01 
4.84268e+03 4.05011e-01 
4.84474e+03 4.02311e-01 
4.84680e+03 4.01360e-01 
4.84886e+03 3.97109e-01 
4.85092e+03 3.96989e-01 
4.85298e+03 3.94318e-01 
4.85504e+03 3.92941e-01 
4.85710e+03 3.91246e-01 
4.85916e+03 3.90803e-01 
4.86122e+03 3.89316e-01 
4.86328e+03 3.88387e-01 
4.86534e+03 3.85639e-01 
4.86740e+03 3.84436e-01 
4.86946e+03 3.80907e-01 
4.87152e+03 3.80409e-01 
4.87358e+03 3.79261e-01 
4.87564e+03 3.77214e-01 
4.87770e+03 3.76774e-01 
4.87976e+03 3.76240e-01 
4.88182e+03 3.74640e-01 
4.88388e+03 3.72369e-01 
4.88594e+03 3.68895e-01 
4.88800e+03 3.68611e-01 
4.89006e+03 3.67437e-01 
4.89212e+03 3.65324e-01 
4.89418e+03 3.63961e-01 
4.89624e+03 3.63827e-01 
4.89830e+03 3.60502e-01 
4.90036e+03 3.57735e-01 
4.90242e+03 3.55421e-01 
4.90448e+03 3.53499e-01 
4.90654e+03 3.52406e-01 
4.90860e+03 3.52334e-01 
4.91066e+03 3.52066e-01 
4.91272e+03 3.49693e-01 
4.91478e+03 3.46583e-01 
4.91684e+03 3.42539e-01 
4.91890e+03 3.41981e-01 
4.92096e+03 3.41084e-01 
4.92302e+03 3.40864e-01 
4.92508e+03 3.40047e-01 
4.92714e+03 3.38753e-01 
4.92920e+03 3.36264e-01 
4.93126e+03 3.32193e-01 
4.93332e+03 3.32174e-01 
4.93538e+03 3.29494e-01 
4.93744e+03 3.28986e-01 
4.93950e+03 3.27347e-01 
4.94156e+03 3.25047e-01 
4.94362e+03 3.24957e-01 
4.94568e+03 3.24487e-01 
4.94774e+03 3.24334e-01 
4.94980e+03 3.22593e-01 
4.95186e+03 3.19611e-01 
4.95392e+03 3.19511e-01 
4.95598e+03 3.18368e-01 
4.95804e+03 3.16783e-01 
4.96010e+03 3.14666e-01 
4.96216e+03 3.12670e-01 
4.96422e+03 3.10972e-01 
4.96628e+03 3.10381e-01 
4.96834e+03 3.08805e-01 
4.97040e+03 3.08181e-01 
4.97246e+03 3.07576e-01 
4.97452e+03 3.06490e-01 
4.97658e+03 3.03184e-01 
4.97864e+03 3.02764e-01 
4.98070e+03 3.02086e-01 
4.98276e+03 2.98566e-01 
4.98482e+03 2.98564e-01 
4.98688e+03 2.97476e-01 
4.98894e+03 2.96798e-01 
4.99100e+03 2.94820e-01 
4.99306e+03 2.94194e-01 
4.99512e+03 2.93195e-01 
4.99718e+03 2.92129e-01 
4.99924e+03 2.90118e-01 
5.00130e+03 2.89139e-01 
5.00336e+03 2.88458e-01 
5.00542e+03 2.87869e-01 
5.00748e+03 2.85203e-01 
5.00954e+03 2.83389e-01 
5.01160e+03 2.81488e-01 
5.01366e+03 2.80990e-01 
5.01572e+03 2.80478e-01 
5.01778e+03 2.77632e-01 
5.01984e+03 2.75290e-01 
5.02190e+03 2.74964e-01 
5.02396e+03 2.74964e-01 
5.02602e+03 2.70099e-01 
5.02808e+03 2.69709e-01 
5.03014e+03 2.66993e-01 
5.03220e+03 2.66100e-01 
5.03426e+03 2.64064e-01 
5.03632e+03 2.63940e-01 
5.03838e+03 2.60714e-01 
5.04044e+03 2.58194e-01 
5.04250e+03 2.57446e-01 
5.04456e+03 2.53351e-01 
5.04662e+03 2.52768e-01 
5.04868e+03 2.51474e-01 
5.05074e+03 2.48239e-01 
5.05280e+03 2.47471e-01 
5.05486e+03 2.47090e-01 
5.05692e+03 2.45577e-01 
5.05898e+03 2.40485e-01 
5.06104e+03 2.40364e-01 
5.06310e+03 2.39846e-01 
5.06516e+03 2.38078e-01 
5.06722e+03 2.35043e-01 
5.06928e+03 2.33164e-01 
5.07134e+03 2.32609e-01 
5.07340e+03 2.31842e-01 
5.07546e+03 2.30310e-01 
5.07752e+03 2.26796e-01 
5.07958e+03 2.24699e-01 
5.08164e+03 2.23381e-01 
5.08370e+03 2.21522e-01 
5.08576e+03 2.20428e-01 
5.08782e+03 2.19615e-01 
5.08988e+03 2.16233e-01 
5.09194e+03 2.15318e-01 
5.09400e+03 2.15257e-01 
5.09606e+03 2.10443e-01 
5.09812e+03 2.09937e-01 
5.10018e+03 2.08423e-01 
5.10224e+03 2.06632e-01 
5.10430e+03 2.06525e-01 
5.10636e+03 2.04456e-01 
5.10842e+03 2.03773e-01 
5.11048e+03 2.02530e-01 
5.11254e+03 2.00739e-01 
5.11460e+03 1.99057e-01 
5.11666e+03 1.97592e-01 
5.11872e+03 1.95800e-01 
5.12078e+03 1.94773e-01 
5.12284e+03 1.91583e-01 
5.12490e+03 1.91377e-01 
5.12696e+03 1.90716e-01 
5.12902e+03 1.89306e-01 
5.13108e+03 1.86060e-01 
5.13314e+03 1.85357e-01 
5.13520e+03 1.84339e-01 
5.13726e+03 1.83173e-01 
5.13932e+03 1.81207e-01 
5.14138e+03 1.80799e-01 
5.14344e+03 1.78916e-01 
5.14550e+03 1.77977e-01 
5.14756e+03 1.77124e-01 
5.14962e+03 1.75819e-01 
5.15168e+03 1.71832e-01 
5.15374e+03 1.70790e-01 
5.15580e+03 1.69882e-01 
5.15786e+03 1.68334e-01 
5.15992e+03 1.68223e-01 
5.16198e+03 1.64927e-01 
5.16404e+03 1.63161e-01 
5.16610e+03 1.62722e-01 
5.16816e+03 1.61285e-01 
5.17022e+03 1.59216e-01 
5.17228e+03 1.59081e-01 
5.17434e+03 1.58191e-01 
5.17640e+03 1.55291e-01 
5.17846e+03 1.53249e-01 
5.18052e+03 1.52964e-01 
5.18258e+03 1.52735e-01 
5.18464e+03 1.50839e-01 
5.18670e+03 1.49898e-01 
5.18876e+03 1.47536e-01 
5.19082e+03 1.46787e-01 
5.19288e+03 1.45540e-01 
5.19494e+03 1.42963e-01 
5.19700e+03 1.42721e-01 
5.19906e+03 1.40587e-01 
5.20112e+03 1.39643e-01 
5.20318e+03 1.39025e-01 
5.20524e+03 1.36578e-01 
5.20730e+03 1.35870e-01 
5.20936e+03 1.33512e-01 
5.21142e+03 1.32830e-01 
5.21348e+03 1.31729e-01 
5.21554e+03 1.30583e-01 
5.21760e+03 1.29762e-01 
5.21966e+03 1.27621e-01 
5.22172e+03 1.25669e-01 
5.22378e+03 1.25628e-01 
5.22584e+03 1.22824e-01 
5.22790e+03 1.21609e-01 
5.22996e+03 1.21007e-01 
5.23202e+03 1.19485e-01 
5.23408e+03 1.18192e-01 
5.23614e+03 1.16931e-01 
5.23820e+03 1.15299e-01 
5.24026e+03 1.14219e-01 
5.24232e+03 1.14093e-01 
5.24438e+03 1.13541e-01 
5.24644e+03 1.11427e-01 
5.24850e+03 1.09462e-01 
5.25056e+03 1.07757e-01 
5.25262e+03 1.06954e-01 
5.25468e+03 1.06715e-01 
5.25674e+03 1.06593e-01 
5.25880e+03 1.05204e-01 
5.26086e+03 1.03692e-01 
5.26292e+03 1.02852e-01 
5.26498e+03 1.01028e-01 
5.26704e+03 1.00735e-01 
5.26910e+03 9.91913e-02 
5.27116e+03 9.78587e-02 
5.27322e+03 9.75569e-02 
5.27528e+03 9.71219e-02 
5.27734e+03 9.54866e-02 
5.27940e+03 9.43825e-02 
5.28146e+03 9.39448e-02 
5.28352e+03 9.35563e-02 
5.28558e+03 9.22114e-02 
5.28764e+03 9.16602e-02 
5.28970e+03 9.00195e-02 
5.29176e+03 8.95574e-02 
5.29382e+03 8.88332e-02 
5.29588e+03 8.78585e-02 
5.29794e+03 8.69780e-02 
5.30000e+03 8.56193e-02 
5.30206e+03 8.52428e-02 
5.30412e+03 8.52084e-02 
5.30618e+03 8.47818e-02 
5.30824e+03 8.41775e-02 
5.31030e+03 8.20747e-02 
5.31236e+03 8.19332e-02 
5.31442e+03 8.12604e-02 
5.31648e+03 8.10875e-02 
5.31854e+03 8.09285e-02 
5.32060e+03 8.06379e-02 
5.32266e+03 7.99161e-02 
5.32472e+03 7.93744e-02 
5.32678e+03 7.80576e-02 
5.32884e+03 7.76802e-02 
5.33090e+03 7.68699e-02 
5.33296e+03 7.64605e-02 
5.33502e+03 7.61199e-02 
5.33708e+03 7.57151e-02 
5.33914e+03 7.56180e-02 
5.34120e+03 7.55344e-02 
5.34326e+03 7.55344e-02 
5.34532e+03 7.41987e-02 
5.34738e+03 7.41624e-02 
5.34944e+03 7.41071e-02 
5.35150e+03 7.32816e-02 
5.35356e+03 7.32403e-02 
5.35562e+03 7.29782e-02 
5.35768e+03 7.26357e-02 
5.35974e+03 7.23075e-02 
5.36180e+03 7.17995e-02 
5.36386e+03 7.15236e-02 
5.36592e+03 7.15236e-02 
5.36798e+03 7.11251e-02 
5.37004e+03 7.10789e-02 
5.37210e+03 7.03997e-02 
5.37416e+03 7.03997e-02 
5.37622e+03 7.03997e-02 
5.37828e+03 7.03997e-02 
5.38034e+03 7.03997e-02 
5.38240e+03 6.99956e-02 
5.38446e+03 6.97099e-02 
5.38652e+03 6.94220e-02 
5.38858e+03 6.94220e-02 
5.39064e+03 6.90685e-02 
5.39270e+03 6.90685e-02 
5.39476e+03 6.89602e-02 
5.39682e+03 6.90685e-02 
5.39888e+03 6.90685e-02 
5.40094e+03 6.88316e-02 
5.40300e+03 6.88316e-02 
5.40506e+03 6.88316e-02 
5.40712e+03 6.87133e-02 
5.40918e+03 6.85634e-02 
5.41124e+03 6.87133e-02 
5.41330e+03 6.87133e-02 
5.41536e+03 6.85634e-02 
5.41742e+03 6.87163e-02 
5.41948e+03 6.89177e-02 
5.42154e+03 6.89177e-02 
5.42360e+03 6.92735e-02 
5.42566e+03 6.93193e-02 
5.42772e+03 6.93193e-02 
5.42978e+03 6.93678e-02 
5.43184e+03 6.93918e-02 
5.43390e+03 6.93918e-02 
5.43596e+03 6.93678e-02 
5.43802e+03 6.99451e-02 
5.44008e+03 7.00782e-02 
5.44214e+03 7.01980e-02 
5.44420e+03 7.01980e-02 
5.44626e+03 7.08676e-02 
5.44832e+03 7.09544e-02 
5.45038e+03 7.11259e-02 
5.45244e+03 7.15758e-02 
5.45450e+03 7.17184e-02 
5.45656e+03 7.18304e-02 
5.45862e+03 7.18304e-02 
5.46068e+03 7.20036e-02 
5.46274e+03 7.34105e-02 
5.46480e+03 7.34105e-02 
5.46686e+03 7.34105e-02 
5.46892e+03 7.34681e-02 
5.47098e+03 7.37285e-02 
5.47304e+03 7.52172e-02 
5.47510e+03 7.52725e-02 
5.47716e+03 7.56816e-02 
5.47922e+03 7.58569e-02 
5.48128e+03 7.72261e-02 
5.48334e+03 7.73003e-02 
5.48540e+03 7.73407e-02 
5.48746e+03 7.82523e-02 
5.48952e+03 7.83566e-02 
5.49158e+03 7.90061e-02 
5.49364e+03 7.90866e-02 
5.49570e+03 7.93439e-02 
5.49776e+03 7.98062e-02 
5.49982e+03 8.04748e-02 
5.50188e+03 8.12966e-02 
5.50394e+03 8.13020e-02 
5.50600e+03 8.16458e-02 
5.50806e+03 8.22585e-02 
5.51012e+03 8.23234e-02 
5.51218e+03 8.28899e-02 
5.51424e+03 8.31411e-02 
5.51630e+03 8.40140e-02 
5.51836e+03 8.41232e-02 
5.52042e+03 8.41232e-02 
5.52248e+03 8.45936e-02 
5.52454e+03 8.51658e-02 
5.52660e+03 8.64173e-02 
5.52866e+03 8.68080e-02 
5.53072e+03 8.68080e-02 
5.53278e+03 8.70200e-02 
5.53484e+03 8.71898e-02 
5.53690e+03 8.78444e-02 
5.53896e+03 8.80537e-02 
5.54102e+03 8.89846e-02 
5.54308e+03 8.92650e-02 
5.54514e+03 8.93054e-02 
5.54720e+03 8.97895e-02 
5.54926e+03 9.00510e-02 
5.55132e+03 9.00590e-02 
5.55338e+03 9.00590e-02 
5.55544e+03 9.03778e-02 
5.55750e+03 9.06937e-02 
5.55956e+03 9.06937e-02 
5.56162e+03 9.08811e-02 
5.56368e+03 9.09484e-02 
5.56574e+03 9.09553e-02 
5.56780e+03 9.09484e-02 
5.56986e+03 9.09484e-02 
5.57192e+03 9.09484e-02 
5.57398e+03 9.09553e-02 
5.57604e+03 9.07660e-02 
5.57810e+03 9.11536e-02 
5.58016e+03 9.11536e-02 
5.58222e+03 9.11536e-02 
5.58428e+03 9.12402e-02 
5.58634e+03 9.14448e-02 
5.58840e+03 9.12402e-02 
5.59046e+03 9.12402e-02 
5.59252e+03 9.05413e-02 
5.59458e+03 9.02207e-02 
5.59664e+03 9.01868e-02 
5.59870e+03 8.97382e-02 
5.60076e+03 8.94346e-02 
5.60282e+03 8.91639e-02 
5.60488e+03 8.90962e-02 
5.60694e+03 8.87758e-02 
5.60900e+03 8.87154e-02 
5.61106e+03 8.87154e-02 
5.61312e+03 8.84497e-02 
5.61518e+03 8.81801e-02 
5.61724e+03 8.75619e-02 
5.61930e+03 8.66076e-02 
5.62136e+03 8.64017e-02 
5.62342e+03 8.60841e-02 
5.62548e+03 8.57393e-02 
5.62754e+03 8.51892e-02 
5.62960e+03 8.42993e-02 
5.63166e+03 8.36738e-02 
5.63372e+03 8.34792e-02 
5.63578e+03 8.32802e-02 
5.63784e+03 8.19883e-02 
5.63990e+03 8.19081e-02 
5.64196e+03 8.12615e-02 
5.64402e+03 8.05295e-02 
5.64608e+03 7.98248e-02 
5.64814e+03 7.92301e-02 
5.65020e+03 7.89006e-02 
5.65226e+03 7.76127e-02 
5.65432e+03 7.73295e-02 
5.65638e+03 7.71531e-02 
5.65844e+03 7.59114e-02 
5.66050e+03 7.58823e-02 
5.66256e+03 7.50252e-02 
5.66462e+03 7.38690e-02 
5.66668e+03 7.38003e-02 
5.66874e+03 7.34191e-02 
5.67080e+03 7.16522e-02 
5.67286e+03 7.07812e-02 
5.67492e+03 7.01033e-02 
5.67698e+03 6.93873e-02 
5.67904e+03 6.93495e-02 
5.68110e+03 6.79167e-02 
5.68316e+03 6.66032e-02 
5.68522e+03 6.61865e-02 
5.68728e+03 6.60686e-02 
5.68934e+03 6.49070e-02 
5.69140e+03 6.43902e-02 
5.69346e+03 6.32069e-02 
5.69552e+03 6.26025e-02 
5.69758e+03 6.17022e-02 
5.69964e+03 6.11289e-02 
5.70170e+03 6.07177e-02 
5.70376e+03 5.90087e-02 
5.70582e+03 5.81920e-02 
5.70788e+03 5.70364e-02 
5.70994e+03 5.68206e-02 
5.71200e+03 5.54303e-02 
5.71406e+03 5.52030e-02 
5.71612e+03 5.39102e-02 
5.71818e+03 5.27974e-02 
5.72024e+03 5.26593e-02 
5.72230e+03 5.20224e-02 
5.72436e+03 5.05457e-02 
5.72642e+03 4.95016e-02 
5.72848e+03 4.94250e-02 
5.73054e+03 4.81348e-02 
5.73260e+03 4.69749e-02 
5.73466e+03 4.61810e-02 
5.73672e+03 4.61579e-02 
5.73878e+03 4.47061e-02 
5.74084e+03 4.42367e-02 
5.74290e+03 4.33621e-02 
5.74496e+03 4.33549e-02 
5.74702e+03 4.17271e-02 
5.74908e+03 4.16781e-02 
5.75114e+03 3.99155e-02 
5.75320e+03 3.96969e-02 
5.75526e+03 3.91924e-02 
5.75732e+03 3.80022e-02 
5.75938e+03 3.73058e-02 
5.76144e+03 3.61106e-02 
5.76350e+03 3.57848e-02 
5.76556e+03 3.49934e-02 
5.76762e+03 3.42968e-02 
5.76968e+03 3.41298e-02 
5.77174e+03 3.32619e-02 
5.77380e+03 3.23172e-02 
5.77586e+03 3.17411e-02 
5.77792e+03 3.07446e-02 
5.77998e+03 3.06678e-02 
5.78204e+03 2.93751e-02 
5.78410e+03 2.92985e-02 
5.78616e+03 2.90699e-02 
5.78822e+03 2.79190e-02 
5.79028e+03 2.71607e-02 
5.79234e+03 2.61537e-02 
5.79440e+03 2.60559e-02 
5.79646e+03 2.52940e-02 
5.79852e+03 2.48388e-02 
5.80058e+03 2.46341e-02 
5.80264e+03 2.40562e-02 
5.80470e+03 2.31315e-02 
5.80676e+03 2.25797e-02 
5.80882e+03 2.20996e-02 
5.81088e+03 2.16452e-02 
5.81294e+03 2.15955e-02 
5.81500e+03 2.08406e-02 
5.81706e+03 2.07408e-02 
5.81912e+03 1.98860e-02 
5.82118e+03 1.97644e-02 
5.82324e+03 1.90905e-02 
5.82530e+03 1.87485e-02 
5.82736e+03 1.82391e-02 
5.82942e+03 1.78636e-02 
5.83148e+03 1.76130e-02 
5.83354e+03 1.72201e-02 
5.83560e+03 1.69386e-02 
5.83766e+03 1.67592e-02 
5.83972e+03 1.61865e-02 
5.84178e+03 1.57869e-02 
5.84384e+03 1.56628e-02 
5.84590e+03 1.52886e-02 
5.84796e+03 1.50964e-02 
5.85002e+03 1.50637e-02 
5.85208e+03 1.45038e-02 
5.85414e+03 1.41449e-02 
5.85620e+03 1.40806e-02 
5.85826e+03 1.32885e-02 
5.86032e+03 1.32885e-02 
5.86238e+03 1.32520e-02 
5.86444e+03 1.31423e-02 
5.86650e+03 1.29441e-02 
5.86856e+03 1.29441e-02 
5.87062e+03 1.23904e-02 
5.87268e+03 1.21685e-02 
5.87474e+03 1.20926e-02 
5.87680e+03 1.18864e-02 
5.87886e+03 1.17260e-02 
5.88092e+03 1.14379e-02 
5.88298e+03 1.13434e-02 
5.88504e+03 1.12377e-02 
5.88710e+03 1.12377e-02 
5.88916e+03 1.10188e-02 
5.89122e+03 1.09502e-02 
5.89328e+03 1.08374e-02 
5.89534e+03 1.06413e-02 
5.89740e+03 1.04744e-02 
5.89946e+03 1.03536e-02 
5.90152e+03 1.03278e-02 
5.90358e+03 1.03278e-02 
5.90564e+03 1.02420e-02 
5.90770e+03 1.01215e-02 
5.90976e+03 1.01019e-02 
5.91182e+03 1.00573e-02 
5.91388e+03 9.58063e-03 
5.91594e+03 9.58063e-03 
5.91800e+03 9.58063e-03 
5.92006e+03 9.61144e-03 
5.92212e+03 9.61312e-03 
5.92418e+03 9.61312e-03 
5.92624e+03 9.61312e-03 
5.92830e+03 9.60120e-03 
5.93036e+03 9.39712e-03 
5.93242e+03 9.38751e-03 
5.93448e+03 9.31301e-03 
5.93654e+03 9.31301e-03 
5.93860e+03 9.28671e-03 
5.94066e+03 9.22161e-03 
5.94272e+03 9.20806e-03 
5.94478e+03 9.20187e-03 
5.94684e+03 9.12394e-03 
5.94890e+03 9.12394e-03 
5.95096e+03 9.16370e-03 
5.95302e+03 9.09715e-03 
5.95508e+03 9.09715e-03 
5.95714e+03 8.96403e-03 
5.95920e+03 8.96116e-03 
5.96126e+03 8.95377e-03 
5.96332e+03 8.71560e-03 
5.96538e+03 8.71560e-03 
5.96744e+03 8.73495e-03 
5.96950e+03 8.73495e-03 
5.97156e+03 8.71560e-03 
5.97362e+03 8.73495e-03 
5.97568e+03 8.68008e-03 
5.97774e+03 8.68008e-03 
5.97980e+03 8.68008e-03 
5.98186e+03 8.70647e-03 
5.98392e+03 8.60804e-03 
5.98598e+03 8.60804e-03 
5.98804e+03 8.59725e-03 
5.99010e+03 8.47147e-03 
5.99216e+03 8.47147e-03 
5.99422e+03 8.51929e-03 
5.99628e+03 8.51929e-03 
5.99834e+03 8.47147e-03 
6.00040e+03 8.43170e-03 
6.00246e+03 8.40703e-03 
6.00452e+03 8.38536e-03 
6.00658e+03 8.18163e-03 
6.00864e+03 8.11112e-03 
6.01070e+03 8.11112e-03 
6.01276e+03 8.04706e-03 
6.01482e+03 8.04706e-03 
6.01688e+03 7.96553e-03 
6.01894e+03 7.96553e-03 
6.02100e+03 7.90943e-03 
6.02306e+03 7.85955e-03 
6.02512e+03 7.85426e-03 
6.02718e+03 7.85955e-03 
6.02924e+03 7.90943e-03 
6.03130e+03 7.86334e-03 
6.03336e+03 7.86334e-03 
6.03542e+03 7.86334e-03 
6.03748e+03 7.83217e-03 
6.03954e+03 7.79895e-03 
6.04160e+03 7.71289e-03 
6.04366e+03 7.65541e-03 
6.04572e+03 7.62950e-03 
6.04778e+03 7.58403e-03 
6.04984e+03 7.58403e-03 
6.05190e+03 7.48155e-03 
6.05396e+03 7.36653e-03 
6.05602e+03 7.33868e-03 
6.05808e+03 7.33621e-03 
6.06014e+03 7.26987e-03 
6.06220e+03 7.23221e-03 
6.06426e+03 7.22019e-03 
6.06632e+03 7.20995e-03 
6.06838e+03 6.94477e-03 
6.07044e+03 6.94477e-03 
6.07250e+03 7.03597e-03 
6.07456e+03 6.93117e-03 
6.07662e+03 6.93117e-03 
6.07868e+03 6.93015e-03 
6.08074e+03 6.85007e-03 
6.08280e+03 6.79674e-03 
6.08486e+03 6.72115e-03 
6.08692e+03 6.69904e-03 
6.08898e+03 6.57092e-03 
6.09104e+03 6.56577e-03 
6.09310e+03 6.51976e-03 
6.09516e+03 6.42924e-03 
6.09722e+03 6.42924e-03 
6.09928e+03 6.34452e-03 
6.10134e+03 6.34452e-03 
6.10340e+03 6.34452e-03 
6.10546e+03 6.27639e-03 
6.10752e+03 6.27639e-03 
6.10958e+03 6.18053e-03 
6.11164e+03 6.12612e-03 
6.11370e+03 6.12612e-03 
6.11576e+03 6.12612e-03 
6.11782e+03 6.11310e-03 
6.11988e+03 6.08980e-03 
6.12194e+03 6.00400e-03 
6.12400e+03 5.95605e-03 
6.12606e+03 5.73673e-03 
6.12812e+03 5.73673e-03 
6.13018e+03 5.65470e-03 
6.13224e+03 5.69112e-03 
6.13430e+03 5.65470e-03 
6.13636e+03 5.65470e-03 
6.13842e+03 5.61213e-03 
6.14048e+03 5.52366e-03 
6.14254e+03 5.37976e-03 
6.14460e+03 5.37976e-03 
6.14666e+03 5.37409e-03 
6.14872e+03 5.37409e-03 
6.15078e+03 5.31770e-03 
6.15284e+03 5.27219e-03 
6.15490e+03 5.19667e-03 
6.15696e+03 5.27219e-03 
6.15902e+03 5.19667e-03 
6.16108e+03 5.05071e-03 
6.16314e+03 4.99647e-03 
6.16520e+03 4.95112e-03 
6.16726e+03 4.88791e-03 
6.16932e+03 4.86426e-03 
6.17138e+03 4.78706e-03 
6.17344e+03 4.71140e-03 
6.17550e+03 4.66166e-03 
6.17756e+03 4.66057e-03 
6.17962e+03 4.66166e-03 
6.18168e+03 4.64204e-03 
6.18374e+03 4.64287e-03 
6.18580e+03 4.62678e-03 
6.18786e+03 4.45699e-03 
6.18992e+03 4.45699e-03 
6.19198e+03 4.35414e-03 
6.19404e+03 4.19115e-03 
6.19610e+03 4.19115e-03 
6.19816e+03 4.19115e-03 
6.20022e+03 4.18564e-03 
6.20228e+03 4.19115e-03 
6.20434e+03 4.15200e-03 
6.20640e+03 4.08719e-03 
6.20846e+03 4.06266e-03 
6.21052e+03 3.98224e-03 
6.21258e+03 3.93932e-03 
6.21464e+03 3.92370e-03 
6.21670e+03 3.77245e-03 
6.21876e+03 3.74166e-03 
6.22082e+03 3.67315e-03 
6.22288e+03 3.73057e-03 
6.22494e+03 3.73057e-03 
6.22700e+03 3.73057e-03 
6.22906e+03 3.61862e-03 
6.23112e+03 3.61862e-03 
6.23318e+03 3.52790e-03 
6.23524e+03 3.52790e-03 
6.23730e+03 3.52790e-03 
6.23936e+03 3.40444e-03 
6.24142e+03 3.40444e-03 
6.24348e+03 3.35359e-03 
6.24554e+03 3.33497e-03 
6.24760e+03 3.35359e-03 
6.24966e+03 3.35359e-03 
6.25172e+03 3.26932e-03 
6.25378e+03 3.05143e-03 
6.25584e+03 3.05143e-03 
6.25790e+03 2.83096e-03 
6.25996e+03 2.83096e-03 
6.26202e+03 2.88044e-03 
6.26408e+03 2.88044e-03 
6.26614e+03 2.83096e-03 
6.26820e+03 2.81506e-03 
6.27026e+03 2.78793e-03 
6.27232e+03 2.78793e-03 
6.27438e+03 2.78793e-03 
6.27644e+03 2.74608e-03 
6.27850e+03 2.67062e-03 
6.28056e+03 2.63966e-03 
6.28262e+03 2.63966e-03 
6.28468e+03 2.61472e-03 
6.28674e+03 2.61472e-03 
6.28880e+03 2.61472e-03 
6.29086e+03 2.44982e-03 
6.29292e+03 2.39039e-03 
6.29498e+03 2.39039e-03 
6.29704e+03 2.34931e-03 
6.29910e+03 2.32577e-03 
6.30116e+03 2.32577e-03 
6.30322e+03 2.32006e-03 
6.30528e+03 2.27482e-03 
6.30734e+03 2.20216e-03 
6.30940e+03 2.20216e-03 
6.31146e+03 2.17445e-03 
6.31352e+03 2.17445e-03 
6.31558e+03 2.17445e-03 
