   4822.604     -8.0137608E-05
   4825.832      1.2547489E-04
   4829.059      2.9166529E-04
   4832.287      4.2324272E-04
   4835.514      5.3678430E-04
   4838.742      6.5092946E-04
   4841.970      7.7428011E-04
   4845.198      9.0583018E-04
   4848.427      1.0355919E-03
   4851.655      1.1500281E-03
   4854.884      1.2351611E-03
   4858.113      1.2797735E-03
   4861.341      1.2832204E-03
   4864.571      1.2571381E-03
   4867.800      1.2233483E-03
   4871.029      1.2007252E-03
   4874.259      1.1973728E-03
   4877.488      1.2085710E-03
   4880.718      1.2238433E-03
   4883.948      1.2378898E-03
   4887.178      1.2528168E-03
   4890.408      1.2728068E-03
   4893.639      1.3055024E-03
   4896.869      1.3584384E-03
   4900.100      1.4407155E-03
   4903.331      1.5600184E-03
   4906.562      1.7152136E-03
   4909.793      1.8865247E-03
   4913.024      2.0359773E-03
   4916.255      2.1132319E-03
   4919.487      2.0793465E-03
   4922.719      1.9241284E-03
   4925.950      1.6774827E-03
   4929.183      1.3981803E-03
   4932.415      1.1480512E-03
   4935.647      9.7165612E-04
   4938.879      8.8406465E-04
   4942.112      8.7975815E-04
   4945.344      9.4128540E-04
   4948.577      1.0481843E-03
   4951.810      1.1824297E-03
   4955.043      1.3293255E-03
   4958.276      1.4758934E-03
   4961.510      1.6130949E-03
   4964.743      1.7302234E-03
   4967.977      1.8191191E-03
   4971.211      1.8746397E-03
   4974.445      1.9004748E-03
   4977.679      1.9074491E-03
   4980.913      1.9127462E-03
   4984.147      1.9288195E-03
   4987.382      1.9559755E-03
   4990.617      1.9782914E-03
   4993.852      1.9732313E-03
   4997.086      1.9219287E-03
   5000.321      1.8208800E-03
   5003.557      1.6814307E-03
   5006.792      1.5227315E-03
   5010.028      1.3651281E-03
   5013.263      1.2309538E-03
   5016.499      1.1417581E-03
   5019.735      1.1144336E-03
   5022.971      1.1522655E-03
   5026.207      1.2398628E-03
   5029.443      1.3480303E-03
   5032.680      1.4427265E-03
   5035.917      1.4997770E-03
   5039.153      1.5078406E-03
   5042.390      1.4738219E-03
   5045.627      1.4146421E-03
   5048.864      1.3547447E-03
   5052.102      1.3115418E-03
   5055.339      1.2933158E-03
   5058.577      1.2948286E-03
   5061.814      1.3011964E-03
   5065.052      1.2954571E-03
   5068.291      1.2621584E-03
   5071.528      1.1904943E-03
   5074.767      1.0775635E-03
   5078.005      9.3030790E-04
   5081.244      7.6764333E-04
   5084.482      6.1735010E-04
   5087.721      5.1075354E-04
   5090.960      4.7307223E-04
   5094.199      5.1139807E-04
   5097.438      6.1136507E-04
   5100.678      7.4174919E-04
   5103.917      8.6756656E-04
   5107.157      9.6453499E-04
   5110.397      1.0260559E-03
   5113.637      1.0564757E-03
   5116.877      1.0616076E-03
   5120.117      1.0387443E-03
   5123.357      9.8407723E-04
   5126.598      9.0010295E-04
   5129.838      8.0345437E-04
   5133.079      7.1755669E-04
   5136.320      6.6015095E-04
   5139.561      6.3654647E-04
   5142.802      6.3971215E-04
   5146.043      6.5778667E-04
   5149.285      6.8566517E-04
   5152.526      7.2587217E-04
   5155.768      7.8846450E-04
   5159.010      8.8406808E-04
   5162.251      1.0151416E-03
   5165.494      1.1720955E-03
   5168.736      1.3338099E-03
   5171.978      1.4768015E-03
   5175.221      1.5848712E-03
   5178.463      1.6558690E-03
   5181.706      1.6968463E-03
   5184.949      1.7167539E-03
   5188.192      1.7208289E-03
   5191.435      1.7104103E-03
   5194.678      1.6832179E-03
   5197.921      1.6378658E-03
   5201.165      1.5755715E-03
   5204.409      1.5030742E-03
   5207.652      1.4296720E-03
   5210.896      1.3629970E-03
   5214.141      1.3036673E-03
   5217.385      1.2463511E-03
   5220.629      1.1778047E-03
   5223.874      1.0852747E-03
   5227.118      9.5813541E-04
   5230.363      7.9102075E-04
   5233.607      5.8642688E-04
   5236.853      3.6079541E-04
   5240.098      1.4293878E-04
   5243.343     -3.0333866E-05
   5246.588     -1.2653656E-04
   5249.833     -1.2908406E-04
   5253.079     -4.1629941E-05
   5256.325      1.1518034E-04
   5259.571      3.0951214E-04
   5262.817      5.0708005E-04
   5266.063      6.7683443E-04
   5269.309      7.9485093E-04
   5272.556      8.4953423E-04
   5275.802      8.4358465E-04
   5279.049      7.9331384E-04
   5282.295      7.2457583E-04
   5285.542      6.6214410E-04
   5288.790      6.2275969E-04
   5292.037      6.1116053E-04
   5295.284      6.2195410E-04
   5298.531      6.4297015E-04
   5301.779      6.6357967E-04
   5305.026      6.7706063E-04
   5308.274      6.7992974E-04
   5311.522      6.7291182E-04
   5314.771      6.5750565E-04
   5318.019      6.3459179E-04
   5321.267      6.0710788E-04
   5324.515      5.8140716E-04
   5327.764      5.6664762E-04
   5331.013      5.7164306E-04
   5334.261      5.9766625E-04
   5337.510      6.3763699E-04
   5340.759      6.8026962E-04
   5344.009      7.1653957E-04
   5347.258      7.4495975E-04
   5350.507      7.7134772E-04
   5353.757      8.0114970E-04
   5357.007      8.3673553E-04
   5360.256      8.7450375E-04
   5363.506      9.0832793E-04
   5366.756      9.3224255E-04
   5370.007      9.4661542E-04
   5373.257      9.5661770E-04
   5376.507      9.7456668E-04
   5379.758      1.0125577E-03
   5383.009      1.0739012E-03
   5386.260      1.1482424E-03
   5389.510      1.2159145E-03
   5392.762      1.2562665E-03
   5396.013      1.2619746E-03
   5399.264      1.2406386E-03
   5402.516      1.2087314E-03
   5405.767      1.1798437E-03
   5409.019      1.1567645E-03
   5412.271      1.1323319E-03
   5415.522      1.0986347E-03
   5418.774      1.0541956E-03
   5422.027      1.0065315E-03
   5425.279      9.6930977E-04
   5428.532      9.5136208E-04
   5431.784      9.5224503E-04
   5435.037      9.6087658E-04
   5438.290      9.5893542E-04
   5441.542      9.3009544E-04
   5444.795      8.6685119E-04
   5448.049      7.7569252E-04
   5451.302      6.7740330E-04
   5454.555      6.0155860E-04
   5457.809      5.7212065E-04
   5461.063      5.9826369E-04
   5464.316      6.6904834E-04
   5467.570      7.5788435E-04
   5470.824      8.3476980E-04
   5474.078      8.7669061E-04
   5477.333      8.7533059E-04
   5480.587      8.3819934E-04
   5483.841      7.8365998E-04
   5487.096      7.3186040E-04
   5490.351      6.9778238E-04
   5493.605      6.8600028E-04
   5496.860      6.9425639E-04
   5500.116      7.1797642E-04
   5503.371      7.5371831E-04
   5506.626      7.9927954E-04
   5509.882      8.4992265E-04
   5513.137      8.9850958E-04
   5516.393      9.3963335E-04
   5519.649      9.7085169E-04
   5522.905      9.9507091E-04
   5526.161      1.0140589E-03
   5529.417      1.0288184E-03
   5532.673      1.0354372E-03
   5535.930      1.0322429E-03
   5539.186      1.0191273E-03
   5542.443      1.0017860E-03
   5545.699      9.8786526E-04
   5548.956      9.8535698E-04
   5552.213      9.9845149E-04
   5555.470      1.0250611E-03
   5558.728      1.0575074E-03
   5561.985      1.0857247E-03
   5565.242      1.1033975E-03
   5568.500      1.1101238E-03
   5571.758      1.1098803E-03
   5575.016      1.1046542E-03
   5578.273      1.0922226E-03
   5581.531      1.0683873E-03
   5584.790      1.0319940E-03
   5588.048      9.8972279E-04
   5591.306      9.5377315E-04
   5594.565      9.3650009E-04
   5597.823      9.4481598E-04
   5601.082      9.7845425E-04
   5604.341      1.0342982E-03
   5607.600      1.1098529E-03
   5610.859      1.2051498E-03
   5614.118      1.3176129E-03
   5617.377      1.4430108E-03
   5620.637      1.5724726E-03
   5623.896      1.6970835E-03
   5627.156      1.8093340E-03
   5630.416      1.9014977E-03
   5633.676      1.9647083E-03
   5636.936      1.9879967E-03
   5640.196      1.9627905E-03
   5643.456      1.8905204E-03
   5646.716      1.7864631E-03
   5649.977      1.6761603E-03
   5653.237      1.5881484E-03
   5656.498      1.5398609E-03
   5659.759      1.5307366E-03
   5663.020      1.5432846E-03
   5666.281      1.5493650E-03
   5669.542      1.5249683E-03
   5672.803      1.4609931E-03
   5676.064      1.3664344E-03
   5679.326      1.2631783E-03
   5682.587      1.1748974E-03
   5685.849      1.1171462E-03
   5689.111      1.0910545E-03
   5692.373      1.0883126E-03
   5695.635      1.0963309E-03
   5698.897      1.1061557E-03
   5702.159      1.1145422E-03
   5705.422      1.1210777E-03
   5708.684      1.1242586E-03
   5711.947      1.1178023E-03
   5715.209      1.0917706E-03
   5718.472      1.0384250E-03
   5721.735      9.5968787E-04
   5724.998      8.6824689E-04
   5728.261      7.8666391E-04
   5731.524      7.3758652E-04
   5734.788      7.3524250E-04
   5738.051      7.8171829E-04
   5741.315      8.6580304E-04
   5744.579      9.6787780E-04
   5747.842      1.0644351E-03
   5751.106      1.1337743E-03
   5754.370      1.1591823E-03
   5757.634      1.1341686E-03
   5760.898      1.0665579E-03
   5764.163      9.7750151E-04
   5767.427      8.9532923E-04
   5770.692      8.4566575E-04
   5773.957      8.4272365E-04
   5777.222      8.8613445E-04
   5780.486      9.6359453E-04
   5783.751      1.0565657E-03
   5787.017      1.1492600E-03
   5790.282      1.2311479E-03
   5793.547      1.2998832E-03
   5796.813      1.3586269E-03
   5800.078      1.4103418E-03
   5803.343      1.4536200E-03
   5806.609      1.4815796E-03
   5809.875      1.4843178E-03
   5813.141      1.4548633E-03
   5816.407      1.3919879E-03
   5819.673      1.3020367E-03
   5822.939      1.1951975E-03
   5826.206      1.0850817E-03
   5829.472      9.8576746E-04
   5832.739      9.1149192E-04
   5836.005      8.7312987E-04
   5839.272      8.7683217E-04
   5842.540      9.1950851E-04
   5845.806      9.9040614E-04
   5849.073      1.0727081E-03
   5852.341      1.1493887E-03
   5855.608      1.2084901E-03
   5858.875      1.2463758E-03
   5862.143      1.2689860E-03
   5865.411      1.2871849E-03
   5868.678      1.3115238E-03
   5871.946      1.3474433E-03
   5875.214      1.3933092E-03
   5878.482      1.4415031E-03
   5881.750      1.4820957E-03
   5885.019      1.5051586E-03
   5888.287      1.5044081E-03
   5891.556      1.4797272E-03
   5894.824      1.4391037E-03
   5898.093      1.3957445E-03
   5901.361      1.3624142E-03
   5904.630      1.3442984E-03
   5907.899      1.3358893E-03
   5911.168      1.3217260E-03
   5914.438      1.2858839E-03
   5917.707      1.2213993E-03
   5920.977      1.1360492E-03
   5924.246      1.0484883E-03
   5927.516      9.7963598E-04
   5930.785      9.4134867E-04
   5934.055      9.3355856E-04
   5937.325      9.4744202E-04
   5940.595      9.7224489E-04
   5943.865      1.0014436E-03
   5947.135      1.0340842E-03
   5950.406      1.0732260E-03
   5953.676      1.1218522E-03
   5956.946      1.1818287E-03
   5960.217      1.2520335E-03
   5963.488      1.3299502E-03
   5966.759      1.4124555E-03
   5970.029      1.4954825E-03
   5973.300      1.5718922E-03
   5976.572      1.6325591E-03
   5979.843      1.6663974E-03
   5983.114      1.6652608E-03
   5986.386      1.6274883E-03
   5989.657      1.5596707E-03
   5992.929      1.4759058E-03
   5996.200      1.3952833E-03
   5999.472      1.3355768E-03
   6002.744      1.3088207E-03
   6006.016      1.3172232E-03
   6009.288      1.3528536E-03
   6012.561      1.4016187E-03
   6015.833      1.4461564E-03
   6019.105      1.4721897E-03
   6022.378      1.4723408E-03
   6025.650      1.4483560E-03
   6028.923      1.4109467E-03
   6032.196      1.3765447E-03
   6035.469      1.3606880E-03
   6038.742      1.3713606E-03
   6042.015      1.4057889E-03
   6045.288      1.4498443E-03
   6048.561      1.4827824E-03
   6051.834      1.4852587E-03
   6055.108      1.4453435E-03
   6058.382      1.3637019E-03
   6061.655      1.2526767E-03
   6064.929      1.1326866E-03
   6068.203      1.0249672E-03
   6071.477      9.4676000E-04
   6074.751      9.0759882E-04
   6078.025      9.0702291E-04
   6081.299      9.3689229E-04
   6084.574      9.8353147E-04
   6087.848      1.0333117E-03
   6091.123      1.0764927E-03
   6094.397      1.1103222E-03
   6097.672      1.1384503E-03
   6100.947      1.1675551E-03
   6104.222      1.2026255E-03
   6107.497      1.2450787E-03
   6110.772      1.2924862E-03
   6114.047      1.3409908E-03
   6117.322      1.3892950E-03
   6120.598      1.4390263E-03
   6123.873      1.4934480E-03
   6127.148      1.5537736E-03
   6130.424      1.6155002E-03
   6133.700      1.6689487E-03
   6136.976      1.7034753E-03
   6140.252      1.7133561E-03
   6143.528      1.7015048E-03
   6146.804      1.6782491E-03
   6150.081      1.6560287E-03
   6153.356      1.6428039E-03
   6156.633      1.6382077E-03
   6159.910      1.6348516E-03
   6163.186      1.6228105E-03
   6166.463      1.5964331E-03
   6169.740      1.5586144E-03
   6173.017      1.5200494E-03
   6176.293      1.4950035E-03
   6179.570      1.4935546E-03
   6182.848      1.5186169E-03
   6186.125      1.5649431E-03
   6189.402      1.6227091E-03
   6192.680      1.6802336E-03
   6195.957      1.7286153E-03
   6199.235      1.7626578E-03
   6202.512      1.7813132E-03
   6205.790      1.7851900E-03
   6209.068      1.7745596E-03
   6212.346      1.7483069E-03
   6215.624      1.7070830E-03
   6218.902      1.6569347E-03
   6222.181      1.6095440E-03
   6225.459      1.5782932E-03
   6228.737      1.5727299E-03
   6232.016      1.5942166E-03
   6235.294      1.6367584E-03
   6238.573      1.6903095E-03
   6241.852      1.7450579E-03
   6245.130      1.7944631E-03
   6248.410      1.8342528E-03
   6251.688      1.8629456E-03
   6254.968      1.8808806E-03
   6258.247      1.8894013E-03
   6261.526      1.8909870E-03
   6264.806      1.8876969E-03
   6268.085      1.8793560E-03
   6271.365      1.8635065E-03
   6274.644      1.8374466E-03
   6277.924      1.8021396E-03
   6281.204      1.7631226E-03
   6284.484      1.7304046E-03
   6287.764      1.7138665E-03
   6291.044      1.7192279E-03
   6294.324      1.7476535E-03
   6297.604      1.7969711E-03
   6300.885      1.8639317E-03
   6304.165      1.9446845E-03
   6307.446      2.0346837E-03
   6310.726      2.1277783E-03
   6314.007      2.2162832E-03
   6317.288      2.2919055E-03
   6320.568      2.3490260E-03
   6323.850      2.3855800E-03
   6327.130      2.4039531E-03
   6330.412      2.4091508E-03
   6333.693      2.4062139E-03
   6336.974      2.3988376E-03
   6340.255      2.3878980E-03
   6343.537      2.3732488E-03
   6346.818      2.3545139E-03
   6350.100      2.3309046E-03
   6353.382      2.3040555E-03
   6356.664      2.2768611E-03
   6359.945      2.2535597E-03
   6363.228      2.2397973E-03
   6366.510      2.2396804E-03
   6369.792      2.2551664E-03
   6373.074      2.2869240E-03
   6376.356      2.3369445E-03
   6379.639      2.4094775E-03
   6382.921      2.5102715E-03
   6386.204      2.6417149E-03
   6389.486      2.7982914E-03
   6392.769      2.9667702E-03
   6396.052      3.1298783E-03
   6399.335      3.2727062E-03
   6402.618      3.3871317E-03
   6405.901      3.4712094E-03
   6409.184      3.5275226E-03
   6412.467      3.5605479E-03
   6415.750      3.5747960E-03
   6419.034      3.5760300E-03
   6422.317      3.5719771E-03
   6425.601      3.5709359E-03
   6428.884      3.5812964E-03
   6432.168      3.6085171E-03
   6435.452      3.6528222E-03
   6438.736      3.7075945E-03
   6442.020      3.7615288E-03
   6445.304      3.8019824E-03
   6448.588      3.8205872E-03
   6451.872      3.8178039E-03
   6455.156      3.8026308E-03
   6458.441      3.7906356E-03
   6461.725      3.7988175E-03
   6465.010      3.8397070E-03
   6468.294      3.9180722E-03
   6471.579      4.0274011E-03
   6474.864      4.1530263E-03
   6478.148      4.2770589E-03
   6481.434      4.3847021E-03
   6484.718      4.4677611E-03
   6488.003      4.5257099E-03
   6491.289      4.5642676E-03
   6494.574      4.5940611E-03
   6497.859      4.6278066E-03
   6501.145      4.6775644E-03
   6504.430      4.7497433E-03
   6507.715      4.8430883E-03
   6511.001      4.9526459E-03
   6514.287      5.0725932E-03
   6517.573      5.2009067E-03
   6520.858      5.3381436E-03
   6524.145      5.4819230E-03
   6527.430      5.6247455E-03
   6530.716      5.7550436E-03
   6534.002      5.8633452E-03
   6537.289      5.9474143E-03
   6540.575      6.0147578E-03
   6543.861      6.0775070E-03
   6547.148      6.1464095E-03
   6550.435      6.2272344E-03
   6553.721      6.3190018E-03
   6557.008      6.4177471E-03
   6560.294      6.5204217E-03
   6563.582      6.6261603E-03
   6566.868      6.7364513E-03
   6570.155      6.8526883E-03
   6573.442      6.9746873E-03
   6576.729      7.1026497E-03
   6580.017      7.2387611E-03
   6583.304      7.3853815E-03
   6586.591      7.5434740E-03
   6589.879      7.7085239E-03
   6593.167      7.8684017E-03
   6596.454      8.0086002E-03
   6599.742      8.1173824E-03
   6603.029      8.1923613E-03
   6606.317      8.2419561E-03
   6609.605      8.2834531E-03
   6612.893      8.3350642E-03
   6616.181      8.4137237E-03
   6619.469      8.5284784E-03
   6622.757      8.6824279E-03
   6626.046      8.8736378E-03
   6629.334      9.0958644E-03
   6632.623      9.3408590E-03
   6635.911      9.5994780E-03
   6639.200      9.8644858E-03
   6642.488      1.0131718E-02
   6645.777      1.0404197E-02
   6649.066      1.0690282E-02
   6652.354      1.1000296E-02
   6655.644      1.1341841E-02
   6658.933      1.1717026E-02
   6662.222      1.2121853E-02
   6665.511      1.2551351E-02
   6668.800      1.2999947E-02
   6672.089      1.3464739E-02
   6675.378      1.3947013E-02
   6678.668      1.4453446E-02
   6681.958      1.4995766E-02
   6685.247      1.5589757E-02
   6688.537      1.6250521E-02
   6691.826      1.6990256E-02
   6695.116      1.7813347E-02
   6698.406      1.8716844E-02
   6701.696      1.9690186E-02
   6704.986      2.0719077E-02
   6708.276      2.1790059E-02
   6711.566      2.2894477E-02
   6714.856      2.4031311E-02
   6718.146      2.5206856E-02
   6721.437      2.6435085E-02
   6724.727      2.7734755E-02
   6728.018      2.9125405E-02
   6731.308      3.0622471E-02
   6734.599      3.2233566E-02
   6737.890      3.3957504E-02
   6741.180      3.5790104E-02
   6744.471      3.7729576E-02
   6747.762      3.9780602E-02
   6751.053      4.1955717E-02
   6754.344      4.4273492E-02
   6757.635      4.6756104E-02
   6760.926      4.9428184E-02
   6764.217      5.2315887E-02
   6767.509      5.5445239E-02
   6770.800      5.8839638E-02
   6774.091      6.2520176E-02
   6777.383      6.6506594E-02
   6780.674      7.0819601E-02
   6783.966      7.5481750E-02
   6787.258      8.0517784E-02
   6790.550      8.5952729E-02
   6793.841      9.1814019E-02
   6797.133      9.8134987E-02
   6800.425      0.1049582    
   6803.717      0.1123348    
   6807.009      0.1203178    
   6810.301      0.1289536    
   6813.594      0.1382785    
   6816.886      0.1483213    
   6820.178      0.1591168    
   6823.471      0.1707113    
   6826.763      0.1831575    
   6830.056      0.1965055    
   6833.349      0.2107880    
   6836.641      0.2260162    
   6839.934      0.2421817    
   6843.227      0.2592614    
   6846.520      0.2772165    
   6849.813      0.2959915    
   6853.105      0.3155072    
   6856.398      0.3356588    
   6859.692      0.3563204    
   6862.985      0.3773505    
   6866.278      0.3986014    
   6869.571      0.4199199    
   6872.865      0.4411453    
   6876.158      0.4621019    
   6879.452      0.4825960    
   6882.746      0.5024100    
   6886.039      0.5213095    
   6889.333      0.5390558    
   6892.626      0.5554242    
   6895.920      0.5702252    
   6899.214      0.5833278    
   6902.508      0.5946632    
   6905.802      0.6042246    
   6909.096      0.6120564    
   6912.391      0.6182389    
   6915.685      0.6228799    
   6918.979      0.6261093    
   6922.273      0.6280743    
   6925.567      0.6289396    
   6928.862      0.6288743    
   6932.156      0.6280377    
   6935.451      0.6265668    
   6938.746      0.6245779    
   6942.041      0.6221701    
   6945.335      0.6194426    
   6948.630      0.6165040    
   6951.925      0.6134724    
   6955.220      0.6104682    
   6958.515      0.6075965    
   6961.810      0.6049293    
   6965.105      0.6025006    
   6968.400      0.6003160    
   6971.695      0.5983690    
   6974.990      0.5966572    
   6978.286      0.5951936    
   6981.581      0.5939990    
   6984.876      0.5930889    
   6988.172      0.5924595    
   6991.468      0.5920834    
   6994.763      0.5919171    
   6998.059      0.5919204    
   7001.355      0.5920656    
   7004.650      0.5923398    
   7007.946      0.5927284    
   7011.242      0.5932004    
   7014.538      0.5937104    
   7017.834      0.5941982    
   7021.130      0.5946066    
   7024.426      0.5948855    
   7027.723      0.5949970    
   7031.019      0.5949080    
   7034.315      0.5945916    
   7037.612      0.5940197    
   7040.908      0.5931648    
   7044.205      0.5920023    
   7047.501      0.5905133    
   7050.798      0.5886845    
   7054.094      0.5865176    
   7057.391      0.5840347    
   7060.688      0.5812832    
   7063.985      0.5783311    
   7067.282      0.5752463    
   7070.579      0.5720789    
   7073.875      0.5688564    
   7077.172      0.5655851    
   7080.470      0.5622767    
   7083.767      0.5589627    
   7087.064      0.5557050    
   7090.361      0.5525857    
   7093.659      0.5496867    
   7096.956      0.5470657    
   7100.253      0.5447362    
   7103.551      0.5426653    
   7106.848      0.5407881    
   7110.146      0.5390313    
   7113.443      0.5373388    
   7116.741      0.5356890    
   7120.039      0.5340883    
   7123.337      0.5325581    
   7126.635      0.5311093    
   7129.933      0.5297292    
   7133.230      0.5283729    
   7136.528      0.5269616    
   7139.827      0.5253872    
   7143.125      0.5235079    
   7146.423      0.5211478    
   7149.721      0.5181023    
   7153.020      0.5141365    
   7156.318      0.5090017    
   7159.616      0.5024444    
   7162.915      0.4942198    
   7166.213      0.4841024    
   7169.511      0.4718953    
   7172.810      0.4574543    
   7176.109      0.4407187    
   7179.407      0.4217456    
   7182.706      0.4007335    
   7186.005      0.3780179    
   7189.304      0.3540405    
   7192.603      0.3293084    
   7195.901      0.3043425    
   7199.200      0.2796375    
   7202.500      0.2556244    
   7205.799      0.2326502    
   7209.098      0.2109679    
   7212.397      0.1907379    
   7215.696      0.1720462    
   7218.995      0.1549192    
   7222.295      0.1393399    
   7225.594      0.1252601    
   7228.894      0.1126062    
   7232.193      0.1012882    
   7235.493      9.1203898E-02
   7238.792      8.2244813E-02
   7242.092      7.4301504E-02
   7245.392      6.7267150E-02
   7248.691      6.1041430E-02
   7251.991      5.5534124E-02
   7255.291      5.0664667E-02
   7258.590      4.6362944E-02
   7261.891      4.2566486E-02
   7265.190      3.9215393E-02
   7268.490      3.6251426E-02
   7271.791      3.3619016E-02
   7275.090      3.1267211E-02
   7278.391      2.9153725E-02
   7281.691      2.7245112E-02
   7284.991      2.5514599E-02
   7288.292      2.3940247E-02
   7291.591      2.2504132E-02
   7294.892      2.1192143E-02
   7298.192      1.9994490E-02
   7301.493      1.8904159E-02
   7304.793      1.7914426E-02
   7308.094      1.7015161E-02
   7311.395      1.6190981E-02
   7314.695      1.5422441E-02
   7317.996      1.4689875E-02
   7321.296      1.3978650E-02
   7324.597      1.3283415E-02
   7327.898      1.2608672E-02
   7331.199      1.1965853E-02
   7334.500      1.1369606E-02
   7337.801      1.0833806E-02
   7341.102      1.0367242E-02
   7344.403      9.9717798E-03
   7347.704      9.6435994E-03
   7351.005      9.3742767E-03
   7354.306      9.1545293E-03
   7357.607      8.9747114E-03
   7360.909      8.8247852E-03
   7364.210      8.6941328E-03
   7367.511      8.5721901E-03
   7370.813      8.4507037E-03
   7374.114      8.3257277E-03
   7377.416      8.1987586E-03
   7380.717      8.0742193E-03
   7384.019      7.9558250E-03
   7387.320      7.8450814E-03
   7390.622      7.7411458E-03
   7393.924      7.6431562E-03
   7397.226      7.5513306E-03
   7400.527      7.4677924E-03
   7403.829      7.3935804E-03
   7407.131      7.3277825E-03
   7410.433      7.2666048E-03
   7413.735      7.2052227E-03
   7417.037      7.1390914E-03
   7420.339      7.0637241E-03
   7423.641      6.9770305E-03
   7426.943      6.8787821E-03
   7430.245      6.7730001E-03
   7433.547      6.6660522E-03
   7436.850      6.5637920E-03
   7440.152      6.4683300E-03
   7443.454      6.3762371E-03
   7446.756      6.2809396E-03
   7450.059      6.1771781E-03
   7453.361      6.0656508E-03
   7456.664      5.9545734E-03
   7459.966      5.8592213E-03
   7463.269      5.7965121E-03
   7466.571      5.7788892E-03
   7469.874      5.8073630E-03
   7473.176      5.8681341E-03
   7476.479      5.9350240E-03
   7479.782      5.9776129E-03
   7483.085      5.9716878E-03
   7486.388      5.9092161E-03
   7489.690      5.8022509E-03
   7492.993      5.6793690E-03
   7496.296      5.5745388E-03
   7499.599      5.5151675E-03
   7502.902      5.5116075E-03
   7506.205      5.5557019E-03
   7509.508      5.6255730E-03
   7512.812      5.6943772E-03
   7516.115      5.7413937E-03
   7519.417      5.7572857E-03
   7522.721      5.7447362E-03
   7526.024      5.7142749E-03
   7529.328      5.6774593E-03
   7532.631      5.6416984E-03
   7535.934      5.6084818E-03
   7539.237      5.5735265E-03
   7542.541      5.5305050E-03
   7545.844      5.4741181E-03
   7549.148      5.4037236E-03
   7552.452      5.3248368E-03
   7555.755      5.2479962E-03
   7559.059      5.1850886E-03
   7562.362      5.1457440E-03
   7565.666      5.1337271E-03
   7568.970      5.1455093E-03
   7572.273      5.1706764E-03
   7575.577      5.1946216E-03
   7578.881      5.2031111E-03
   7582.185      5.1888223E-03
   7585.489      5.1539298E-03
   7588.793      5.1094382E-03
   7592.097      5.0706440E-03
   7595.401      5.0504170E-03
   7598.705      5.0528455E-03
   7602.009      5.0718533E-03
   7605.313      5.0922832E-03
   7608.617      5.0968034E-03
   7611.921      5.0716638E-03
   7615.226      5.0112517E-03
   7618.530      4.9200165E-03
   7621.834      4.8089493E-03
   7625.138      4.6927356E-03
   7628.442      4.5860861E-03
   7631.747      4.5012254E-03
   7635.051      4.4463673E-03
   7638.355      4.4230791E-03
   7641.660      4.4255536E-03
   7644.965      4.4408017E-03
   7648.269      4.4529592E-03
   7651.574      4.4492651E-03
   7654.878      4.4233957E-03
   7658.183      4.3781470E-03
   7661.488      4.3215714E-03
   7664.792      4.2625801E-03
   7668.097      4.2070877E-03
   7671.402      4.1547986E-03
   7674.707      4.1002291E-03
   7678.011      4.0362789E-03
   7681.316      3.9591133E-03
   7684.621      3.8719999E-03
   7687.926      3.7845203E-03
   7691.231      3.7083975E-03
   7694.536      3.6533424E-03
   7697.841      3.6222236E-03
   7701.146      3.6107446E-03
   7704.451      3.6085134E-03
   7707.756      3.6015841E-03
   7711.061      3.5771471E-03
   7714.366      3.5265489E-03
   7717.671      3.4497322E-03
   7720.976      3.3543052E-03
   7724.281      3.2536758E-03
   7727.587      3.1604979E-03
   7730.892      3.0819254E-03
   7734.197      3.0165499E-03
   7737.502      2.9577285E-03
   7740.808      2.8972884E-03
   7744.113      2.8323703E-03
   7747.419      2.7664667E-03
   7750.724      2.7079105E-03
   7754.030      2.6644939E-03
   7757.335      2.6389717E-03
   7760.641      2.6280726E-03
   7763.946      2.6261031E-03
   7767.251      2.6286237E-03
   7770.557      2.6351986E-03
   7773.863      2.6477510E-03
   7777.168      2.6685244E-03
   7780.474      2.6958641E-03
   7783.780      2.7227667E-03
   7787.085      2.7382346E-03
   7790.392      2.7300217E-03
   7793.697      2.6895038E-03
   7797.003      2.6157449E-03
   7800.309      2.5164983E-03
   7803.615      2.4053191E-03
   7806.920      2.2965709E-03
   7810.227      2.1987897E-03
   7813.532      2.1123632E-03
   7816.838      2.0321126E-03
   7820.145      1.9528595E-03
   7823.450      1.8737204E-03
   7826.756      1.8000521E-03
   7830.063      1.7402655E-03
   7833.368      1.7017409E-03
   7836.674      1.6867818E-03
   7839.980      1.6928829E-03
   7843.287      1.7128719E-03
   7846.593      1.7372022E-03
   7849.899      1.7568113E-03
   7853.206      1.7683180E-03
   7856.512      1.7742628E-03
   7859.818      1.7833533E-03
   7863.124      1.8054679E-03
   7866.431      1.8465664E-03
   7869.737      1.9042107E-03
   7873.043      1.9700814E-03
   7876.350      2.0330150E-03
   7879.656      2.0840089E-03
   7882.962      2.1182455E-03
   7886.269      2.1338800E-03
   7889.575      2.1291985E-03
   7892.882      2.1012542E-03
   7896.188      2.0472785E-03
   7899.495      1.9663316E-03
   7902.801      1.8619518E-03
   7906.108      1.7442504E-03
   7909.415      1.6280577E-03
   7912.721      1.5296877E-03
   7916.028      1.4639220E-03
   7919.334      1.4392526E-03
   7922.641      1.4562281E-03
   7925.948      1.5058954E-03
   7929.254      1.5730395E-03
   7932.561      1.6390155E-03
   7935.868      1.6889652E-03
   7939.175      1.7161217E-03
   7942.481      1.7242456E-03
   7945.789      1.7251257E-03
   7949.095      1.7329744E-03
   7952.402      1.7585842E-03
   7955.709      1.8044977E-03
   7959.016      1.8643838E-03
   7962.323      1.9238336E-03
   7965.629      1.9655351E-03
   7968.937      1.9734593E-03
   7972.244      1.9411515E-03
   7975.550      1.8745522E-03
   7978.857      1.7896722E-03
   7982.165      1.7072890E-03
   7985.472      1.6430560E-03
   7988.778      1.6020802E-03
   7992.085      1.5782114E-03
   7995.393      1.5576968E-03
   7998.700      1.5253189E-03
   8002.007      1.4718290E-03
   8005.314      1.3969644E-03
   8008.622      1.3097392E-03
   8011.929      1.2236027E-03
   8015.236      1.1493579E-03
   8018.543      1.0905172E-03
   8021.850      1.0443708E-03
   8025.157      1.0068358E-03
   8028.464      9.7787566E-04
   8031.772      9.6670497E-04
   8035.079      9.8825898E-04
   8038.387      1.0566204E-03
   8041.694      1.1766916E-03
   8045.001      1.3355854E-03
   8048.309      1.5050813E-03
   8051.616      1.6507091E-03
   8054.923      1.7458586E-03
   8058.230      1.7832147E-03
   8061.538      1.7751816E-03
   8064.846      1.7451070E-03
   8068.153      1.7140828E-03
   8071.460      1.6950917E-03
   8074.768      1.6913257E-03
   8078.075      1.7042756E-03
   8081.383      1.7359998E-03
   8084.690      1.7887523E-03
   8087.998      1.8608097E-03
   8091.305      1.9413717E-03
   8094.613      2.0114344E-03
   8097.920      2.0504927E-03
   8101.228      2.0466831E-03
   8104.536      1.9986355E-03
   8107.843      1.9175052E-03
   8111.151      1.8197392E-03
   8114.458      1.7216210E-03
   8117.766      1.6367477E-03
   8121.074      1.5740049E-03
   8124.381      1.5353418E-03
   8127.689      1.5172827E-03
   8130.997      1.4660433E-03
   8134.305      1.4330260E-03
   8137.612      1.4000088E-03
   8140.920      1.3669878E-03
   8144.228      1.3339706E-03
   8147.536      1.3009533E-03
   8150.843      1.2679361E-03
   8154.151      1.2349188E-03
   8157.459      1.2019016E-03
   8160.767      1.1688843E-03
   8164.074      1.1358671E-03
   8167.382      1.1028498E-03
   8170.690      1.0698326E-03
   8173.998      1.0368153E-03
   8177.306      1.0037981E-03
