500		0.000349493
499.5		0.000301691
499		0.000194694
498.5		0.00028021
498		0.00026416
497.5		0.000244963
497		0.00027204
496.5		0.000386047
496		0.000321232
495.5		0.000300672
495		0.000319821
494.5		0.000311407
494		0.000337495
493.5		0.000198047
493		0.000279449
492.5		0.000313081
492		0.000384841
491.5		0.000264788
491		0.000218973
490.5		0.000337022
490		0.000333207
489.5		0.000235093
489		0.000202423
488.5		0.000227781
488		0.000171869
487.5		0.000298593
487		0.000184606
486.5		0.000197482
486		0.000245525
485.5		0.000300341
485		0.000293335
484.5		0.000235046
484		0.000246599
483.5		0.000334865
483		0.000217815
482.5		0.000300338
482		0.000264021
481.5		0.000266961
481		0.000227378
480.5		0.000214318
480		0.000300868
479.5		0.000241635
479		0.000291455
478.5		0.00033112
478		0.000302485
477.5		0.000279935
477		0.000330136
476.5		0.000149
476		0.000234054
475.5		0.000264673
475		0.000277336
474.5		0.00026748
474		0.00024069
473.5		0.000254569
473		0.000218012
472.5		0.000256016
472		0.000268103
471.5		0.000209971
471		0.000290035
470.5		0.000320421
470		0.000174249
469.5		0.000286397
469		6.93E-05
468.5		0.000304494
468		0.000335817
467.5		0.000249985
467		0.000264562
466.5		0.000373431
466		0.000295477
465.5		0.000227035
465		0.00036947
464.5		0.00026184
464		0.00028551
463.5		0.000214516
463		0.000232459
462.5		0.000286472
462		0.000286191
461.5		0.000300446
461		0.000357392
460.5		0.000287878
460		0.00027151
459.5		0.000292872
459		0.000323196
458.5		0.000215277
458		0.000256529
457.5		0.000166353
457		0.000178431
456.5		0.000308946
456		0.000257983
455.5		0.000268971
455		0.000151215
454.5		0.000274295
454		0.000197868
453.5		0.000219618
453		0.000348894
452.5		0.000349816
452		0.000157824
451.5		0.000252196
451		0.000228786
450.5		0.000288714
450		0.000253247
449.5		0.000310134
449		0.000360516
448.5		0.000297608
448		0.000312404
447.5		0.000226679
447		0.000292858
446.5		0.000331419
446		0.00042054
445.5		0.000391468
445		0.000279791
444.5		0.000439115
444		0.000495252
443.5		0.000354843
443		0.000411205
442.5		0.000570075
442		0.000445421
441.5		0.000466401
441		0.000543453
440.5		0.000544732
440		0.000491145
439.5		0.000578952
439		0.000745919
438.5		0.000707755
438		0.000837071
437.5		0.000898067
437		0.000886945
436.5		0.001063677
436		0.001220634
435.5		0.001327866
435		0.001412653
434.5		0.001583199
434		0.001688668
433.5		0.002013323
433		0.002260213
432.5		0.002615493
432		0.003031504
431.5		0.003299065
431		0.003962799
430.5		0.00439214
430		0.00510217
429.5		0.005939334
429		0.006818268
428.5		0.007967433
428		0.009189285
427.5		0.010478141
427		0.012172502
426.5		0.014280637
426		0.016703641
425.5		0.019396843
425		0.022635166
424.5		0.0263844
424		0.030840674
423.5		0.035826083
423		0.041983854
422.5		0.04896114
422		0.057182834
421.5		0.066799864
421		0.077998288
420.5		0.090690583
420		0.105621144
419.5		0.123391338
419		0.144109815
418.5		0.167095959
418		0.194390327
417.5		0.225836113
417		0.261640936
416.5		0.303672344
416		0.352251381
415.5		0.406118155
415		0.468791693
414.5		0.54089874
414		0.62250185
413.5		0.715775013
413		0.820725799
412.5		0.939761758
412		1.071936965
411.5		1.22269702
411		1.391675353
410.5		1.578219056
410		1.790805101
409.5		2.026728153
409		2.282567263
408.5		2.56987977
408		2.889036655
407.5		3.234095573
407		3.618049622
406.5		4.03512001
406		4.490535259
405.5		4.980443478
405		5.515665054
404.5		6.094430447
404		6.709391594
403.5		7.384552956
403		8.099819183
402.5		8.845479965
402		9.652713776
401.5		10.50914192
401		11.39447021
400.5		12.34884357
400		13.34857941
399.5		14.38273335
399		15.45708179
398.5		16.57201385
398		17.72494698
397.5		18.91291428
397		20.14217567
396.5		21.39032555
396		22.65942574
395.5		23.97066307
395		25.29153252
394.5		26.61232948
394		27.96743011
393.5		29.33068848
393		30.68087006
392.5		32.02247238
392		33.36643982
391.5		34.69349289
391		36.03330231
390.5		37.37078094
390		38.66814041
389.5		39.93570328
389		41.19666672
388.5		42.43148422
388		43.61044312
387.5		44.79830933
387		45.9387207
386.5		47.01349258
386		48.08688354
385.5		49.11293411
385		50.10042953
384.5		51.0537262
384		51.96545792
383.5		52.83774185
383		53.66012955
382.5		54.45121002
382		55.20413971
381.5		55.8808136
381		56.56570816
380.5		57.22009659
380		57.81487274
379.5		58.36449814
379		58.88976288
378.5		59.36963654
378		59.82793045
377.5		60.24801636
377		60.63114548
376.5		60.97790527
376		61.27260971
375.5		61.55971146
375		61.84353638
374.5		62.0775528
374		62.28204346
373.5		62.4597435
373		62.61519623
372.5		62.75098419
372		62.84485626
371.5		62.92829514
371		62.97267151
370.5		63.02684021
370		63.05389404
369.5		63.04228973
369		63.02307892
368.5		63.00151443
368		62.94475937
367.5		62.8691597
367		62.75545883
366.5		62.67714691
366		62.56617355
365.5		62.42731094
365		62.28335953
364.5		62.10993958
364		61.91372299
363.5		61.72650528
363		61.53726578
362.5		61.32247925
362		61.08564758
361.5		60.80699539
361		60.5470047
360.5		60.28739166
360		59.99770355
359.5		59.70446014
359		59.37756348
358.5		59.04915237
358		58.704216
357.5		58.34111023
357		57.97053146
356.5		57.56998825
356		57.19433594
355.5		56.78950119
355		56.35519791
354.5		55.91346741
354		55.43891907
353.5		54.98999405
353		54.51982117
352.5		54.01813507
352		53.50052643
351.5		52.94264603
351		52.43175125
350.5		51.87936401
350		51.31530762
349.5		50.73183823
349		50.10474777
348.5		49.4785347
348		48.86032486
347.5		48.21369553
347		47.53688431
346.5		46.86603546
346		46.15740967
345.5		45.44610977
345		44.70808029
344.5		43.97276688
344		43.1907959
343.5		42.41339111
343		41.63272858
342.5		40.81229401
342		39.97387695
341.5		39.15431595
341		38.28567123
340.5		37.42516708
340		36.54327774
339.5		35.65773773
339		34.70640182
338.5		33.77956009
338		32.84006119
337.5		31.88765335
337		30.91833878
336.5		29.95248222
336		28.94949532
335.5		27.93807983
335		26.94846725
334.5		25.92690849
334		24.90126228
333.5		23.88414764
333		22.86365128
332.5		21.81307602
332		20.80157089
331.5		19.77748299
331		18.77082634
330.5		17.76486588
330		16.76961899
329.5		15.77697086
329		14.80875587
328.5		13.85679817
328		12.92241669
327.5		12.00927067
327		11.13307476
326.5		10.27206802
326		9.434247971
325.5		8.645464897
325		7.878205299
324.5		7.142420769
324		6.437597275
323.5		5.774935722
323		5.149884701
322.5		4.562689781
322		4.025575161
321.5		3.517242432
321		3.05619669
320.5		2.639051676
320		2.250056744
319.5		1.90434885
319		1.603258014
318.5		1.332247019
318		1.095697999
317.5		0.892294824
317		0.716109574
316.5		0.56994319
316		0.446469516
315.5		0.345823348
315		0.263804436
314.5		0.19830586
314		0.146451786
313.5		0.106321737
313		0.075621411
312.5		0.053569086
312		0.036997072
311.5		0.025001919
311		0.016714709
310.5		0.011126485
310		0.007073961
309.5		0.004400771
309		0.002943044
308.5		0.00177351
308		0.001243406
307.5		0.000868763
307		0.000624832
306.5		0.0005127
306		0.00053802
305.5		0.000381299
305		0.000469717
304.5		0.000367654
304		0.000394467
303.5		0.000414216
303		0.000310781
302.5		0.000340131
302		0.000399548
301.5		0.000427931
301		0.000374848
300.5		0.000359298
300		0.000347456
299.5		0.000381633
299		0.000362647
298.5		0.000425748
298		0.000351883
297.5		0.000356306
297		0.000453909
296.5		0.000586576
296		0.000375427
295.5		0.000329516
295		0.000307665
294.5		0.000377352
294		0.000357089
293.5		0.00032331
293		0.000552462
292.5		0.000493011
292		0.000309203
291.5		0.000469929
291		0.000407657
290.5		0.000439021
290		0.000291154
289.5		0.000324454
289		0.000359829
288.5		0.000329923
288		0.00050394
287.5		0.000348189
287		0.000386182
286.5		0.000401312
286		0.00031704
285.5		0.000351386
285		0.000469321
284.5		0.000300908
284		0.000394809
283.5		0.000366416
283		0.000327677
282.5		0.000470312
282		0.000423206
281.5		0.000412243
281		0.000447949
280.5		0.000361728
280		0.000383805
279.5		0.000396773
279		0.000389862
278.5		0.000537396
278		0.000391685
277.5		0.0003231
277		0.000411013
276.5		0.00036247
276		0.000347743
275.5		0.000569421
275		0.000287028
274.5		0.000458388
274		0.000422062
273.5		0.000461198
273		0.000410443
272.5		0.00052505
272		0.000470953
271.5		0.00048493
271		0.000403415
270.5		0.000524909
270		0.000398423
269.5		0.000354548
269		0.000404293
268.5		0.000505461
268		0.000411959
267.5		0.000323838
267		0.000537936
266.5		0.000468511
266		0.00039392
265.5		0.000543134
265		0.000521066
264.5		0.000487653
264		0.000591301
263.5		0.000603037
263		0.0004337
262.5		0.000473296
262		0.000489367
261.5		0.000547687
261		0.000498647
260.5		0.000506673
260		0.000555293
259.5		0.000492919
259		0.000546533
258.5		0.000634202
258		0.000494081
257.5		0.00046131
257		0.000563115
256.5		0.000464806
256		0.000513798
255.5		0.00043759
255		0.00060175
254.5		0.000502095
254		0.000539117
253.5		0.000658813
253		0.000594358
252.5		0.000529622
252		0.000570392
251.5		0.000605517
251		0.000649573
250.5		0.000572497
250		0.000622942
