750.0 		-0.000129574
749.8 		-9.82E-05
749.6 		-4.69E-05
749.4 		-0.000148822
749.2 		-8.69E-05
749.0 		-0.000162132
748.8 		-2.27E-05
748.6 		-7.15E-05
748.4 		-3.86E-05
748.2 		-0.000125492
748.0 		-0.000182882
747.8 		-0.00016593
747.6 		-0.00012055
747.4 		-1.28E-05
747.2 		1.42E-05
747.0 		-8.02E-05
746.8 		-4.08E-05
746.6 		-8.89E-05
746.4 		-6.05E-05
746.2 		-0.000211022
746.0 		-3.89E-05
745.8 		-0.000142922
745.6 		-0.000131262
745.4 		-4.22E-05
745.2 		-3.33E-05
745.0 		-5.22E-05
744.8 		-6.35E-05
744.6 		7.69E-06
744.4 		1.46E-06
744.2 		-5.81E-05
744.0 		-0.00013856
743.8 		-0.000139853
743.6 		-0.000229772
743.4 		-0.000114498
743.2 		-0.000193471
743.0 		-0.000126429
742.8 		-7.52E-06
742.6 		-0.000154976
742.4 		-0.000137856
742.2 		-0.000139078
742.0 		-8.66E-05
741.8 		-0.00012975
741.6 		-0.000110843
741.4 		-0.000127357
741.2 		-0.000286959
741.0 		-3.48E-05
740.8 		-0.000163712
740.6 		-9.65E-05
740.4 		-4.88E-05
740.2 		-9.98E-05
740.0 		-9.78E-05
739.8 		-0.000117257
739.6 		-4.74E-05
739.4 		-7.15E-05
739.2 		-0.000180395
739.0 		-9.39E-05
738.8 		-2.71E-05
738.6 		-0.000204007
738.4 		-8.64E-05
738.2 		-0.000140135
738.0 		-8.59E-05
737.8 		-8.96E-05
737.6 		-0.000147405
737.4 		-0.000143768
737.2 		-0.000161131
737.0 		-0.000152199
736.8 		6.92E-08
736.6 		-0.000129965
736.4 		-0.000134732
736.2 		-2.88E-05
736.0 		-0.000180027
735.8 		0.000145414
735.6 		-3.70E-05
735.4 		-2.20E-05
735.2 		-0.000229894
735.0 		-0.000132895
734.8 		-0.000155715
734.6 		-3.64E-05
734.4 		-0.000100904
734.2 		8.54E-06
734.0 		-2.65E-05
733.8 		-7.35E-05
733.6 		-8.24E-05
733.4 		-0.000138828
733.2 		-0.000101013
733.0 		-6.56E-05
732.8 		-3.48E-05
732.6 		-9.47E-05
732.4 		-6.52E-05
732.2 		-4.30E-05
732.0 		-0.000122817
731.8 		4.05E-05
731.6 		0.000129301
731.4 		-6.00E-06
731.2 		7.02E-05
731.0 		-4.03E-05
730.8 		-1.58E-06
730.6 		7.97E-06
730.4 		-5.83E-05
730.2 		3.74E-07
730.0 		-4.50E-05
729.8 		6.62E-05
729.6 		2.78E-06
729.4 		2.83E-06
729.2 		5.13E-05
729.0 		-2.53E-05
728.8 		0.000109428
728.6 		1.89E-05
728.4 		4.69E-05
728.2 		7.11E-05
728.0 		7.30E-05
727.8 		-1.02E-05
727.6 		0.000139842
727.4 		0.000148559
727.2 		2.72E-06
727.0 		0.000171914
726.8 		0.000122884
726.6 		6.35E-05
726.4 		0.000192078
726.2 		0.000175674
726.0 		0.000144286
725.8 		0.000211179
725.6 		0.000297933
725.4 		0.000252599
725.2 		0.000274205
725.0 		6.14E-05
724.8 		0.000108664
724.6 		0.000193464
724.4 		0.000262115
724.2 		0.000254483
724.0 		0.000243151
723.8 		0.000328448
723.6 		0.000263094
723.4 		0.000276538
723.2 		0.000272737
723.0 		0.000197455
722.8 		0.000282978
722.6 		0.000385354
722.4 		0.000284092
722.2 		0.000380029
722.0 		0.000344555
721.8 		0.000502818
721.6 		0.00042771
721.4 		0.000599708
721.2 		0.000430556
721.0 		0.000426803
720.8 		0.000346421
720.6 		0.000510912
720.4 		0.000427811
720.2 		0.000460684
720.0 		0.000514344
719.8 		0.000390938
719.6 		0.000518714
719.4 		0.000540123
719.2 		0.000482934
719.0 		0.000662823
718.8 		0.000734069
718.6 		0.00066446
718.4 		0.000602922
718.2 		0.000706633
718.0 		0.000727782
717.8 		0.00064158
717.6 		0.000685332
717.4 		0.000589193
717.2 		0.000722948
717.0 		0.000650735
716.8 		0.000714049
716.6 		0.000685641
716.4 		0.000748934
716.2 		0.000687283
716.0 		0.00076256
715.8 		0.000737733
715.6 		0.000830562
715.4 		0.000624461
715.2 		0.00086158
715.0 		0.000834244
714.8 		0.00077336
714.6 		0.000788544
714.4 		0.000802338
714.2 		0.000732489
714.0 		0.000776493
713.8 		0.000746361
713.6 		0.000797427
713.4 		0.000854313
713.2 		0.000707224
713.0 		0.000885985
712.8 		0.000772918
712.6 		0.000844276
712.4 		0.000836477
712.2 		0.000781796
712.0 		0.000797856
711.8 		0.000744938
711.6 		0.000897746
711.4 		0.000855167
711.2 		0.000804819
711.0 		0.000797528
710.8 		0.000904365
710.6 		0.000856366
710.4 		0.000772459
710.2 		0.000882466
710.0 		0.000770874
709.8 		0.000789103
709.6 		0.000720097
709.4 		0.000726545
709.2 		0.000820061
709.0 		0.000795484
708.8 		0.000927365
708.6 		0.000725084
708.4 		0.000791988
708.2 		0.000802055
708.0 		0.000891303
707.8 		0.000792722
707.6 		0.000871874
707.4 		0.000793943
707.2 		0.0007472
707.0 		0.000781336
706.8 		0.000837266
706.6 		0.000861231
706.4 		0.000834588
706.2 		0.000765357
706.0 		0.000844168
705.8 		0.000815951
705.6 		0.000778866
705.4 		0.00090808
705.2 		0.000834563
705.0 		0.000874555
704.8 		0.000773757
704.6 		0.000855058
704.4 		0.000912933
704.2 		0.000779897
704.0 		0.000842984
703.8 		0.000914294
703.6 		0.000809274
703.4 		0.000843131
703.2 		0.000992646
703.0 		0.001119948
702.8 		0.000994531
702.6 		0.000861401
702.4 		0.001024218
702.2 		0.000946311
702.0 		0.000998311
701.8 		0.000919393
701.6 		0.000888193
701.4 		0.000896233
701.2 		0.000916447
701.0 		0.001029567
700.8 		0.000979637
700.6 		0.000977502
700.4 		0.000887508
700.2 		0.001004095
700.0 		0.000876358
699.8 		0.001084656
699.6 		0.000940928
699.4 		0.001079292
699.2 		0.001017511
699.0 		0.001157366
698.8 		0.001125347
698.6 		0.001143677
698.4 		0.001056203
698.2 		0.00109923
698.0 		0.001105465
697.8 		0.001178492
697.6 		0.001168492
697.4 		0.001274782
697.2 		0.001218623
697.0 		0.001255446
696.8 		0.001318553
696.6 		0.001220211
696.4 		0.001226737
696.2 		0.001273362
696.0 		0.001278
695.8 		0.001371677
695.6 		0.001416046
695.4 		0.001547327
695.2 		0.001420449
695.0 		0.001412873
694.8 		0.00144972
694.6 		0.001485287
694.4 		0.00147379
694.2 		0.001596321
694.0 		0.001519097
693.8 		0.001624899
693.6 		0.001567557
693.4 		0.001544074
693.2 		0.001643635
693.0 		0.001624926
692.8 		0.001718202
692.6 		0.001671266
692.4 		0.001724618
692.2 		0.001688313
692.0 		0.001923672
691.8 		0.001812676
691.6 		0.001937632
691.4 		0.002050652
691.2 		0.001949954
691.0 		0.001976164
690.8 		0.002002334
690.6 		0.002025723
690.4 		0.002090399
690.2 		0.002176546
690.0 		0.002149484
689.8 		0.002204208
689.6 		0.002333502
689.4 		0.002202322
689.2 		0.002249419
689.0 		0.002400013
688.8 		0.002542003
688.6 		0.002506605
688.4 		0.002530707
688.2 		0.002590725
688.0 		0.002745079
687.8 		0.002832382
687.6 		0.002822706
687.4 		0.002903005
687.2 		0.002961414
687.0 		0.002944957
686.8 		0.003206984
686.6 		0.003092878
686.4 		0.003240176
686.2 		0.00334155
686.0 		0.003450752
685.8 		0.003522213
685.6 		0.003630965
685.4 		0.003851108
685.2 		0.003955357
685.0 		0.004021854
684.8 		0.004191296
684.6 		0.004156485
684.4 		0.004261419
684.2 		0.004470226
684.0 		0.004573292
683.8 		0.004745467
683.6 		0.004939535
683.4 		0.005085282
683.2 		0.005197918
683.0 		0.00525932
682.8 		0.005468632
682.6 		0.005666809
682.4 		0.006074813
682.2 		0.006035892
682.0 		0.006280853
681.8 		0.006358962
681.6 		0.006686362
681.4 		0.006932085
681.2 		0.007131923
681.0 		0.007506463
680.8 		0.007819263
680.6 		0.008173282
680.4 		0.008460131
680.2 		0.008737384
680.0 		0.008968234
679.8 		0.009383867
679.6 		0.009696541
679.4 		0.010267808
679.2 		0.010615828
679.0 		0.010898259
678.8 		0.011137482
678.6 		0.011796843
678.4 		0.012176945
678.2 		0.012822602
678.0 		0.013506228
677.8 		0.013862943
677.6 		0.014529457
677.4 		0.015289228
677.2 		0.015928801
677.0 		0.016665831
676.8 		0.01735675
676.6 		0.018287208
676.4 		0.019064749
676.2 		0.020022534
676.0 		0.02102273
675.8 		0.02190746
675.6 		0.023036441
675.4 		0.024268847
675.2 		0.025516499
675.0 		0.026945906
674.8 		0.028525729
674.6 		0.02984117
674.4 		0.031515609
674.2 		0.033025257
674.0 		0.035001159
673.8 		0.037258726
673.6 		0.03928943
673.4 		0.041692726
673.2 		0.044192009
673.0 		0.046806775
672.8 		0.049873512
672.6 		0.052846536
672.4 		0.056315806
672.2 		0.060184032
672.0 		0.063965581
671.8 		0.068231314
671.6 		0.072801262
671.4 		0.077619098
671.2 		0.083215587
671.0 		0.089188971
670.8 		0.095463127
670.6 		0.101870172
670.4 		0.109767459
670.2 		0.117792361
670.0 		0.126455426
669.8 		0.136229426
669.6 		0.147002116
669.4 		0.158547312
669.2 		0.171137542
669.0 		0.186098009
668.8 		0.201009452
668.6 		0.21856828
668.4 		0.237550661
668.2 		0.258602977
668.0 		0.281806767
667.8 		0.307749212
667.6 		0.338079125
667.4 		0.369713008
667.2 		0.406268179
667.0 		0.447156549
666.8 		0.493804455
666.6 		0.544569969
666.4 		0.601305306
666.2 		0.666103065
666.0 		0.739320993
665.8 		0.825124621
665.6 		0.919545054
665.4 		1.030162573
665.2 		1.155504346
665.0 		1.302314043
664.8 		1.467189074
664.6 		1.664804697
664.4 		1.888154626
664.2 		2.143667936
664.0 		2.447180271
663.8 		2.801043987
663.6 		3.211538076
663.4 		3.699288607
663.2 		4.286301613
663.0 		4.958965302
662.8 		5.787031651
662.6 		6.756051064
662.4 		7.918263912
662.2 		9.281048775
662.0 		10.97172832
661.8 		12.95417881
661.6 		15.2796011
661.4 		18.07464027
661.2 		21.36019325
661.0 		25.16977501
660.8 		29.57063675
660.6 		34.66650391
660.4 		40.169487
660.2 		46.1375351
660.0 		52.23685074
659.8 		58.58070755
659.6 		64.62988281
659.4 		70.4569397
659.2 		75.58709717
659.0 		79.90710449
658.8 		83.55439758
658.6 		86.41242981
658.4 		88.61470032
658.2 		90.20526123
658.0 		91.33094025
657.8 		92.09656525
657.6 		92.60280609
657.4 		92.92192841
657.2 		93.15093994
657.0 		93.3191452
656.8 		93.42399597
656.6 		93.55867767
656.4 		93.68019867
656.2 		93.79290009
656.0 		93.8727951
655.8 		93.98649597
655.6 		94.04586792
655.4 		94.11753845
655.2 		94.14733887
655.0 		94.1464386
654.8 		94.1661911
654.6 		94.11421204
654.4 		94.10325623
654.2 		94.12343597
654.0 		94.15229034
653.8 		94.20004272
653.6 		94.32633209
653.4 		94.48789978
653.2 		94.65895081
653.0 		94.79634094
652.8 		94.88986206
652.6 		94.80844116
652.4 		94.45101929
652.2 		93.68242645
652.0 		92.28217316
651.8 		90.16078949
651.6 		86.97489929
651.4 		82.86542511
651.2 		77.73556519
651.0 		71.6605835
650.8 		64.9860611
650.6 		57.95853043
650.4 		50.93433762
650.2 		43.93028259
650.0 		37.64224625
649.8 		31.83792305
649.6 		26.8016777
649.4 		22.41434288
649.2 		18.78251266
649.0 		15.60538292
648.8 		13.04384041
648.6 		10.94525051
648.4 		9.180530548
648.2 		7.730407238
648.0 		6.539679527
647.8 		5.541446686
647.6 		4.694674015
647.4 		4.018362522
647.2 		3.437850714
647.0 		2.95044589
646.8 		2.537709475
646.6 		2.199341059
646.4 		1.90126276
646.2 		1.657689214
646.0 		1.449681163
645.8 		1.271807551
645.6 		1.118401408
645.4 		0.988119841
645.2 		0.873740852
645.0 		0.771724939
644.8 		0.686135888
644.6 		0.610206485
644.4 		0.544196665
644.2 		0.485655844
644.0 		0.435769409
643.8 		0.390288085
643.6 		0.351084322
643.4 		0.316471487
643.2 		0.285657406
643.0 		0.258502305
642.8 		0.235091284
642.6 		0.213440329
642.4 		0.193657741
642.2 		0.177126989
642.0 		0.161226496
641.8 		0.147912473
641.6 		0.135090336
641.4 		0.124054708
641.2 		0.113866232
641.0 		0.104865491
640.8 		0.096302442
640.6 		0.088794291
640.4 		0.082128249
640.2 		0.075984061
640.0 		0.070566334
639.8 		0.065327406
639.6 		0.060448524
639.4 		0.056032177
639.2 		0.052323606
639.0 		0.048706204
638.8 		0.045701168
638.6 		0.042329591
638.4 		0.039384898
638.2 		0.037119638
638.0 		0.034500733
637.8 		0.032352392
637.6 		0.030458389
637.4 		0.028712856
637.2 		0.026776917
637.0 		0.025101282
636.8 		0.023671828
636.6 		0.02229725
636.4 		0.020974128
636.2 		0.019715866
636.0 		0.018686173
635.8 		0.017736968
635.6 		0.016639369
635.4 		0.015670292
635.2 		0.014973577
635.0 		0.014267306
634.8 		0.013440123
634.6 		0.01264305
634.4 		0.012041529
634.2 		0.011374871
634.0 		0.01084331
633.8 		0.010345
633.6 		0.00986657
633.4 		0.00947093
633.2 		0.00890045
633.0 		0.008485603
632.8 		0.008161454
632.6 		0.007679389
632.4 		0.007477911
632.2 		0.007112935
632.0 		0.006766726
631.8 		0.006405621
631.6 		0.006149122
631.4 		0.005855535
631.2 		0.005584744
631.0 		0.005196366
630.8 		0.004963278
630.6 		0.004752855
630.4 		0.004422737
630.2 		0.004279112
630.0 		0.004072983
629.8 		0.003795107
629.6 		0.003467745
629.4 		0.003435923
629.2 		0.003308647
629.0 		0.002919333
628.8 		0.002779346
628.6 		0.002533288
628.4 		0.002444468
628.2 		0.002300535
628.0 		0.002035151
627.8 		0.001849421
627.6 		0.001790178
627.4 		0.001687646
627.2 		0.001544849
627.0 		0.001465727
626.8 		0.001254365
626.6 		0.001146321
626.4 		0.001110421
626.2 		0.001015562
626.0 		0.000898528
625.8 		0.000849887
625.6 		0.000813017
625.4 		0.000742803
625.2 		0.000615851
625.0 		0.000594055
624.8 		0.000490714
624.6 		0.000584377
624.4 		0.000489197
624.2 		0.000441657
624.0 		0.000415736
623.8 		0.000300531
623.6 		0.000307081
623.4 		0.000348761
623.2 		0.000149776
623.0 		0.000252427
622.8 		0.000196756
622.6 		0.000215568
622.4 		0.00015626
622.2 		0.000129225
622.0 		0.000110265
621.8 		7.16E-06
621.6 		4.23E-05
621.4 		1.75E-05
621.2 		2.81E-05
621.0 		2.24E-05
620.8 		2.91E-05
620.6 		4.89E-05
620.4 		2.04E-05
620.2 		2.52E-05
620.0 		9.82E-05
619.8 		5.29E-07
619.6 		1.29E-05
619.4 		-7.12E-05
619.2 		4.48E-05
619.0 		-0.000102047
618.8 		-1.01E-05
618.6 		-8.87E-05
618.4 		-9.54E-05
618.2 		-8.02E-05
618.0 		-9.52E-05
617.8 		-5.53E-05
617.6 		-9.28E-05
617.4 		-0.000116626
617.2 		-7.62E-05
617.0 		-0.000120566
616.8 		-0.000131857
616.6 		-1.49E-07
616.4 		-0.000128702
616.2 		4.03E-05
616.0 		-0.000123989
615.8 		-7.50E-05
615.6 		-6.33E-05
615.4 		-8.43E-05
615.2 		-8.75E-05
615.0 		-5.97E-05
614.8 		-7.05E-05
614.6 		-5.02E-05
614.4 		-0.000171636
614.2 		-0.000132256
614.0 		-9.29E-05
613.8 		-0.000169555
613.6 		-0.00017736
613.4 		-0.000147759
613.2 		-0.000122369
613.0 		-7.26E-05
612.8 		-0.000120234
612.6 		-0.000160604
612.4 		-0.000217987
612.2 		-0.00015639
612.0 		-9.12E-05
611.8 		3.20E-05
611.6 		-0.000212681
611.4 		-0.00020276
611.2 		-0.000155992
611.0 		1.91E-06
610.8 		-0.000223444
610.6 		-0.000119107
610.4 		-0.000182157
610.2 		-0.000125449
610.0 		-0.00012282
609.8 		-0.000162966
609.6 		-8.40E-05
609.4 		-0.000120651
609.2 		-6.47E-05
609.0 		-5.67E-05
608.8 		-0.000110124
608.6 		4.34E-05
608.4 		-8.71E-05
608.2 		-0.000119272
608.0 		-6.31E-05
607.8 		-9.69E-05
607.6 		-0.000117833
607.4 		-0.000145699
607.2 		-0.000110976
607.0 		-2.66E-05
606.8 		-3.27E-05
606.6 		-2.76E-05
606.4 		-5.75E-05
606.2 		-9.85E-05
606.0 		-5.44E-05
605.8 		-0.000115458
605.6 		4.73E-05
605.4 		-5.22E-05
605.2 		-9.20E-05
605.0 		-0.000145289
604.8 		-9.56E-05
604.6 		-0.000143612
604.4 		-0.000147795
604.2 		-0.000104643
604.0 		-0.000179898
603.8 		-9.88E-05
603.6 		-0.000141404
603.4 		-0.000123921
603.2 		-0.000188927
603.0 		-0.000131196
602.8 		-0.000234351
602.6 		-0.000174411
602.4 		-0.000208104
602.2 		-0.000154903
602.0 		-0.00010944
601.8 		-7.19E-05
601.6 		-5.86E-05
601.4 		-0.000133738
601.2 		-0.000130713
601.0 		-0.000165698
600.8 		-0.000207862
600.6 		-0.000112589
600.4 		-6.48E-05
600.2 		-4.82E-05
600.0 		-0.000101661
