 4.40020e+03  4.01386e-04
 4.40046e+03  1.19384e-03
 4.40072e+03  8.79434e-04
 4.40098e+03  1.17433e-03
 4.40124e+03  1.39795e-03
 4.40150e+03  1.33220e-03
 4.40176e+03  1.36958e-03
 4.40202e+03  2.32942e-03
 4.40228e+03  9.14977e-04
 4.40254e+03  2.48490e-03
 4.40280e+03  2.26447e-03
 4.40306e+03 -6.79893e-04
 4.40332e+03  3.58641e-03
 4.40358e+03  3.77830e-03
 4.40384e+03  2.78527e-03
 4.40410e+03  2.88158e-03
 4.40436e+03  3.10510e-03
 4.40462e+03  1.19836e-03
 4.40488e+03  2.42656e-03
 4.40514e+03  2.54972e-03
 4.40540e+03  1.82851e-03
 4.40566e+03  3.09481e-03
 4.40592e+03  2.31562e-03
 4.40618e+03  9.14086e-04
 4.40644e+03  2.16920e-03
 4.40670e+03  3.77817e-03
 4.40696e+03 -1.68713e-04
 4.40722e+03  1.27767e-03
 4.40748e+03  2.25436e-03
 4.40774e+03  4.07325e-03
 4.40800e+03  2.92774e-03
 4.40826e+03  2.11331e-03
 4.40852e+03  2.99310e-03
 4.40878e+03  2.82163e-03
 4.40904e+03  2.52248e-03
 4.40930e+03  2.46196e-03
 4.40956e+03  2.04467e-03
 4.40983e+03  8.63681e-04
 4.41008e+03  3.47602e-03
 4.41035e+03  2.53471e-03
 4.41061e+03  3.41074e-03
 4.41087e+03  3.47045e-03
 4.41113e+03  1.28911e-03
 4.41139e+03  2.01454e-03
 4.41165e+03  3.33790e-03
 4.41191e+03  2.96740e-03
 4.41217e+03  1.48446e-03
 4.41243e+03  5.87417e-04
 4.41269e+03  4.54595e-04
 4.41295e+03  4.50443e-03
 4.41321e+03  3.46911e-03
 4.41347e+03  2.31225e-03
 4.41373e+03  2.89525e-03
 4.41399e+03  7.70572e-04
 4.41425e+03  2.19100e-03
 4.41451e+03  2.55293e-03
 4.41477e+03  4.58403e-03
 4.41503e+03  3.87884e-03
 4.41529e+03  9.57434e-04
 4.41555e+03  4.53258e-03
 4.41581e+03  2.26253e-03
 4.41607e+03  2.13217e-03
 4.41633e+03  1.22294e-03
 4.41659e+03  4.70576e-03
 4.41685e+03  3.65601e-03
 4.41711e+03  2.94185e-03
 4.41737e+03  2.50762e-03
 4.41763e+03  3.56993e-03
 4.41789e+03  3.25117e-03
 4.41815e+03  2.11066e-03
 4.41841e+03  4.42568e-03
 4.41867e+03  2.26908e-03
 4.41893e+03  2.56068e-03
 4.41919e+03  2.31694e-03
 4.41945e+03  3.08497e-03
 4.41971e+03  3.57148e-03
 4.41997e+03  3.40754e-03
 4.42023e+03  2.11108e-03
 4.42049e+03  4.78795e-03
 4.42075e+03  3.23707e-03
 4.42101e+03  3.99221e-03
 4.42127e+03  2.39369e-03
 4.42153e+03  5.64835e-03
 4.42179e+03  3.12282e-03
 4.42205e+03  4.54913e-03
 4.42231e+03  3.15797e-03
 4.42257e+03  3.73515e-03
 4.42283e+03  2.95180e-03
 4.42310e+03  1.63498e-03
 4.42336e+03  3.36144e-03
 4.42362e+03  7.59107e-04
 4.42388e+03  5.52837e-03
 4.42414e+03  2.35583e-03
 4.42440e+03  2.91227e-03
 4.42466e+03  3.06183e-03
 4.42492e+03  4.62079e-03
 4.42518e+03  5.30755e-03
 4.42544e+03  4.50658e-03
 4.42570e+03  3.05242e-03
 4.42596e+03  3.32429e-03
 4.42622e+03  4.45294e-03
 4.42648e+03  4.53453e-03
 4.42674e+03  4.59782e-03
 4.42700e+03  4.84993e-03
 4.42726e+03  4.52105e-03
 4.42752e+03  3.05447e-03
 4.42778e+03  3.55150e-03
 4.42804e+03  6.13714e-03
 4.42830e+03  5.59607e-03
 4.42856e+03  3.90577e-03
 4.42882e+03  4.78106e-03
 4.42908e+03  4.24919e-03
 4.42934e+03  2.58989e-03
 4.42960e+03  4.33036e-03
 4.42986e+03  3.46822e-03
 4.43012e+03  4.37268e-03
 4.43038e+03  4.45682e-03
 4.43064e+03  6.16644e-03
 4.43090e+03  5.54278e-03
 4.43116e+03  5.28981e-03
 4.43142e+03  4.15116e-03
 4.43168e+03  5.51399e-03
 4.43194e+03  4.27571e-03
 4.43220e+03  4.69243e-03
 4.43246e+03  5.64632e-03
 4.43272e+03  4.27999e-03
 4.43298e+03  5.57996e-03
 4.43324e+03  6.32231e-03
 4.43350e+03  6.06363e-03
 4.43376e+03  7.13264e-03
 4.43402e+03  5.27703e-03
 4.43428e+03  6.45951e-03
 4.43454e+03  6.78115e-03
 4.43480e+03  6.49955e-03
 4.43506e+03  4.92484e-03
 4.43532e+03  4.70338e-03
 4.43558e+03  7.76943e-03
 4.43585e+03  5.59377e-03
 4.43610e+03  6.17482e-03
 4.43637e+03  4.61301e-03
 4.43663e+03  5.54068e-03
 4.43689e+03  5.38390e-03
 4.43715e+03  6.03295e-03
 4.43741e+03  5.66241e-03
 4.43767e+03  5.79849e-03
 4.43793e+03  6.98051e-03
 4.43819e+03  6.53093e-03
 4.43845e+03  5.97536e-03
 4.43871e+03  6.40500e-03
 4.43897e+03  7.25053e-03
 4.43923e+03  6.13604e-03
 4.43949e+03  5.63416e-03
 4.43975e+03  7.28186e-03
 4.44001e+03  8.42046e-03
 4.44027e+03  7.00972e-03
 4.44053e+03  5.18695e-03
 4.44079e+03  7.72642e-03
 4.44105e+03  7.76874e-03
 4.44131e+03  8.79915e-03
 4.44157e+03  7.98458e-03
 4.44183e+03  7.52186e-03
 4.44209e+03  8.67759e-03
 4.44235e+03  7.00779e-03
 4.44261e+03  7.33099e-03
 4.44287e+03  9.26127e-03
 4.44313e+03  6.70882e-03
 4.44339e+03  7.36276e-03
 4.44365e+03  7.07094e-03
 4.44391e+03  8.02283e-03
 4.44417e+03  8.86410e-03
 4.44443e+03  9.05191e-03
 4.44469e+03  8.72370e-03
 4.44495e+03  8.79049e-03
 4.44521e+03  1.04013e-02
 4.44547e+03  9.65581e-03
 4.44573e+03  8.17940e-03
 4.44599e+03  7.75608e-03
 4.44625e+03  8.41855e-03
 4.44651e+03  8.27712e-03
 4.44677e+03  8.90420e-03
 4.44703e+03  1.16345e-02
 4.44729e+03  9.09770e-03
 4.44755e+03  1.01716e-02
 4.44781e+03  9.07280e-03
 4.44807e+03  8.72516e-03
 4.44833e+03  1.07912e-02
 4.44859e+03  9.78837e-03
 4.44885e+03  9.96120e-03
 4.44912e+03  9.15711e-03
 4.44938e+03  1.03431e-02
 4.44964e+03  9.98994e-03
 4.44990e+03  1.21227e-02
 4.45016e+03  9.83386e-03
 4.45042e+03  1.12350e-02
 4.45068e+03  1.02702e-02
 4.45094e+03  1.17745e-02
 4.45120e+03  1.00903e-02
 4.45146e+03  9.88121e-03
 4.45172e+03  1.04190e-02
 4.45198e+03  1.27811e-02
 4.45224e+03  1.13454e-02
 4.45250e+03  1.29144e-02
 4.45276e+03  9.81755e-03
 4.45302e+03  1.36045e-02
 4.45328e+03  1.17597e-02
 4.45354e+03  1.30412e-02
 4.45380e+03  1.27449e-02
 4.45406e+03  1.38055e-02
 4.45432e+03  1.21937e-02
 4.45458e+03  1.26641e-02
 4.45484e+03  1.19467e-02
 4.45510e+03  1.06153e-02
 4.45536e+03  1.28234e-02
 4.45562e+03  1.47425e-02
 4.45588e+03  1.56534e-02
 4.45614e+03  1.16055e-02
 4.45640e+03  1.47702e-02
 4.45666e+03  1.43266e-02
 4.45692e+03  1.49420e-02
 4.45718e+03  1.50067e-02
 4.45744e+03  1.52117e-02
 4.45770e+03  1.39752e-02
 4.45796e+03  1.61045e-02
 4.45822e+03  1.59211e-02
 4.45848e+03  1.53106e-02
 4.45874e+03  1.61879e-02
 4.45900e+03  1.59501e-02
 4.45926e+03  1.54525e-02
 4.45952e+03  1.81759e-02
 4.45978e+03  1.78896e-02
 4.46004e+03  1.81245e-02
 4.46030e+03  1.65566e-02
 4.46056e+03  1.80848e-02
 4.46082e+03  1.75680e-02
 4.46108e+03  1.82342e-02
 4.46134e+03  1.80794e-02
 4.46160e+03  1.90686e-02
 4.46187e+03  1.83695e-02
 4.46212e+03  1.86318e-02
 4.46239e+03  1.85546e-02
 4.46265e+03  1.96290e-02
 4.46291e+03  1.78402e-02
 4.46317e+03  1.83746e-02
 4.46343e+03  2.06998e-02
 4.46369e+03  1.98675e-02
 4.46395e+03  1.96807e-02
 4.46421e+03  2.30568e-02
 4.46447e+03  2.33484e-02
 4.46473e+03  2.04421e-02
 4.46499e+03  2.34904e-02
 4.46525e+03  2.40240e-02
 4.46551e+03  2.51987e-02
 4.46577e+03  2.39193e-02
 4.46603e+03  2.39168e-02
 4.46629e+03  2.38682e-02
 4.46655e+03  2.39051e-02
 4.46681e+03  2.45188e-02
 4.46707e+03  2.57698e-02
 4.46733e+03  2.63671e-02
 4.46759e+03  2.79008e-02
 4.46785e+03  2.70820e-02
 4.46811e+03  2.55674e-02
 4.46837e+03  2.69729e-02
 4.46863e+03  2.72732e-02
 4.46889e+03  2.99215e-02
 4.46915e+03  2.95544e-02
 4.46941e+03  2.76806e-02
 4.46967e+03  2.91353e-02
 4.46993e+03  2.81046e-02
 4.47019e+03  3.09224e-02
 4.47045e+03  3.19943e-02
 4.47071e+03  3.43584e-02
 4.47097e+03  3.22753e-02
 4.47123e+03  3.34327e-02
 4.47149e+03  3.45093e-02
 4.47175e+03  3.64402e-02
 4.47201e+03  3.43211e-02
 4.47227e+03  3.49183e-02
 4.47253e+03  3.31835e-02
 4.47279e+03  3.56664e-02
 4.47305e+03  3.57700e-02
 4.47331e+03  3.72090e-02
 4.47357e+03  3.93444e-02
 4.47383e+03  3.93279e-02
 4.47409e+03  3.97023e-02
 4.47435e+03  3.74295e-02
 4.47461e+03  4.04067e-02
 4.47488e+03  4.24284e-02
 4.47514e+03  4.18823e-02
 4.47540e+03  4.31116e-02
 4.47566e+03  4.36361e-02
 4.47592e+03  4.63082e-02
 4.47618e+03  4.49345e-02
 4.47644e+03  4.67135e-02
 4.47670e+03  4.68795e-02
 4.47696e+03  4.53863e-02
 4.47722e+03  5.05537e-02
 4.47748e+03  4.88072e-02
 4.47774e+03  5.28420e-02
 4.47800e+03  4.99314e-02
 4.47826e+03  5.38261e-02
 4.47852e+03  5.37346e-02
 4.47878e+03  5.39813e-02
 4.47904e+03  5.63157e-02
 4.47930e+03  5.68729e-02
 4.47956e+03  5.57294e-02
 4.47982e+03  6.10914e-02
 4.48008e+03  5.83155e-02
 4.48034e+03  5.89523e-02
 4.48060e+03  6.17810e-02
 4.48086e+03  6.43154e-02
 4.48112e+03  6.40461e-02
 4.48138e+03  6.65647e-02
 4.48164e+03  6.42681e-02
 4.48190e+03  6.97323e-02
 4.48216e+03  6.67097e-02
 4.48242e+03  7.29890e-02
 4.48268e+03  7.27004e-02
 4.48294e+03  7.14925e-02
 4.48320e+03  7.63655e-02
 4.48346e+03  7.52975e-02
 4.48372e+03  7.83337e-02
 4.48398e+03  7.90070e-02
 4.48424e+03  8.36224e-02
 4.48450e+03  7.90765e-02
 4.48476e+03  8.55702e-02
 4.48502e+03  8.72479e-02
 4.48528e+03  8.55403e-02
 4.48554e+03  9.07847e-02
 4.48580e+03  9.05368e-02
 4.48606e+03  9.46768e-02
 4.48632e+03  9.70599e-02
 4.48658e+03  9.68786e-02
 4.48684e+03  9.94493e-02
 4.48710e+03  9.76817e-02
 4.48736e+03  1.04662e-01
 4.48762e+03  1.04657e-01
 4.48788e+03  1.04980e-01
 4.48815e+03  1.07322e-01
 4.48841e+03  1.10680e-01
 4.48867e+03  1.16783e-01
 4.48893e+03  1.20189e-01
 4.48919e+03  1.19993e-01
 4.48945e+03  1.22160e-01
 4.48971e+03  1.21059e-01
 4.48997e+03  1.29957e-01
 4.49023e+03  1.31441e-01
 4.49049e+03  1.30632e-01
 4.49075e+03  1.32872e-01
 4.49101e+03  1.37296e-01
 4.49127e+03  1.41913e-01
 4.49153e+03  1.45141e-01
 4.49179e+03  1.46221e-01
 4.49205e+03  1.48001e-01
 4.49231e+03  1.51100e-01
 4.49257e+03  1.56132e-01
 4.49283e+03  1.57471e-01
 4.49309e+03  1.59440e-01
 4.49335e+03  1.65556e-01
 4.49361e+03  1.66348e-01
 4.49387e+03  1.73624e-01
 4.49413e+03  1.75805e-01
 4.49439e+03  1.78259e-01
 4.49465e+03  1.80382e-01
 4.49491e+03  1.90836e-01
 4.49517e+03  1.87545e-01
 4.49543e+03  1.94851e-01
 4.49569e+03  1.97155e-01
 4.49595e+03  2.02862e-01
 4.49621e+03  2.08314e-01
 4.49647e+03  2.13114e-01
 4.49673e+03  2.12199e-01
 4.49699e+03  2.21301e-01
 4.49725e+03  2.22635e-01
 4.49751e+03  2.28412e-01
 4.49777e+03  2.34532e-01
 4.49803e+03  2.38244e-01
 4.49829e+03  2.42228e-01
 4.49855e+03  2.46567e-01
 4.49881e+03  2.50604e-01
 4.49907e+03  2.55941e-01
 4.49933e+03  2.58690e-01
 4.49959e+03  2.63899e-01
 4.49985e+03  2.70429e-01
 4.50011e+03  2.73150e-01
 4.50037e+03  2.78637e-01
 4.50063e+03  2.87960e-01
 4.50090e+03  2.93947e-01
 4.50116e+03  2.98560e-01
 4.50142e+03  2.99252e-01
 4.50168e+03  3.18742e-01
 4.50194e+03  3.05754e-01
 4.50220e+03  3.19212e-01
 4.50246e+03  3.24852e-01
 4.50272e+03  3.29607e-01
 4.50298e+03  3.33771e-01
 4.50324e+03  3.37901e-01
 4.50350e+03  3.48694e-01
 4.50376e+03  3.52684e-01
 4.50402e+03  3.51640e-01
 4.50428e+03  3.61956e-01
 4.50454e+03  3.72653e-01
 4.50480e+03  3.76569e-01
 4.50506e+03  3.76453e-01
 4.50532e+03  3.91938e-01
 4.50558e+03  3.97876e-01
 4.50584e+03  4.00013e-01
 4.50610e+03  4.10026e-01
 4.50636e+03  4.11209e-01
 4.50662e+03  4.17395e-01
 4.50688e+03  4.19240e-01
 4.50714e+03  4.33759e-01
 4.50740e+03  4.42619e-01
 4.50766e+03  4.31763e-01
 4.50792e+03  4.39472e-01
 4.50818e+03  4.51246e-01
 4.50844e+03  4.52855e-01
 4.50870e+03  4.61265e-01
 4.50896e+03  4.58971e-01
 4.50922e+03  4.76644e-01
 4.50948e+03  4.77180e-01
 4.50974e+03  4.85225e-01
 4.51000e+03  4.98218e-01
 4.51026e+03  4.89444e-01
 4.51052e+03  5.04322e-01
 4.51078e+03  4.98086e-01
 4.51104e+03  5.09649e-01
 4.51130e+03  5.14397e-01
 4.51156e+03  5.21309e-01
 4.51182e+03  5.18628e-01
 4.51208e+03  5.23761e-01
 4.51234e+03  5.32367e-01
 4.51260e+03  5.38646e-01
 4.51286e+03  5.43808e-01
 4.51312e+03  5.50332e-01
 4.51338e+03  5.45215e-01
 4.51365e+03  5.64635e-01
 4.51390e+03  5.56642e-01
 4.51417e+03  5.68646e-01
 4.51443e+03  5.75171e-01
 4.51469e+03  5.67394e-01
 4.51495e+03  5.78959e-01
 4.51521e+03  5.79673e-01
 4.51547e+03  5.75077e-01
 4.51573e+03  5.83245e-01
 4.51599e+03  5.93041e-01
 4.51625e+03  5.84704e-01
 4.51651e+03  5.92289e-01
 4.51677e+03  5.94879e-01
 4.51703e+03  6.02500e-01
 4.51729e+03  6.00329e-01
 4.51755e+03  6.14419e-01
 4.51781e+03  6.06882e-01
 4.51807e+03  6.12729e-01
 4.51833e+03  6.20698e-01
 4.51859e+03  6.16043e-01
 4.51885e+03  6.17584e-01
 4.51911e+03  6.13349e-01
 4.51937e+03  6.17719e-01
 4.51963e+03  6.34181e-01
 4.51989e+03  6.25088e-01
 4.52015e+03  6.27438e-01
 4.52041e+03  6.35018e-01
 4.52067e+03  6.24482e-01
 4.52093e+03  6.37859e-01
 4.52119e+03  6.32943e-01
 4.52145e+03  6.35001e-01
 4.52171e+03  6.24621e-01
 4.52197e+03  6.38382e-01
 4.52223e+03  6.38874e-01
 4.52249e+03  6.33522e-01
 4.52275e+03  6.43453e-01
 4.52301e+03  6.39729e-01
 4.52327e+03  6.44161e-01
 4.52353e+03  6.51835e-01
 4.52379e+03  6.43827e-01
 4.52405e+03  6.42927e-01
 4.52431e+03  6.45488e-01
 4.52457e+03  6.42614e-01
 4.52483e+03  6.47194e-01
 4.52509e+03  6.38990e-01
 4.52535e+03  6.38034e-01
 4.52561e+03  6.55200e-01
 4.52587e+03  6.45570e-01
 4.52613e+03  6.58578e-01
 4.52639e+03  6.45772e-01
 4.52665e+03  6.55688e-01
 4.52692e+03  6.48011e-01
 4.52718e+03  6.46746e-01
 4.52744e+03  6.48901e-01
 4.52770e+03  6.47141e-01
 4.52796e+03  6.54849e-01
 4.52822e+03  6.49531e-01
 4.52848e+03  6.59276e-01
 4.52874e+03  6.54274e-01
 4.52900e+03  6.52090e-01
 4.52926e+03  6.47292e-01
 4.52952e+03  6.47694e-01
 4.52978e+03  6.58568e-01
 4.53004e+03  6.65100e-01
 4.53030e+03  6.50207e-01
 4.53056e+03  6.55700e-01
 4.53082e+03  6.53203e-01
 4.53108e+03  6.51859e-01
 4.53134e+03  6.54284e-01
 4.53160e+03  6.45952e-01
 4.53186e+03  6.46856e-01
 4.53212e+03  6.48908e-01
 4.53238e+03  6.57424e-01
 4.53264e+03  6.54588e-01
 4.53290e+03  6.53333e-01
 4.53316e+03  6.55236e-01
 4.53342e+03  6.53283e-01
 4.53368e+03  6.56032e-01
 4.53394e+03  6.46212e-01
 4.53420e+03  6.53392e-01
 4.53446e+03  6.52260e-01
 4.53472e+03  6.46818e-01
 4.53498e+03  6.50907e-01
 4.53524e+03  6.44384e-01
 4.53550e+03  6.60246e-01
 4.53576e+03  6.58394e-01
 4.53602e+03  6.60743e-01
 4.53628e+03  6.54948e-01
 4.53654e+03  6.47963e-01
 4.53680e+03  6.51293e-01
 4.53706e+03  6.54090e-01
 4.53732e+03  6.54402e-01
 4.53758e+03  6.60561e-01
 4.53784e+03  6.53490e-01
 4.53810e+03  6.57352e-01
 4.53836e+03  6.52449e-01
 4.53862e+03  6.53423e-01
 4.53888e+03  6.55899e-01
 4.53914e+03  6.60402e-01
 4.53940e+03  6.61006e-01
 4.53967e+03  6.52668e-01
 4.53992e+03  6.49955e-01
 4.54019e+03  6.50463e-01
 4.54045e+03  6.52483e-01
 4.54071e+03  6.48334e-01
 4.54097e+03  6.50835e-01
 4.54123e+03  6.43208e-01
 4.54149e+03  6.47982e-01
 4.54175e+03  6.60854e-01
 4.54201e+03  6.60614e-01
 4.54227e+03  6.59698e-01
 4.54253e+03  6.51371e-01
 4.54279e+03  6.58352e-01
 4.54305e+03  6.57661e-01
 4.54331e+03  6.44694e-01
 4.54357e+03  6.54599e-01
 4.54383e+03  6.57962e-01
 4.54409e+03  6.54592e-01
 4.54435e+03  6.59019e-01
 4.54461e+03  6.53767e-01
 4.54487e+03  6.51301e-01
 4.54513e+03  6.42802e-01
 4.54539e+03  6.56637e-01
 4.54565e+03  6.46817e-01
 4.54591e+03  6.57355e-01
 4.54617e+03  6.49318e-01
 4.54643e+03  6.53605e-01
 4.54669e+03  6.56990e-01
 4.54695e+03  6.60925e-01
 4.54721e+03  6.48299e-01
 4.54747e+03  6.51267e-01
 4.54773e+03  6.58849e-01
 4.54799e+03  6.62598e-01
 4.54825e+03  6.58852e-01
 4.54851e+03  6.58400e-01
 4.54877e+03  6.52180e-01
 4.54903e+03  6.46885e-01
 4.54929e+03  6.53221e-01
 4.54955e+03  6.57958e-01
 4.54981e+03  6.58874e-01
 4.55007e+03  6.60356e-01
 4.55033e+03  6.64352e-01
 4.55059e+03  6.56851e-01
 4.55085e+03  6.55062e-01
 4.55111e+03  6.62077e-01
 4.55137e+03  6.49733e-01
 4.55163e+03  6.51561e-01
 4.55189e+03  6.52035e-01
 4.55215e+03  6.60883e-01
 4.55241e+03  6.67806e-01
 4.55267e+03  6.60498e-01
 4.55294e+03  6.67041e-01
 4.55320e+03  6.65344e-01
 4.55346e+03  6.63561e-01
 4.55372e+03  6.59617e-01
 4.55398e+03  6.65719e-01
 4.55424e+03  6.59990e-01
 4.55450e+03  6.62114e-01
 4.55476e+03  6.59545e-01
 4.55502e+03  6.68375e-01
 4.55528e+03  6.63970e-01
 4.55554e+03  6.64967e-01
 4.55580e+03  6.66407e-01
 4.55606e+03  6.63221e-01
 4.55632e+03  6.58990e-01
 4.55658e+03  6.73073e-01
 4.55684e+03  6.63408e-01
 4.55710e+03  6.64195e-01
 4.55736e+03  6.68850e-01
 4.55762e+03  6.69893e-01
 4.55788e+03  6.70620e-01
 4.55814e+03  6.67295e-01
 4.55840e+03  6.65969e-01
 4.55866e+03  6.58828e-01
 4.55892e+03  6.66079e-01
 4.55918e+03  6.62498e-01
 4.55944e+03  6.74718e-01
 4.55970e+03  6.69310e-01
 4.55996e+03  6.64404e-01
 4.56022e+03  6.66760e-01
 4.56048e+03  6.70560e-01
 4.56074e+03  6.58124e-01
 4.56100e+03  6.62839e-01
 4.56126e+03  6.73745e-01
 4.56152e+03  6.64808e-01
 4.56178e+03  6.73665e-01
 4.56204e+03  6.75865e-01
 4.56230e+03  6.68758e-01
 4.56256e+03  6.67695e-01
 4.56282e+03  6.66454e-01
 4.56308e+03  6.69791e-01
 4.56334e+03  6.69896e-01
 4.56360e+03  6.68733e-01
 4.56386e+03  6.70233e-01
 4.56412e+03  6.60998e-01
 4.56438e+03  6.59922e-01
 4.56464e+03  6.64370e-01
 4.56490e+03  6.63211e-01
 4.56516e+03  6.70514e-01
 4.56542e+03  6.73066e-01
 4.56568e+03  6.69961e-01
 4.56594e+03  6.65956e-01
 4.56621e+03  6.69478e-01
 4.56647e+03  6.63448e-01
 4.56673e+03  6.68521e-01
 4.56699e+03  6.68132e-01
 4.56725e+03  6.61222e-01
 4.56751e+03  6.63172e-01
 4.56777e+03  6.66845e-01
 4.56803e+03  6.65209e-01
 4.56829e+03  6.59859e-01
 4.56855e+03  6.68867e-01
 4.56881e+03  6.67796e-01
 4.56907e+03  6.62925e-01
 4.56933e+03  6.67560e-01
 4.56959e+03  6.61477e-01
 4.56985e+03  6.67433e-01
 4.57011e+03  6.62658e-01
 4.57037e+03  6.59186e-01
 4.57063e+03  6.65728e-01
 4.57089e+03  6.70076e-01
 4.57115e+03  6.67409e-01
 4.57141e+03  6.58953e-01
 4.57167e+03  6.71634e-01
 4.57193e+03  6.67907e-01
 4.57219e+03  6.68321e-01
 4.57245e+03  6.65510e-01
 4.57271e+03  6.59937e-01
 4.57297e+03  6.55882e-01
 4.57323e+03  6.69082e-01
 4.57349e+03  6.68271e-01
 4.57375e+03  6.68595e-01
 4.57401e+03  6.63188e-01
 4.57427e+03  6.55338e-01
 4.57453e+03  6.67660e-01
 4.57479e+03  6.67022e-01
 4.57505e+03  6.66807e-01
 4.57531e+03  6.60698e-01
 4.57557e+03  6.52801e-01
 4.57583e+03  6.65211e-01
 4.57609e+03  6.57833e-01
 4.57635e+03  6.66179e-01
 4.57661e+03  6.67883e-01
 4.57687e+03  6.68331e-01
 4.57713e+03  6.62098e-01
 4.57739e+03  6.70576e-01
 4.57765e+03  6.72909e-01
 4.57791e+03  6.68240e-01
 4.57817e+03  6.67603e-01
 4.57843e+03  6.61075e-01
 4.57869e+03  6.58514e-01
 4.57896e+03  6.57108e-01
 4.57922e+03  6.57028e-01
 4.57948e+03  6.61770e-01
 4.57974e+03  6.68432e-01
 4.58000e+03  6.72224e-01
 4.58026e+03  6.60948e-01
 4.58052e+03  6.68898e-01
 4.58078e+03  6.61151e-01
 4.58104e+03  6.64980e-01
 4.58130e+03  6.63846e-01
 4.58156e+03  6.65576e-01
 4.58182e+03  6.62312e-01
 4.58208e+03  6.66121e-01
 4.58234e+03  6.64291e-01
 4.58260e+03  6.62547e-01
 4.58286e+03  6.59933e-01
 4.58312e+03  6.58547e-01
 4.58338e+03  6.67127e-01
 4.58364e+03  6.64297e-01
 4.58390e+03  6.57774e-01
 4.58416e+03  6.57816e-01
 4.58442e+03  6.57500e-01
 4.58468e+03  6.56736e-01
 4.58494e+03  6.57331e-01
 4.58520e+03  6.71591e-01
 4.58546e+03  6.60780e-01
 4.58572e+03  6.54076e-01
 4.58598e+03  6.56008e-01
 4.58624e+03  6.61153e-01
 4.58650e+03  6.58013e-01
 4.58676e+03  6.61620e-01
 4.58702e+03  6.56341e-01
 4.58728e+03  6.63674e-01
 4.58754e+03  6.60050e-01
 4.58780e+03  6.53934e-01
 4.58806e+03  6.61106e-01
 4.58832e+03  6.54479e-01
 4.58858e+03  6.54589e-01
 4.58884e+03  6.51744e-01
 4.58910e+03  6.51893e-01
 4.58936e+03  6.49608e-01
 4.58962e+03  6.49496e-01
 4.58988e+03  6.49796e-01
 4.59014e+03  6.55260e-01
 4.59040e+03  6.62035e-01
 4.59066e+03  6.44882e-01
 4.59092e+03  6.45503e-01
 4.59118e+03  6.51524e-01
 4.59144e+03  6.47069e-01
 4.59170e+03  6.48080e-01
 4.59196e+03  6.51048e-01
 4.59223e+03  6.46839e-01
 4.59249e+03  6.43038e-01
 4.59275e+03  6.32355e-01
 4.59301e+03  6.38331e-01
 4.59327e+03  6.40109e-01
 4.59353e+03  6.49250e-01
 4.59379e+03  6.42678e-01
 4.59405e+03  6.34448e-01
 4.59431e+03  6.42393e-01
 4.59457e+03  6.36762e-01
 4.59483e+03  6.37164e-01
 4.59509e+03  6.33921e-01
 4.59535e+03  6.32783e-01
 4.59561e+03  6.27996e-01
 4.59587e+03  6.30508e-01
 4.59613e+03  6.24512e-01
 4.59639e+03  6.22677e-01
 4.59665e+03  6.26799e-01
 4.59691e+03  6.19865e-01
 4.59717e+03  6.23868e-01
 4.59743e+03  6.16228e-01
 4.59769e+03  6.20147e-01
 4.59795e+03  6.17460e-01
 4.59821e+03  6.09305e-01
 4.59847e+03  6.09573e-01
 4.59873e+03  6.08403e-01
 4.59899e+03  6.05068e-01
 4.59925e+03  6.08497e-01
 4.59951e+03  6.02408e-01
 4.59977e+03  5.99416e-01
 4.60003e+03  5.95907e-01
 4.60029e+03  5.91355e-01
 4.60055e+03  5.91998e-01
 4.60081e+03  5.82466e-01
 4.60107e+03  5.83269e-01
 4.60133e+03  5.85618e-01
 4.60159e+03  5.81757e-01
 4.60185e+03  5.84277e-01
 4.60211e+03  5.75622e-01
 4.60237e+03  5.66352e-01
 4.60263e+03  5.66321e-01
 4.60289e+03  5.72564e-01
 4.60315e+03  5.62099e-01
 4.60341e+03  5.53481e-01
 4.60367e+03  5.64128e-01
 4.60393e+03  5.53492e-01
 4.60419e+03  5.50422e-01
 4.60445e+03  5.47900e-01
 4.60471e+03  5.41698e-01
 4.60498e+03  5.45241e-01
 4.60524e+03  5.42142e-01
 4.60550e+03  5.34839e-01
 4.60576e+03  5.24212e-01
 4.60602e+03  5.28002e-01
 4.60628e+03  5.21946e-01
 4.60654e+03  5.14291e-01
 4.60680e+03  5.13549e-01
 4.60706e+03  5.13623e-01
 4.60732e+03  5.03995e-01
 4.60758e+03  4.97571e-01
 4.60784e+03  4.99189e-01
 4.60810e+03  4.92446e-01
 4.60836e+03  4.86486e-01
 4.60862e+03  4.86063e-01
 4.60888e+03  4.70532e-01
 4.60914e+03  4.75910e-01
 4.60940e+03  4.69101e-01
 4.60966e+03  4.67683e-01
 4.60992e+03  4.63703e-01
 4.61018e+03  4.56069e-01
 4.61044e+03  4.52565e-01
 4.61070e+03  4.47738e-01
 4.61096e+03  4.38836e-01
 4.61122e+03  4.37530e-01
 4.61148e+03  4.31203e-01
 4.61174e+03  4.30990e-01
 4.61200e+03  4.23767e-01
 4.61226e+03  4.12734e-01
 4.61252e+03  4.12681e-01
 4.61278e+03  4.09630e-01
 4.61304e+03  4.05073e-01
 4.61330e+03  4.01477e-01
 4.61356e+03  3.95029e-01
 4.61382e+03  3.88457e-01
 4.61408e+03  3.83194e-01
 4.61434e+03  3.77513e-01
 4.61460e+03  3.76002e-01
 4.61486e+03  3.78972e-01
 4.61512e+03  3.66541e-01
 4.61538e+03  3.59932e-01
 4.61564e+03  3.53238e-01
 4.61590e+03  3.54535e-01
 4.61616e+03  3.49393e-01
 4.61642e+03  3.49993e-01
 4.61668e+03  3.40953e-01
 4.61694e+03  3.34740e-01
 4.61720e+03  3.31193e-01
 4.61746e+03  3.23726e-01
 4.61772e+03  3.19078e-01
 4.61798e+03  3.17698e-01
 4.61825e+03  3.12886e-01
 4.61851e+03  3.03766e-01
 4.61877e+03  3.01421e-01
 4.61903e+03  2.97852e-01
 4.61929e+03  2.92523e-01
 4.61955e+03  2.93883e-01
 4.61981e+03  2.83949e-01
 4.62007e+03  2.82649e-01
 4.62033e+03  2.75138e-01
 4.62059e+03  2.71195e-01
 4.62085e+03  2.67340e-01
 4.62111e+03  2.61440e-01
 4.62137e+03  2.58816e-01
 4.62163e+03  2.56800e-01
 4.62189e+03  2.47906e-01
 4.62215e+03  2.45405e-01
 4.62241e+03  2.44806e-01
 4.62267e+03  2.35887e-01
 4.62293e+03  2.36312e-01
 4.62319e+03  2.30722e-01
 4.62345e+03  2.26050e-01
 4.62371e+03  2.28020e-01
 4.62397e+03  2.26240e-01
 4.62423e+03  2.19755e-01
 4.62449e+03  2.15031e-01
 4.62475e+03  2.09779e-01
 4.62501e+03  2.06751e-01
 4.62527e+03  2.08741e-01
 4.62553e+03  2.02046e-01
 4.62579e+03  1.95735e-01
 4.62605e+03  1.96911e-01
 4.62631e+03  1.91631e-01
 4.62657e+03  1.91621e-01
 4.62683e+03  1.88543e-01
 4.62709e+03  1.80902e-01
 4.62735e+03  1.81851e-01
 4.62761e+03  1.75574e-01
 4.62787e+03  1.72656e-01
 4.62813e+03  1.69143e-01
 4.62839e+03  1.64094e-01
 4.62865e+03  1.60872e-01
 4.62891e+03  1.60760e-01
 4.62917e+03  1.61187e-01
 4.62943e+03  1.54270e-01
 4.62969e+03  1.52828e-01
 4.62995e+03  1.49612e-01
 4.63021e+03  1.51245e-01
 4.63047e+03  1.45333e-01
 4.63073e+03  1.41257e-01
 4.63100e+03  1.39908e-01
 4.63126e+03  1.36065e-01
 4.63152e+03  1.36066e-01
 4.63178e+03  1.33617e-01
 4.63204e+03  1.30535e-01
 4.63230e+03  1.28616e-01
 4.63256e+03  1.25216e-01
 4.63282e+03  1.26004e-01
 4.63308e+03  1.21151e-01
 4.63334e+03  1.23377e-01
 4.63360e+03  1.18966e-01
 4.63386e+03  1.15847e-01
 4.63412e+03  1.13879e-01
 4.63438e+03  1.14420e-01
 4.63464e+03  1.11638e-01
 4.63490e+03  1.09197e-01
 4.63516e+03  1.08556e-01
 4.63542e+03  1.04506e-01
 4.63568e+03  1.03280e-01
 4.63594e+03  1.03036e-01
 4.63620e+03  1.02386e-01
 4.63646e+03  9.85200e-02
 4.63672e+03  9.71770e-02
 4.63698e+03  9.47553e-02
 4.63724e+03  9.76216e-02
 4.63750e+03  9.17241e-02
 4.63776e+03  9.20839e-02
 4.63802e+03  8.81995e-02
 4.63828e+03  9.01013e-02
 4.63854e+03  8.80017e-02
 4.63880e+03  8.62142e-02
 4.63906e+03  8.33807e-02
 4.63932e+03  8.46306e-02
 4.63958e+03  8.26957e-02
 4.63984e+03  8.11006e-02
 4.64010e+03  7.95278e-02
 4.64036e+03  7.63565e-02
 4.64062e+03  7.82942e-02
 4.64088e+03  7.40545e-02
 4.64114e+03  7.19385e-02
 4.64140e+03  7.25448e-02
 4.64166e+03  7.18047e-02
 4.64192e+03  7.10258e-02
 4.64218e+03  7.08365e-02
 4.64244e+03  6.77804e-02
 4.64270e+03  6.78946e-02
 4.64296e+03  6.59909e-02
 4.64322e+03  6.52297e-02
 4.64348e+03  6.40096e-02
 4.64374e+03  6.34935e-02
 4.64400e+03  6.32891e-02
 4.64427e+03  5.96116e-02
 4.64453e+03  5.87179e-02
 4.64479e+03  5.77039e-02
 4.64505e+03  5.65416e-02
 4.64531e+03  5.98214e-02
 4.64557e+03  5.56126e-02
 4.64583e+03  5.53633e-02
 4.64609e+03  5.46460e-02
 4.64635e+03  5.40924e-02
 4.64661e+03  5.49736e-02
 4.64687e+03  5.27255e-02
 4.64713e+03  5.27706e-02
 4.64739e+03  5.24195e-02
 4.64765e+03  4.89008e-02
 4.64791e+03  4.91130e-02
 4.64817e+03  4.83895e-02
 4.64843e+03  4.60795e-02
 4.64869e+03  4.70312e-02
 4.64895e+03  4.75398e-02
 4.64921e+03  4.72237e-02
 4.64947e+03  4.63698e-02
 4.64973e+03  4.25537e-02
 4.64999e+03  4.32394e-02
 4.65025e+03  4.28295e-02
 4.65051e+03  4.30776e-02
 4.65077e+03  4.12907e-02
 4.65103e+03  4.17351e-02
 4.65129e+03  4.03951e-02
 4.65155e+03  4.14414e-02
 4.65181e+03  3.95702e-02
 4.65207e+03  3.99018e-02
 4.65233e+03  3.68262e-02
 4.65259e+03  3.69217e-02
 4.65285e+03  3.73163e-02
 4.65311e+03  3.52020e-02
 4.65337e+03  3.58606e-02
 4.65363e+03  3.56313e-02
 4.65389e+03  3.49159e-02
 4.65415e+03  3.48446e-02
 4.65441e+03  3.34780e-02
 4.65467e+03  3.26075e-02
 4.65493e+03  3.24929e-02
 4.65519e+03  3.33054e-02
 4.65545e+03  3.17035e-02
 4.65571e+03  3.11165e-02
 4.65597e+03  3.08688e-02
 4.65623e+03  2.91705e-02
 4.65649e+03  3.10014e-02
 4.65675e+03  2.94655e-02
 4.65702e+03  2.86387e-02
 4.65728e+03  2.82473e-02
 4.65754e+03  2.94676e-02
 4.65780e+03  2.88366e-02
 4.65806e+03  2.66023e-02
 4.65832e+03  2.81112e-02
 4.65858e+03  2.60418e-02
 4.65884e+03  2.61978e-02
 4.65910e+03  2.59970e-02
 4.65936e+03  2.73327e-02
 4.65962e+03  2.53049e-02
 4.65988e+03  2.61593e-02
 4.66014e+03  2.50086e-02
 4.66040e+03  2.47248e-02
 4.66066e+03  2.67670e-02
 4.66092e+03  2.43504e-02
 4.66118e+03  2.40229e-02
 4.66144e+03  2.42760e-02
 4.66170e+03  2.27555e-02
 4.66196e+03  2.30583e-02
 4.66222e+03  2.35243e-02
 4.66248e+03  2.29127e-02
 4.66274e+03  2.16517e-02
 4.66300e+03  2.30861e-02
 4.66326e+03  2.10422e-02
 4.66352e+03  2.23675e-02
 4.66378e+03  1.97250e-02
 4.66404e+03  2.10383e-02
 4.66430e+03  1.91935e-02
 4.66456e+03  2.02626e-02
 4.66482e+03  1.99320e-02
 4.66508e+03  1.89110e-02
 4.66534e+03  1.98843e-02
 4.66560e+03  1.88470e-02
 4.66586e+03  2.03207e-02
 4.66612e+03  1.99113e-02
 4.66638e+03  1.79221e-02
 4.66664e+03  1.82608e-02
 4.66690e+03  1.89123e-02
 4.66716e+03  1.76665e-02
 4.66742e+03  1.65542e-02
 4.66768e+03  1.88069e-02
 4.66794e+03  1.69774e-02
 4.66820e+03  1.59409e-02
 4.66846e+03  1.75839e-02
 4.66872e+03  1.72076e-02
 4.66898e+03  1.62680e-02
 4.66924e+03  1.55545e-02
 4.66950e+03  1.61071e-02
 4.66976e+03  1.65819e-02
 4.67002e+03  1.55145e-02
 4.67029e+03  1.53767e-02
 4.67055e+03  1.58219e-02
 4.67081e+03  1.56705e-02
 4.67107e+03  1.64882e-02
 4.67133e+03  1.40926e-02
 4.67159e+03  1.57612e-02
 4.67185e+03  1.48696e-02
 4.67211e+03  1.45515e-02
 4.67237e+03  1.36215e-02
 4.67263e+03  1.44596e-02
 4.67289e+03  1.31457e-02
 4.67315e+03  1.43887e-02
 4.67341e+03  1.37015e-02
 4.67367e+03  1.49336e-02
 4.67393e+03  1.37119e-02
 4.67419e+03  1.26922e-02
 4.67445e+03  1.26642e-02
 4.67471e+03  1.25254e-02
 4.67497e+03  1.22086e-02
 4.67523e+03  1.28987e-02
 4.67549e+03  1.22760e-02
 4.67575e+03  1.23191e-02
 4.67601e+03  1.26540e-02
 4.67627e+03  1.21015e-02
 4.67653e+03  1.20323e-02
 4.67679e+03  1.04482e-02
 4.67705e+03  1.22155e-02
 4.67731e+03  1.13971e-02
 4.67757e+03  1.17885e-02
 4.67783e+03  1.11247e-02
 4.67809e+03  1.06541e-02
 4.67835e+03  1.08442e-02
 4.67861e+03  1.08581e-02
 4.67887e+03  1.06663e-02
 4.67913e+03  1.00062e-02
 4.67939e+03  1.07166e-02
 4.67965e+03  1.05200e-02
 4.67991e+03  1.04766e-02
 4.68017e+03  1.03232e-02
 4.68043e+03  1.00197e-02
 4.68069e+03  9.47771e-03
 4.68095e+03  1.01006e-02
 4.68121e+03  9.67799e-03
 4.68147e+03  9.41723e-03
 4.68173e+03  9.99532e-03
 4.68199e+03  8.65856e-03
 4.68225e+03  9.47570e-03
 4.68251e+03  1.07623e-02
 4.68277e+03  9.16884e-03
 4.68304e+03  9.28964e-03
 4.68330e+03  9.39079e-03
 4.68356e+03  9.37112e-03
 4.68382e+03  8.04508e-03
 4.68408e+03  9.09150e-03
 4.68434e+03  8.77741e-03
 4.68460e+03  9.51337e-03
 4.68486e+03  8.54055e-03
 4.68512e+03  8.63349e-03
 4.68538e+03  9.83336e-03
 4.68564e+03  9.04749e-03
 4.68590e+03  7.73840e-03
 4.68616e+03  7.78612e-03
 4.68642e+03  7.76674e-03
 4.68668e+03  8.95958e-03
 4.68694e+03  7.88298e-03
 4.68720e+03  8.08442e-03
 4.68746e+03  8.63510e-03
 4.68772e+03  7.98984e-03
 4.68798e+03  7.79314e-03
 4.68824e+03  8.24869e-03
 4.68850e+03  7.15442e-03
 4.68876e+03  7.75010e-03
 4.68902e+03  7.21715e-03
 4.68928e+03  7.65186e-03
 4.68954e+03  8.43685e-03
 4.68980e+03  7.09860e-03
 4.69006e+03  7.77626e-03
 4.69032e+03  7.04841e-03
 4.69058e+03  6.64165e-03
 4.69084e+03  6.63212e-03
 4.69110e+03  6.13031e-03
 4.69136e+03  6.36373e-03
 4.69162e+03  7.37824e-03
 4.69188e+03  6.20863e-03
 4.69214e+03  6.24476e-03
 4.69240e+03  5.73985e-03
 4.69266e+03  6.91445e-03
 4.69292e+03  6.45735e-03
 4.69318e+03  6.21691e-03
 4.69344e+03  6.01628e-03
 4.69370e+03  5.88585e-03
 4.69396e+03  5.99606e-03
 4.69422e+03  5.37057e-03
 4.69448e+03  5.62710e-03
 4.69474e+03  6.09161e-03
 4.69500e+03  5.73249e-03
 4.69526e+03  6.18855e-03
 4.69552e+03  5.89624e-03
 4.69578e+03  5.49244e-03
 4.69604e+03  6.28979e-03
 4.69631e+03  4.98138e-03
 4.69657e+03  5.66107e-03
 4.69683e+03  5.98031e-03
 4.69709e+03  5.33761e-03
 4.69735e+03  5.18057e-03
 4.69761e+03  5.70422e-03
 4.69787e+03  4.71113e-03
 4.69813e+03  5.30301e-03
 4.69839e+03  5.05450e-03
 4.69865e+03  5.35487e-03
 4.69891e+03  4.79134e-03
 4.69917e+03  5.37300e-03
 4.69943e+03  4.33420e-03
 4.69969e+03  5.00522e-03
 4.69995e+03  5.69979e-03
 4.70021e+03  4.63223e-03
 4.70047e+03  4.55435e-03
 4.70073e+03  5.04044e-03
 4.70099e+03  4.12359e-03
 4.70125e+03  4.90310e-03
 4.70151e+03  4.77811e-03
 4.70177e+03  4.83958e-03
 4.70203e+03  5.46304e-03
 4.70229e+03  4.03442e-03
 4.70255e+03  4.57849e-03
 4.70281e+03  4.44698e-03
 4.70307e+03  5.19201e-03
 4.70333e+03  3.99673e-03
 4.70359e+03  4.16270e-03
 4.70385e+03  4.91812e-03
 4.70411e+03  3.46081e-03
 4.70437e+03  3.68555e-03
 4.70463e+03  3.98036e-03
 4.70489e+03  4.10506e-03
 4.70515e+03  4.48636e-03
 4.70541e+03  4.09053e-03
 4.70567e+03  4.26870e-03
 4.70593e+03  4.28483e-03
 4.70619e+03  3.69042e-03
 4.70645e+03  3.65786e-03
 4.70671e+03  3.33092e-03
 4.70697e+03  3.62060e-03
 4.70723e+03  3.36577e-03
 4.70749e+03  4.49673e-03
 4.70775e+03  4.01570e-03
 4.70801e+03  3.70573e-03
 4.70827e+03  4.33245e-03
 4.70853e+03  4.84349e-03
 4.70879e+03  3.83314e-03
 4.70906e+03  3.50352e-03
 4.70932e+03  3.82604e-03
 4.70958e+03  4.31856e-03
 4.70984e+03  4.12814e-03
 4.71010e+03  3.78398e-03
 4.71036e+03  3.63538e-03
 4.71062e+03  3.79349e-03
 4.71088e+03  4.17211e-03
 4.71114e+03  3.06054e-03
 4.71140e+03  3.39772e-03
 4.71166e+03  3.85170e-03
 4.71192e+03  3.20925e-03
 4.71218e+03  3.53830e-03
 4.71244e+03  2.80410e-03
 4.71270e+03  3.67974e-03
 4.71296e+03  3.67206e-03
 4.71322e+03  2.74155e-03
 4.71348e+03  2.95867e-03
 4.71374e+03  3.03651e-03
 4.71400e+03  2.95376e-03
 4.71426e+03  4.03993e-03
 4.71452e+03  2.92344e-03
 4.71478e+03  3.62542e-03
 4.71504e+03  3.10723e-03
 4.71530e+03  3.25987e-03
 4.71556e+03  2.89865e-03
 4.71582e+03  3.02613e-03
 4.71608e+03  3.10909e-03
 4.71634e+03  3.16899e-03
 4.71660e+03  2.35802e-03
 4.71686e+03  3.35036e-03
 4.71712e+03  3.20858e-03
 4.71738e+03  3.11367e-03
 4.71764e+03  3.03477e-03
 4.71790e+03  2.40980e-03
 4.71816e+03  2.49678e-03
 4.71842e+03  2.71429e-03
 4.71868e+03  2.52524e-03
 4.71894e+03  2.20114e-03
 4.71920e+03  2.33042e-03
 4.71946e+03  3.06036e-03
 4.71972e+03  2.65715e-03
 4.71998e+03  2.98378e-03
 4.72024e+03  3.10471e-03
 4.72050e+03  2.81761e-03
 4.72076e+03  2.08243e-03
 4.72102e+03  2.70219e-03
 4.72128e+03  2.20437e-03
 4.72154e+03  2.14829e-03
 4.72180e+03  2.80840e-03
 4.72206e+03  2.66316e-03
 4.72233e+03  2.29490e-03
 4.72259e+03  2.75908e-03
 4.72285e+03  2.88583e-03
 4.72311e+03  2.56433e-03
 4.72337e+03  1.75361e-03
 4.72363e+03  2.89484e-03
 4.72389e+03  2.86111e-03
 4.72415e+03  2.63605e-03
 4.72441e+03  2.58500e-03
 4.72467e+03  2.50039e-03
 4.72493e+03  1.96098e-03
 4.72519e+03  2.54878e-03
 4.72545e+03  2.55448e-03
 4.72571e+03  2.31999e-03
 4.72597e+03  2.38937e-03
 4.72623e+03  1.98883e-03
 4.72649e+03  2.26682e-03
 4.72675e+03  1.96870e-03
 4.72701e+03  1.82014e-03
 4.72727e+03  2.23117e-03
 4.72753e+03  2.42457e-03
 4.72779e+03  1.94972e-03
 4.72805e+03  2.85230e-03
 4.72831e+03  1.37525e-03
 4.72857e+03  1.40619e-03
 4.72883e+03  2.35404e-03
 4.72909e+03  2.08576e-03
 4.72935e+03  1.33240e-03
 4.72961e+03  1.94634e-03
 4.72987e+03  2.40661e-03
 4.73013e+03  1.31217e-03
 4.73039e+03  2.35535e-03
 4.73065e+03  2.38883e-03
 4.73091e+03  1.79436e-03
 4.73117e+03  2.13425e-03
 4.73143e+03  1.78801e-03
 4.73169e+03  1.49463e-03
 4.73195e+03  2.06026e-03
 4.73221e+03  2.24268e-03
 4.73247e+03  2.31540e-03
 4.73273e+03  1.70000e-03
 4.73299e+03  2.24554e-03
 4.73325e+03  2.20838e-03
 4.73351e+03  2.09082e-03
 4.73377e+03  2.07929e-03
 4.73403e+03  1.88160e-03
 4.73429e+03  1.37957e-03
 4.73455e+03  1.65278e-03
 4.73481e+03  1.80219e-03
 4.73508e+03  2.00217e-03
 4.73533e+03  2.03260e-03
 4.73560e+03  1.85134e-03
 4.73586e+03  1.34541e-03
 4.73612e+03  1.35884e-03
 4.73638e+03  1.35590e-03
 4.73664e+03  1.54500e-03
 4.73690e+03  1.85564e-03
 4.73716e+03  1.75038e-03
 4.73742e+03  1.95756e-03
 4.73768e+03  1.33572e-03
 4.73794e+03  1.31849e-03
 4.73820e+03  1.72381e-03
 4.73846e+03  1.31384e-03
 4.73872e+03  1.63598e-03
 4.73898e+03  1.30675e-03
 4.73924e+03  1.45364e-03
 4.73950e+03  1.52078e-03
 4.73976e+03  1.96492e-03
 4.74002e+03  1.39230e-03
 4.74028e+03  1.56857e-03
 4.74054e+03  1.74889e-03
 4.74080e+03  1.91007e-03
 4.74106e+03  1.71983e-03
 4.74132e+03  1.44441e-03
 4.74158e+03  1.05797e-03
 4.74184e+03  1.36233e-03
 4.74210e+03  1.93629e-03
 4.74236e+03  1.05362e-03
 4.74262e+03  1.72190e-03
 4.74288e+03  1.75951e-03
 4.74314e+03  1.86142e-03
 4.74340e+03  8.84126e-04
 4.74366e+03  1.72810e-03
 4.74392e+03  1.91273e-03
 4.74418e+03  1.81070e-03
 4.74444e+03  2.00240e-03
 4.74470e+03  1.24700e-03
 4.74496e+03  1.99403e-03
 4.74522e+03  1.42655e-03
 4.74548e+03  2.16298e-03
 4.74574e+03  1.25092e-03
 4.74600e+03  7.53666e-04
 4.74626e+03  6.30096e-04
 4.74652e+03  9.74879e-04
 4.74678e+03  1.36104e-03
 4.74704e+03  1.58031e-03
 4.74730e+03  1.90561e-03
 4.74756e+03  1.70995e-03
 4.74782e+03  1.22373e-03
 4.74808e+03  1.27189e-03
 4.74835e+03  9.57651e-04
 4.74861e+03  9.26712e-04
 4.74887e+03  8.90187e-04
 4.74913e+03  1.02183e-03
 4.74939e+03  1.28021e-03
 4.74965e+03  1.95538e-03
 4.74991e+03  9.73470e-04
 4.75017e+03  8.53384e-04
