 4.10021e+03  4.75829e-03
 4.10047e+03 -3.53602e-03
 4.10073e+03  2.22226e-03
 4.10099e+03  6.72928e-03
 4.10124e+03  2.70392e-03
 4.10150e+03 -7.78833e-03
 4.10176e+03  3.62024e-03
 4.10202e+03 -4.23586e-03
 4.10228e+03 -3.98599e-03
 4.10254e+03 -2.16599e-03
 4.10280e+03 -5.18801e-04
 4.10306e+03 -3.26812e-03
 4.10332e+03 -5.57964e-04
 4.10358e+03 -2.11463e-03
 4.10384e+03  3.77624e-03
 4.10410e+03  4.71687e-03
 4.10435e+03  3.21630e-03
 4.10461e+03 -3.61832e-03
 4.10487e+03  1.68033e-04
 4.10513e+03  1.10452e-03
 4.10539e+03  1.72989e-03
 4.10565e+03  1.29114e-03
 4.10591e+03  1.45586e-03
 4.10617e+03 -2.04087e-03
 4.10643e+03  1.49989e-04
 4.10669e+03  1.62043e-03
 4.10695e+03 -4.02325e-03
 4.10721e+03 -9.58487e-04
 4.10747e+03  3.41300e-03
 4.10772e+03 -1.50474e-03
 4.10798e+03 -8.93922e-04
 4.10824e+03  2.30894e-04
 4.10850e+03  1.31000e-03
 4.10876e+03  1.07163e-02
 4.10902e+03  4.11927e-03
 4.10928e+03  2.48643e-03
 4.10954e+03  4.53033e-03
 4.10980e+03  2.25881e-03
 4.11006e+03  2.03409e-03
 4.11032e+03  2.05409e-03
 4.11058e+03  2.11423e-03
 4.11083e+03  4.10427e-03
 4.11109e+03 -3.08877e-03
 4.11135e+03  5.78641e-03
 4.11161e+03 -2.67634e-04
 4.11187e+03  4.56454e-03
 4.11213e+03  5.04638e-03
 4.11239e+03  3.21893e-03
 4.11265e+03 -2.29973e-03
 4.11291e+03  4.08232e-03
 4.11317e+03  4.74418e-03
 4.11343e+03  2.54976e-03
 4.11369e+03 -7.86676e-04
 4.11395e+03  2.78090e-03
 4.11420e+03  6.44868e-03
 4.11446e+03 -2.95878e-03
 4.11472e+03 -5.07426e-03
 4.11498e+03 -2.02552e-03
 4.11524e+03 -5.01297e-04
 4.11550e+03 -3.31155e-03
 4.11576e+03  5.57667e-03
 4.11602e+03  2.90092e-03
 4.11628e+03  5.16673e-03
 4.11654e+03  1.82792e-03
 4.11680e+03 -8.73211e-03
 4.11706e+03  3.49617e-03
 4.11731e+03  2.57971e-03
 4.11757e+03  2.95597e-03
 4.11783e+03  4.04616e-04
 4.11809e+03  2.81526e-03
 4.11835e+03  2.14250e-03
 4.11861e+03  7.36011e-03
 4.11887e+03  3.39203e-03
 4.11913e+03  3.68051e-03
 4.11939e+03 -1.65421e-04
 4.11965e+03  1.40740e-03
 4.11991e+03 -2.81894e-04
 4.12017e+03  1.17671e-03
 4.12043e+03 -1.63099e-05
 4.12068e+03 -3.37903e-03
 4.12094e+03  2.69150e-03
 4.12120e+03 -1.77087e-03
 4.12146e+03  4.47725e-03
 4.12172e+03 -3.82513e-03
 4.12198e+03  1.92721e-03
 4.12224e+03  4.92951e-03
 4.12250e+03  6.29907e-03
 4.12276e+03  3.48079e-03
 4.12302e+03  6.43383e-03
 4.12328e+03  9.66691e-04
 4.12354e+03 -1.71045e-03
 4.12379e+03  4.02772e-03
 4.12405e+03  1.39066e-03
 4.12431e+03  7.78543e-04
 4.12457e+03  4.06414e-03
 4.12483e+03  4.23500e-03
 4.12509e+03  9.53274e-04
 4.12535e+03  3.46354e-03
 4.12561e+03 -8.98158e-04
 4.12587e+03 -3.81390e-04
 4.12613e+03  5.53814e-03
 4.12639e+03  3.15958e-03
 4.12665e+03 -3.38992e-03
 4.12691e+03  4.99128e-03
 4.12716e+03  3.48966e-04
 4.12742e+03  1.84350e-03
 4.12768e+03  2.21087e-03
 4.12794e+03  1.04301e-03
 4.12820e+03  1.72856e-04
 4.12846e+03  1.78408e-03
 4.12872e+03  5.80667e-03
 4.12898e+03  5.08513e-03
 4.12924e+03  6.86553e-04
 4.12950e+03 -5.61750e-04
 4.12976e+03  2.67240e-03
 4.13002e+03  3.68382e-03
 4.13027e+03  3.34825e-03
 4.13053e+03  1.36162e-03
 4.13079e+03  3.27714e-03
 4.13105e+03  2.23099e-03
 4.13131e+03 -2.00436e-03
 4.13157e+03  2.76445e-04
 4.13183e+03  1.62260e-03
 4.13209e+03 -1.77876e-03
 4.13235e+03  4.71278e-03
 4.13261e+03  1.87155e-04
 4.13287e+03  3.59764e-03
 4.13313e+03  8.44041e-03
 4.13339e+03 -9.20809e-03
 4.13364e+03 -5.17408e-03
 4.13390e+03 -1.55662e-03
 4.13416e+03  1.67436e-03
 4.13442e+03  6.45594e-04
 4.13468e+03 -4.23620e-03
 4.13494e+03 -2.21085e-03
 4.13520e+03 -1.43161e-03
 4.13546e+03 -9.48707e-04
 4.13572e+03 -1.80663e-04
 4.13598e+03  6.56136e-03
 4.13624e+03  5.11067e-03
 4.13650e+03 -2.87241e-03
 4.13675e+03  8.77983e-03
 4.13701e+03 -1.38154e-03
 4.13727e+03  9.54984e-03
 4.13753e+03  4.70555e-03
 4.13779e+03  4.85881e-04
 4.13805e+03  4.29393e-04
 4.13831e+03 -4.39458e-03
 4.13857e+03 -3.35452e-03
 4.13883e+03  8.20571e-03
 4.13909e+03  5.31621e-03
 4.13935e+03  1.04848e-03
 4.13961e+03  1.40523e-03
 4.13987e+03 -3.90011e-04
 4.14012e+03  5.12226e-04
 4.14038e+03  2.84645e-05
 4.14064e+03  5.49064e-03
 4.14090e+03  4.92425e-03
 4.14116e+03  5.61714e-03
 4.14142e+03  4.25392e-03
 4.14168e+03  4.02736e-03
 4.14194e+03 -5.28927e-04
 4.14220e+03  6.45637e-03
 4.14246e+03  4.97669e-03
 4.14272e+03  2.98581e-03
 4.14298e+03  5.38972e-04
 4.14323e+03  5.52090e-03
 4.14349e+03  3.98132e-03
 4.14375e+03 -1.92378e-04
 4.14401e+03  5.11784e-03
 4.14427e+03  7.34351e-03
 4.14453e+03 -8.11493e-04
 4.14479e+03  2.82430e-03
 4.14505e+03  4.22581e-03
 4.14531e+03  1.09436e-02
 4.14557e+03 -4.69439e-03
 4.14583e+03  3.88236e-03
 4.14609e+03  5.00847e-03
 4.14635e+03  5.64024e-04
 4.14660e+03  6.87502e-03
 4.14686e+03  1.72077e-03
 4.14712e+03  6.28862e-03
 4.14738e+03  2.71327e-03
 4.14764e+03  7.12478e-03
 4.14790e+03  5.08716e-03
 4.14816e+03  4.82859e-03
 4.14842e+03  3.74790e-03
 4.14868e+03  5.94374e-03
 4.14894e+03  4.38614e-03
 4.14920e+03  7.60348e-03
 4.14946e+03  2.88553e-03
 4.14971e+03 -2.08370e-03
 4.14997e+03  3.63236e-03
 4.15023e+03  5.75573e-03
 4.15049e+03  7.12349e-03
 4.15075e+03  5.71715e-03
 4.15101e+03  6.73482e-03
 4.15127e+03  2.84878e-03
 4.15153e+03  6.34135e-03
 4.15179e+03  4.01045e-03
 4.15205e+03  2.36973e-03
 4.15231e+03  9.34128e-03
 4.15257e+03  5.08120e-03
 4.15283e+03  6.38742e-03
 4.15308e+03  6.03002e-03
 4.15334e+03  7.37633e-03
 4.15360e+03  7.28233e-03
 4.15386e+03  6.59652e-03
 4.15412e+03  1.20501e-02
 4.15438e+03  5.94515e-03
 4.15464e+03  3.08027e-03
 4.15490e+03  5.33509e-03
 4.15516e+03  7.02747e-03
 4.15542e+03  2.49091e-03
 4.15568e+03  3.07213e-03
 4.15594e+03  1.26008e-02
 4.15619e+03  8.55171e-03
 4.15645e+03  5.25533e-03
 4.15671e+03  9.17715e-03
 4.15697e+03  5.90218e-03
 4.15723e+03  7.20934e-03
 4.15749e+03  7.54028e-03
 4.15775e+03  3.82136e-03
 4.15801e+03  4.18499e-03
 4.15827e+03  7.24263e-03
 4.15853e+03  6.93297e-03
 4.15879e+03  9.03554e-03
 4.15905e+03  7.35083e-03
 4.15931e+03 -1.52623e-03
 4.15956e+03  7.62769e-03
 4.15982e+03  1.00750e-02
 4.16008e+03  7.88103e-03
 4.16034e+03  2.94150e-03
 4.16060e+03  7.46686e-03
 4.16086e+03  1.06636e-02
 4.16112e+03  1.05792e-02
 4.16138e+03  3.72487e-03
 4.16164e+03  1.24136e-02
 4.16190e+03  8.08233e-03
 4.16216e+03  2.12320e-03
 4.16242e+03  6.13052e-03
 4.16267e+03  1.28124e-02
 4.16293e+03  8.83493e-03
 4.16319e+03  9.03288e-03
 4.16345e+03  1.52577e-03
 4.16371e+03  1.22981e-02
 4.16397e+03  4.96568e-03
 4.16423e+03  1.01251e-02
 4.16449e+03  1.00593e-02
 4.16475e+03  9.86307e-03
 4.16501e+03  6.52917e-03
 4.16527e+03  6.46657e-03
 4.16553e+03  1.07479e-02
 4.16579e+03  3.40881e-03
 4.16604e+03  1.06496e-02
 4.16630e+03  1.04693e-02
 4.16656e+03  8.17409e-03
 4.16682e+03  1.12727e-02
 4.16708e+03  9.08145e-03
 4.16734e+03  1.26569e-02
 4.16760e+03  7.50989e-03
 4.16786e+03  9.71101e-03
 4.16812e+03  9.10984e-03
 4.16838e+03  9.22609e-03
 4.16864e+03  1.13868e-02
 4.16890e+03  1.00170e-02
 4.16915e+03  1.46081e-02
 4.16941e+03  1.49231e-02
 4.16967e+03  9.06420e-03
 4.16993e+03  1.30192e-02
 4.17019e+03  1.03139e-02
 4.17045e+03  1.32973e-02
 4.17071e+03  1.09916e-02
 4.17097e+03  9.06261e-03
 4.17123e+03  1.15019e-02
 4.17149e+03  1.01319e-02
 4.17175e+03  1.55283e-02
 4.17201e+03  1.05601e-02
 4.17227e+03  1.25089e-02
 4.17252e+03  9.82009e-03
 4.17278e+03  1.26077e-02
 4.17304e+03  9.74588e-03
 4.17330e+03  1.25267e-02
 4.17356e+03  4.75078e-03
 4.17382e+03  1.31620e-02
 4.17408e+03  1.43441e-02
 4.17434e+03  1.29787e-02
 4.17460e+03  1.42214e-02
 4.17486e+03  1.26933e-02
 4.17512e+03  1.62160e-02
 4.17538e+03  1.26823e-02
 4.17563e+03  1.66004e-02
 4.17589e+03  1.82852e-02
 4.17615e+03  1.11737e-02
 4.17641e+03  1.71419e-02
 4.17667e+03  2.19540e-02
 4.17693e+03  1.48941e-02
 4.17719e+03  1.82408e-02
 4.17745e+03  1.96121e-02
 4.17771e+03  1.83657e-02
 4.17797e+03  1.61703e-02
 4.17823e+03  1.98130e-02
 4.17849e+03  1.87924e-02
 4.17875e+03  1.47700e-02
 4.17900e+03  2.09437e-02
 4.17926e+03  1.67429e-02
 4.17952e+03  1.77900e-02
 4.17978e+03  1.73657e-02
 4.18004e+03  1.98492e-02
 4.18030e+03  2.37916e-02
 4.18056e+03  2.29267e-02
 4.18082e+03  1.79145e-02
 4.18108e+03  2.49993e-02
 4.18134e+03  2.21994e-02
 4.18160e+03  1.86995e-02
 4.18186e+03  2.58676e-02
 4.18211e+03  2.11016e-02
 4.18237e+03  2.43470e-02
 4.18263e+03  2.75398e-02
 4.18289e+03  2.87349e-02
 4.18315e+03  1.99257e-02
 4.18341e+03  2.55687e-02
 4.18367e+03  2.38136e-02
 4.18393e+03  2.60899e-02
 4.18419e+03  2.53222e-02
 4.18445e+03  2.93388e-02
 4.18471e+03  2.51983e-02
 4.18497e+03  3.17502e-02
 4.18523e+03  1.83555e-02
 4.18548e+03  3.42115e-02
 4.18574e+03  2.40519e-02
 4.18600e+03  3.12760e-02
 4.18626e+03  2.92292e-02
 4.18652e+03  2.38176e-02
 4.18678e+03  2.67666e-02
 4.18704e+03  2.93411e-02
 4.18730e+03  3.14933e-02
 4.18756e+03  3.62604e-02
 4.18782e+03  3.36484e-02
 4.18808e+03  3.30449e-02
 4.18834e+03  4.06248e-02
 4.18859e+03  3.78303e-02
 4.18885e+03  3.06941e-02
 4.18911e+03  3.40703e-02
 4.18937e+03  3.43687e-02
 4.18963e+03  3.46866e-02
 4.18989e+03  3.71456e-02
 4.19015e+03  3.94004e-02
 4.19041e+03  4.21658e-02
 4.19067e+03  4.03526e-02
 4.19093e+03  4.05764e-02
 4.19119e+03  3.93689e-02
 4.19145e+03  3.76153e-02
 4.19171e+03  4.19662e-02
 4.19196e+03  3.92288e-02
 4.19222e+03  3.68888e-02
 4.19248e+03  4.83878e-02
 4.19274e+03  4.68111e-02
 4.19300e+03  4.26600e-02
 4.19326e+03  4.92381e-02
 4.19352e+03  4.76855e-02
 4.19378e+03  4.85842e-02
 4.19404e+03  4.95066e-02
 4.19430e+03  5.24930e-02
 4.19456e+03  4.75944e-02
 4.19482e+03  5.47274e-02
 4.19507e+03  5.34010e-02
 4.19533e+03  6.21528e-02
 4.19559e+03  6.04311e-02
 4.19585e+03  6.00722e-02
 4.19611e+03  6.46364e-02
 4.19637e+03  5.51368e-02
 4.19663e+03  6.11798e-02
 4.19689e+03  5.99928e-02
 4.19715e+03  6.63451e-02
 4.19741e+03  6.94660e-02
 4.19767e+03  7.02805e-02
 4.19793e+03  6.52585e-02
 4.19819e+03  6.78801e-02
 4.19844e+03  7.29076e-02
 4.19870e+03  6.79048e-02
 4.19896e+03  7.95147e-02
 4.19922e+03  7.33398e-02
 4.19948e+03  7.54031e-02
 4.19974e+03  6.99304e-02
 4.20000e+03  8.13495e-02
 4.20026e+03  7.80572e-02
 4.20052e+03  8.26275e-02
 4.20078e+03  7.78421e-02
 4.20104e+03  9.67769e-02
 4.20130e+03  8.64454e-02
 4.20155e+03  8.91787e-02
 4.20181e+03  9.07828e-02
 4.20207e+03  9.35284e-02
 4.20233e+03  1.00400e-01
 4.20259e+03  1.04171e-01
 4.20285e+03  9.27001e-02
 4.20311e+03  9.98446e-02
 4.20337e+03  1.07438e-01
 4.20363e+03  1.07149e-01
 4.20389e+03  1.01650e-01
 4.20415e+03  1.06807e-01
 4.20441e+03  1.11973e-01
 4.20467e+03  1.09161e-01
 4.20492e+03  1.24894e-01
 4.20518e+03  1.16658e-01
 4.20544e+03  1.29321e-01
 4.20570e+03  1.28445e-01
 4.20596e+03  1.27062e-01
 4.20622e+03  1.29874e-01
 4.20648e+03  1.33722e-01
 4.20674e+03  1.39394e-01
 4.20700e+03  1.37621e-01
 4.20726e+03  1.48295e-01
 4.20752e+03  1.45765e-01
 4.20778e+03  1.54568e-01
 4.20803e+03  1.47954e-01
 4.20829e+03  1.53669e-01
 4.20855e+03  1.59943e-01
 4.20881e+03  1.47956e-01
 4.20907e+03  1.59559e-01
 4.20933e+03  1.68799e-01
 4.20959e+03  1.71171e-01
 4.20985e+03  1.74810e-01
 4.21011e+03  1.80904e-01
 4.21037e+03  1.75889e-01
 4.21063e+03  1.85284e-01
 4.21089e+03  1.87488e-01
 4.21115e+03  1.93508e-01
 4.21140e+03  2.05597e-01
 4.21166e+03  1.99575e-01
 4.21192e+03  2.18027e-01
 4.21218e+03  2.10895e-01
 4.21244e+03  2.06196e-01
 4.21270e+03  2.20342e-01
 4.21296e+03  2.18225e-01
 4.21322e+03  2.32510e-01
 4.21348e+03  2.28713e-01
 4.21374e+03  2.33987e-01
 4.21400e+03  2.37680e-01
 4.21426e+03  2.35669e-01
 4.21451e+03  2.45459e-01
 4.21477e+03  2.41875e-01
 4.21503e+03  2.55949e-01
 4.21529e+03  2.77413e-01
 4.21555e+03  2.59111e-01
 4.21581e+03  2.61261e-01
 4.21607e+03  2.73376e-01
 4.21633e+03  2.86378e-01
 4.21659e+03  2.77501e-01
 4.21685e+03  2.86250e-01
 4.21711e+03  2.89126e-01
 4.21737e+03  2.95723e-01
 4.21762e+03  2.94002e-01
 4.21788e+03  2.95422e-01
 4.21814e+03  2.99258e-01
 4.21840e+03  3.24690e-01
 4.21866e+03  3.22097e-01
 4.21892e+03  3.19067e-01
 4.21918e+03  3.18152e-01
 4.21944e+03  3.29772e-01
 4.21970e+03  3.30782e-01
 4.21996e+03  3.40565e-01
 4.22022e+03  3.30534e-01
 4.22048e+03  3.44164e-01
 4.22074e+03  3.51528e-01
 4.22099e+03  3.44149e-01
 4.22125e+03  3.52810e-01
 4.22151e+03  3.60046e-01
 4.22177e+03  3.67139e-01
 4.22203e+03  3.66434e-01
 4.22229e+03  3.68873e-01
 4.22255e+03  3.77251e-01
 4.22281e+03  3.83274e-01
 4.22307e+03  3.92018e-01
 4.22333e+03  3.84385e-01
 4.22359e+03  3.78150e-01
 4.22385e+03  3.86641e-01
 4.22410e+03  3.84657e-01
 4.22436e+03  4.04233e-01
 4.22462e+03  4.07916e-01
 4.22488e+03  3.89592e-01
 4.22514e+03  4.08580e-01
 4.22540e+03  4.10428e-01
 4.22566e+03  4.15966e-01
 4.22592e+03  4.20151e-01
 4.22618e+03  4.10588e-01
 4.22644e+03  4.12716e-01
 4.22670e+03  4.08279e-01
 4.22696e+03  4.22556e-01
 4.22722e+03  4.40626e-01
 4.22747e+03  4.36835e-01
 4.22773e+03  4.37521e-01
 4.22799e+03  4.31802e-01
 4.22825e+03  4.29418e-01
 4.22851e+03  4.43368e-01
 4.22877e+03  4.35033e-01
 4.22903e+03  4.45019e-01
 4.22929e+03  4.52936e-01
 4.22955e+03  4.54205e-01
 4.22981e+03  4.49660e-01
 4.23007e+03  4.49532e-01
 4.23033e+03  4.47101e-01
 4.23058e+03  4.69601e-01
 4.23084e+03  4.52345e-01
 4.23110e+03  4.52860e-01
 4.23136e+03  4.58283e-01
 4.23162e+03  4.45464e-01
 4.23188e+03  4.59339e-01
 4.23214e+03  4.72266e-01
 4.23240e+03  4.59213e-01
 4.23266e+03  4.55185e-01
 4.23292e+03  4.54104e-01
 4.23318e+03  4.58639e-01
 4.23344e+03  4.75901e-01
 4.23370e+03  4.75709e-01
 4.23395e+03  4.76974e-01
 4.23421e+03  4.63506e-01
 4.23447e+03  4.67794e-01
 4.23473e+03  4.63600e-01
 4.23499e+03  4.76064e-01
 4.23525e+03  4.68431e-01
 4.23551e+03  4.56632e-01
 4.23577e+03  4.79293e-01
 4.23603e+03  4.68844e-01
 4.23629e+03  4.73688e-01
 4.23655e+03  4.51193e-01
 4.23681e+03  4.60473e-01
 4.23707e+03  4.54325e-01
 4.23732e+03  4.57460e-01
 4.23758e+03  4.75166e-01
 4.23784e+03  4.61747e-01
 4.23810e+03  4.67371e-01
 4.23836e+03  4.70487e-01
 4.23862e+03  4.58193e-01
 4.23888e+03  4.76942e-01
 4.23914e+03  4.71421e-01
 4.23940e+03  4.68171e-01
 4.23966e+03  4.80024e-01
 4.23992e+03  4.67876e-01
 4.24018e+03  4.83418e-01
 4.24043e+03  4.67782e-01
 4.24069e+03  4.76949e-01
 4.24095e+03  4.87640e-01
 4.24121e+03  4.73864e-01
 4.24147e+03  4.75271e-01
 4.24173e+03  4.68173e-01
 4.24199e+03  4.83344e-01
 4.24225e+03  4.79699e-01
 4.24251e+03  4.75992e-01
 4.24277e+03  4.80477e-01
 4.24303e+03  4.66161e-01
 4.24329e+03  4.72801e-01
 4.24355e+03  4.66820e-01
 4.24380e+03  4.73106e-01
 4.24406e+03  4.70355e-01
 4.24432e+03  4.83326e-01
 4.24458e+03  4.74762e-01
 4.24484e+03  4.65477e-01
 4.24510e+03  4.77089e-01
 4.24536e+03  4.80508e-01
 4.24562e+03  4.84547e-01
 4.24588e+03  4.60654e-01
 4.24614e+03  4.79073e-01
 4.24640e+03  4.67621e-01
 4.24666e+03  5.00982e-01
 4.24692e+03  4.84488e-01
 4.24717e+03  4.69861e-01
 4.24743e+03  4.88864e-01
 4.24769e+03  4.80284e-01
 4.24795e+03  4.65101e-01
 4.24821e+03  4.76998e-01
 4.24847e+03  4.77185e-01
 4.24873e+03  4.79521e-01
 4.24899e+03  4.88408e-01
 4.24925e+03  4.80806e-01
 4.24951e+03  4.80605e-01
 4.24977e+03  4.78416e-01
 4.25003e+03  4.89025e-01
 4.25028e+03  4.67334e-01
 4.25054e+03  4.88990e-01
 4.25080e+03  4.69698e-01
 4.25106e+03  4.85677e-01
 4.25132e+03  5.05662e-01
 4.25158e+03  4.99147e-01
 4.25184e+03  4.81253e-01
 4.25210e+03  4.78739e-01
 4.25236e+03  5.12887e-01
 4.25262e+03  4.96807e-01
 4.25288e+03  5.00504e-01
 4.25314e+03  4.65472e-01
 4.25340e+03  4.88144e-01
 4.25365e+03  4.82593e-01
 4.25391e+03  4.85262e-01
 4.25417e+03  4.88858e-01
 4.25443e+03  4.81928e-01
 4.25469e+03  4.85790e-01
 4.25495e+03  4.97575e-01
 4.25521e+03  4.84907e-01
 4.25547e+03  4.85513e-01
 4.25573e+03  4.99468e-01
 4.25599e+03  5.02290e-01
 4.25625e+03  5.02902e-01
 4.25651e+03  4.88908e-01
 4.25676e+03  4.96142e-01
 4.25702e+03  5.01338e-01
 4.25728e+03  4.89908e-01
 4.25754e+03  5.07224e-01
 4.25780e+03  4.87451e-01
 4.25806e+03  4.76704e-01
 4.25832e+03  4.89451e-01
 4.25858e+03  4.94121e-01
 4.25884e+03  5.05632e-01
 4.25910e+03  4.86087e-01
 4.25936e+03  4.99149e-01
 4.25962e+03  4.88022e-01
 4.25988e+03  5.14095e-01
 4.26013e+03  4.88570e-01
 4.26039e+03  4.97391e-01
 4.26065e+03  5.10347e-01
 4.26091e+03  5.06808e-01
 4.26117e+03  5.13357e-01
 4.26143e+03  5.14875e-01
 4.26169e+03  5.07967e-01
 4.26195e+03  5.10679e-01
 4.26221e+03  5.02051e-01
 4.26247e+03  5.12706e-01
 4.26273e+03  5.07298e-01
 4.26299e+03  5.04318e-01
 4.26324e+03  5.02412e-01
 4.26350e+03  5.12171e-01
 4.26376e+03  4.85319e-01
 4.26402e+03  5.03515e-01
 4.26428e+03  5.18129e-01
 4.26454e+03  5.01892e-01
 4.26480e+03  5.21609e-01
 4.26506e+03  4.86824e-01
 4.26532e+03  5.04942e-01
 4.26558e+03  5.12934e-01
 4.26584e+03  5.14802e-01
 4.26610e+03  4.94231e-01
 4.26635e+03  5.09640e-01
 4.26661e+03  5.10606e-01
 4.26687e+03  5.12245e-01
 4.26713e+03  5.05659e-01
 4.26739e+03  5.08017e-01
 4.26765e+03  5.18953e-01
 4.26791e+03  5.09541e-01
 4.26817e+03  5.12554e-01
 4.26843e+03  5.11410e-01
 4.26869e+03  5.08703e-01
 4.26895e+03  5.06074e-01
 4.26921e+03  5.06968e-01
 4.26947e+03  5.12424e-01
 4.26972e+03  5.05793e-01
 4.26998e+03  5.27471e-01
 4.27024e+03  5.04686e-01
 4.27050e+03  5.33040e-01
 4.27076e+03  5.10228e-01
 4.27102e+03  5.28222e-01
 4.27128e+03  5.14104e-01
 4.27154e+03  5.19404e-01
 4.27180e+03  5.05044e-01
 4.27206e+03  5.18666e-01
 4.27232e+03  5.14712e-01
 4.27258e+03  5.24590e-01
 4.27283e+03  5.17785e-01
 4.27309e+03  5.21039e-01
 4.27335e+03  5.15216e-01
 4.27361e+03  5.14289e-01
 4.27387e+03  5.25704e-01
 4.27413e+03  5.27995e-01
 4.27439e+03  5.19312e-01
 4.27465e+03  5.21010e-01
 4.27491e+03  5.27323e-01
 4.27517e+03  5.25288e-01
 4.27543e+03  5.04764e-01
 4.27569e+03  5.04154e-01
 4.27595e+03  5.01812e-01
 4.27620e+03  5.08601e-01
 4.27646e+03  5.26643e-01
 4.27672e+03  5.24274e-01
 4.27698e+03  5.22537e-01
 4.27724e+03  5.02903e-01
 4.27750e+03  5.13997e-01
 4.27776e+03  5.09423e-01
 4.27802e+03  5.22260e-01
 4.27828e+03  5.23465e-01
 4.27854e+03  5.03862e-01
 4.27880e+03  5.16230e-01
 4.27906e+03  5.10458e-01
 4.27931e+03  5.12671e-01
 4.27957e+03  5.21355e-01
 4.27983e+03  5.15452e-01
 4.28009e+03  5.25488e-01
 4.28035e+03  5.04856e-01
 4.28061e+03  5.23246e-01
 4.28087e+03  5.36575e-01
 4.28113e+03  5.26489e-01
 4.28139e+03  4.92448e-01
 4.28165e+03  5.31013e-01
 4.28191e+03  5.19670e-01
 4.28217e+03  5.05949e-01
 4.28243e+03  5.28465e-01
 4.28268e+03  5.09173e-01
 4.28294e+03  5.17802e-01
 4.28320e+03  5.37895e-01
 4.28346e+03  5.15772e-01
 4.28372e+03  5.18891e-01
 4.28398e+03  5.18382e-01
 4.28424e+03  5.23284e-01
 4.28450e+03  5.12704e-01
 4.28476e+03  5.13126e-01
 4.28502e+03  5.30723e-01
 4.28528e+03  5.19176e-01
 4.28554e+03  5.23704e-01
 4.28579e+03  5.20293e-01
 4.28605e+03  5.00498e-01
 4.28631e+03  5.16515e-01
 4.28657e+03  5.10897e-01
 4.28683e+03  5.13834e-01
 4.28709e+03  5.41132e-01
 4.28735e+03  5.25087e-01
 4.28761e+03  5.31940e-01
 4.28787e+03  5.12177e-01
 4.28813e+03  5.12172e-01
 4.28839e+03  5.32082e-01
 4.28865e+03  5.23516e-01
 4.28891e+03  5.24297e-01
 4.28916e+03  5.20353e-01
 4.28942e+03  5.19216e-01
 4.28968e+03  5.22705e-01
 4.28994e+03  5.13002e-01
 4.29020e+03  5.23385e-01
 4.29046e+03  5.21682e-01
 4.29072e+03  5.18030e-01
 4.29098e+03  5.21575e-01
 4.29124e+03  5.16950e-01
 4.29150e+03  5.12831e-01
 4.29176e+03  5.14096e-01
 4.29202e+03  5.15078e-01
 4.29227e+03  5.24510e-01
 4.29253e+03  5.40923e-01
 4.29279e+03  5.13928e-01
 4.29305e+03  5.22559e-01
 4.29331e+03  5.26454e-01
 4.29357e+03  5.09141e-01
 4.29383e+03  5.17930e-01
 4.29409e+03  5.18675e-01
 4.29435e+03  5.33477e-01
 4.29461e+03  5.10080e-01
 4.29487e+03  5.03111e-01
 4.29513e+03  5.20904e-01
 4.29539e+03  5.26902e-01
 4.29564e+03  5.24231e-01
 4.29590e+03  5.31438e-01
 4.29616e+03  5.10313e-01
 4.29642e+03  5.21908e-01
 4.29668e+03  5.10029e-01
 4.29694e+03  5.15486e-01
 4.29720e+03  5.31627e-01
 4.29746e+03  5.11506e-01
 4.29772e+03  5.16757e-01
 4.29798e+03  5.31451e-01
 4.29824e+03  5.12988e-01
 4.29850e+03  5.30364e-01
 4.29875e+03  5.24511e-01
 4.29901e+03  5.27321e-01
 4.29927e+03  4.85275e-01
 4.29953e+03  5.31190e-01
 4.29979e+03  4.99151e-01
 4.30005e+03  5.07342e-01
 4.30031e+03  5.19444e-01
 4.30057e+03  4.97300e-01
 4.30083e+03  4.94492e-01
 4.30109e+03  4.92348e-01
 4.30135e+03  4.83013e-01
 4.30161e+03  5.13100e-01
 4.30187e+03  5.07632e-01
 4.30212e+03  5.10654e-01
 4.30238e+03  5.23332e-01
 4.30264e+03  4.95133e-01
 4.30290e+03  4.81568e-01
 4.30316e+03  4.99570e-01
 4.30342e+03  4.99450e-01
 4.30368e+03  4.88526e-01
 4.30394e+03  4.76761e-01
 4.30420e+03  4.97434e-01
 4.30446e+03  4.82371e-01
 4.30472e+03  4.99757e-01
 4.30498e+03  4.69528e-01
 4.30523e+03  4.94902e-01
 4.30549e+03  4.87274e-01
 4.30575e+03  4.85519e-01
 4.30601e+03  4.78658e-01
 4.30627e+03  4.87113e-01
 4.30653e+03  4.51717e-01
 4.30679e+03  4.86168e-01
 4.30705e+03  4.81935e-01
 4.30731e+03  4.80220e-01
 4.30757e+03  4.66721e-01
 4.30783e+03  4.70347e-01
 4.30809e+03  4.64641e-01
 4.30835e+03  4.65863e-01
 4.30860e+03  4.57644e-01
 4.30886e+03  4.61163e-01
 4.30912e+03  4.50765e-01
 4.30938e+03  4.43816e-01
 4.30964e+03  4.50091e-01
 4.30990e+03  4.50541e-01
 4.31016e+03  4.45540e-01
 4.31042e+03  4.52268e-01
 4.31068e+03  4.34923e-01
 4.31094e+03  4.39689e-01
 4.31120e+03  4.26582e-01
 4.31146e+03  4.28474e-01
 4.31171e+03  4.29496e-01
 4.31197e+03  4.10665e-01
 4.31223e+03  3.99681e-01
 4.31249e+03  4.21756e-01
 4.31275e+03  3.99707e-01
 4.31301e+03  4.08647e-01
 4.31327e+03  3.87887e-01
 4.31353e+03  3.99310e-01
 4.31379e+03  3.97476e-01
 4.31405e+03  3.83765e-01
 4.31431e+03  3.95442e-01
 4.31457e+03  3.85188e-01
 4.31483e+03  3.72189e-01
 4.31508e+03  3.82268e-01
 4.31534e+03  3.64668e-01
 4.31560e+03  3.73873e-01
 4.31586e+03  3.60435e-01
 4.31612e+03  3.62543e-01
 4.31638e+03  3.55940e-01
 4.31664e+03  3.39783e-01
 4.31690e+03  3.33686e-01
 4.31716e+03  3.38406e-01
 4.31742e+03  3.38829e-01
 4.31768e+03  3.26080e-01
 4.31794e+03  3.23407e-01
 4.31819e+03  3.48830e-01
 4.31845e+03  3.15485e-01
 4.31871e+03  3.08394e-01
 4.31897e+03  3.18558e-01
 4.31923e+03  3.10740e-01
 4.31949e+03  3.00439e-01
 4.31975e+03  3.02777e-01
 4.32001e+03  2.98756e-01
 4.32027e+03  3.00168e-01
 4.32053e+03  2.85981e-01
 4.32079e+03  2.70923e-01
 4.32105e+03  2.77461e-01
 4.32131e+03  2.71796e-01
 4.32156e+03  2.77393e-01
 4.32182e+03  2.68016e-01
 4.32208e+03  2.63945e-01
 4.32234e+03  2.51060e-01
 4.32260e+03  2.54382e-01
 4.32286e+03  2.56155e-01
 4.32312e+03  2.43818e-01
 4.32338e+03  2.37022e-01
 4.32364e+03  2.39177e-01
 4.32390e+03  2.43066e-01
 4.32416e+03  2.39655e-01
 4.32442e+03  2.30688e-01
 4.32467e+03  2.19077e-01
 4.32493e+03  2.24714e-01
 4.32519e+03  2.19543e-01
 4.32545e+03  2.14817e-01
 4.32571e+03  1.98465e-01
 4.32597e+03  2.10874e-01
 4.32623e+03  2.09716e-01
 4.32649e+03  1.98992e-01
 4.32675e+03  1.84468e-01
 4.32701e+03  1.94183e-01
 4.32727e+03  1.87499e-01
 4.32753e+03  1.91950e-01
 4.32779e+03  1.72972e-01
 4.32804e+03  1.76510e-01
 4.32830e+03  1.73558e-01
 4.32856e+03  1.64557e-01
 4.32882e+03  1.76706e-01
 4.32908e+03  1.66799e-01
 4.32934e+03  1.66844e-01
 4.32960e+03  1.65224e-01
 4.32986e+03  1.61528e-01
 4.33012e+03  1.49670e-01
 4.33038e+03  1.49899e-01
 4.33064e+03  1.50594e-01
 4.33090e+03  1.45265e-01
 4.33115e+03  1.35760e-01
 4.33141e+03  1.35039e-01
 4.33167e+03  1.34432e-01
 4.33193e+03  1.37686e-01
 4.33219e+03  1.38406e-01
 4.33245e+03  1.34803e-01
 4.33271e+03  1.30401e-01
 4.33297e+03  1.11284e-01
 4.33323e+03  1.15171e-01
 4.33349e+03  1.22414e-01
 4.33375e+03  1.14306e-01
 4.33401e+03  1.23565e-01
 4.33427e+03  1.09587e-01
 4.33452e+03  1.18355e-01
 4.33478e+03  1.12755e-01
 4.33504e+03  1.13952e-01
 4.33530e+03  1.04436e-01
 4.33556e+03  9.70316e-02
 4.33582e+03  1.04242e-01
 4.33608e+03  1.02657e-01
 4.33634e+03  1.05476e-01
 4.33660e+03  1.06907e-01
 4.33686e+03  1.04488e-01
 4.33712e+03  9.54476e-02
 4.33738e+03  9.47531e-02
 4.33763e+03  9.06129e-02
 4.33789e+03  8.33764e-02
 4.33815e+03  9.21171e-02
 4.33841e+03  8.34883e-02
 4.33867e+03  8.27195e-02
 4.33893e+03  8.06253e-02
 4.33919e+03  8.00045e-02
 4.33945e+03  9.37280e-02
 4.33971e+03  7.92423e-02
 4.33997e+03  8.29624e-02
 4.34023e+03  7.51112e-02
 4.34049e+03  8.11403e-02
 4.34075e+03  7.47490e-02
 4.34100e+03  8.22347e-02
 4.34126e+03  6.61211e-02
 4.34152e+03  7.28525e-02
 4.34178e+03  6.96225e-02
 4.34204e+03  6.19659e-02
 4.34230e+03  5.60028e-02
 4.34256e+03  5.86470e-02
 4.34282e+03  6.24007e-02
 4.34308e+03  7.27861e-02
 4.34334e+03  6.10346e-02
 4.34360e+03  6.10577e-02
 4.34386e+03  6.45327e-02
 4.34411e+03  6.01029e-02
 4.34437e+03  6.27351e-02
 4.34463e+03  5.02106e-02
 4.34489e+03  5.58576e-02
 4.34515e+03  5.95483e-02
 4.34541e+03  4.96871e-02
 4.34567e+03  5.79709e-02
 4.34593e+03  5.09655e-02
 4.34619e+03  5.31365e-02
 4.34645e+03  4.94522e-02
 4.34671e+03  4.51991e-02
 4.34697e+03  4.44995e-02
 4.34723e+03  4.25721e-02
 4.34748e+03  4.77990e-02
 4.34774e+03  4.61192e-02
 4.34800e+03  5.10361e-02
 4.34826e+03  4.09775e-02
 4.34852e+03  5.32273e-02
 4.34878e+03  3.97708e-02
 4.34904e+03  4.49161e-02
 4.34930e+03  4.01711e-02
 4.34956e+03  3.98351e-02
 4.34982e+03  3.63949e-02
 4.35008e+03  3.37338e-02
 4.35034e+03  4.15936e-02
 4.35059e+03  4.03786e-02
 4.35085e+03  3.08438e-02
 4.35111e+03  3.75444e-02
 4.35137e+03  4.59433e-02
 4.35163e+03  3.33706e-02
 4.35189e+03  3.55994e-02
 4.35215e+03  3.57369e-02
 4.35241e+03  3.20017e-02
 4.35267e+03  3.01740e-02
 4.35293e+03  4.04845e-02
 4.35319e+03  3.12514e-02
 4.35345e+03  3.23644e-02
 4.35371e+03  3.22944e-02
 4.35396e+03  3.54251e-02
 4.35422e+03  3.20343e-02
 4.35448e+03  3.57651e-02
 4.35474e+03  1.87930e-02
 4.35500e+03  2.39697e-02
 4.35526e+03  2.25972e-02
 4.35552e+03  2.72430e-02
 4.35578e+03  2.48526e-02
 4.35604e+03  2.81334e-02
 4.35630e+03  2.86707e-02
 4.35656e+03  2.24706e-02
 4.35682e+03  2.46107e-02
 4.35707e+03  2.07432e-02
 4.35733e+03  3.01889e-02
 4.35759e+03  1.96290e-02
 4.35785e+03  1.35230e-02
 4.35811e+03  2.36213e-02
 4.35837e+03  1.48153e-02
 4.35863e+03  2.79629e-02
 4.35889e+03  2.82067e-02
 4.35915e+03  1.88292e-02
 4.35941e+03  2.15399e-02
 4.35967e+03  2.34211e-02
 4.35993e+03  2.84023e-02
 4.36019e+03  1.99705e-02
 4.36044e+03  1.55110e-02
 4.36070e+03  2.31588e-02
 4.36096e+03  2.67323e-02
 4.36122e+03  2.54775e-02
 4.36148e+03  1.73616e-02
 4.36174e+03  2.34232e-02
 4.36200e+03  1.22283e-02
 4.36226e+03  2.61602e-02
 4.36252e+03  2.45286e-02
 4.36278e+03  2.29746e-02
 4.36304e+03  1.72809e-02
 4.36330e+03  1.85868e-02
 4.36355e+03  9.28650e-01
