 4.70024e+03  7.66509e-03
 4.70050e+03  7.12010e-03
 4.70076e+03  7.60252e-03
 4.70102e+03  7.04527e-03
 4.70128e+03  7.62545e-03
 4.70154e+03  8.02973e-03
 4.70180e+03  7.54490e-03
 4.70206e+03  7.95810e-03
 4.70232e+03  8.33986e-03
 4.70258e+03  7.54358e-03
 4.70284e+03  8.29609e-03
 4.70310e+03  8.20899e-03
 4.70336e+03  6.82162e-03
 4.70362e+03  7.93961e-03
 4.70388e+03  7.66780e-03
 4.70414e+03  7.78875e-03
 4.70440e+03  7.59088e-03
 4.70466e+03  8.82269e-03
 4.70492e+03  7.93058e-03
 4.70518e+03  7.55293e-03
 4.70544e+03  8.70421e-03
 4.70570e+03  8.05597e-03
 4.70596e+03  8.30512e-03
 4.70622e+03  7.76602e-03
 4.70648e+03  8.11700e-03
 4.70674e+03  7.70612e-03
 4.70700e+03  8.34374e-03
 4.70726e+03  7.18854e-03
 4.70752e+03  8.44416e-03
 4.70778e+03  8.76786e-03
 4.70804e+03  8.04591e-03
 4.70830e+03  9.03886e-03
 4.70856e+03  8.61293e-03
 4.70882e+03  8.81041e-03
 4.70908e+03  9.08406e-03
 4.70934e+03  8.57855e-03
 4.70960e+03  8.66440e-03
 4.70986e+03  8.41027e-03
 4.71012e+03  9.50207e-03
 4.71038e+03  8.48600e-03
 4.71064e+03  8.66707e-03
 4.71090e+03  9.04210e-03
 4.71116e+03  1.03002e-02
 4.71142e+03  8.92657e-03
 4.71168e+03  8.05310e-03
 4.71194e+03  8.91404e-03
 4.71220e+03  9.10466e-03
 4.71246e+03  9.54688e-03
 4.71272e+03  9.19985e-03
 4.71298e+03  8.98250e-03
 4.71324e+03  8.67253e-03
 4.71350e+03  9.91285e-03
 4.71376e+03  9.60130e-03
 4.71402e+03  9.38933e-03
 4.71428e+03  9.66865e-03
 4.71454e+03  9.30656e-03
 4.71480e+03  9.49903e-03
 4.71506e+03  9.36819e-03
 4.71532e+03  9.20678e-03
 4.71558e+03  9.86216e-03
 4.71584e+03  1.01343e-02
 4.71610e+03  1.04194e-02
 4.71636e+03  1.02451e-02
 4.71662e+03  1.05248e-02
 4.71688e+03  1.02672e-02
 4.71714e+03  1.00500e-02
 4.71740e+03  1.09554e-02
 4.71766e+03  1.04383e-02
 4.71792e+03  9.62673e-03
 4.71818e+03  9.91460e-03
 4.71844e+03  1.06177e-02
 4.71870e+03  1.12833e-02
 4.71896e+03  1.04628e-02
 4.71922e+03  1.08509e-02
 4.71948e+03  1.09506e-02
 4.71974e+03  1.10542e-02
 4.72000e+03  1.14014e-02
 4.72026e+03  1.10281e-02
 4.72052e+03  1.10077e-02
 4.72078e+03  1.12549e-02
 4.72104e+03  1.17829e-02
 4.72130e+03  1.11507e-02
 4.72156e+03  1.04693e-02
 4.72182e+03  1.09955e-02
 4.72208e+03  1.11720e-02
 4.72234e+03  1.11863e-02
 4.72260e+03  1.09022e-02
 4.72286e+03  1.11421e-02
 4.72312e+03  1.15802e-02
 4.72338e+03  1.19629e-02
 4.72364e+03  1.16762e-02
 4.72390e+03  1.11023e-02
 4.72416e+03  1.19623e-02
 4.72442e+03  1.17578e-02
 4.72468e+03  1.27538e-02
 4.72494e+03  1.22243e-02
 4.72520e+03  1.33016e-02
 4.72546e+03  1.25643e-02
 4.72572e+03  1.25943e-02
 4.72598e+03  1.28803e-02
 4.72624e+03  1.24398e-02
 4.72650e+03  1.26108e-02
 4.72676e+03  1.37870e-02
 4.72702e+03  1.28800e-02
 4.72728e+03  1.31522e-02
 4.72754e+03  1.35030e-02
 4.72780e+03  1.26533e-02
 4.72806e+03  1.33164e-02
 4.72832e+03  1.20523e-02
 4.72858e+03  1.24123e-02
 4.72884e+03  1.25616e-02
 4.72910e+03  1.32940e-02
 4.72936e+03  1.28666e-02
 4.72962e+03  1.31597e-02
 4.72988e+03  1.35012e-02
 4.73014e+03  1.35602e-02
 4.73040e+03  1.43282e-02
 4.73066e+03  1.35468e-02
 4.73092e+03  1.43803e-02
 4.73118e+03  1.48413e-02
 4.73144e+03  1.30129e-02
 4.73170e+03  1.49907e-02
 4.73196e+03  1.41223e-02
 4.73222e+03  1.42212e-02
 4.73248e+03  1.50145e-02
 4.73274e+03  1.42533e-02
 4.73300e+03  1.41825e-02
 4.73326e+03  1.46056e-02
 4.73352e+03  1.52863e-02
 4.73378e+03  1.48396e-02
 4.73404e+03  1.63392e-02
 4.73430e+03  1.47173e-02
 4.73456e+03  1.44906e-02
 4.73482e+03  1.48166e-02
 4.73508e+03  1.56019e-02
 4.73534e+03  1.54153e-02
 4.73560e+03  1.57909e-02
 4.73586e+03  1.57235e-02
 4.73612e+03  1.59995e-02
 4.73638e+03  1.56246e-02
 4.73664e+03  1.55722e-02
 4.73690e+03  1.53745e-02
 4.73716e+03  1.63123e-02
 4.73742e+03  1.58043e-02
 4.73768e+03  1.62892e-02
 4.73794e+03  1.61807e-02
 4.73820e+03  1.61052e-02
 4.73846e+03  1.76253e-02
 4.73872e+03  1.72874e-02
 4.73898e+03  1.75393e-02
 4.73924e+03  1.71380e-02
 4.73950e+03  1.70351e-02
 4.73976e+03  1.77307e-02
 4.74002e+03  1.67601e-02
 4.74028e+03  1.81962e-02
 4.74054e+03  1.77513e-02
 4.74080e+03  1.70563e-02
 4.74106e+03  1.61443e-02
 4.74132e+03  1.79215e-02
 4.74158e+03  1.76871e-02
 4.74184e+03  1.82864e-02
 4.74210e+03  1.82253e-02
 4.74236e+03  1.81838e-02
 4.74262e+03  1.85525e-02
 4.74288e+03  1.67328e-02
 4.74314e+03  1.52138e-02
 4.74340e+03  1.69372e-02
 4.74366e+03  1.78184e-02
 4.74392e+03  1.86182e-02
 4.74418e+03  1.88185e-02
 4.74444e+03  1.95827e-02
 4.74470e+03  1.95078e-02
 4.74496e+03  1.86841e-02
 4.74522e+03  1.95452e-02
 4.74548e+03  2.09909e-02
 4.74574e+03  1.95122e-02
 4.74600e+03  2.15137e-02
 4.74626e+03  1.93337e-02
 4.74652e+03  2.05869e-02
 4.74678e+03  1.98366e-02
 4.74704e+03  2.13504e-02
 4.74730e+03  2.07518e-02
 4.74756e+03  2.11875e-02
 4.74782e+03  2.05044e-02
 4.74808e+03  2.17342e-02
 4.74834e+03  2.08875e-02
 4.74860e+03  2.17931e-02
 4.74886e+03  2.26011e-02
 4.74912e+03  2.27278e-02
 4.74938e+03  2.22850e-02
 4.74964e+03  2.26843e-02
 4.74990e+03  2.24581e-02
 4.75016e+03  2.25046e-02
 4.75042e+03  2.20586e-02
 4.75068e+03  2.41495e-02
 4.75094e+03  2.25379e-02
 4.75120e+03  2.39316e-02
 4.75146e+03  2.33095e-02
 4.75172e+03  2.32664e-02
 4.75198e+03  2.34036e-02
 4.75224e+03  2.40469e-02
 4.75250e+03  2.46592e-02
 4.75276e+03  2.36582e-02
 4.75302e+03  2.49822e-02
 4.75328e+03  2.53506e-02
 4.75354e+03  2.61049e-02
 4.75380e+03  2.47852e-02
 4.75406e+03  2.40462e-02
 4.75432e+03  2.46022e-02
 4.75458e+03  2.55417e-02
 4.75484e+03  2.53013e-02
 4.75510e+03  2.66133e-02
 4.75536e+03  2.56514e-02
 4.75562e+03  2.59247e-02
 4.75588e+03  3.21062e-02
 4.75614e+03  6.87840e-02
 4.75640e+03  3.23870e-02
 4.75666e+03  2.59738e-02
 4.75692e+03  2.69090e-02
 4.75718e+03  2.69467e-02
 4.75744e+03  2.86986e-02
 4.75770e+03  2.78098e-02
 4.75796e+03  2.90925e-02
 4.75822e+03  2.78393e-02
 4.75848e+03  2.74886e-02
 4.75874e+03  2.84401e-02
 4.75900e+03  2.92481e-02
 4.75926e+03  2.89469e-02
 4.75952e+03  3.04327e-02
 4.75978e+03  2.91085e-02
 4.76004e+03  3.06423e-02
 4.76030e+03  3.05186e-02
 4.76056e+03  2.90156e-02
 4.76082e+03  3.09541e-02
 4.76108e+03  3.07503e-02
 4.76134e+03  3.09350e-02
 4.76160e+03  3.17581e-02
 4.76186e+03  3.08694e-02
 4.76212e+03  3.23037e-02
 4.76238e+03  3.26193e-02
 4.76264e+03  3.29651e-02
 4.76290e+03  3.16975e-02
 4.76316e+03  3.24413e-02
 4.76342e+03  3.22133e-02
 4.76368e+03  3.35994e-02
 4.76394e+03  3.30532e-02
 4.76420e+03  3.39349e-02
 4.76446e+03  3.31501e-02
 4.76472e+03  3.55626e-02
 4.76498e+03  3.53634e-02
 4.76524e+03  3.46372e-02
 4.76550e+03  3.52472e-02
 4.76576e+03  3.41041e-02
 4.76602e+03  3.65558e-02
 4.76628e+03  3.60718e-02
 4.76654e+03  3.70909e-02
 4.76680e+03  3.64821e-02
 4.76706e+03  3.74809e-02
 4.76732e+03  3.75665e-02
 4.76758e+03  3.68881e-02
 4.76784e+03  3.70225e-02
 4.76810e+03  3.90176e-02
 4.76836e+03  3.85011e-02
 4.76862e+03  3.85227e-02
 4.76888e+03  3.90063e-02
 4.76914e+03  3.86003e-02
 4.76940e+03  3.96748e-02
 4.76966e+03  3.98270e-02
 4.76992e+03  4.04164e-02
 4.77018e+03  4.07885e-02
 4.77044e+03  4.01022e-02
 4.77070e+03  4.18100e-02
 4.77096e+03  4.18071e-02
 4.77122e+03  4.19955e-02
 4.77148e+03  4.29709e-02
 4.77174e+03  4.17342e-02
 4.77200e+03  4.32012e-02
 4.77226e+03  4.31251e-02
 4.77252e+03  4.28893e-02
 4.77278e+03  4.50101e-02
 4.77304e+03  4.55266e-02
 4.77330e+03  4.43704e-02
 4.77356e+03  4.43283e-02
 4.77382e+03  4.69827e-02
 4.77408e+03  4.63796e-02
 4.77434e+03  4.73222e-02
 4.77460e+03  4.67486e-02
 4.77486e+03  4.74464e-02
 4.77512e+03  4.88868e-02
 4.77538e+03  4.85475e-02
 4.77564e+03  4.69313e-02
 4.77590e+03  4.80474e-02
 4.77616e+03  4.85406e-02
 4.77642e+03  4.95684e-02
 4.77668e+03  4.98545e-02
 4.77694e+03  4.98123e-02
 4.77720e+03  5.05574e-02
 4.77746e+03  5.20106e-02
 4.77772e+03  5.32778e-02
 4.77798e+03  5.17706e-02
 4.77824e+03  5.31656e-02
 4.77850e+03  5.23710e-02
 4.77876e+03  5.40100e-02
 4.77902e+03  5.35247e-02
 4.77928e+03  5.35423e-02
 4.77954e+03  5.61720e-02
 4.77980e+03  5.43867e-02
 4.78006e+03  5.53195e-02
 4.78032e+03  5.69669e-02
 4.78058e+03  5.49919e-02
 4.78084e+03  5.54491e-02
 4.78110e+03  5.73277e-02
 4.78136e+03  5.75508e-02
 4.78162e+03  5.88034e-02
 4.78188e+03  5.98824e-02
 4.78214e+03  5.77272e-02
 4.78240e+03  6.14334e-02
 4.78266e+03  6.12819e-02
 4.78292e+03  6.06363e-02
 4.78318e+03  6.09168e-02
 4.78344e+03  6.27020e-02
 4.78370e+03  6.54842e-02
 4.78396e+03  6.35433e-02
 4.78422e+03  6.59771e-02
 4.78448e+03  6.57329e-02
 4.78474e+03  6.40850e-02
 4.78500e+03  6.61607e-02
 4.78526e+03  6.50647e-02
 4.78552e+03  6.75532e-02
 4.78578e+03  6.66767e-02
 4.78604e+03  6.79154e-02
 4.78630e+03  6.92522e-02
 4.78656e+03  6.89213e-02
 4.78682e+03  6.92688e-02
 4.78708e+03  7.21854e-02
 4.78734e+03  7.00003e-02
 4.78760e+03  7.05772e-02
 4.78786e+03  7.31254e-02
 4.78812e+03  7.21065e-02
 4.78838e+03  7.30933e-02
 4.78864e+03  7.45009e-02
 4.78890e+03  7.48016e-02
 4.78916e+03  7.78314e-02
 4.78942e+03  7.75132e-02
 4.78968e+03  7.46233e-02
 4.78994e+03  7.86495e-02
 4.79020e+03  7.93214e-02
 4.79046e+03  7.75167e-02
 4.79072e+03  7.95835e-02
 4.79098e+03  8.21215e-02
 4.79124e+03  8.16905e-02
 4.79150e+03  7.94522e-02
 4.79176e+03  8.25095e-02
 4.79202e+03  8.44389e-02
 4.79228e+03  8.41905e-02
 4.79254e+03  8.62852e-02
 4.79280e+03  8.61631e-02
 4.79306e+03  8.72358e-02
 4.79332e+03  8.61153e-02
 4.79358e+03  9.09184e-02
 4.79384e+03  9.11949e-02
 4.79410e+03  8.87386e-02
 4.79436e+03  8.85394e-02
 4.79462e+03  9.32531e-02
 4.79488e+03  9.39562e-02
 4.79514e+03  9.19949e-02
 4.79540e+03  9.45627e-02
 4.79566e+03  9.68148e-02
 4.79592e+03  9.68958e-02
 4.79618e+03  9.83082e-02
 4.79644e+03  9.81460e-02
 4.79670e+03  1.02534e-01
 4.79696e+03  1.00371e-01
 4.79722e+03  9.81512e-02
 4.79748e+03  1.03482e-01
 4.79774e+03  1.02755e-01
 4.79800e+03  1.05190e-01
 4.79826e+03  1.02727e-01
 4.79852e+03  1.05285e-01
 4.79878e+03  1.05240e-01
 4.79904e+03  1.07834e-01
 4.79930e+03  1.08476e-01
 4.79956e+03  1.09310e-01
 4.79982e+03  1.12621e-01
 4.80008e+03  1.11441e-01
 4.80034e+03  1.11213e-01
 4.80060e+03  1.11728e-01
 4.80086e+03  1.07090e-01
 4.80112e+03  1.15764e-01
 4.80138e+03  1.19949e-01
 4.80164e+03  1.19975e-01
 4.80190e+03  1.18140e-01
 4.80216e+03  1.20809e-01
 4.80242e+03  1.20387e-01
 4.80268e+03  1.22758e-01
 4.80294e+03  1.26210e-01
 4.80320e+03  1.24361e-01
 4.80346e+03  1.28238e-01
 4.80372e+03  1.30358e-01
 4.80398e+03  1.29345e-01
 4.80424e+03  1.29222e-01
 4.80450e+03  1.32152e-01
 4.80476e+03  1.33296e-01
 4.80502e+03  1.33079e-01
 4.80528e+03  1.33904e-01
 4.80554e+03  1.35153e-01
 4.80580e+03  1.36576e-01
 4.80606e+03  1.41800e-01
 4.80632e+03  1.41871e-01
 4.80658e+03  1.45607e-01
 4.80684e+03  1.42011e-01
 4.80710e+03  1.45003e-01
 4.80736e+03  1.46937e-01
 4.80762e+03  1.49440e-01
 4.80788e+03  1.49923e-01
 4.80814e+03  1.52320e-01
 4.80840e+03  1.54628e-01
 4.80866e+03  1.55589e-01
 4.80892e+03  1.56199e-01
 4.80918e+03  1.55638e-01
 4.80944e+03  1.57698e-01
 4.80970e+03  1.59042e-01
 4.80996e+03  1.62479e-01
 4.81022e+03  1.62902e-01
 4.81048e+03  1.66329e-01
 4.81074e+03  1.65792e-01
 4.81100e+03  1.64782e-01
 4.81126e+03  1.71203e-01
 4.81152e+03  1.69922e-01
 4.81178e+03  1.73099e-01
 4.81204e+03  1.76466e-01
 4.81230e+03  1.75350e-01
 4.81256e+03  1.78235e-01
 4.81282e+03  1.80333e-01
 4.81308e+03  1.78525e-01
 4.81334e+03  1.78482e-01
 4.81360e+03  1.81926e-01
 4.81386e+03  1.83711e-01
 4.81412e+03  1.87735e-01
 4.81438e+03  1.89134e-01
 4.81464e+03  1.88543e-01
 4.81490e+03  1.89828e-01
 4.81516e+03  1.94860e-01
 4.81542e+03  1.93831e-01
 4.81568e+03  1.97489e-01
 4.81594e+03  1.95999e-01
 4.81620e+03  1.97952e-01
 4.81646e+03  2.04439e-01
 4.81672e+03  2.05730e-01
 4.81698e+03  2.01887e-01
 4.81724e+03  2.09683e-01
 4.81750e+03  2.10242e-01
 4.81776e+03  2.09418e-01
 4.81802e+03  2.16733e-01
 4.81828e+03  2.15288e-01
 4.81854e+03  2.16295e-01
 4.81880e+03  2.18661e-01
 4.81906e+03  2.21081e-01
 4.81932e+03  2.21138e-01
 4.81958e+03  2.29283e-01
 4.81984e+03  2.27238e-01
 4.82010e+03  2.26934e-01
 4.82036e+03  2.31753e-01
 4.82062e+03  2.34389e-01
 4.82088e+03  2.33941e-01
 4.82114e+03  2.34205e-01
 4.82140e+03  2.35541e-01
 4.82166e+03  2.40070e-01
 4.82192e+03  2.42374e-01
 4.82218e+03  2.44844e-01
 4.82244e+03  2.51267e-01
 4.82270e+03  2.51644e-01
 4.82296e+03  2.51829e-01
 4.82322e+03  2.53519e-01
 4.82348e+03  2.57043e-01
 4.82374e+03  2.55070e-01
 4.82400e+03  2.60343e-01
 4.82426e+03  2.57403e-01
 4.82452e+03  2.61551e-01
 4.82478e+03  2.65711e-01
 4.82504e+03  2.70613e-01
 4.82530e+03  2.67174e-01
 4.82556e+03  2.65084e-01
 4.82582e+03  2.52855e-01
 4.82608e+03  2.75948e-01
 4.82634e+03  2.79393e-01
 4.82660e+03  2.83395e-01
 4.82686e+03  2.78653e-01
 4.82712e+03  2.81757e-01
 4.82738e+03  2.84977e-01
 4.82764e+03  2.86641e-01
 4.82790e+03  2.92322e-01
 4.82816e+03  2.97974e-01
 4.82842e+03  2.97147e-01
 4.82868e+03  3.01800e-01
 4.82894e+03  2.99448e-01
 4.82920e+03  3.04508e-01
 4.82946e+03  3.07170e-01
 4.82972e+03  3.04036e-01
 4.82998e+03  3.08720e-01
 4.83024e+03  3.12263e-01
 4.83050e+03  3.10656e-01
 4.83076e+03  3.17879e-01
 4.83102e+03  3.19185e-01
 4.83128e+03  3.18874e-01
 4.83154e+03  3.18150e-01
 4.83180e+03  3.26274e-01
 4.83206e+03  3.25059e-01
 4.83232e+03  3.29283e-01
 4.83258e+03  3.32793e-01
 4.83284e+03  3.31486e-01
 4.83310e+03  3.35365e-01
 4.83336e+03  3.38398e-01
 4.83362e+03  3.37713e-01
 4.83388e+03  3.39305e-01
 4.83414e+03  3.42838e-01
 4.83440e+03  3.43478e-01
 4.83466e+03  3.48080e-01
 4.83492e+03  3.49384e-01
 4.83518e+03  3.48454e-01
 4.83544e+03  3.54562e-01
 4.83570e+03  3.58301e-01
 4.83596e+03  3.55231e-01
 4.83622e+03  3.66450e-01
 4.83648e+03  3.60002e-01
 4.83674e+03  3.62899e-01
 4.83700e+03  3.64102e-01
 4.83726e+03  3.64311e-01
 4.83752e+03  3.67293e-01
 4.83778e+03  3.75239e-01
 4.83804e+03  3.73642e-01
 4.83830e+03  3.72951e-01
 4.83856e+03  3.75821e-01
 4.83882e+03  3.81398e-01
 4.83908e+03  3.77987e-01
 4.83934e+03  3.82757e-01
 4.83960e+03  3.83220e-01
 4.83986e+03  3.83563e-01
 4.84012e+03  3.88878e-01
 4.84038e+03  3.87548e-01
 4.84064e+03  3.91333e-01
 4.84090e+03  3.95328e-01
 4.84116e+03  3.93321e-01
 4.84142e+03  3.92312e-01
 4.84168e+03  4.03948e-01
 4.84194e+03  3.99630e-01
 4.84220e+03  4.01787e-01
 4.84246e+03  4.06516e-01
 4.84272e+03  3.99868e-01
 4.84298e+03  4.03940e-01
 4.84324e+03  4.08333e-01
 4.84350e+03  4.11062e-01
 4.84376e+03  4.11557e-01
 4.84402e+03  4.07673e-01
 4.84428e+03  4.13604e-01
 4.84454e+03  4.13840e-01
 4.84480e+03  4.13142e-01
 4.84506e+03  4.18659e-01
 4.84532e+03  4.17909e-01
 4.84558e+03  4.24350e-01
 4.84584e+03  4.20027e-01
 4.84610e+03  4.25677e-01
 4.84636e+03  4.26455e-01
 4.84662e+03  4.23695e-01
 4.84688e+03  4.31509e-01
 4.84714e+03  4.31639e-01
 4.84740e+03  4.26324e-01
 4.84766e+03  4.31075e-01
 4.84792e+03  4.34974e-01
 4.84818e+03  4.32523e-01
 4.84844e+03  4.35322e-01
 4.84870e+03  4.37699e-01
 4.84896e+03  4.33861e-01
 4.84922e+03  4.34139e-01
 4.84948e+03  4.37423e-01
 4.84974e+03  4.39737e-01
 4.85000e+03  4.46439e-01
 4.85026e+03  4.39361e-01
 4.85052e+03  4.43151e-01
 4.85078e+03  4.38579e-01
 4.85104e+03  4.40363e-01
 4.85130e+03  4.41696e-01
 4.85156e+03  4.45639e-01
 4.85182e+03  4.46700e-01
 4.85208e+03  4.47228e-01
 4.85234e+03  4.51999e-01
 4.85260e+03  4.48806e-01
 4.85286e+03  4.50465e-01
 4.85312e+03  4.54945e-01
 4.85338e+03  4.48809e-01
 4.85364e+03  4.57859e-01
 4.85390e+03  4.52789e-01
 4.85416e+03  4.51468e-01
 4.85442e+03  4.54109e-01
 4.85468e+03  4.56956e-01
 4.85494e+03  4.54084e-01
 4.85520e+03  4.60381e-01
 4.85546e+03  4.59596e-01
 4.85572e+03  4.58947e-01
 4.85598e+03  4.59590e-01
 4.85624e+03  4.61908e-01
 4.85650e+03  4.56845e-01
 4.85676e+03  4.64027e-01
 4.85702e+03  4.59652e-01
 4.85728e+03  4.62616e-01
 4.85754e+03  4.61007e-01
 4.85780e+03  4.61135e-01
 4.85806e+03  4.62510e-01
 4.85832e+03  4.59970e-01
 4.85858e+03  4.63537e-01
 4.85884e+03  4.62889e-01
 4.85910e+03  4.69466e-01
 4.85936e+03  4.61904e-01
 4.85962e+03  4.64235e-01
 4.85988e+03  4.69003e-01
 4.86014e+03  4.67379e-01
 4.86040e+03  4.63284e-01
 4.86066e+03  4.63033e-01
 4.86092e+03  4.67307e-01
 4.86118e+03  4.67091e-01
 4.86144e+03  4.70376e-01
 4.86170e+03  4.67257e-01
 4.86196e+03  4.67962e-01
 4.86222e+03  4.70161e-01
 4.86248e+03  4.70421e-01
 4.86274e+03  4.65130e-01
 4.86300e+03  4.72119e-01
 4.86326e+03  4.71146e-01
 4.86352e+03  4.70101e-01
 4.86378e+03  4.69125e-01
 4.86404e+03  4.67617e-01
 4.86430e+03  4.66794e-01
 4.86456e+03  4.68414e-01
 4.86482e+03  4.68627e-01
 4.86508e+03  4.69255e-01
 4.86534e+03  4.73640e-01
 4.86560e+03  4.67865e-01
 4.86586e+03  4.69937e-01
 4.86612e+03  4.68935e-01
 4.86638e+03  4.74395e-01
 4.86664e+03  4.68054e-01
 4.86690e+03  4.69069e-01
 4.86716e+03  4.71044e-01
 4.86742e+03  4.67138e-01
 4.86768e+03  4.70114e-01
 4.86794e+03  4.66897e-01
 4.86820e+03  4.66350e-01
 4.86846e+03  4.69782e-01
 4.86872e+03  4.71282e-01
 4.86898e+03  4.69931e-01
 4.86924e+03  4.71808e-01
 4.86950e+03  4.72363e-01
 4.86976e+03  4.66593e-01
 4.87002e+03  4.73711e-01
 4.87028e+03  4.72509e-01
 4.87054e+03  4.68719e-01
 4.87080e+03  4.73201e-01
 4.87106e+03  4.73948e-01
 4.87132e+03  4.70687e-01
 4.87158e+03  4.71399e-01
 4.87184e+03  4.72995e-01
 4.87210e+03  4.72539e-01
 4.87236e+03  4.72667e-01
 4.87262e+03  4.70779e-01
 4.87288e+03  4.71490e-01
 4.87314e+03  4.70829e-01
 4.87340e+03  4.73706e-01
 4.87366e+03  4.73748e-01
 4.87392e+03  4.69740e-01
 4.87418e+03  4.74667e-01
 4.87444e+03  4.73687e-01
 4.87470e+03  4.68049e-01
 4.87496e+03  4.70690e-01
 4.87522e+03  4.71503e-01
 4.87548e+03  4.68043e-01
 4.87574e+03  4.70151e-01
 4.87600e+03  4.66456e-01
 4.87626e+03  4.71329e-01
 4.87652e+03  4.73170e-01
 4.87678e+03  4.65716e-01
 4.87704e+03  4.69536e-01
 4.87730e+03  4.72907e-01
 4.87756e+03  4.67397e-01
 4.87782e+03  4.66552e-01
 4.87808e+03  4.72231e-01
 4.87834e+03  4.71276e-01
 4.87860e+03  4.68707e-01
 4.87886e+03  4.70442e-01
 4.87912e+03  4.68020e-01
 4.87938e+03  4.67668e-01
 4.87964e+03  4.71785e-01
 4.87990e+03  4.66166e-01
 4.88016e+03  4.72715e-01
 4.88042e+03  4.67692e-01
 4.88068e+03  4.74806e-01
 4.88094e+03  4.72057e-01
 4.88120e+03  4.64941e-01
 4.88146e+03  4.70944e-01
 4.88172e+03  4.65792e-01
 4.88198e+03  4.66885e-01
 4.88224e+03  4.69630e-01
 4.88250e+03  4.69011e-01
 4.88276e+03  4.71421e-01
 4.88302e+03  4.67057e-01
 4.88328e+03  4.71049e-01
 4.88354e+03  4.74223e-01
 4.88380e+03  4.68281e-01
 4.88406e+03  4.67523e-01
 4.88432e+03  4.68199e-01
 4.88458e+03  4.66949e-01
 4.88484e+03  4.69215e-01
 4.88510e+03  4.66417e-01
 4.88536e+03  4.70671e-01
 4.88562e+03  4.67833e-01
 4.88588e+03  4.66785e-01
 4.88614e+03  4.67661e-01
 4.88640e+03  4.67216e-01
 4.88666e+03  4.67722e-01
 4.88692e+03  4.66380e-01
 4.88718e+03  4.66452e-01
 4.88744e+03  4.64839e-01
 4.88770e+03  4.69371e-01
 4.88796e+03  4.66749e-01
 4.88822e+03  4.62056e-01
 4.88848e+03  4.68742e-01
 4.88874e+03  4.67071e-01
 4.88900e+03  4.64525e-01
 4.88926e+03  4.65802e-01
 4.88952e+03  4.62284e-01
 4.88978e+03  4.64320e-01
 4.89004e+03  4.64413e-01
 4.89030e+03  4.67453e-01
 4.89056e+03  4.61103e-01
 4.89082e+03  4.63111e-01
 4.89108e+03  4.66681e-01
 4.89134e+03  4.65694e-01
 4.89160e+03  4.62768e-01
 4.89186e+03  4.68085e-01
 4.89212e+03  4.63675e-01
 4.89238e+03  4.61214e-01
 4.89264e+03  4.68596e-01
 4.89290e+03  4.65536e-01
 4.89316e+03  4.62471e-01
 4.89342e+03  4.65080e-01
 4.89368e+03  4.57754e-01
 4.89394e+03  4.58030e-01
 4.89420e+03  4.60674e-01
 4.89446e+03  4.59244e-01
 4.89472e+03  4.62880e-01
 4.89498e+03  4.65337e-01
 4.89524e+03  4.61555e-01
 4.89550e+03  4.59455e-01
 4.89576e+03  4.57001e-01
 4.89602e+03  4.63000e-01
 4.89628e+03  4.64142e-01
 4.89654e+03  4.57736e-01
 4.89680e+03  4.59792e-01
 4.89706e+03  4.60252e-01
 4.89732e+03  4.60014e-01
 4.89758e+03  4.58738e-01
 4.89784e+03  4.56558e-01
 4.89810e+03  4.56512e-01
 4.89836e+03  4.60044e-01
 4.89862e+03  4.57241e-01
 4.89888e+03  4.57306e-01
 4.89914e+03  4.57164e-01
 4.89940e+03  4.53597e-01
 4.89966e+03  4.57652e-01
 4.89992e+03  4.55337e-01
 4.90018e+03  4.54947e-01
 4.90044e+03  4.55452e-01
 4.90070e+03  4.57662e-01
 4.90096e+03  4.59109e-01
 4.90122e+03  4.56620e-01
 4.90148e+03  4.48325e-01
 4.90174e+03  4.53651e-01
 4.90200e+03  4.52442e-01
 4.90226e+03  4.48761e-01
 4.90252e+03  4.51409e-01
 4.90278e+03  4.50960e-01
 4.90304e+03  4.47289e-01
 4.90330e+03  4.54801e-01
 4.90356e+03  4.51921e-01
 4.90382e+03  4.49152e-01
 4.90408e+03  4.48130e-01
 4.90434e+03  4.44085e-01
 4.90460e+03  4.45874e-01
 4.90486e+03  4.45071e-01
 4.90512e+03  4.47073e-01
 4.90538e+03  4.44690e-01
 4.90564e+03  4.47695e-01
 4.90590e+03  4.43791e-01
 4.90616e+03  4.42158e-01
 4.90642e+03  4.36675e-01
 4.90668e+03  4.40361e-01
 4.90694e+03  4.33449e-01
 4.90720e+03  4.34900e-01
 4.90746e+03  4.36658e-01
 4.90772e+03  4.36935e-01
 4.90798e+03  4.36171e-01
 4.90824e+03  4.35464e-01
 4.90850e+03  4.35044e-01
 4.90876e+03  4.31739e-01
 4.90902e+03  4.34369e-01
 4.90928e+03  4.33720e-01
 4.90954e+03  4.28083e-01
 4.90980e+03  4.30517e-01
 4.91006e+03  4.27674e-01
 4.91032e+03  4.24270e-01
 4.91058e+03  4.29818e-01
 4.91084e+03  4.26138e-01
 4.91110e+03  4.24725e-01
 4.91136e+03  4.23656e-01
 4.91162e+03  4.21435e-01
 4.91188e+03  4.25348e-01
 4.91214e+03  4.24795e-01
 4.91240e+03  4.18795e-01
 4.91266e+03  4.20534e-01
 4.91292e+03  4.16811e-01
 4.91318e+03  4.15967e-01
 4.91344e+03  4.12569e-01
 4.91370e+03  4.12484e-01
 4.91396e+03  4.10030e-01
 4.91422e+03  4.11952e-01
 4.91448e+03  4.07235e-01
 4.91474e+03  4.06998e-01
 4.91500e+03  4.10969e-01
 4.91526e+03  4.07492e-01
 4.91552e+03  4.06065e-01
 4.91578e+03  4.06109e-01
 4.91604e+03  4.03513e-01
 4.91630e+03  4.00874e-01
 4.91656e+03  3.97587e-01
 4.91682e+03  3.97613e-01
 4.91708e+03  3.94502e-01
 4.91734e+03  3.94820e-01
 4.91760e+03  3.92157e-01
 4.91786e+03  3.93461e-01
 4.91812e+03  3.90812e-01
 4.91838e+03  3.91774e-01
 4.91864e+03  3.91578e-01
 4.91890e+03  3.89390e-01
 4.91916e+03  3.85356e-01
 4.91942e+03  3.81498e-01
 4.91968e+03  3.81406e-01
 4.91994e+03  3.77542e-01
 4.92020e+03  3.76807e-01
 4.92046e+03  3.77579e-01
 4.92072e+03  3.73563e-01
 4.92098e+03  3.70904e-01
 4.92124e+03  3.69150e-01
 4.92150e+03  3.67966e-01
 4.92176e+03  3.69164e-01
 4.92202e+03  3.62569e-01
 4.92228e+03  3.62684e-01
 4.92254e+03  3.61725e-01
 4.92280e+03  3.61504e-01
 4.92306e+03  3.58061e-01
 4.92332e+03  3.57471e-01
 4.92358e+03  3.54353e-01
 4.92384e+03  3.52481e-01
 4.92410e+03  3.49751e-01
 4.92436e+03  3.47830e-01
 4.92462e+03  3.46860e-01
 4.92488e+03  3.46805e-01
 4.92514e+03  3.41802e-01
 4.92540e+03  3.36156e-01
 4.92566e+03  3.38570e-01
 4.92592e+03  3.34896e-01
 4.92618e+03  3.32701e-01
 4.92644e+03  3.29240e-01
 4.92670e+03  3.32413e-01
 4.92696e+03  3.29458e-01
 4.92722e+03  3.26875e-01
 4.92748e+03  3.23491e-01
 4.92774e+03  3.25498e-01
 4.92800e+03  3.23261e-01
 4.92826e+03  3.17588e-01
 4.92852e+03  3.17875e-01
 4.92878e+03  3.13498e-01
 4.92904e+03  3.14350e-01
 4.92930e+03  3.08363e-01
 4.92956e+03  3.09218e-01
 4.92982e+03  3.08558e-01
 4.93008e+03  3.07189e-01
 4.93034e+03  3.03986e-01
 4.93060e+03  3.00300e-01
 4.93086e+03  3.00542e-01
 4.93112e+03  2.97010e-01
 4.93138e+03  2.96752e-01
 4.93164e+03  2.95182e-01
 4.93190e+03  2.91647e-01
 4.93216e+03  2.87160e-01
 4.93242e+03  2.86014e-01
 4.93268e+03  2.85910e-01
 4.93294e+03  2.79515e-01
 4.93320e+03  2.79466e-01
 4.93346e+03  2.76376e-01
 4.93372e+03  2.77309e-01
 4.93398e+03  2.71953e-01
 4.93424e+03  2.72483e-01
 4.93450e+03  2.71239e-01
 4.93476e+03  2.65552e-01
 4.93502e+03  2.66354e-01
 4.93528e+03  2.64841e-01
 4.93554e+03  2.61723e-01
 4.93580e+03  2.63353e-01
 4.93606e+03  2.59174e-01
 4.93632e+03  2.51496e-01
 4.93658e+03  2.53092e-01
 4.93684e+03  2.50316e-01
 4.93710e+03  2.49895e-01
 4.93736e+03  2.47334e-01
 4.93762e+03  2.43070e-01
 4.93788e+03  2.44292e-01
 4.93814e+03  2.40950e-01
 4.93840e+03  2.40259e-01
 4.93866e+03  2.34331e-01
 4.93892e+03  2.36569e-01
 4.93918e+03  2.34410e-01
 4.93944e+03  2.31108e-01
 4.93970e+03  2.28619e-01
 4.93996e+03  2.27183e-01
 4.94022e+03  2.26298e-01
 4.94048e+03  2.26716e-01
 4.94074e+03  2.19587e-01
 4.94100e+03  2.18079e-01
 4.94126e+03  2.17260e-01
 4.94152e+03  2.14371e-01
 4.94178e+03  2.12435e-01
 4.94204e+03  2.11273e-01
 4.94230e+03  2.11709e-01
 4.94256e+03  2.09610e-01
 4.94282e+03  2.06754e-01
 4.94308e+03  2.04618e-01
 4.94334e+03  2.04290e-01
 4.94360e+03  2.00494e-01
 4.94386e+03  2.01171e-01
 4.94412e+03  1.98206e-01
 4.94438e+03  1.93810e-01
 4.94464e+03  1.92843e-01
 4.94490e+03  1.91322e-01
 4.94516e+03  1.92650e-01
 4.94542e+03  1.87566e-01
 4.94568e+03  1.86586e-01
 4.94594e+03  1.84951e-01
 4.94620e+03  1.85640e-01
 4.94646e+03  1.81254e-01
 4.94672e+03  1.79162e-01
 4.94698e+03  1.77098e-01
 4.94724e+03  1.77494e-01
 4.94750e+03  1.77756e-01
 4.94776e+03  1.75170e-01
 4.94802e+03  1.72614e-01
 4.94828e+03  1.69231e-01
 4.94854e+03  1.70726e-01
 4.94880e+03  1.66934e-01
 4.94906e+03  1.63794e-01
 4.94932e+03  1.64626e-01
 4.94958e+03  1.62846e-01
 4.94984e+03  1.63786e-01
 4.95010e+03  1.59002e-01
 4.95036e+03  1.59099e-01
 4.95062e+03  1.57900e-01
 4.95088e+03  1.55362e-01
 4.95114e+03  1.55533e-01
 4.95140e+03  1.52299e-01
 4.95166e+03  1.48906e-01
 4.95192e+03  1.47730e-01
 4.95218e+03  1.46400e-01
 4.95244e+03  1.46600e-01
 4.95270e+03  1.45427e-01
 4.95296e+03  1.43885e-01
 4.95322e+03  1.41925e-01
 4.95348e+03  1.41782e-01
 4.95374e+03  1.41044e-01
 4.95400e+03  1.37710e-01
 4.95426e+03  1.36936e-01
 4.95452e+03  1.36735e-01
 4.95478e+03  1.31674e-01
 4.95504e+03  1.34336e-01
 4.95530e+03  1.30158e-01
 4.95556e+03  1.31469e-01
 4.95582e+03  1.29387e-01
 4.95608e+03  1.27333e-01
 4.95634e+03  1.29172e-01
 4.95660e+03  1.27012e-01
 4.95686e+03  1.24458e-01
 4.95712e+03  1.22987e-01
 4.95738e+03  1.21164e-01
 4.95764e+03  1.21938e-01
 4.95790e+03  1.19299e-01
 4.95816e+03  1.20547e-01
 4.95842e+03  1.19204e-01
 4.95868e+03  1.15091e-01
 4.95894e+03  1.14126e-01
 4.95920e+03  1.13791e-01
 4.95946e+03  1.11306e-01
 4.95972e+03  1.10647e-01
 4.95998e+03  1.10526e-01
 4.96024e+03  1.09587e-01
 4.96050e+03  1.08556e-01
 4.96076e+03  1.07013e-01
 4.96102e+03  1.07048e-01
 4.96128e+03  1.05767e-01
 4.96154e+03  1.05757e-01
 4.96180e+03  1.04308e-01
 4.96206e+03  1.05165e-01
 4.96232e+03  1.02366e-01
 4.96258e+03  1.00609e-01
 4.96284e+03  1.01697e-01
 4.96310e+03  9.84708e-02
 4.96336e+03  9.82482e-02
 4.96362e+03  9.72209e-02
 4.96388e+03  9.67113e-02
 4.96414e+03  9.46370e-02
 4.96440e+03  9.25457e-02
 4.96466e+03  9.18539e-02
 4.96492e+03  9.15428e-02
 4.96518e+03  9.05159e-02
 4.96544e+03  9.12530e-02
 4.96570e+03  9.04060e-02
 4.96596e+03  8.97548e-02
 4.96622e+03  8.72857e-02
 4.96648e+03  8.67052e-02
 4.96674e+03  8.57936e-02
 4.96700e+03  8.49069e-02
 4.96726e+03  8.53177e-02
 4.96752e+03  8.29788e-02
 4.96778e+03  8.33300e-02
 4.96804e+03  8.11062e-02
 4.96830e+03  8.16567e-02
 4.96856e+03  8.24521e-02
 4.96882e+03  8.16445e-02
 4.96908e+03  8.05054e-02
 4.96934e+03  7.84850e-02
 4.96960e+03  7.84838e-02
 4.96986e+03  7.78525e-02
 4.97012e+03  7.60364e-02
 4.97038e+03  7.61690e-02
 4.97064e+03  7.38325e-02
 4.97090e+03  7.51424e-02
 4.97116e+03  7.38947e-02
 4.97142e+03  7.40455e-02
 4.97168e+03  7.07677e-02
 4.97194e+03  7.12506e-02
 4.97220e+03  7.09376e-02
 4.97246e+03  7.02007e-02
 4.97272e+03  6.86664e-02
 4.97298e+03  6.93688e-02
 4.97324e+03  6.57569e-02
 4.97350e+03  6.63221e-02
 4.97376e+03  6.73349e-02
 4.97402e+03  6.64873e-02
 4.97428e+03  6.55564e-02
 4.97454e+03  6.49835e-02
 4.97480e+03  6.45414e-02
 4.97506e+03  6.32303e-02
 4.97532e+03  6.25544e-02
 4.97558e+03  6.36859e-02
 4.97584e+03  6.46588e-02
 4.97610e+03  5.99288e-02
 4.97636e+03  6.03531e-02
 4.97662e+03  5.90031e-02
 4.97688e+03  6.00524e-02
 4.97714e+03  6.04201e-02
 4.97740e+03  5.82796e-02
 4.97766e+03  5.77068e-02
 4.97792e+03  5.58621e-02
 4.97818e+03  5.61430e-02
 4.97844e+03  5.71028e-02
 4.97870e+03  5.57484e-02
 4.97896e+03  5.68396e-02
 4.97922e+03  5.56529e-02
 4.97948e+03  5.57982e-02
 4.97974e+03  5.36097e-02
 4.98000e+03  5.37956e-02
 4.98026e+03  5.32363e-02
 4.98052e+03  5.33912e-02
 4.98078e+03  5.26186e-02
 4.98104e+03  5.24174e-02
 4.98130e+03  5.11392e-02
 4.98156e+03  4.96514e-02
 4.98182e+03  5.08762e-02
 4.98208e+03  5.00127e-02
 4.98234e+03  4.92779e-02
 4.98260e+03  4.88811e-02
 4.98286e+03  4.88440e-02
 4.98312e+03  4.92733e-02
 4.98338e+03  4.73847e-02
 4.98364e+03  4.91306e-02
 4.98390e+03  4.66853e-02
 4.98416e+03  4.67926e-02
 4.98442e+03  4.62202e-02
 4.98468e+03  4.58861e-02
 4.98494e+03  4.53879e-02
 4.98520e+03  4.45067e-02
 4.98546e+03  4.44168e-02
 4.98572e+03  4.47116e-02
 4.98598e+03  4.43465e-02
 4.98624e+03  4.32243e-02
 4.98650e+03  4.36395e-02
 4.98676e+03  4.38172e-02
 4.98702e+03  4.11140e-02
 4.98728e+03  4.19973e-02
 4.98754e+03  4.22702e-02
 4.98780e+03  4.07687e-02
 4.98806e+03  4.09472e-02
 4.98832e+03  4.04928e-02
 4.98858e+03  4.06740e-02
 4.98884e+03  3.90111e-02
 4.98910e+03  3.97748e-02
 4.98936e+03  3.95269e-02
 4.98962e+03  3.83368e-02
 4.98988e+03  3.80593e-02
 4.99014e+03  3.82904e-02
 4.99040e+03  3.84374e-02
 4.99066e+03  3.83128e-02
 4.99092e+03  3.73262e-02
 4.99118e+03  3.69495e-02
 4.99144e+03  3.65086e-02
 4.99170e+03  3.67030e-02
 4.99196e+03  3.55921e-02
 4.99222e+03  3.54726e-02
 4.99248e+03  3.51903e-02
 4.99274e+03  3.58861e-02
 4.99300e+03  3.42937e-02
 4.99326e+03  3.49637e-02
 4.99352e+03  3.50565e-02
 4.99378e+03  3.38923e-02
 4.99404e+03  3.26443e-02
 4.99430e+03  3.34625e-02
 4.99456e+03  3.26216e-02
 4.99482e+03  3.34504e-02
 4.99508e+03  3.26647e-02
 4.99534e+03  3.30732e-02
 4.99560e+03  3.20040e-02
 4.99586e+03  3.10482e-02
 4.99612e+03  3.15844e-02
 4.99638e+03  3.25674e-02
 4.99664e+03  3.12611e-02
 4.99690e+03  3.02054e-02
 4.99716e+03  3.07237e-02
 4.99742e+03  3.03649e-02
 4.99768e+03  3.02662e-02
 4.99794e+03  3.00757e-02
 4.99820e+03  3.04158e-02
 4.99846e+03  2.95634e-02
 4.99872e+03  2.88676e-02
 4.99898e+03  2.88309e-02
 4.99924e+03  2.93215e-02
 4.99950e+03  2.78392e-02
 4.99976e+03  2.93007e-02
 5.00002e+03  2.81984e-02
 5.00028e+03  2.71349e-02
 5.00054e+03  2.64964e-02
 5.00080e+03  2.71363e-02
 5.00106e+03  2.78274e-02
 5.00132e+03  2.74086e-02
 5.00158e+03  2.73101e-02
 5.00184e+03  2.72277e-02
 5.00210e+03  2.55028e-02
 5.00236e+03  2.60711e-02
 5.00262e+03  2.53283e-02
 5.00288e+03  2.62096e-02
 5.00314e+03  2.52403e-02
 5.00340e+03  2.51761e-02
 5.00366e+03  2.49142e-02
 5.00392e+03  2.46161e-02
 5.00418e+03  2.41312e-02
 5.00444e+03  2.37137e-02
 5.00470e+03  2.53187e-02
 5.00496e+03  2.31362e-02
 5.00522e+03  2.43488e-02
 5.00548e+03  2.31341e-02
 5.00574e+03  2.29067e-02
 5.00600e+03  2.31891e-02
 5.00626e+03  2.30499e-02
 5.00652e+03  2.25168e-02
 5.00678e+03  2.24785e-02
 5.00704e+03  2.40769e-02
 5.00730e+03  2.19177e-02
 5.00756e+03  2.25334e-02
 5.00782e+03  2.22977e-02
 5.00808e+03  2.14527e-02
 5.00834e+03  2.17850e-02
 5.00860e+03  2.18860e-02
 5.00886e+03  2.11038e-02
 5.00912e+03  2.07457e-02
 5.00938e+03  2.14298e-02
 5.00964e+03  2.04362e-02
 5.00990e+03  2.16294e-02
 5.01016e+03  2.11883e-02
 5.01042e+03  2.06712e-02
 5.01068e+03  2.03265e-02
 5.01094e+03  2.12473e-02
 5.01120e+03  2.00565e-02
 5.01146e+03  2.06990e-02
 5.01172e+03  1.95751e-02
 5.01198e+03  1.87310e-02
 5.01224e+03  1.96966e-02
 5.01250e+03  1.94087e-02
 5.01276e+03  1.89752e-02
 5.01302e+03  1.84153e-02
 5.01328e+03  1.87824e-02
 5.01354e+03  1.77126e-02
 5.01380e+03  1.88136e-02
 5.01406e+03  1.94095e-02
 5.01432e+03  1.81515e-02
 5.01458e+03  1.76306e-02
 5.01484e+03  1.80843e-02
 5.01510e+03  1.74156e-02
 5.01536e+03  1.85469e-02
 5.01562e+03  1.74531e-02
 5.01588e+03  1.70223e-02
 5.01614e+03  1.82266e-02
 5.01640e+03  1.69857e-02
 5.01666e+03  1.72947e-02
 5.01692e+03  1.71103e-02
 5.01718e+03  1.70467e-02
 5.01744e+03  1.61079e-02
 5.01770e+03  1.75583e-02
 5.01796e+03  1.63115e-02
 5.01822e+03  1.61875e-02
 5.01848e+03  1.55214e-02
 5.01874e+03  1.60704e-02
 5.01900e+03  1.65602e-02
 5.01926e+03  1.68412e-02
 5.01952e+03  1.53178e-02
 5.01978e+03  1.59566e-02
 5.02004e+03  1.52335e-02
 5.02030e+03  1.56902e-02
 5.02056e+03  1.54164e-02
 5.02082e+03  1.59891e-02
 5.02108e+03  1.46103e-02
 5.02134e+03  1.47794e-02
 5.02160e+03  1.49583e-02
 5.02186e+03  1.45640e-02
 5.02212e+03  1.49457e-02
 5.02238e+03  1.46953e-02
 5.02264e+03  1.37386e-02
 5.02290e+03  1.46947e-02
 5.02316e+03  1.35443e-02
 5.02342e+03  1.41243e-02
 5.02368e+03  1.35392e-02
 5.02394e+03  1.39906e-02
 5.02420e+03  1.30394e-02
 5.02446e+03  1.45380e-02
 5.02472e+03  1.35266e-02
 5.02498e+03  1.39274e-02
 5.02524e+03  1.36991e-02
 5.02550e+03  1.34338e-02
 5.02576e+03  1.30476e-02
 5.02602e+03  1.38856e-02
 5.02628e+03  1.37490e-02
 5.02654e+03  1.37043e-02
 5.02680e+03  1.34175e-02
 5.02706e+03  1.21695e-02
 5.02732e+03  1.28753e-02
 5.02758e+03  1.31283e-02
 5.02784e+03  1.30281e-02
 5.02810e+03  1.26095e-02
 5.02836e+03  1.22771e-02
 5.02862e+03  1.27176e-02
 5.02888e+03  1.23746e-02
 5.02914e+03  1.20871e-02
 5.02940e+03  1.17624e-02
 5.02966e+03  1.17693e-02
 5.02992e+03  1.22733e-02
 5.03018e+03  1.20005e-02
 5.03044e+03  1.12411e-02
 5.03070e+03  1.17114e-02
 5.03096e+03  1.19635e-02
 5.03122e+03  1.24214e-02
 5.03148e+03  1.15952e-02
 5.03174e+03  1.08968e-02
 5.03200e+03  1.08377e-02
 5.03226e+03  1.12056e-02
 5.03252e+03  1.10677e-02
 5.03278e+03  1.14153e-02
 5.03304e+03  1.16164e-02
 5.03330e+03  1.07436e-02
 5.03356e+03  1.09544e-02
 5.03382e+03  1.04147e-02
 5.03408e+03  1.01258e-02
 5.03434e+03  1.07998e-02
 5.03460e+03  1.09550e-02
 5.03486e+03  1.07546e-02
 5.03512e+03  1.10897e-02
 5.03538e+03  1.07391e-02
 5.03564e+03  1.03043e-02
 5.03590e+03  1.10113e-02
 5.03616e+03  1.02366e-02
 5.03642e+03  1.06181e-02
 5.03668e+03  1.02720e-02
 5.03694e+03  1.00588e-02
 5.03720e+03  1.05157e-02
 5.03746e+03  9.98128e-03
 5.03772e+03  9.31893e-03
 5.03798e+03  8.91399e-03
 5.03824e+03  9.30576e-03
 5.03850e+03  9.51188e-03
 5.03876e+03  9.98565e-03
 5.03902e+03  9.98809e-03
 5.03928e+03  9.91788e-03
 5.03954e+03  9.08503e-03
 5.03980e+03  9.72871e-03
 5.04006e+03  9.93148e-03
 5.04032e+03  9.39675e-03
 5.04058e+03  9.22350e-03
 5.04084e+03  9.52576e-03
 5.04110e+03  8.22204e-03
 5.04136e+03  9.47820e-03
 5.04162e+03  9.58197e-03
 5.04188e+03  9.52272e-03
 5.04214e+03  8.83759e-03
 5.04240e+03  8.76576e-03
 5.04266e+03  8.30030e-03
 5.04292e+03  8.87499e-03
 5.04318e+03  8.78960e-03
 5.04344e+03  8.19710e-03
 5.04370e+03  8.41454e-03
 5.04396e+03  9.02748e-03
 5.04422e+03  8.93252e-03
 5.04448e+03  8.60698e-03
 5.04474e+03  8.84176e-03
 5.04500e+03  8.88760e-03
 5.04526e+03  8.59137e-03
 5.04552e+03  8.91549e-03
 5.04578e+03  8.38688e-03
 5.04604e+03  7.30608e-03
 5.04630e+03  8.96640e-03
 5.04656e+03  8.05236e-03
 5.04682e+03  8.27682e-03
 5.04708e+03  7.82786e-03
 5.04734e+03  7.88143e-03
 5.04760e+03  7.82200e-03
 5.04786e+03  9.14783e-03
 5.04812e+03  7.76258e-03
 5.04838e+03  8.05265e-03
 5.04864e+03  7.75523e-03
 5.04890e+03  7.86377e-03
 5.04916e+03  8.13175e-03
 5.04942e+03  7.84724e-03
 5.04968e+03  6.77565e-03
 5.04994e+03  7.77426e-03
 5.05020e+03  8.71203e-03
 5.05046e+03  7.52383e-03
 5.05072e+03  7.63818e-03
 5.05098e+03  7.48975e-03
 5.05124e+03  7.58529e-03
 5.05150e+03  6.93527e-03
 5.05176e+03  7.42771e-03
 5.05202e+03  7.00880e-03
 5.05228e+03  7.34132e-03
 5.05254e+03  6.59099e-03
 5.05280e+03  6.72812e-03
 5.05306e+03  7.51708e-03
 5.05332e+03  6.34681e-03
 5.05358e+03  6.68098e-03
 5.05384e+03  7.09744e-03
 5.05410e+03  6.45035e-03
 5.05436e+03  6.68822e-03
 5.05462e+03  6.06120e-03
 5.05488e+03  7.72061e-03
 5.05514e+03  6.95590e-03
 5.05540e+03  6.78766e-03
 5.05566e+03  7.37609e-03
 5.05592e+03  6.97508e-03
 5.05618e+03  6.29797e-03
 5.05644e+03  6.92840e-03
 5.05670e+03  6.63373e-03
 5.05696e+03  6.75498e-03
 5.05722e+03  5.66245e-03
 5.05748e+03  6.42428e-03
 5.05774e+03  5.79655e-03
 5.05800e+03  6.16322e-03
 5.05826e+03  5.57709e-03
 5.05852e+03  5.96943e-03
 5.05878e+03  6.49709e-03
 5.05904e+03  5.53924e-03
 5.05930e+03  5.78501e-03
 5.05956e+03  6.02795e-03
 5.05982e+03  5.19101e-03
 5.06008e+03  5.94312e-03
 5.06034e+03  6.31960e-03
 5.06060e+03  6.53573e-03
 5.06086e+03  5.41640e-03
 5.06112e+03  5.48424e-03
 5.06138e+03  5.10198e-03
 5.06164e+03  5.74982e-03
 5.06190e+03  5.66332e-03
 5.06216e+03  5.58206e-03
 5.06242e+03  5.84220e-03
 5.06268e+03  5.90761e-03
 5.06294e+03  5.47721e-03
 5.06320e+03  5.42682e-03
 5.06346e+03  5.86453e-03
 5.06372e+03  5.62678e-03
 5.06398e+03  5.61941e-03
 5.06424e+03  5.12905e-03
 5.06450e+03  6.23299e-03
 5.06476e+03  5.86637e-03
 5.06502e+03  5.04625e-03
 5.06528e+03  6.15909e-03
 5.06554e+03  5.90906e-03
 5.06580e+03  5.34059e-03
 5.06606e+03  5.72477e-03
 5.06632e+03  5.40819e-03
 5.06658e+03  4.87890e-03
 5.06684e+03  4.83593e-03
 5.06710e+03  5.61754e-03
 5.06736e+03  5.44894e-03
 5.06762e+03  5.43757e-03
 5.06788e+03  5.03351e-03
 5.06814e+03  5.23370e-03
 5.06840e+03  4.85789e-03
 5.06866e+03  5.59803e-03
 5.06892e+03  4.79810e-03
 5.06918e+03  5.41499e-03
 5.06944e+03  5.21087e-03
 5.06970e+03  5.21589e-03
 5.06996e+03  5.14584e-03
 5.07022e+03  4.92217e-03
 5.07048e+03  4.16634e-03
 5.07074e+03  5.51861e-03
 5.07100e+03  5.00494e-03
 5.07126e+03  4.54275e-03
 5.07152e+03  4.48223e-03
 5.07178e+03  4.97298e-03
 5.07204e+03  4.90615e-03
 5.07230e+03  4.61773e-03
 5.07256e+03  5.03640e-03
 5.07282e+03  4.50365e-03
 5.07308e+03  5.03922e-03
 5.07334e+03  4.89255e-03
 5.07360e+03  4.09525e-03
 5.07386e+03  4.13875e-03
 5.07412e+03  4.23988e-03
 5.07438e+03  3.69553e-03
 5.07464e+03  4.74819e-03
 5.07490e+03  4.66027e-03
 5.07516e+03  4.33451e-03
 5.07542e+03  4.23348e-03
 5.07568e+03  3.27926e-03
 5.07594e+03  4.98860e-03
 5.07620e+03  4.54584e-03
 5.07646e+03  4.42990e-03
 5.07672e+03  5.57234e-03
 5.07698e+03  5.35561e-03
 5.07724e+03  5.12502e-03
 5.07750e+03  4.88636e-03
 5.07776e+03  4.01412e-03
 5.07802e+03  4.40064e-03
 5.07828e+03  4.55309e-03
 5.07854e+03  5.13829e-03
 5.07880e+03  4.20833e-03
 5.07906e+03  4.26751e-03
 5.07932e+03  5.55880e-03
 5.07958e+03  4.37446e-03
 5.07984e+03  4.34520e-03
 5.08010e+03  3.81275e-03
 5.08036e+03  4.56942e-03
 5.08062e+03  3.41894e-03
 5.08088e+03  4.88155e-03
 5.08114e+03  3.59729e-03
 5.08140e+03  4.03738e-03
 5.08166e+03  4.45980e-03
 5.08192e+03  3.51920e-03
 5.08218e+03  3.79720e-03
 5.08244e+03  4.05699e-03
 5.08270e+03  3.78170e-03
 5.08296e+03  4.48654e-03
 5.08322e+03  3.85754e-03
 5.08348e+03  3.45657e-03
 5.08374e+03  3.06164e-03
 5.08400e+03  3.57680e-03
 5.08426e+03  3.53845e-03
 5.08452e+03  3.73117e-03
 5.08478e+03  4.18937e-03
 5.08504e+03  3.74709e-03
 5.08530e+03  3.97588e-03
 5.08556e+03  3.62934e-03
 5.08582e+03  4.30393e-03
 5.08608e+03  3.85899e-03
 5.08634e+03  4.03291e-03
 5.08660e+03  3.92907e-03
 5.08686e+03  3.77205e-03
 5.08712e+03  4.21982e-03
 5.08738e+03  3.07214e-03
 5.08764e+03  3.09687e-03
 5.08790e+03  4.67473e-03
 5.08816e+03  3.85303e-03
 5.08842e+03  3.86192e-03
 5.08868e+03  3.25098e-03
 5.08894e+03  3.53178e-03
 5.08920e+03  2.98661e-03
 5.08946e+03  3.85533e-03
 5.08972e+03  3.05334e-03
 5.08998e+03  4.03798e-03
 5.09024e+03  3.63527e-03
 5.09050e+03  2.77901e-03
 5.09076e+03  3.71874e-03
 5.09102e+03  3.88860e-03
 5.09128e+03  4.22562e-03
 5.09154e+03  2.77894e-03
 5.09180e+03  2.80874e-03
 5.09206e+03  3.43347e-03
 5.09232e+03  2.41324e-03
 5.09258e+03  2.94749e-03
 5.09284e+03  3.76171e-03
 5.09310e+03  3.21181e-03
 5.09336e+03  3.79578e-03
 5.09362e+03  2.92719e-03
 5.09388e+03  4.03116e-03
 5.09414e+03  3.83986e-03
 5.09440e+03  4.33948e-03
 5.09466e+03  3.11927e-03
 5.09492e+03  3.14230e-03
 5.09518e+03  2.62226e-03
 5.09544e+03  2.78960e-03
 5.09570e+03  3.52661e-03
 5.09596e+03  3.14052e-03
 5.09622e+03  3.14849e-03
 5.09648e+03  3.30129e-03
 5.09674e+03  3.42492e-03
 5.09700e+03  3.25226e-03
 5.09726e+03  3.18134e-03
 5.09752e+03  3.56005e-03
 5.09778e+03  2.93110e-03
 5.09804e+03  2.77538e-03
 5.09830e+03  3.05056e-03
 5.09856e+03  3.39222e-03
 5.09882e+03  2.77100e-03
 5.09908e+03  2.48169e-03
 5.09934e+03  3.34459e-03
 5.09960e+03  2.67754e-03
 5.09986e+03  3.06246e-03
 5.10012e+03  2.49609e-03
