 5.70015e+03  2.02572e-03
 5.70041e+03  1.84080e-03
 5.70067e+03  1.85234e-03
 5.70093e+03  1.87924e-03
 5.70119e+03  1.91880e-03
 5.70145e+03  1.84287e-03
 5.70171e+03  1.99866e-03
 5.70197e+03  1.98604e-03
 5.70223e+03  1.87942e-03
 5.70250e+03  1.96284e-03
 5.70276e+03  2.08158e-03
 5.70302e+03  2.03611e-03
 5.70328e+03  1.99281e-03
 5.70354e+03  2.09190e-03
 5.70380e+03  2.08965e-03
 5.70406e+03  1.97605e-03
 5.70432e+03  2.06735e-03
 5.70458e+03  2.11972e-03
 5.70484e+03  2.12803e-03
 5.70510e+03  2.07934e-03
 5.70536e+03  2.32180e-03
 5.70562e+03  2.26126e-03
 5.70588e+03  2.06381e-03
 5.70615e+03  2.25308e-03
 5.70641e+03  2.02653e-03
 5.70667e+03  2.28376e-03
 5.70693e+03  2.16054e-03
 5.70719e+03  2.14645e-03
 5.70745e+03  2.31871e-03
 5.70771e+03  2.26493e-03
 5.70797e+03  2.26540e-03
 5.70823e+03  2.11550e-03
 5.70849e+03  2.22612e-03
 5.70875e+03  2.44660e-03
 5.70901e+03  2.32760e-03
 5.70927e+03  2.30135e-03
 5.70953e+03  2.22661e-03
 5.70979e+03  2.21577e-03
 5.71006e+03  2.26227e-03
 5.71032e+03  2.18965e-03
 5.71058e+03  2.28538e-03
 5.71084e+03  2.29802e-03
 5.71110e+03  2.33677e-03
 5.71136e+03  2.48219e-03
 5.71162e+03  2.30057e-03
 5.71188e+03  2.46054e-03
 5.71214e+03  2.30164e-03
 5.71240e+03  2.37360e-03
 5.71266e+03  2.38449e-03
 5.71292e+03  2.38862e-03
 5.71318e+03  2.33424e-03
 5.71344e+03  2.46799e-03
 5.71371e+03  2.47334e-03
 5.71397e+03  2.59391e-03
 5.71423e+03  2.48263e-03
 5.71449e+03  2.47288e-03
 5.71475e+03  2.57589e-03
 5.71501e+03  2.67609e-03
 5.71527e+03  2.68627e-03
 5.71553e+03  2.59226e-03
 5.71579e+03  2.60041e-03
 5.71605e+03  2.49188e-03
 5.71631e+03  2.72809e-03
 5.71657e+03  2.69561e-03
 5.71683e+03  2.67728e-03
 5.71709e+03  2.51901e-03
 5.71735e+03  2.62919e-03
 5.71762e+03  2.60922e-03
 5.71788e+03  2.76873e-03
 5.71814e+03  2.79406e-03
 5.71840e+03  2.67670e-03
 5.71866e+03  2.61186e-03
 5.71892e+03  2.84881e-03
 5.71918e+03  2.79682e-03
 5.71944e+03  2.75581e-03
 5.71970e+03  2.86742e-03
 5.71996e+03  2.87917e-03
 5.72022e+03  2.74352e-03
 5.72048e+03  2.96885e-03
 5.72074e+03  3.10447e-03
 5.72100e+03  2.84324e-03
 5.72127e+03  2.87841e-03
 5.72153e+03  2.89255e-03
 5.72179e+03  2.86960e-03
 5.72205e+03  3.10420e-03
 5.72231e+03  2.78837e-03
 5.72257e+03  3.22856e-03
 5.72283e+03  3.10588e-03
 5.72309e+03  2.98571e-03
 5.72335e+03  3.19967e-03
 5.72361e+03  3.17151e-03
 5.72387e+03  3.19204e-03
 5.72413e+03  3.16181e-03
 5.72439e+03  3.18685e-03
 5.72465e+03  3.26646e-03
 5.72492e+03  3.15056e-03
 5.72518e+03  3.32851e-03
 5.72544e+03  3.09922e-03
 5.72570e+03  3.16769e-03
 5.72596e+03  3.09407e-03
 5.72622e+03  3.20200e-03
 5.72648e+03  3.46382e-03
 5.72674e+03  3.41706e-03
 5.72700e+03  3.20311e-03
 5.72726e+03  3.32611e-03
 5.72752e+03  3.49139e-03
 5.72778e+03  3.68314e-03
 5.72804e+03  3.55031e-03
 5.72830e+03  3.36670e-03
 5.72856e+03  3.68640e-03
 5.72883e+03  3.63756e-03
 5.72909e+03  3.60111e-03
 5.72935e+03  3.65724e-03
 5.72961e+03  3.88525e-03
 5.72987e+03  3.82617e-03
 5.73013e+03  3.82055e-03
 5.73039e+03  3.51812e-03
 5.73065e+03  3.67314e-03
 5.73091e+03  3.78594e-03
 5.73117e+03  3.72200e-03
 5.73143e+03  3.86400e-03
 5.73169e+03  3.89060e-03
 5.73195e+03  3.88622e-03
 5.73221e+03  4.06819e-03
 5.73248e+03  3.96684e-03
 5.73274e+03  3.92685e-03
 5.73300e+03  3.80890e-03
 5.73326e+03  3.82122e-03
 5.73352e+03  4.09905e-03
 5.73378e+03  3.92735e-03
 5.73404e+03  4.01060e-03
 5.73430e+03  4.17356e-03
 5.73456e+03  4.06644e-03
 5.73482e+03  4.22072e-03
 5.73508e+03  4.20051e-03
 5.73534e+03  4.45289e-03
 5.73560e+03  4.23572e-03
 5.73586e+03  4.11305e-03
 5.73613e+03  4.32915e-03
 5.73639e+03  4.39855e-03
 5.73665e+03  4.47686e-03
 5.73691e+03  4.40777e-03
 5.73717e+03  4.40051e-03
 5.73743e+03  4.40541e-03
 5.73769e+03  4.39066e-03
 5.73795e+03  4.53967e-03
 5.73821e+03  4.57071e-03
 5.73847e+03  4.49222e-03
 5.73873e+03  4.63726e-03
 5.73899e+03  4.43681e-03
 5.73925e+03  4.64353e-03
 5.73951e+03  4.76486e-03
 5.73977e+03  4.78390e-03
 5.74004e+03  4.60552e-03
 5.74030e+03  4.85026e-03
 5.74056e+03  5.15429e-03
 5.74082e+03  4.98440e-03
 5.74108e+03  5.06405e-03
 5.74134e+03  5.04562e-03
 5.74160e+03  5.03254e-03
 5.74186e+03  5.24235e-03
 5.74212e+03  5.10898e-03
 5.74238e+03  5.03651e-03
 5.74264e+03  5.18566e-03
 5.74290e+03  5.26490e-03
 5.74316e+03  5.28137e-03
 5.74342e+03  5.31052e-03
 5.74369e+03  5.47916e-03
 5.74395e+03  5.35263e-03
 5.74421e+03  5.53633e-03
 5.74447e+03  5.52891e-03
 5.74473e+03  5.53423e-03
 5.74499e+03  5.66720e-03
 5.74525e+03  5.50134e-03
 5.74551e+03  5.71507e-03
 5.74577e+03  5.66695e-03
 5.74603e+03  5.61627e-03
 5.74629e+03  5.77019e-03
 5.74655e+03  5.81947e-03
 5.74681e+03  5.91418e-03
 5.74707e+03  6.02577e-03
 5.74734e+03  6.22289e-03
 5.74760e+03  6.34758e-03
 5.74786e+03  6.04162e-03
 5.74812e+03  6.11025e-03
 5.74838e+03  6.21643e-03
 5.74864e+03  6.40547e-03
 5.74890e+03  6.24305e-03
 5.74916e+03  6.48289e-03
 5.74942e+03  6.23238e-03
 5.74968e+03  6.52020e-03
 5.74994e+03  6.53997e-03
 5.75020e+03  6.57281e-03
 5.75046e+03  6.53357e-03
 5.75072e+03  6.68186e-03
 5.75099e+03  6.66318e-03
 5.75125e+03  7.01786e-03
 5.75151e+03  6.93489e-03
 5.75177e+03  6.64000e-03
 5.75203e+03  7.02793e-03
 5.75229e+03  7.05293e-03
 5.75255e+03  7.21341e-03
 5.75281e+03  7.50400e-03
 5.75307e+03  7.38162e-03
 5.75333e+03  7.51836e-03
 5.75359e+03  7.34976e-03
 5.75385e+03  7.51214e-03
 5.75411e+03  7.37034e-03
 5.75437e+03  7.62885e-03
 5.75463e+03  7.42284e-03
 5.75490e+03  7.86360e-03
 5.75516e+03  7.86766e-03
 5.75542e+03  8.18530e-03
 5.75568e+03  8.12802e-03
 5.75594e+03  8.11082e-03
 5.75620e+03  7.92245e-03
 5.75646e+03  8.31139e-03
 5.75672e+03  8.27270e-03
 5.75698e+03  8.33289e-03
 5.75724e+03  8.49091e-03
 5.75750e+03  8.47442e-03
 5.75776e+03  8.80472e-03
 5.75802e+03  8.63807e-03
 5.75828e+03  8.67371e-03
 5.75855e+03  9.08249e-03
 5.75881e+03  9.18041e-03
 5.75907e+03  9.10453e-03
 5.75933e+03  9.12713e-03
 5.75959e+03  9.18084e-03
 5.75985e+03  9.61731e-03
 5.76011e+03  9.69791e-03
 5.76037e+03  9.40591e-03
 5.76063e+03  9.43851e-03
 5.76089e+03  9.65810e-03
 5.76115e+03  9.65070e-03
 5.76141e+03  1.00842e-02
 5.76167e+03  1.00759e-02
 5.76193e+03  1.00484e-02
 5.76220e+03  1.05154e-02
 5.76246e+03  1.03279e-02
 5.76272e+03  1.07310e-02
 5.76298e+03  1.05769e-02
 5.76324e+03  1.07209e-02
 5.76350e+03  1.09841e-02
 5.76376e+03  1.10941e-02
 5.76402e+03  1.09171e-02
 5.76428e+03  1.12078e-02
 5.76454e+03  1.13232e-02
 5.76480e+03  1.15800e-02
 5.76506e+03  1.14468e-02
 5.76532e+03  1.14926e-02
 5.76558e+03  1.18521e-02
 5.76585e+03  1.19144e-02
 5.76611e+03  1.20472e-02
 5.76637e+03  1.23268e-02
 5.76663e+03  1.25640e-02
 5.76689e+03  1.24796e-02
 5.76715e+03  1.26573e-02
 5.76741e+03  1.24328e-02
 5.76767e+03  1.27530e-02
 5.76793e+03  1.26126e-02
 5.76819e+03  1.28554e-02
 5.76845e+03  1.30377e-02
 5.76871e+03  1.30250e-02
 5.76897e+03  1.33273e-02
 5.76923e+03  1.36799e-02
 5.76950e+03  1.37628e-02
 5.76976e+03  1.40094e-02
 5.77002e+03  1.40428e-02
 5.77028e+03  1.40265e-02
 5.77054e+03  1.43157e-02
 5.77080e+03  1.46153e-02
 5.77106e+03  1.49208e-02
 5.77132e+03  1.52058e-02
 5.77158e+03  1.51815e-02
 5.77184e+03  1.49924e-02
 5.77210e+03  1.50961e-02
 5.77236e+03  1.56828e-02
 5.77262e+03  1.58364e-02
 5.77288e+03  1.61222e-02
 5.77314e+03  1.59848e-02
 5.77341e+03  1.62845e-02
 5.77367e+03  1.62534e-02
 5.77393e+03  1.67604e-02
 5.77419e+03  1.65933e-02
 5.77445e+03  1.71339e-02
 5.77471e+03  1.74927e-02
 5.77497e+03  1.75954e-02
 5.77523e+03  1.78174e-02
 5.77549e+03  1.78227e-02
 5.77575e+03  1.78140e-02
 5.77601e+03  1.82040e-02
 5.77627e+03  1.84757e-02
 5.77653e+03  1.84809e-02
 5.77679e+03  1.87900e-02
 5.77706e+03  1.95887e-02
 5.77732e+03  1.96965e-02
 5.77758e+03  1.99264e-02
 5.77784e+03  1.99044e-02
 5.77810e+03  2.02794e-02
 5.77836e+03  2.06647e-02
 5.77862e+03  2.07403e-02
 5.77888e+03  2.12659e-02
 5.77914e+03  2.13879e-02
 5.77940e+03  2.15765e-02
 5.77966e+03  2.13720e-02
 5.77992e+03  2.21840e-02
 5.78018e+03  2.18245e-02
 5.78044e+03  2.26946e-02
 5.78071e+03  2.31206e-02
 5.78097e+03  2.32031e-02
 5.78123e+03  2.36164e-02
 5.78149e+03  2.38492e-02
 5.78175e+03  2.41157e-02
 5.78201e+03  2.41027e-02
 5.78227e+03  2.44730e-02
 5.78253e+03  2.47780e-02
 5.78279e+03  2.55467e-02
 5.78305e+03  2.57991e-02
 5.78331e+03  2.62140e-02
 5.78357e+03  2.63102e-02
 5.78383e+03  2.67624e-02
 5.78409e+03  2.72402e-02
 5.78435e+03  2.78522e-02
 5.78462e+03  2.76888e-02
 5.78488e+03  2.86268e-02
 5.78514e+03  2.85929e-02
 5.78540e+03  2.88142e-02
 5.78566e+03  2.96154e-02
 5.78592e+03  2.97351e-02
 5.78618e+03  3.03870e-02
 5.78644e+03  3.06738e-02
 5.78670e+03  3.12050e-02
 5.78696e+03  3.14384e-02
 5.78722e+03  3.18870e-02
 5.78748e+03  3.25698e-02
 5.78774e+03  3.26808e-02
 5.78800e+03  3.32258e-02
 5.78827e+03  3.31842e-02
 5.78853e+03  3.38580e-02
 5.78879e+03  3.47116e-02
 5.78905e+03  3.51638e-02
 5.78931e+03  3.56620e-02
 5.78957e+03  3.63473e-02
 5.78983e+03  3.69658e-02
 5.79009e+03  3.72580e-02
 5.79035e+03  3.73458e-02
 5.79061e+03  3.75376e-02
 5.79087e+03  3.84405e-02
 5.79113e+03  3.85857e-02
 5.79139e+03  3.98014e-02
 5.79165e+03  4.00097e-02
 5.79192e+03  4.08827e-02
 5.79218e+03  4.16918e-02
 5.79244e+03  4.16752e-02
 5.79270e+03  4.25386e-02
 5.79296e+03  4.34234e-02
 5.79322e+03  4.36555e-02
 5.79348e+03  4.46325e-02
 5.79374e+03  4.48717e-02
 5.79400e+03  4.57058e-02
 5.79426e+03  4.68547e-02
 5.79452e+03  4.67115e-02
 5.79478e+03  4.83532e-02
 5.79504e+03  4.89313e-02
 5.79530e+03  4.93722e-02
 5.79556e+03  5.03053e-02
 5.79583e+03  5.11106e-02
 5.79609e+03  5.17996e-02
 5.79635e+03  5.26133e-02
 5.79661e+03  5.32062e-02
 5.79687e+03  5.40694e-02
 5.79713e+03  5.43610e-02
 5.79739e+03  5.57917e-02
 5.79765e+03  5.62113e-02
 5.79791e+03  5.74018e-02
 5.79817e+03  5.77012e-02
 5.79843e+03  5.90176e-02
 5.79869e+03  5.99047e-02
 5.79895e+03  6.09090e-02
 5.79921e+03  6.17471e-02
 5.79948e+03  6.30381e-02
 5.79974e+03  6.41210e-02
 5.80000e+03  6.46744e-02
 5.80026e+03  6.58063e-02
 5.80052e+03  6.71823e-02
 5.80078e+03  6.81733e-02
 5.80104e+03  6.90598e-02
 5.80130e+03  7.05402e-02
 5.80156e+03  7.20475e-02
 5.80182e+03  7.22578e-02
 5.80208e+03  7.35322e-02
 5.80234e+03  7.47434e-02
 5.80260e+03  7.54369e-02
 5.80286e+03  7.75765e-02
 5.80312e+03  7.80015e-02
 5.80339e+03  8.04435e-02
 5.80365e+03  8.13210e-02
 5.80391e+03  8.15510e-02
 5.80417e+03  8.39387e-02
 5.80443e+03  8.48867e-02
 5.80469e+03  8.69876e-02
 5.80495e+03  8.71918e-02
 5.80521e+03  8.92054e-02
 5.80547e+03  9.04545e-02
 5.80573e+03  9.23242e-02
 5.80599e+03  9.41326e-02
 5.80625e+03  9.48531e-02
 5.80651e+03  9.63232e-02
 5.80677e+03  9.79151e-02
 5.80704e+03  9.92950e-02
 5.80730e+03  1.02026e-01
 5.80756e+03  1.03822e-01
 5.80782e+03  1.05250e-01
 5.80808e+03  1.05540e-01
 5.80834e+03  1.08806e-01
 5.80860e+03  1.09858e-01
 5.80886e+03  1.12334e-01
 5.80912e+03  1.13956e-01
 5.80938e+03  1.15137e-01
 5.80964e+03  1.17773e-01
 5.80990e+03  1.20408e-01
 5.81016e+03  1.20444e-01
 5.81042e+03  1.22866e-01
 5.81069e+03  1.25192e-01
 5.81095e+03  1.27407e-01
 5.81121e+03  1.30403e-01
 5.81147e+03  1.32333e-01
 5.81173e+03  1.32806e-01
 5.81199e+03  1.36138e-01
 5.81225e+03  1.38362e-01
 5.81251e+03  1.41896e-01
 5.81277e+03  1.43935e-01
 5.81303e+03  1.47007e-01
 5.81329e+03  1.48982e-01
 5.81355e+03  1.49967e-01
 5.81381e+03  1.53180e-01
 5.81407e+03  1.56147e-01
 5.81434e+03  1.58547e-01
 5.81460e+03  1.60973e-01
 5.81486e+03  1.64442e-01
 5.81512e+03  1.65630e-01
 5.81538e+03  1.69461e-01
 5.81564e+03  1.70972e-01
 5.81590e+03  1.73816e-01
 5.81616e+03  1.77781e-01
 5.81642e+03  1.81024e-01
 5.81668e+03  1.83684e-01
 5.81694e+03  1.84719e-01
 5.81720e+03  1.89119e-01
 5.81746e+03  1.91907e-01
 5.81772e+03  1.95296e-01
 5.81798e+03  1.98919e-01
 5.81825e+03  2.01405e-01
 5.81851e+03  2.05533e-01
 5.81877e+03  2.09909e-01
 5.81903e+03  2.11009e-01
 5.81929e+03  2.15424e-01
 5.81955e+03  2.18083e-01
 5.81981e+03  2.22421e-01
 5.82007e+03  2.27121e-01
 5.82033e+03  2.31307e-01
 5.82059e+03  2.33325e-01
 5.82085e+03  2.37132e-01
 5.82111e+03  2.41706e-01
 5.82137e+03  2.46472e-01
 5.82163e+03  2.50423e-01
 5.82190e+03  2.53107e-01
 5.82216e+03  2.58326e-01
 5.82242e+03  2.59669e-01
 5.82268e+03  2.64268e-01
 5.82294e+03  2.68784e-01
 5.82320e+03  2.73247e-01
 5.82346e+03  2.78848e-01
 5.82372e+03  2.81043e-01
 5.82398e+03  2.87414e-01
 5.82424e+03  2.90534e-01
 5.82450e+03  2.94595e-01
 5.82476e+03  2.99246e-01
 5.82502e+03  3.02568e-01
 5.82528e+03  3.06409e-01
 5.82555e+03  3.12866e-01
 5.82581e+03  3.16416e-01
 5.82607e+03  3.21337e-01
 5.82633e+03  3.26626e-01
 5.82659e+03  3.30785e-01
 5.82685e+03  3.35527e-01
 5.82711e+03  3.40662e-01
 5.82737e+03  3.46232e-01
 5.82763e+03  3.49628e-01
 5.82789e+03  3.53889e-01
 5.82815e+03  3.60153e-01
 5.82841e+03  3.63304e-01
 5.82867e+03  3.66721e-01
 5.82893e+03  3.72622e-01
 5.82920e+03  3.79937e-01
 5.82946e+03  3.85011e-01
 5.82972e+03  3.89098e-01
 5.82998e+03  3.94455e-01
 5.83024e+03  3.98792e-01
 5.83050e+03  4.03397e-01
 5.83076e+03  4.08491e-01
 5.83102e+03  4.15709e-01
 5.83128e+03  4.20331e-01
 5.83154e+03  4.24440e-01
 5.83180e+03  4.30035e-01
 5.83206e+03  4.34799e-01
 5.83232e+03  4.39875e-01
 5.83258e+03  4.43806e-01
 5.83285e+03  4.49014e-01
 5.83311e+03  4.53405e-01
 5.83337e+03  4.61374e-01
 5.83363e+03  4.66163e-01
 5.83389e+03  4.70733e-01
 5.83415e+03  4.75185e-01
 5.83441e+03  4.78205e-01
 5.83467e+03  4.84663e-01
 5.83493e+03  4.90779e-01
 5.83519e+03  4.94830e-01
 5.83545e+03  4.99273e-01
 5.83571e+03  5.05296e-01
 5.83597e+03  5.09583e-01
 5.83623e+03  5.14223e-01
 5.83649e+03  5.15792e-01
 5.83676e+03  5.23597e-01
 5.83702e+03  5.29247e-01
 5.83728e+03  5.33983e-01
 5.83754e+03  5.40414e-01
 5.83780e+03  5.43381e-01
 5.83806e+03  5.47547e-01
 5.83832e+03  5.49302e-01
 5.83858e+03  5.57369e-01
 5.83884e+03  5.61570e-01
 5.83910e+03  5.67301e-01
 5.83936e+03  5.72818e-01
 5.83962e+03  5.74379e-01
 5.83988e+03  5.75459e-01
 5.84014e+03  5.82369e-01
 5.84041e+03  5.89601e-01
 5.84067e+03  5.89934e-01
 5.84093e+03  5.94035e-01
 5.84119e+03  5.98266e-01
 5.84145e+03  6.03261e-01
 5.84171e+03  6.05707e-01
 5.84197e+03  6.07763e-01
 5.84223e+03  6.11242e-01
 5.84249e+03  6.14519e-01
 5.84275e+03  6.20208e-01
 5.84301e+03  6.24085e-01
 5.84327e+03  6.27549e-01
 5.84353e+03  6.29922e-01
 5.84379e+03  6.31374e-01
 5.84406e+03  6.37008e-01
 5.84432e+03  6.37039e-01
 5.84458e+03  6.42311e-01
 5.84484e+03  6.47713e-01
 5.84510e+03  6.48595e-01
 5.84536e+03  6.55991e-01
 5.84562e+03  6.53099e-01
 5.84588e+03  6.58151e-01
 5.84614e+03  6.59290e-01
 5.84640e+03  6.61603e-01
 5.84666e+03  6.65118e-01
 5.84692e+03  6.69699e-01
 5.84718e+03  6.72938e-01
 5.84744e+03  6.72468e-01
 5.84771e+03  6.71940e-01
 5.84797e+03  6.75370e-01
 5.84823e+03  6.77580e-01
 5.84849e+03  6.83072e-01
 5.84875e+03  6.84702e-01
 5.84901e+03  6.87210e-01
 5.84927e+03  6.87409e-01
 5.84953e+03  6.89195e-01
 5.84979e+03  6.89961e-01
 5.85005e+03  6.92326e-01
 5.85031e+03  6.96831e-01
 5.85057e+03  6.97253e-01
 5.85083e+03  7.02670e-01
 5.85109e+03  7.02039e-01
 5.85135e+03  7.04477e-01
 5.85162e+03  7.01652e-01
 5.85188e+03  7.04611e-01
 5.85214e+03  7.05513e-01
 5.85240e+03  7.07877e-01
 5.85266e+03  7.12605e-01
 5.85292e+03  7.12841e-01
 5.85318e+03  7.11511e-01
 5.85344e+03  7.09166e-01
 5.85370e+03  7.13320e-01
 5.85396e+03  7.14167e-01
 5.85422e+03  7.16718e-01
 5.85448e+03  7.17964e-01
 5.85474e+03  7.19241e-01
 5.85500e+03  7.20034e-01
 5.85527e+03  7.20982e-01
 5.85553e+03  7.21817e-01
 5.85579e+03  7.20548e-01
 5.85605e+03  7.23604e-01
 5.85631e+03  7.26863e-01
 5.85657e+03  7.24360e-01
 5.85683e+03  7.31076e-01
 5.85709e+03  7.26683e-01
 5.85735e+03  7.27764e-01
 5.85761e+03  7.28907e-01
 5.85787e+03  7.30465e-01
 5.85813e+03  7.30497e-01
 5.85839e+03  7.32388e-01
 5.85865e+03  7.30532e-01
 5.85892e+03  7.33127e-01
 5.85918e+03  7.30091e-01
 5.85944e+03  7.29722e-01
 5.85970e+03  7.34251e-01
 5.85996e+03  7.34094e-01
 5.86022e+03  7.36842e-01
 5.86048e+03  7.35689e-01
 5.86074e+03  7.35631e-01
 5.86100e+03  7.37776e-01
 5.86126e+03  7.34315e-01
 5.86152e+03  7.34863e-01
 5.86178e+03  7.36852e-01
 5.86204e+03  7.38575e-01
 5.86230e+03  7.39482e-01
 5.86256e+03  7.39392e-01
 5.86283e+03  7.38368e-01
 5.86309e+03  7.39620e-01
 5.86335e+03  7.35561e-01
 5.86361e+03  7.38454e-01
 5.86387e+03  7.41060e-01
 5.86413e+03  7.42158e-01
 5.86439e+03  7.42150e-01
 5.86465e+03  7.42441e-01
 5.86491e+03  7.39864e-01
 5.86517e+03  7.39076e-01
 5.86543e+03  7.40749e-01
 5.86569e+03  7.47520e-01
 5.86595e+03  7.45673e-01
 5.86621e+03  7.44690e-01
 5.86648e+03  7.44492e-01
 5.86674e+03  7.42710e-01
 5.86700e+03  7.45021e-01
 5.86726e+03  7.42125e-01
 5.86752e+03  7.43727e-01
 5.86778e+03  7.45947e-01
 5.86804e+03  7.45884e-01
 5.86830e+03  7.46185e-01
 5.86856e+03  7.45731e-01
 5.86882e+03  7.46311e-01
 5.86908e+03  7.43381e-01
 5.86934e+03  7.44154e-01
 5.86960e+03  7.50025e-01
 5.86986e+03  7.51031e-01
 5.87012e+03  7.48200e-01
 5.87039e+03  7.47288e-01
 5.87065e+03  7.50656e-01
 5.87091e+03  7.49135e-01
 5.87117e+03  7.49382e-01
 5.87143e+03  7.48723e-01
 5.87169e+03  7.51158e-01
 5.87195e+03  7.50478e-01
 5.87221e+03  7.51607e-01
 5.87247e+03  7.50134e-01
 5.87273e+03  7.47217e-01
 5.87299e+03  7.51130e-01
 5.87325e+03  7.49408e-01
 5.87351e+03  7.51278e-01
 5.87377e+03  7.53481e-01
 5.87404e+03  7.53114e-01
 5.87430e+03  7.49766e-01
 5.87456e+03  7.51600e-01
 5.87482e+03  7.49050e-01
 5.87508e+03  7.51138e-01
 5.87534e+03  7.52600e-01
 5.87560e+03  7.52300e-01
 5.87586e+03  7.51189e-01
 5.87612e+03  7.54048e-01
 5.87638e+03  7.52163e-01
 5.87664e+03  7.52621e-01
 5.87690e+03  7.50994e-01
 5.87716e+03  7.52474e-01
 5.87742e+03  7.53658e-01
 5.87769e+03  7.56112e-01
 5.87795e+03  7.53509e-01
 5.87821e+03  7.58715e-01
 5.87847e+03  7.53950e-01
 5.87873e+03  7.53179e-01
 5.87899e+03  7.53110e-01
 5.87925e+03  7.56495e-01
 5.87951e+03  7.54895e-01
 5.87977e+03  7.59466e-01
 5.88003e+03  7.56735e-01
 5.88029e+03  7.58247e-01
 5.88055e+03  7.57878e-01
 5.88081e+03  7.60324e-01
 5.88107e+03  7.56433e-01
 5.88133e+03  7.58789e-01
 5.88160e+03  7.59784e-01
 5.88186e+03  7.61640e-01
 5.88212e+03  7.60030e-01
 5.88238e+03  7.57736e-01
 5.88264e+03  7.60075e-01
 5.88290e+03  7.59098e-01
 5.88316e+03  7.59606e-01
 5.88342e+03  7.60947e-01
 5.88368e+03  7.61211e-01
 5.88394e+03  7.61444e-01
 5.88420e+03  7.58335e-01
 5.88446e+03  7.57376e-01
 5.88472e+03  7.60906e-01
 5.88498e+03  7.60807e-01
 5.88525e+03  7.65681e-01
 5.88551e+03  7.63465e-01
 5.88577e+03  7.62194e-01
 5.88603e+03  7.64955e-01
 5.88629e+03  7.63728e-01
 5.88655e+03  7.59169e-01
 5.88681e+03  7.61137e-01
 5.88707e+03  7.62497e-01
 5.88733e+03  7.62991e-01
 5.88759e+03  7.63609e-01
 5.88785e+03  7.64883e-01
 5.88811e+03  7.64880e-01
 5.88837e+03  7.63915e-01
 5.88863e+03  7.64908e-01
 5.88890e+03  7.64890e-01
 5.88916e+03  7.65736e-01
 5.88942e+03  7.65465e-01
 5.88968e+03  7.66985e-01
 5.88994e+03  7.62888e-01
 5.89020e+03  7.65956e-01
 5.89046e+03  7.64604e-01
 5.89072e+03  7.66395e-01
 5.89098e+03  7.65298e-01
 5.89124e+03  7.67084e-01
 5.89150e+03  7.64188e-01
 5.89176e+03  7.66405e-01
 5.89202e+03  7.66478e-01
 5.89228e+03  7.69128e-01
 5.89255e+03  7.63012e-01
 5.89281e+03  7.67592e-01
 5.89307e+03  7.67612e-01
 5.89333e+03  7.67090e-01
 5.89359e+03  7.66038e-01
 5.89385e+03  7.66731e-01
 5.89411e+03  7.66178e-01
 5.89437e+03  7.67048e-01
 5.89463e+03  7.68702e-01
 5.89489e+03  7.66415e-01
 5.89515e+03  7.68677e-01
 5.89541e+03  7.68912e-01
 5.89567e+03  7.65646e-01
 5.89593e+03  7.70980e-01
 5.89620e+03  7.66745e-01
 5.89646e+03  7.68756e-01
 5.89672e+03  7.69147e-01
 5.89698e+03  7.65644e-01
 5.89724e+03  7.71510e-01
 5.89750e+03  7.66543e-01
 5.89776e+03  7.69553e-01
 5.89802e+03  7.69461e-01
 5.89828e+03  7.68284e-01
 5.89854e+03  7.67732e-01
 5.89880e+03  7.69226e-01
 5.89906e+03  7.73690e-01
 5.89932e+03  7.67771e-01
 5.89958e+03  7.71628e-01
 5.89984e+03  7.71690e-01
 5.90011e+03  7.71087e-01
 5.90037e+03  7.70865e-01
 5.90063e+03  7.70056e-01
 5.90089e+03  7.70763e-01
 5.90115e+03  7.69906e-01
 5.90141e+03  7.69405e-01
 5.90167e+03  7.69180e-01
 5.90193e+03  7.71493e-01
 5.90219e+03  7.71533e-01
 5.90245e+03  7.70385e-01
 5.90271e+03  7.72364e-01
 5.90297e+03  7.70989e-01
 5.90323e+03  7.69091e-01
 5.90349e+03  7.67035e-01
 5.90376e+03  7.70164e-01
 5.90402e+03  7.70701e-01
 5.90428e+03  7.73329e-01
 5.90454e+03  7.74455e-01
 5.90480e+03  7.71018e-01
 5.90506e+03  7.70863e-01
 5.90532e+03  7.72872e-01
 5.90558e+03  7.69750e-01
 5.90584e+03  7.70201e-01
 5.90610e+03  7.72462e-01
 5.90636e+03  7.72547e-01
 5.90662e+03  7.73559e-01
 5.90688e+03  7.75755e-01
 5.90714e+03  7.73695e-01
 5.90741e+03  7.72301e-01
 5.90767e+03  7.73321e-01
 5.90793e+03  7.69795e-01
 5.90819e+03  7.72289e-01
 5.90845e+03  7.75619e-01
 5.90871e+03  7.76166e-01
 5.90897e+03  7.73410e-01
 5.90923e+03  7.74862e-01
 5.90949e+03  7.75464e-01
 5.90975e+03  7.74506e-01
 5.91001e+03  7.72871e-01
 5.91027e+03  7.76206e-01
 5.91053e+03  7.77982e-01
 5.91079e+03  7.75343e-01
 5.91106e+03  7.76484e-01
 5.91132e+03  7.78756e-01
 5.91158e+03  7.73429e-01
 5.91184e+03  7.75852e-01
 5.91210e+03  7.74633e-01
 5.91236e+03  7.74303e-01
 5.91262e+03  7.79017e-01
 5.91288e+03  7.79973e-01
 5.91314e+03  7.76000e-01
 5.91340e+03  7.76101e-01
 5.91366e+03  7.75384e-01
 5.91392e+03  7.75051e-01
 5.91418e+03  7.76194e-01
 5.91444e+03  7.80727e-01
 5.91470e+03  7.82140e-01
 5.91497e+03  7.82079e-01
 5.91523e+03  7.79338e-01
 5.91549e+03  7.80711e-01
 5.91575e+03  7.80746e-01
 5.91601e+03  7.77665e-01
 5.91627e+03  7.78981e-01
 5.91653e+03  7.80282e-01
 5.91679e+03  7.81446e-01
 5.91705e+03  7.80775e-01
 5.91731e+03  7.83961e-01
 5.91757e+03  7.81360e-01
 5.91783e+03  7.81253e-01
 5.91809e+03  7.81445e-01
 5.91835e+03  7.84300e-01
 5.91862e+03  7.86318e-01
 5.91888e+03  7.84650e-01
 5.91914e+03  7.84157e-01
 5.91940e+03  7.83094e-01
 5.91966e+03  7.83021e-01
 5.91992e+03  7.85703e-01
 5.92018e+03  7.86473e-01
 5.92044e+03  7.84300e-01
 5.92070e+03  7.89583e-01
 5.92096e+03  7.87869e-01
 5.92122e+03  7.86086e-01
 5.92148e+03  7.86658e-01
 5.92174e+03  7.87567e-01
 5.92200e+03  7.86117e-01
 5.92227e+03  7.87538e-01
 5.92253e+03  7.89669e-01
 5.92279e+03  7.89133e-01
 5.92305e+03  7.88637e-01
 5.92331e+03  7.88528e-01
 5.92357e+03  7.91099e-01
 5.92383e+03  7.89713e-01
 5.92409e+03  7.89098e-01
 5.92435e+03  7.91961e-01
 5.92461e+03  7.93611e-01
 5.92487e+03  7.94589e-01
 5.92513e+03  7.92786e-01
 5.92539e+03  7.93742e-01
 5.92565e+03  7.92949e-01
 5.92592e+03  7.91500e-01
 5.92618e+03  7.93310e-01
 5.92644e+03  7.94744e-01
 5.92670e+03  7.97339e-01
 5.92696e+03  7.95091e-01
 5.92722e+03  7.98035e-01
 5.92748e+03  7.94875e-01
 5.92774e+03  7.94164e-01
 5.92800e+03  7.96961e-01
 5.92826e+03  7.98605e-01
 5.92852e+03  7.98894e-01
 5.92878e+03  7.96528e-01
 5.92904e+03  8.00691e-01
 5.92930e+03  7.95108e-01
 5.92956e+03  7.95869e-01
 5.92983e+03  8.00759e-01
 5.93009e+03  7.99206e-01
 5.93035e+03  7.97823e-01
 5.93061e+03  8.01628e-01
 5.93087e+03  8.00441e-01
 5.93113e+03  7.97574e-01
 5.93139e+03  7.99430e-01
 5.93165e+03  7.99090e-01
 5.93191e+03  8.00467e-01
 5.93217e+03  8.01650e-01
 5.93243e+03  8.03198e-01
 5.93269e+03  8.00221e-01
 5.93295e+03  7.98954e-01
 5.93321e+03  8.01077e-01
 5.93348e+03  7.98478e-01
 5.93374e+03  8.00170e-01
 5.93400e+03  8.01602e-01
 5.93426e+03  8.02731e-01
 5.93452e+03  7.99849e-01
 5.93478e+03  7.99522e-01
 5.93504e+03  7.98527e-01
 5.93530e+03  8.00318e-01
 5.93556e+03  7.99197e-01
 5.93582e+03  8.00482e-01
 5.93608e+03  7.99301e-01
 5.93634e+03  7.97112e-01
 5.93660e+03  7.96283e-01
 5.93686e+03  7.95977e-01
 5.93712e+03  7.94601e-01
 5.93739e+03  7.92528e-01
 5.93765e+03  7.92530e-01
 5.93791e+03  7.91740e-01
 5.93817e+03  7.95452e-01
 5.93843e+03  7.92512e-01
 5.93869e+03  7.92239e-01
 5.93895e+03  7.87657e-01
 5.93921e+03  7.86103e-01
 5.93947e+03  7.88530e-01
 5.93973e+03  7.86611e-01
 5.93999e+03  7.88526e-01
 5.94025e+03  7.85135e-01
 5.94051e+03  7.83889e-01
 5.94077e+03  7.78977e-01
 5.94104e+03  7.78486e-01
 5.94130e+03  7.77291e-01
 5.94156e+03  7.73849e-01
 5.94182e+03  7.72702e-01
 5.94208e+03  7.75338e-01
 5.94234e+03  7.69741e-01
 5.94260e+03  7.70342e-01
 5.94286e+03  7.67035e-01
 5.94312e+03  7.65774e-01
 5.94338e+03  7.61454e-01
 5.94364e+03  7.58974e-01
 5.94390e+03  7.60670e-01
 5.94416e+03  7.54227e-01
 5.94442e+03  7.53487e-01
 5.94469e+03  7.47309e-01
 5.94495e+03  7.44787e-01
 5.94521e+03  7.40807e-01
 5.94547e+03  7.41667e-01
 5.94573e+03  7.40464e-01
 5.94599e+03  7.33126e-01
 5.94625e+03  7.30826e-01
 5.94651e+03  7.30068e-01
 5.94677e+03  7.25018e-01
 5.94703e+03  7.21043e-01
 5.94729e+03  7.17877e-01
 5.94755e+03  7.13752e-01
 5.94781e+03  7.13154e-01
 5.94807e+03  7.07755e-01
 5.94833e+03  7.01468e-01
 5.94860e+03  7.00331e-01
 5.94886e+03  6.93203e-01
 5.94912e+03  6.87249e-01
 5.94938e+03  6.85319e-01
 5.94964e+03  6.80279e-01
 5.94990e+03  6.77842e-01
 5.95016e+03  6.72864e-01
 5.95042e+03  6.68011e-01
 5.95068e+03  6.63669e-01
 5.95094e+03  6.57256e-01
 5.95120e+03  6.51608e-01
 5.95146e+03  6.47534e-01
 5.95172e+03  6.41315e-01
 5.95198e+03  6.39811e-01
 5.95225e+03  6.32051e-01
 5.95251e+03  6.28741e-01
 5.95277e+03  6.23486e-01
 5.95303e+03  6.17234e-01
 5.95329e+03  6.11252e-01
 5.95355e+03  6.06191e-01
 5.95381e+03  6.02610e-01
 5.95407e+03  5.97302e-01
 5.95433e+03  5.88502e-01
 5.95459e+03  5.86116e-01
 5.95485e+03  5.80160e-01
 5.95511e+03  5.72116e-01
 5.95537e+03  5.68159e-01
 5.95563e+03  5.61704e-01
 5.95590e+03  5.56766e-01
 5.95616e+03  5.52518e-01
 5.95642e+03  5.46106e-01
 5.95668e+03  5.40370e-01
 5.95694e+03  5.32424e-01
 5.95720e+03  5.26320e-01
 5.95746e+03  5.21357e-01
 5.95772e+03  5.15278e-01
 5.95798e+03  5.12047e-01
 5.95824e+03  5.04677e-01
 5.95850e+03  4.98529e-01
 5.95876e+03  4.91203e-01
 5.95902e+03  4.85569e-01
 5.95928e+03  4.79616e-01
 5.95955e+03  4.74062e-01
 5.95981e+03  4.69851e-01
 5.96007e+03  4.61121e-01
 5.96033e+03  4.56432e-01
 5.96059e+03  4.48571e-01
 5.96085e+03  4.46296e-01
 5.96111e+03  4.38781e-01
 5.96137e+03  4.31244e-01
 5.96163e+03  4.26167e-01
 5.96189e+03  4.20983e-01
 5.96215e+03  4.18365e-01
 5.96241e+03  4.11581e-01
 5.96267e+03  4.04949e-01
 5.96293e+03  3.97860e-01
 5.96319e+03  3.93341e-01
 5.96346e+03  3.88640e-01
 5.96372e+03  3.81206e-01
 5.96398e+03  3.77579e-01
 5.96424e+03  3.73056e-01
 5.96450e+03  3.67761e-01
 5.96476e+03  3.61716e-01
 5.96502e+03  3.55657e-01
 5.96528e+03  3.49876e-01
 5.96554e+03  3.46474e-01
 5.96580e+03  3.39683e-01
 5.96606e+03  3.35428e-01
 5.96632e+03  3.32053e-01
 5.96658e+03  3.26523e-01
 5.96684e+03  3.20373e-01
 5.96711e+03  3.14144e-01
 5.96737e+03  3.11732e-01
 5.96763e+03  3.06599e-01
 5.96789e+03  3.03408e-01
 5.96815e+03  2.97604e-01
 5.96841e+03  2.91880e-01
 5.96867e+03  2.86678e-01
 5.96893e+03  2.83416e-01
 5.96919e+03  2.78157e-01
 5.96945e+03  2.75880e-01
 5.96971e+03  2.70288e-01
 5.96997e+03  2.64378e-01
 5.97023e+03  2.61025e-01
 5.97049e+03  2.57069e-01
 5.97076e+03  2.55263e-01
 5.97102e+03  2.49007e-01
 5.97128e+03  2.45492e-01
 5.97154e+03  2.42124e-01
 5.97180e+03  2.37695e-01
 5.97206e+03  2.35800e-01
 5.97232e+03  2.30445e-01
 5.97258e+03  2.26395e-01
 5.97284e+03  2.22644e-01
 5.97310e+03  2.20459e-01
 5.97336e+03  2.15457e-01
 5.97362e+03  2.13097e-01
 5.97388e+03  2.10082e-01
 5.97414e+03  2.05938e-01
 5.97441e+03  2.02063e-01
 5.97467e+03  1.98587e-01
 5.97493e+03  1.95632e-01
 5.97519e+03  1.93063e-01
 5.97545e+03  1.89797e-01
 5.97571e+03  1.86945e-01
 5.97597e+03  1.83911e-01
 5.97623e+03  1.81042e-01
 5.97649e+03  1.77820e-01
 5.97675e+03  1.74785e-01
 5.97701e+03  1.71206e-01
 5.97727e+03  1.69639e-01
 5.97753e+03  1.65878e-01
 5.97779e+03  1.63489e-01
 5.97805e+03  1.61693e-01
 5.97832e+03  1.57591e-01
 5.97858e+03  1.56140e-01
 5.97884e+03  1.52797e-01
 5.97910e+03  1.50861e-01
 5.97936e+03  1.48391e-01
 5.97962e+03  1.46617e-01
 5.97988e+03  1.43708e-01
 5.98014e+03  1.41873e-01
 5.98040e+03  1.40051e-01
 5.98066e+03  1.37553e-01
 5.98092e+03  1.35085e-01
 5.98118e+03  1.32325e-01
 5.98144e+03  1.30734e-01
 5.98170e+03  1.28660e-01
 5.98197e+03  1.26494e-01
 5.98223e+03  1.24798e-01
 5.98249e+03  1.21735e-01
 5.98275e+03  1.20027e-01
 5.98301e+03  1.18267e-01
 5.98327e+03  1.15913e-01
 5.98353e+03  1.14534e-01
 5.98379e+03  1.13085e-01
 5.98405e+03  1.11070e-01
 5.98431e+03  1.10258e-01
 5.98457e+03  1.07926e-01
 5.98483e+03  1.06613e-01
 5.98509e+03  1.03276e-01
 5.98535e+03  1.02562e-01
 5.98562e+03  1.02004e-01
 5.98588e+03  9.95589e-02
 5.98614e+03  9.74387e-02
 5.98640e+03  9.57517e-02
 5.98666e+03  9.53126e-02
 5.98692e+03  9.33528e-02
 5.98718e+03  9.17129e-02
 5.98744e+03  9.10215e-02
 5.98770e+03  8.96138e-02
 5.98796e+03  8.81956e-02
 5.98822e+03  8.59965e-02
 5.98848e+03  8.54064e-02
 5.98874e+03  8.35349e-02
 5.98900e+03  8.23450e-02
 5.98927e+03  8.18758e-02
 5.98953e+03  8.04382e-02
 5.98979e+03  7.92951e-02
 5.99005e+03  7.87869e-02
 5.99031e+03  7.66178e-02
 5.99057e+03  7.49851e-02
 5.99083e+03  7.49367e-02
 5.99109e+03  7.38246e-02
 5.99135e+03  7.15677e-02
 5.99161e+03  7.14919e-02
 5.99187e+03  7.00939e-02
 5.99213e+03  6.95575e-02
 5.99239e+03  6.82107e-02
 5.99265e+03  6.75306e-02
 5.99292e+03  6.66930e-02
 5.99318e+03  6.47162e-02
 5.99344e+03  6.39195e-02
 5.99370e+03  6.34572e-02
 5.99396e+03  6.20750e-02
 5.99422e+03  6.21156e-02
 5.99448e+03  6.09335e-02
 5.99474e+03  5.98746e-02
 5.99500e+03  5.90734e-02
 5.99526e+03  5.73726e-02
 5.99552e+03  5.68567e-02
 5.99578e+03  5.64812e-02
 5.99604e+03  5.58600e-02
 5.99630e+03  5.42071e-02
 5.99656e+03  5.40902e-02
 5.99683e+03  5.35754e-02
 5.99709e+03  5.27742e-02
 5.99735e+03  5.19415e-02
 5.99761e+03  5.09117e-02
 5.99787e+03  5.06124e-02
 5.99813e+03  4.98477e-02
 5.99839e+03  4.85461e-02
 5.99865e+03  4.82478e-02
 5.99891e+03  4.70238e-02
 5.99917e+03  4.62078e-02
 5.99943e+03  4.67769e-02
 5.99969e+03  4.60532e-02
 5.99995e+03  4.47261e-02
 6.00021e+03  4.41879e-02
 6.00048e+03  4.38710e-02
 6.00074e+03  4.28707e-02
 6.00100e+03  4.25463e-02
 6.00126e+03  4.22115e-02
 6.00152e+03  4.13016e-02
 6.00178e+03  4.01313e-02
 6.00204e+03  4.06566e-02
 6.00230e+03  3.97554e-02
 6.00256e+03  3.94230e-02
 6.00282e+03  3.81890e-02
 6.00308e+03  3.80009e-02
 6.00334e+03  3.72934e-02
 6.00360e+03  3.69248e-02
 6.00386e+03  3.68525e-02
 6.00412e+03  3.59079e-02
 6.00439e+03  3.60542e-02
 6.00465e+03  3.55238e-02
 6.00491e+03  3.46928e-02
 6.00517e+03  3.44036e-02
 6.00543e+03  3.40799e-02
 6.00569e+03  3.34302e-02
 6.00595e+03  3.30784e-02
 6.00621e+03  3.21581e-02
 6.00647e+03  3.17781e-02
 6.00673e+03  3.16070e-02
 6.00699e+03  3.16784e-02
 6.00725e+03  3.11844e-02
 6.00751e+03  3.07906e-02
 6.00777e+03  3.03712e-02
 6.00804e+03  2.96001e-02
 6.00830e+03  2.95127e-02
 6.00856e+03  2.89208e-02
 6.00882e+03  2.87303e-02
 6.00908e+03  2.81709e-02
 6.00934e+03  2.75669e-02
 6.00960e+03  2.76803e-02
 6.00986e+03  2.74708e-02
 6.01012e+03  2.69651e-02
 6.01038e+03  2.65966e-02
 6.01064e+03  2.63887e-02
 6.01090e+03  2.58937e-02
 6.01116e+03  2.56772e-02
 6.01142e+03  2.53678e-02
 6.01169e+03  2.49348e-02
 6.01195e+03  2.46713e-02
 6.01221e+03  2.43017e-02
 6.01247e+03  2.38333e-02
 6.01273e+03  2.37086e-02
 6.01299e+03  2.38262e-02
 6.01325e+03  2.33523e-02
 6.01351e+03  2.32397e-02
 6.01377e+03  2.27618e-02
 6.01403e+03  2.25213e-02
 6.01429e+03  2.22850e-02
 6.01455e+03  2.16456e-02
 6.01481e+03  2.16525e-02
 6.01507e+03  2.13539e-02
 6.01533e+03  2.13313e-02
 6.01560e+03  2.05828e-02
 6.01586e+03  2.06233e-02
 6.01612e+03  2.04917e-02
 6.01638e+03  2.00846e-02
 6.01664e+03  1.98708e-02
 6.01690e+03  1.98553e-02
 6.01716e+03  1.89119e-02
 6.01742e+03  1.95697e-02
 6.01768e+03  1.85499e-02
 6.01794e+03  1.84021e-02
 6.01820e+03  1.84833e-02
 6.01846e+03  1.82180e-02
 6.01872e+03  1.80697e-02
 6.01898e+03  1.80688e-02
 6.01925e+03  1.75443e-02
 6.01951e+03  1.73700e-02
 6.01977e+03  1.72792e-02
 6.02003e+03  1.72215e-02
 6.02029e+03  1.74209e-02
 6.02055e+03  1.69645e-02
 6.02081e+03  1.65579e-02
 6.02107e+03  1.64175e-02
 6.02133e+03  1.62231e-02
 6.02159e+03  1.58796e-02
 6.02185e+03  1.55593e-02
 6.02211e+03  1.57135e-02
 6.02237e+03  1.54381e-02
 6.02263e+03  1.52831e-02
 6.02290e+03  1.50967e-02
 6.02316e+03  1.49402e-02
 6.02342e+03  1.49346e-02
 6.02368e+03  1.47652e-02
 6.02394e+03  1.44412e-02
 6.02420e+03  1.44565e-02
 6.02446e+03  1.42098e-02
 6.02472e+03  1.38919e-02
 6.02498e+03  1.39908e-02
 6.02524e+03  1.36391e-02
 6.02550e+03  1.34699e-02
 6.02576e+03  1.36349e-02
 6.02602e+03  1.31598e-02
 6.02628e+03  1.30107e-02
 6.02654e+03  1.31981e-02
 6.02681e+03  1.29221e-02
 6.02707e+03  1.25830e-02
 6.02733e+03  1.27172e-02
 6.02759e+03  1.25682e-02
 6.02785e+03  1.22752e-02
 6.02811e+03  1.24656e-02
 6.02837e+03  1.19584e-02
 6.02863e+03  1.21392e-02
 6.02889e+03  1.19368e-02
 6.02915e+03  1.17211e-02
 6.02941e+03  1.13832e-02
 6.02967e+03  1.14175e-02
 6.02993e+03  1.15053e-02
 6.03019e+03  1.14614e-02
 6.03046e+03  1.10596e-02
 6.03072e+03  1.12893e-02
 6.03098e+03  1.06134e-02
 6.03124e+03  1.07833e-02
 6.03150e+03  1.07611e-02
 6.03176e+03  1.08349e-02
 6.03202e+03  1.04383e-02
 6.03228e+03  1.03356e-02
 6.03254e+03  1.07294e-02
 6.03280e+03  1.03006e-02
 6.03306e+03  1.02661e-02
 6.03332e+03  9.80476e-03
 6.03358e+03  9.87358e-03
 6.03384e+03  1.00652e-02
 6.03411e+03  9.73446e-03
 6.03437e+03  9.48922e-03
 6.03463e+03  9.45809e-03
 6.03489e+03  9.16321e-03
 6.03515e+03  9.27391e-03
 6.03541e+03  9.25157e-03
 6.03567e+03  9.04695e-03
 6.03593e+03  9.18863e-03
 6.03619e+03  9.12571e-03
 6.03645e+03  8.94324e-03
 6.03671e+03  8.79999e-03
 6.03697e+03  8.68423e-03
 6.03723e+03  8.70544e-03
 6.03749e+03  8.68573e-03
 6.03776e+03  8.48088e-03
 6.03802e+03  8.53850e-03
 6.03828e+03  8.32906e-03
 6.03854e+03  7.89810e-03
 6.03880e+03  8.36569e-03
 6.03906e+03  8.29971e-03
 6.03932e+03  7.92094e-03
 6.03958e+03  8.26920e-03
 6.03984e+03  7.76261e-03
 6.04010e+03  7.93767e-03
 6.04036e+03  7.69809e-03
 6.04062e+03  7.58471e-03
 6.04088e+03  7.83816e-03
 6.04114e+03  7.78655e-03
 6.04140e+03  7.42904e-03
 6.04167e+03  7.61537e-03
 6.04193e+03  7.41318e-03
 6.04219e+03  7.35347e-03
 6.04245e+03  7.20091e-03
 6.04271e+03  7.18814e-03
 6.04297e+03  6.88687e-03
 6.04323e+03  7.07268e-03
 6.04349e+03  7.15093e-03
 6.04375e+03  6.85403e-03
 6.04401e+03  6.68749e-03
 6.04427e+03  6.81071e-03
 6.04453e+03  6.75681e-03
 6.04479e+03  6.57052e-03
 6.04505e+03  6.62357e-03
 6.04532e+03  6.68286e-03
 6.04558e+03  6.34803e-03
 6.04584e+03  6.48964e-03
 6.04610e+03  6.27269e-03
 6.04636e+03  6.37584e-03
 6.04662e+03  6.15430e-03
 6.04688e+03  6.11388e-03
 6.04714e+03  6.17033e-03
 6.04740e+03  6.22444e-03
 6.04766e+03  6.18972e-03
 6.04792e+03  6.06501e-03
 6.04818e+03  6.02691e-03
 6.04844e+03  6.03126e-03
 6.04870e+03  5.94390e-03
 6.04897e+03  5.78139e-03
 6.04923e+03  5.55852e-03
 6.04949e+03  5.72066e-03
 6.04975e+03  5.74504e-03
 6.05001e+03  5.68595e-03
 6.05027e+03  5.56879e-03
 6.05053e+03  5.58954e-03
 6.05079e+03  5.25805e-03
 6.05105e+03  5.45390e-03
 6.05131e+03  5.00610e-03
 6.05157e+03  5.19878e-03
 6.05183e+03  5.07423e-03
 6.05209e+03  5.18098e-03
 6.05235e+03  5.34407e-03
 6.05262e+03  5.02894e-03
 6.05288e+03  5.21762e-03
 6.05314e+03  5.22836e-03
 6.05340e+03  4.87384e-03
 6.05366e+03  5.04027e-03
 6.05392e+03  5.05020e-03
 6.05418e+03  4.95811e-03
 6.05444e+03  4.79798e-03
 6.05470e+03  4.74080e-03
 6.05496e+03  4.78886e-03
 6.05522e+03  4.66600e-03
 6.05548e+03  4.64095e-03
 6.05574e+03  4.81278e-03
 6.05600e+03  4.99516e-03
 6.05627e+03  4.69815e-03
 6.05653e+03  4.53954e-03
 6.05679e+03  4.40081e-03
 6.05705e+03  4.20043e-03
 6.05731e+03  4.37371e-03
 6.05757e+03  4.43884e-03
 6.05783e+03  4.11647e-03
 6.05809e+03  4.31232e-03
 6.05835e+03  4.10951e-03
 6.05861e+03  4.15594e-03
 6.05887e+03  4.21702e-03
 6.05913e+03  4.36431e-03
 6.05939e+03  4.17697e-03
 6.05965e+03  4.13505e-03
 6.05991e+03  4.10440e-03
 6.06018e+03  4.23516e-03
 6.06044e+03  4.04580e-03
 6.06070e+03  4.36594e-03
 6.06096e+03  4.04094e-03
 6.06122e+03  4.09750e-03
 6.06148e+03  3.89183e-03
 6.06174e+03  3.95792e-03
 6.06200e+03  3.98906e-03
 6.06226e+03  3.57679e-03
 6.06252e+03  3.76179e-03
 6.06278e+03  3.68018e-03
 6.06304e+03  3.85509e-03
 6.06330e+03  3.56984e-03
 6.06356e+03  3.89320e-03
 6.06383e+03  3.69007e-03
 6.06409e+03  3.67463e-03
 6.06435e+03  3.52350e-03
 6.06461e+03  3.68001e-03
 6.06487e+03  3.46735e-03
 6.06513e+03  3.60986e-03
 6.06539e+03  3.85376e-03
 6.06565e+03  3.52558e-03
 6.06591e+03  3.53024e-03
 6.06617e+03  3.77980e-03
 6.06643e+03  3.47970e-03
 6.06669e+03  3.43414e-03
 6.06695e+03  2.96377e-03
 6.06721e+03  3.36310e-03
 6.06748e+03  3.46397e-03
 6.06774e+03  3.36884e-03
 6.06800e+03  3.46807e-03
 6.06826e+03  3.20364e-03
 6.06852e+03  3.11065e-03
 6.06878e+03  3.17409e-03
 6.06904e+03  3.29909e-03
 6.06930e+03  3.18325e-03
 6.06956e+03  3.15591e-03
 6.06982e+03  2.96125e-03
 6.07008e+03  3.16921e-03
 6.07034e+03  2.90075e-03
 6.07060e+03  3.01726e-03
 6.07086e+03  3.25658e-03
 6.07112e+03  3.07874e-03
 6.07139e+03  3.07255e-03
 6.07165e+03  2.87879e-03
 6.07191e+03  3.01801e-03
 6.07217e+03  2.90971e-03
 6.07243e+03  2.92893e-03
 6.07269e+03  2.77998e-03
 6.07295e+03  2.76985e-03
 6.07321e+03  2.90374e-03
 6.07347e+03  2.96653e-03
 6.07373e+03  2.69031e-03
 6.07399e+03  3.06854e-03
 6.07425e+03  2.74359e-03
 6.07451e+03  2.86346e-03
 6.07477e+03  2.93048e-03
 6.07504e+03  2.86942e-03
 6.07530e+03  2.65127e-03
 6.07556e+03  2.67632e-03
 6.07582e+03  2.69086e-03
 6.07608e+03  2.72459e-03
 6.07634e+03  2.80158e-03
 6.07660e+03  2.56433e-03
 6.07686e+03  2.63090e-03
 6.07712e+03  2.75605e-03
 6.07738e+03  2.67866e-03
 6.07764e+03  2.47615e-03
 6.07790e+03  2.48711e-03
 6.07816e+03  2.50886e-03
 6.07842e+03  2.61922e-03
 6.07869e+03  2.58100e-03
 6.07895e+03  2.57012e-03
 6.07921e+03  2.52671e-03
 6.07947e+03  2.43787e-03
 6.07973e+03  2.66932e-03
 6.07999e+03  2.54359e-03
 6.08025e+03  2.57160e-03
 6.08051e+03  2.33316e-03
 6.08077e+03  2.79356e-03
 6.08103e+03  2.36308e-03
 6.08129e+03  2.53053e-03
 6.08155e+03  2.43440e-03
 6.08181e+03  2.39287e-03
 6.08207e+03  2.29681e-03
 6.08233e+03  2.26372e-03
 6.08260e+03  2.23121e-03
 6.08286e+03  2.34477e-03
 6.08312e+03  2.32848e-03
 6.08338e+03  2.22875e-03
 6.08364e+03  2.32077e-03
 6.08390e+03  2.35252e-03
 6.08416e+03  2.38971e-03
 6.08442e+03  2.19135e-03
 6.08468e+03  2.28429e-03
 6.08494e+03  2.28812e-03
 6.08520e+03  2.25581e-03
 6.08546e+03  2.17003e-03
 6.08572e+03  2.15929e-03
 6.08598e+03  2.19868e-03
 6.08625e+03  2.27392e-03
 6.08651e+03  2.40299e-03
 6.08677e+03  2.21397e-03
 6.08703e+03  1.97680e-03
 6.08729e+03  2.09161e-03
 6.08755e+03  2.30511e-03
 6.08781e+03  2.14538e-03
 6.08807e+03  2.06788e-03
 6.08833e+03  2.12945e-03
 6.08859e+03  2.31146e-03
 6.08885e+03  2.10150e-03
 6.08911e+03  2.10782e-03
 6.08937e+03  1.84601e-03
 6.08963e+03  1.86819e-03
 6.08990e+03  2.04064e-03
 6.09016e+03  2.06437e-03
 6.09042e+03  1.97363e-03
 6.09068e+03  2.01594e-03
 6.09094e+03  1.86324e-03
 6.09120e+03  1.99633e-03
 6.09146e+03  1.88335e-03
 6.09172e+03  2.18616e-03
 6.09198e+03  1.67051e-03
 6.09224e+03  1.85489e-03
 6.09250e+03  1.88628e-03
 6.09276e+03  2.09871e-03
 6.09302e+03  1.84416e-03
 6.09328e+03  1.83533e-03
 6.09354e+03  1.68453e-03
 6.09381e+03  1.84084e-03
 6.09407e+03  2.02230e-03
 6.09433e+03  1.62757e-03
 6.09459e+03  1.65021e-03
 6.09485e+03  1.83563e-03
 6.09511e+03  1.76040e-03
 6.09537e+03  1.84648e-03
 6.09563e+03  1.77085e-03
 6.09589e+03  1.79463e-03
 6.09615e+03  1.86461e-03
 6.09641e+03  1.82024e-03
 6.09667e+03  1.80973e-03
 6.09693e+03  1.69568e-03
 6.09719e+03  1.74014e-03
 6.09746e+03  1.62755e-03
 6.09772e+03  1.77166e-03
 6.09798e+03  1.84956e-03
 6.09824e+03  1.75534e-03
 6.09850e+03  1.78197e-03
 6.09876e+03  1.73487e-03
 6.09902e+03  1.84130e-03
 6.09928e+03  1.56666e-03
 6.09954e+03  1.81173e-03
 6.09980e+03  1.65841e-03
 6.10006e+03  1.72940e-03
