650		0.00020399
649.5		0.000190948
649		0.000194155
648.5		0.000192064
648		0.000264583
647.5		0.0002391
647		0.000230987
646.5		0.000270703
646		0.000160508
645.5		0.000199654
645		0.000286962
644.5		0.00041027
644		0.000292734
643.5		0.00029083
643		0.000419349
642.5		0.000426956
642		0.000311485
641.5		0.000403119
641		0.000307376
640.5		0.000398639
640		0.000323999
639.5		0.000458337
639		0.000660328
638.5		0.000564819
638		0.000460133
637.5		0.000601996
637		0.000625736
636.5		0.000585826
636		0.000585202
635.5		0.000689662
635		0.000717476
634.5		0.000816111
634		0.000763815
633.5		0.000787997
633		0.000828788
632.5		0.000970055
632		0.001035767
631.5		0.00107936
631		0.00104314
630.5		0.001048888
630		0.001197605
629.5		0.001178508
629		0.001229237
628.5		0.001256937
628		0.00136452
627.5		0.00144879
627		0.001484939
626.5		0.00150329
626		0.00158324
625.5		0.001681083
625		0.001716729
624.5		0.001811266
624		0.00178012
623.5		0.001854687
623		0.002017799
622.5		0.002088338
622		0.001986522
621.5		0.002161993
621		0.002204884
620.5		0.002201091
620		0.00220913
619.5		0.002313096
619		0.002440784
618.5		0.002501455
618		0.002518731
617.5		0.002602503
617		0.00267413
616.5		0.002697522
616		0.002741188
615.5		0.002835939
615		0.002897531
614.5		0.003064069
614		0.003122182
613.5		0.00319816
613		0.003247826
612.5		0.003300871
612		0.003463936
611.5		0.003429262
611		0.003611416
610.5		0.003730126
610		0.003841485
609.5		0.003900893
609		0.004108913
608.5		0.004203305
608		0.004252391
607.5		0.004545736
607		0.004610751
606.5		0.004695711
606		0.00492218
605.5		0.0050796
605		0.005269397
604.5		0.005300554
604		0.005574716
603.5		0.005844164
603		0.005958447
602.5		0.006116567
602		0.006405624
601.5		0.006626543
601		0.006806838
600.5		0.007169361
600		0.00746497
599.5		0.007664839
599		0.008072075
598.5		0.00824031
598		0.008542232
597.5		0.009076183
597		0.009523943
596.5		0.009827359
596		0.010275066
595.5		0.010834903
595		0.01125413
594.5		0.011671751
594		0.012328362
593.5		0.012929451
593		0.013484148
592.5		0.014112003
592		0.014796533
591.5		0.015491081
591		0.016305845
590.5		0.017139897
590		0.018013621
589.5		0.018958941
589		0.01997227
588.5		0.021061216
588		0.022175848
587.5		0.023496447
587		0.024801157
586.5		0.026313728
586		0.027561743
585.5		0.029325005
585		0.0310589
584.5		0.032918293
584		0.035009421
583.5		0.037242599
583		0.039511807
582.5		0.04199392
582		0.044631828
581.5		0.047738187
581		0.050908346
580.5		0.054483429
580		0.057952508
579.5		0.062049687
579		0.066415809
578.5		0.071295738
578		0.076456137
577.5		0.082173154
577		0.088265643
576.5		0.094923355
576		0.102288365
575.5		0.110601351
575		0.119437799
574.5		0.128985658
574		0.139795572
573.5		0.151185662
573		0.164013594
572.5		0.1783517
572		0.193689078
571.5		0.211202055
571		0.230412141
570.5		0.251485735
570		0.274888873
569.5		0.300430179
569		0.330143958
568.5		0.363079071
568		0.399103582
567.5		0.440415829
567		0.485643327
566.5		0.537078559
566		0.594840646
565.5		0.658888221
565		0.73253125
564.5		0.815194011
564		0.906833172
563.5		1.012430668
563		1.133084059
562.5		1.269147158
562		1.425371289
561.5		1.60398078
561		1.808072448
560.5		2.039110184
560		2.307740927
559.5		2.615489721
559		2.968158722
558.5		3.383341074
558		3.860662222
557.5		4.40096283
557		5.036283493
556.5		5.772580624
556		6.622765064
555.5		7.617845535
555		8.763478279
554.5		10.09172249
554		11.60853577
553.5		13.35917377
553		15.37715816
552.5		17.65398788
552		20.27133179
551.5		23.21000862
551		26.37202454
550.5		29.94316292
550		33.77469635
549.5		37.8293457
549		42.14377213
548.5		46.54517746
548		50.92686844
547.5		55.26742935
547		59.45376587
546.5		63.4201889
546		67.10406494
545.5		70.45506287
545		73.43201447
544.5		75.96535492
544		78.16165924
543.5		80.03806305
543		81.60758972
542.5		82.91377258
542		84.00449371
541.5		84.91168213
541		85.67494202
540.5		86.32647705
540		86.9033432
539.5		87.41053009
539		87.87247467
538.5		88.29977417
538		88.67188263
537.5		89.08382416
537		89.45045471
536.5		89.80128479
536		90.13856506
535.5		90.45600128
535		90.77108765
534.5		91.05503082
534		91.33416748
533.5		91.58879852
533		91.82064056
532.5		92.04019928
532		92.2350235
531.5		92.40356445
531		92.57168579
530.5		92.70603943
530		92.82247162
529.5		92.91881561
529		93.00711823
528.5		93.08036041
528		93.14936829
527.5		93.20892334
527		93.24658203
526.5		93.28005219
526		93.32752228
525.5		93.36797333
525		93.39170837
524.5		93.41454315
524		93.4495163
523.5		93.46722412
523		93.49449158
522.5		93.52325439
522		93.55565643
521.5		93.54880524
521		93.56130981
520.5		93.59053802
520		93.63249969
519.5		93.67031097
519		93.70094299
518.5		93.71889496
518		93.73429108
517.5		93.75143433
517		93.75505066
516.5		93.76607513
516		93.77381134
515.5		93.77984619
515		93.7793045
514.5		93.78350067
514		93.78356934
513.5		93.7802124
513		93.78439331
512.5		93.77775574
512		93.77848053
511.5		93.77418518
511		93.76808929
510.5		93.77915955
510		93.77425385
509.5		93.78072357
509		93.78379822
508.5		93.79111481
508		93.81216431
507.5		93.81523132
507		93.83777618
506.5		93.85033417
506		93.86182404
505.5		93.88462067
505		93.8991394
504.5		93.91222382
504		93.93344879
503.5		93.94293976
503		93.94519806
502.5		93.95738983
502		93.96011353
501.5		93.94721222
501		93.93760681
500.5		93.92088318
500		93.89310455
499.5		93.8580246
499		93.82620239
498.5		93.7806778
498		93.72991943
497.5		93.67623901
497		93.60788727
496.5		93.53347015
496		93.46166229
495.5		93.37838745
495		93.30043793
494.5		93.22114563
494		93.12794495
493.5		93.04031372
493		92.95264435
492.5		92.8677063
492		92.79335022
491.5		92.71652222
491		92.64710236
490.5		92.5765686
490		92.50750732
489.5		92.4515686
489		92.40067291
488.5		92.35246277
488		92.31781006
487.5		92.27768707
487		92.24433899
486.5		92.22436523
486		92.20132446
485.5		92.18778992
485		92.17692566
484.5		92.16336823
484		92.15968323
483.5		92.14309692
483		92.12487793
482.5		92.10917664
482		92.09055328
481.5		92.0689621
481		92.04229736
480.5		91.99449158
480		91.96005249
479.5		91.90236664
479		91.85262299
478.5		91.78235626
478		91.70702362
477.5		91.6164093
477		91.54121399
476.5		91.44515228
476		91.34799957
475.5		91.24842834
475		91.14419556
474.5		91.03689575
474		90.92388153
473.5		90.82453918
473		90.71555328
472.5		90.61488342
472		90.52105713
471.5		90.43945313
471		90.34951782
470.5		90.27770996
470		90.20656586
469.5		90.15444183
469		90.10494232
468.5		90.07081604
468		90.03148651
467.5		90.02159119
467		90.00563049
466.5		90.01315308
466		90.02150726
465.5		90.03096008
465		90.04811096
464.5		90.0842514
464		90.10088348
463.5		90.13533783
463		90.16038513
462.5		90.18919373
462		90.2061615
461.5		90.22343445
461		90.22721863
460.5		90.23890686
460		90.22832489
459.5		90.21108246
459		90.18003082
458.5		90.14969635
458		90.09877014
457.5		90.03676605
457		89.96585846
456.5		89.88864136
456		89.81086731
455.5		89.70877075
455		89.59945679
454.5		89.49917603
454		89.38632965
453.5		89.27265167
453		89.16625214
452.5		89.05130768
452		88.93775177
451.5		88.83486176
451		88.73660278
450.5		88.64227295
450		88.55773926
449.5		88.4726181
449		88.39889526
448.5		88.33281708
448		88.2698288
447.5		88.21682739
447		88.17714691
446.5		88.13838959
446		88.09132385
445.5		88.06118011
445		88.02719116
444.5		87.98339844
444		87.94881439
443.5		87.90029144
443		87.86171722
442.5		87.80662537
442		87.7469635
441.5		87.66431427
441		87.58808136
440.5		87.47872925
440		87.37486267
439.5		87.25584412
439		87.12956238
438.5		86.98716736
438		86.83330536
437.5		86.67192841
437		86.51325989
436.5		86.34383392
436		86.17498016
435.5		85.99781036
435		85.83961487
434.5		85.67988586
434		85.48378754
433.5		85.36558533
433		85.23735809
432.5		85.09835815
432		84.98886871
431.5		84.84546661
431		84.77970886
430.5		84.7046051
430		84.64386749
429.5		84.58637238
429		84.53344727
428.5		84.49972534
428		84.4609375
427.5		84.43070221
427		84.39912415
426.5		84.36882019
426		84.32136536
425.5		84.27074432
425		84.22187805
424.5		84.14926147
424		84.05589294
423.5		83.95397186
423		83.82855988
422.5		83.68740082
422		83.527565
421.5		83.34456635
421		83.14782715
420.5		82.93771362
420		82.66024017
419.5		82.44881439
419		82.18954468
418.5		81.93491364
418		81.66246033
417.5		81.38478088
417		81.1124649
416.5		80.84687042
416		80.57182312
415.5		80.31138611
415		80.02236176
414.5		79.80413055
414		79.56019592
413.5		79.31245422
413		79.08306885
412.5		78.82429504
412		78.54839325
411.5		78.33499146
411		78.06125641
410.5		77.77139282
410		77.45076752
409.5		77.08918762
409		76.68254852
408.5		76.22164154
408		75.69297791
407.5		75.08003235
407		74.37522888
406.5		73.56610107
406		72.65252686
405.5		71.6104126
405		70.4128418
404.5		69.07268524
404		67.57211304
403.5		65.83520508
403		63.93099594
402.5		61.87109375
402		59.5558815
401.5		56.99982071
401		54.2596283
400.5		51.2623291
400		48.05524063
399.5		44.68236923
399		41.16226578
398.5		37.50558853
398		33.77492523
397.5		30.03720856
397		26.26368713
396.5		22.65121841
396		19.2522316
395.5		16.02204704
395		13.08258915
394.5		10.49709988
394		8.217904091
393.5		6.287884712
393		4.717884541
392.5		3.459302425
392		2.474479437
391.5		1.726486325
391		1.178704619
390.5		0.785696387
390		0.513152003
389.5		0.331856042
389		0.21133332
388.5		0.135003522
388		0.08743412
387.5		0.058064837
387		0.040830441
386.5		0.030828681
386		0.024710819
385.5		0.02132755
385		0.019387009
384.5		0.018243847
384		0.017208263
383.5		0.016758511
383		0.016494377
382.5		0.016430588
382		0.016161766
381.5		0.015961684
381		0.015811678
380.5		0.015444715
380		0.015467525
379.5		0.015542222
379		0.015450843
378.5		0.015458527
378		0.015428246
377.5		0.015453045
377		0.015312417
376.5		0.015402402
376		0.015447289
375.5		0.015423452
375		0.015440691
374.5		0.015368903
374		0.015350232
373.5		0.015314736
373		0.015142215
372.5		0.015045957
372		0.014878059
371.5		0.014514792
371		0.014389829
370.5		0.014008584
370		0.013982644
369.5		0.013472293
369		0.013373748
368.5		0.01296259
368		0.012600267
367.5		0.012356144
367		0.012120041
366.5		0.011898289
366		0.011711708
365.5		0.011428921
365		0.011410085
364.5		0.011343525
364		0.01103197
363.5		0.011027137
363		0.010951405
362.5		0.010857232
362		0.010860736
361.5		0.010693474
361		0.010684766
360.5		0.010724893
360		0.010824003
359.5		0.010743991
359		0.01086044
358.5		0.010755557
358		0.010846492
357.5		0.010717206
357		0.010671465
356.5		0.01068305
356		0.010641849
355.5		0.010558181
355		0.010519317
354.5		0.01059625
354		0.010518571
353.5		0.010475543
353		0.010536824
352.5		0.010544868
352		0.010549899
351.5		0.010849226
351		0.010589204
350.5		0.010861875
350		0.01111667
349.5		0.010351457
349		0.011331215
348.5		0.01151476
348		0.011650696
347.5		0.011515935
347		0.011564769
346.5		0.01148953
346		0.011322358
345.5		0.011101445
345		0.010940716
344.5		0.010266202
344		0.010055155
343.5		0.009820213
343		0.009124563
342.5		0.008867513
342		0.008422705
341.5		0.008057333
341		0.007945736
340.5		0.007553583
340		0.007426237
339.5		0.00766658
339		0.007262305
338.5		0.00737384
338		0.007337197
337.5		0.007317904
337		0.007313414
336.5		0.007418891
336		0.007361211
335.5		0.006988942
335		0.006546338
334.5		0.006240235
334		0.00588265
333.5		0.00542156
333		0.005037874
332.5		0.004900347
332		0.004269707
331.5		0.004065006
331		0.003672112
330.5		0.003385605
330		0.003176563
329.5		0.003037354
329		0.002757374
328.5		0.002521886
328		0.002392434
327.5		0.002282431
327		0.002135511
326.5		0.001921699
326		0.001875024
325.5		0.001789109
325		0.001626242
324.5		0.001448442
324		0.001363007
323.5		0.001333777
323		0.001267995
322.5		0.001204372
322		0.001170516
321.5		0.001089118
321		0.001129834
320.5		0.001270373
320		0.001114518
319.5		0.000961533
319		0.000757764
318.5		0.000856294
318		0.000662163
317.5		0.000655252
317		0.000600205
316.5		0.000535394
316		0.000696479
315.5		0.000685389
315		0.00061041
314.5		0.000593814
314		0.00049454
313.5		0.000600453
313		0.000495516
312.5		0.000519406
312		0.000658002
311.5		0.000482561
311		0.000710408
310.5		0.000654791
310		0.000515347
309.5		0.000516926
309		0.000578946
308.5		0.000613613
308		0.000547521
307.5		0.000639923
307		0.000673375
306.5		0.000708089
306		0.00050246
305.5		0.000461604
305		0.000499738
304.5		0.000434071
304		0.000644649
303.5		0.000492956
303		0.000493031
302.5		0.000632683
302		0.000568411
301.5		0.00064415
301		0.000481805
300.5		0.000513999
300		0.000516241
