750.0 		-0.00010323
749.8 		-6.42E-05
749.6 		-0.000141257
749.4 		-9.16E-05
749.2 		-0.000114524
749.0 		-8.61E-05
748.8 		-0.000213568
748.6 		-0.00018923
748.4 		-0.000159457
748.2 		-9.74E-05
748.0 		-0.000181413
747.8 		-0.000116346
747.6 		-0.000154807
747.4 		-0.000192592
747.2 		-0.000197853
747.0 		-0.000148386
746.8 		-0.000167097
746.6 		-0.00021013
746.4 		-0.000146315
746.2 		-8.88E-06
746.0 		-0.000261656
745.8 		-0.000172662
745.6 		-9.90E-05
745.4 		-0.000133929
745.2 		-0.00025018
745.0 		-8.70E-05
744.8 		-0.000145105
744.6 		-6.46E-05
744.4 		-5.00E-05
744.2 		-0.000204405
744.0 		-0.000159839
743.8 		-0.000154875
743.6 		-0.000137921
743.4 		-0.00016855
743.2 		-0.000165255
743.0 		-0.000229034
742.8 		-0.000258397
742.6 		-0.000170752
742.4 		-0.000132492
742.2 		-0.00016276
742.0 		-0.000231379
741.8 		2.59E-06
741.6 		-0.000227343
741.4 		-0.000145117
741.2 		-0.000243125
741.0 		-0.000225002
740.8 		-0.000211748
740.6 		-0.00025287
740.4 		-0.000156269
740.2 		-0.000283974
740.0 		-0.000167295
739.8 		-0.000123112
739.6 		-0.000233614
739.4 		-0.000110592
739.2 		-0.000265472
739.0 		-0.000126418
738.8 		-0.00017589
738.6 		-0.000153783
738.4 		-0.000106579
738.2 		-0.000186997
738.0 		-0.000174054
737.8 		-0.000141613
737.6 		-0.000198618
737.4 		-7.50E-05
737.2 		-0.00017548
737.0 		-0.000154647
736.8 		-0.000190365
736.6 		-0.000237729
736.4 		-0.000115054
736.2 		-0.000166054
736.0 		-0.000181873
735.8 		-0.000221762
735.6 		-0.00024471
735.4 		-0.000133629
735.2 		-0.000171752
735.0 		-0.000262611
734.8 		-0.000224023
734.6 		-0.000258374
734.4 		-0.000259367
734.2 		-0.000179762
734.0 		-0.000132997
733.8 		-0.000237426
733.6 		-7.14E-05
733.4 		-0.000320076
733.2 		-5.38E-05
733.0 		-0.000259089
732.8 		-0.000216992
732.6 		-0.000196408
732.4 		-0.000157486
732.2 		-0.000166575
732.0 		-0.000163807
731.8 		-3.16E-05
731.6 		-0.000183222
731.4 		-0.000166632
731.2 		-0.000193963
731.0 		-0.000149198
730.8 		-9.67E-05
730.6 		-0.000175842
730.4 		-0.000134999
730.2 		-0.000147924
730.0 		-9.64E-05
729.8 		-0.000206921
729.6 		-0.000120828
729.4 		-9.70E-05
729.2 		-0.000132882
729.0 		-8.16E-05
728.8 		-0.000111731
728.6 		-9.18E-05
728.4 		-0.000143993
728.2 		-0.000195433
728.0 		-0.000169497
727.8 		-9.25E-05
727.6 		-0.00016896
727.4 		-0.000187376
727.2 		-8.00E-05
727.0 		-0.000162878
726.8 		-0.000131174
726.6 		-8.29E-05
726.4 		-2.45E-05
726.2 		-0.00014319
726.0 		-0.000162117
725.8 		-8.35E-05
725.6 		-0.000210511
725.4 		-2.91E-05
725.2 		-5.98E-05
725.0 		-2.04E-05
724.8 		4.15E-05
724.6 		-2.69E-05
724.4 		-9.58E-05
724.2 		-9.08E-05
724.0 		-0.000143403
723.8 		-5.33E-05
723.6 		1.61E-05
723.4 		-0.00024663
723.2 		-0.000152657
723.0 		-0.000167301
722.8 		-8.03E-05
722.6 		-0.000115261
722.4 		-7.31E-05
722.2 		-6.87E-05
722.0 		-7.40E-05
721.8 		-5.26E-05
721.6 		3.35E-05
721.4 		-6.87E-05
721.2 		-3.60E-05
721.0 		-0.000181514
720.8 		-0.000135026
720.6 		-8.82E-05
720.4 		-6.10E-05
720.2 		-1.76E-05
720.0 		-6.48E-05
719.8 		-7.96E-05
719.6 		-2.36E-05
719.4 		-6.54E-07
719.2 		3.49E-06
719.0 		1.44E-05
718.8 		1.50E-05
718.6 		1.45E-06
718.4 		5.72E-05
718.2 		-3.09E-05
718.0 		5.58E-05
717.8 		8.73E-05
717.6 		0.000107295
717.4 		0.000182253
717.2 		0.000176745
717.0 		0.000122692
716.8 		0.00011461
716.6 		0.000102496
716.4 		0.000266853
716.2 		0.000225993
716.0 		8.44E-05
715.8 		0.000143737
715.6 		0.000194506
715.4 		0.00029483
715.2 		0.000229721
715.0 		0.000202142
714.8 		0.000244405
714.6 		0.000212361
714.4 		0.000299625
714.2 		0.000291213
714.0 		0.000378495
713.8 		0.000310052
713.6 		0.000351517
713.4 		0.000375884
713.2 		0.000322581
713.0 		0.00039436
712.8 		0.000300047
712.6 		0.0003553
712.4 		0.000468591
712.2 		0.000442319
712.0 		0.000370655
711.8 		0.00049839
711.6 		0.00050665
711.4 		0.000475409
711.2 		0.000549121
711.0 		0.000570887
710.8 		0.000540462
710.6 		0.000725021
710.4 		0.000527374
710.2 		0.000637948
710.0 		0.000638077
709.8 		0.000690667
709.6 		0.000602466
709.4 		0.000649195
709.2 		0.000744053
709.0 		0.000729128
708.8 		0.000613928
708.6 		0.000691074
708.4 		0.000840632
708.2 		0.00072432
708.0 		0.000741248
707.8 		0.00064208
707.6 		0.000741997
707.4 		0.00081661
707.2 		0.000840712
707.0 		0.000683107
706.8 		0.000822722
706.6 		0.000820923
706.4 		0.000772243
706.2 		0.000837293
706.0 		0.000898506
705.8 		0.000864325
705.6 		0.000886372
705.4 		0.000918661
705.2 		0.000919459
705.0 		0.000813868
704.8 		0.00092887
704.6 		0.000961398
704.4 		0.001008842
704.2 		0.001068765
704.0 		0.000927173
703.8 		0.00094415
703.6 		0.000976636
703.4 		0.00092589
703.2 		0.001147858
703.0 		0.000975899
702.8 		0.000982025
702.6 		0.001162365
702.4 		0.00109869
702.2 		0.001151378
702.0 		0.001083562
701.8 		0.001213603
701.6 		0.001101954
701.4 		0.000981744
701.2 		0.00121777
701.0 		0.001125245
700.8 		0.001212048
700.6 		0.001264737
700.4 		0.001222376
700.2 		0.001239169
700.0 		0.001099417
699.8 		0.001278041
699.6 		0.001309919
699.4 		0.001097769
699.2 		0.00129189
699.0 		0.001471177
698.8 		0.00137876
698.6 		0.001395896
698.4 		0.001409622
698.2 		0.001503894
698.0 		0.001526677
697.8 		0.00148441
697.6 		0.001503282
697.4 		0.001571724
697.2 		0.00155848
697.0 		0.001659486
696.8 		0.001733166
696.6 		0.001621914
696.4 		0.001695729
696.2 		0.001661964
696.0 		0.001741587
695.8 		0.001772481
695.6 		0.001938826
695.4 		0.001974148
695.2 		0.001881808
695.0 		0.001981838
694.8 		0.001979205
694.6 		0.002122216
694.4 		0.002090369
694.2 		0.002127118
694.0 		0.002157248
693.8 		0.002308357
693.6 		0.002181653
693.4 		0.002210622
693.2 		0.002389405
693.0 		0.002439205
692.8 		0.002489252
692.6 		0.002480478
692.4 		0.002713725
692.2 		0.002524061
692.0 		0.002598181
691.8 		0.002676253
691.6 		0.002753655
691.4 		0.002774144
691.2 		0.002892502
691.0 		0.00300789
690.8 		0.003090591
690.6 		0.003205668
690.4 		0.003240765
690.2 		0.003297926
690.0 		0.003411612
689.8 		0.003619636
689.6 		0.00364834
689.4 		0.00369509
689.2 		0.003773562
689.0 		0.003811901
688.8 		0.004053188
688.6 		0.004211501
688.4 		0.00426366
688.2 		0.004331595
688.0 		0.004412444
687.8 		0.00470937
687.6 		0.004879096
687.4 		0.004812029
687.2 		0.005175701
687.0 		0.005276369
686.8 		0.005406521
686.6 		0.005569709
686.4 		0.005905757
686.2 		0.005928545
686.0 		0.006250052
685.8 		0.006502275
685.6 		0.006802954
685.4 		0.00685904
685.2 		0.007106514
685.0 		0.00749722
684.8 		0.007547695
684.6 		0.007947147
684.4 		0.0080548
684.2 		0.008561799
684.0 		0.008930577
683.8 		0.009046674
683.6 		0.009515256
683.4 		0.00997593
683.2 		0.010254524
683.0 		0.010766484
682.8 		0.011209743
682.6 		0.011607058
682.4 		0.012093102
682.2 		0.012571378
682.0 		0.013161466
681.8 		0.01371204
681.6 		0.014468761
681.4 		0.014830947
681.2 		0.015631562
681.0 		0.01656303
680.8 		0.017178945
680.6 		0.018019464
680.4 		0.018719727
680.2 		0.019683454
680.0 		0.020783287
679.8 		0.021710128
679.6 		0.02274676
679.4 		0.023866795
679.2 		0.025231749
679.0 		0.026428077
678.8 		0.027786618
678.6 		0.029439008
678.4 		0.030848034
678.2 		0.032513555
678.0 		0.03435545
677.8 		0.036351617
677.6 		0.038652092
677.4 		0.040872313
677.2 		0.042922203
677.0 		0.04546681
676.8 		0.04830268
676.6 		0.051155273
676.4 		0.054467335
676.2 		0.057967018
676.0 		0.061348569
675.8 		0.065604255
675.6 		0.070006073
675.4 		0.074577473
675.2 		0.079403184
675.0 		0.085008465
674.8 		0.09155421
674.6 		0.097897872
674.4 		0.104960017
674.2 		0.112614155
674.0 		0.12104623
673.8 		0.130284593
673.6 		0.14047417
673.4 		0.151426226
673.2 		0.163760379
673.0 		0.177143663
672.8 		0.192321539
672.6 		0.208323211
672.4 		0.226866335
672.2 		0.247045115
672.0 		0.269276112
671.8 		0.294256896
671.6 		0.321619034
671.4 		0.352079034
671.2 		0.38624841
671.0 		0.424054027
670.8 		0.466421157
670.6 		0.515059292
670.4 		0.568528712
670.2 		0.630461574
670.0 		0.697455525
669.8 		0.776706755
669.6 		0.865580261
669.4 		0.965030372
669.2 		1.07755959
669.0 		1.207756042
668.8 		1.354632854
668.6 		1.525127172
668.4 		1.723765612
668.2 		1.948915958
668.0 		2.211634159
667.8 		2.518863201
667.6 		2.880827427
667.4 		3.290502787
667.2 		3.784852028
667.0 		4.350904942
666.8 		5.017818451
666.6 		5.799054146
666.4 		6.724737644
666.2 		7.804766178
666.0 		9.072710037
665.8 		10.61899185
665.6 		12.37792683
665.4 		14.51040936
665.2 		16.9475956
665.0 		19.8886013
664.8 		23.1544838
664.6 		27.05410957
664.4 		31.32727051
664.2 		35.93050385
664.0 		41.0236969
663.8 		46.40161514
663.6 		51.89956284
663.4 		57.43621063
663.2 		62.91972351
663.0 		67.94207001
662.8 		72.69552612
662.6 		76.84567261
662.4 		80.45223236
662.2 		83.42640686
662.0 		85.94000244
661.8 		87.92896271
661.6 		89.4827652
661.4 		90.70330048
661.2 		91.65353394
661.0 		92.38063812
660.8 		92.92167664
660.6 		93.33881378
660.4 		93.61399841
660.2 		93.78931427
660.0 		93.85938263
659.8 		93.85048676
659.6 		93.73069763
659.4 		93.53529358
659.2 		93.27456665
659.0 		92.96092987
658.8 		92.61621094
658.6 		92.20343018
658.4 		91.81866455
658.2 		91.46903992
658.0 		91.16415405
657.8 		90.92571259
657.6 		90.79042053
657.4 		90.74667358
657.2 		90.85439301
657.0 		91.07429504
656.8 		91.43768311
656.6 		91.84854889
656.4 		92.27020264
656.2 		92.62850189
656.0 		92.79801941
655.8 		92.56111145
655.6 		91.74707031
655.4 		90.16078949
655.2 		87.61172485
655.0 		83.87607574
654.8 		79.00794983
654.6 		72.98400116
654.4 		66.32457733
654.2 		58.94974518
654.0 		51.65306473
653.8 		44.61177444
653.6 		38.0253334
653.4 		32.17930984
653.2 		27.0890274
653.0 		22.68851852
652.8 		18.86074638
652.6 		15.75714493
652.4 		13.0988884
652.2 		10.95479012
652.0 		9.151297569
651.8 		7.70452404
651.6 		6.462687969
651.4 		5.471931934
651.2 		4.653490067
651.0 		3.963012218
650.8 		3.392134666
650.6 		2.916163206
650.4 		2.516768694
650.2 		2.166704178
650.0 		1.884977579
649.8 		1.638846278
649.6 		1.43039906
649.4 		1.251800418
649.2 		1.103381515
649.0 		0.968254626
648.8 		0.855481982
648.6 		0.75838089
648.4 		0.674128115
648.2 		0.600294769
648.0 		0.53670454
647.8 		0.480322778
647.6 		0.43017602
647.4 		0.387904108
647.2 		0.349334568
647.0 		0.315191537
646.8 		0.284785599
646.6 		0.258131921
646.4 		0.233711273
646.2 		0.212191016
646.0 		0.193388999
645.8 		0.176874995
645.6 		0.161638975
645.4 		0.148373559
645.2 		0.13599509
645.0 		0.124351963
644.8 		0.114516079
644.6 		0.105602227
644.4 		0.096991055
644.2 		0.089276895
644.0 		0.082906246
643.8 		0.076254465
643.6 		0.070749387
643.4 		0.065773763
643.2 		0.061048724
643.0 		0.056789193
642.8 		0.052890949
642.6 		0.049365826
642.4 		0.045852914
642.2 		0.042877886
642.0 		0.040034406
641.8 		0.037519306
641.6 		0.034844656
641.4 		0.032962248
641.2 		0.030801263
641.0 		0.028912852
640.8 		0.027174823
640.6 		0.025416508
640.4 		0.024049792
640.2 		0.022521187
640.0 		0.021399986
639.8 		0.020153521
639.6 		0.019073371
639.4 		0.018045114
639.2 		0.016942559
639.0 		0.016031377
638.8 		0.015218871
638.6 		0.01438838
638.4 		0.013592532
638.2 		0.012900795
638.0 		0.012293222
637.8 		0.011568283
637.6 		0.011208138
637.4 		0.010412777
637.2 		0.010025701
637.0 		0.009599383
636.8 		0.009143827
636.6 		0.008641193
636.4 		0.008259051
636.2 		0.007877238
636.0 		0.007436853
635.8 		0.00710068
635.6 		0.00700441
635.4 		0.006527493
635.2 		0.006312639
635.0 		0.006009195
634.8 		0.005858852
634.6 		0.005358826
634.4 		0.005170509
634.2 		0.005058217
634.0 		0.00489385
633.8 		0.004719371
633.6 		0.004434044
633.4 		0.004362871
633.2 		0.004177205
633.0 		0.004029942
632.8 		0.003908056
632.6 		0.00368351
632.4 		0.003615661
632.2 		0.003456684
632.0 		0.003441475
631.8 		0.003277531
631.6 		0.003063364
631.4 		0.003019336
631.2 		0.002880142
631.0 		0.002791578
630.8 		0.002706923
630.6 		0.002747651
630.4 		0.002511306
630.2 		0.00244973
630.0 		0.00233192
629.8 		0.002337143
629.6 		0.002236192
629.4 		0.002132988
629.2 		0.002166919
629.0 		0.001976508
628.8 		0.001882734
628.6 		0.001994261
628.4 		0.001829709
628.2 		0.001801834
628.0 		0.00176995
627.8 		0.001696505
627.6 		0.00174373
627.4 		0.00157762
627.2 		0.001517736
627.0 		0.001553753
626.8 		0.00154534
626.6 		0.001305537
626.4 		0.00134956
626.2 		0.001379696
626.0 		0.001211549
625.8 		0.001198188
625.6 		0.001266363
625.4 		0.001126941
625.2 		0.001023856
625.0 		0.001018273
624.8 		0.00099861
624.6 		0.000926407
624.4 		0.000908501
624.2 		0.000854061
624.0 		0.000805851
623.8 		0.000674527
623.6 		0.000714996
623.4 		0.000671728
623.2 		0.000583168
623.0 		0.000530374
622.8 		0.000418329
622.6 		0.000517836
622.4 		0.000326231
622.2 		0.000424131
622.0 		0.000303504
621.8 		0.000342473
621.6 		0.000322495
621.4 		0.000226557
621.2 		0.000194283
621.0 		0.000274996
620.8 		0.000231221
620.6 		0.000116849
620.4 		0.000205795
620.2 		0.000163225
620.0 		0.000145822
619.8 		0.000149715
619.6 		0.000126825
619.4 		8.21E-05
619.2 		4.86E-05
619.0 		5.50E-05
618.8 		2.88E-05
618.6 		1.48E-05
618.4 		6.87E-05
618.2 		-4.62E-05
618.0 		9.89E-05
617.8 		0.000127881
617.6 		6.08E-05
617.4 		-4.01E-05
617.2 		1.28E-05
617.0 		-0.000179288
616.8 		-0.000106448
616.6 		-8.35E-05
616.4 		-6.36E-05
616.2 		-0.000132854
616.0 		-8.83E-05
615.8 		-7.43E-05
615.6 		-7.29E-05
615.4 		-1.76E-05
615.2 		-1.17E-05
615.0 		-5.40E-05
614.8 		-5.42E-05
614.6 		-5.61E-05
614.4 		-0.000129616
614.2 		-7.94E-05
614.0 		-7.45E-05
613.8 		-0.000136776
613.6 		-6.76E-05
613.4 		-1.12E-05
613.2 		-0.000137267
613.0 		-0.000125913
612.8 		-0.00013839
612.6 		-0.000125302
612.4 		-0.000173932
612.2 		-0.000177301
612.0 		-0.000126776
611.8 		-0.000147448
611.6 		-9.22E-05
611.4 		-9.79E-05
611.2 		-0.000234622
611.0 		-0.000171584
610.8 		-0.000208592
610.6 		-0.000113564
610.4 		-0.000103955
610.2 		-0.000207207
610.0 		-4.93E-05
609.8 		-7.08E-05
609.6 		-0.000149123
609.4 		-0.00020763
609.2 		-0.000243481
609.0 		-5.58E-05
608.8 		-0.000190827
608.6 		-5.99E-05
608.4 		-0.000124946
608.2 		-0.000192629
608.0 		-7.89E-05
607.8 		-0.000148727
607.6 		-0.000182194
607.4 		-0.000261102
607.2 		-0.000222049
607.0 		-0.00012815
606.8 		-0.000129811
606.6 		-0.000114614
606.4 		-0.000227308
606.2 		-3.08E-05
606.0 		-0.000154127
605.8 		-0.000119861
605.6 		-0.000112315
605.4 		-0.000209824
605.2 		-0.000193774
605.0 		-0.000234754
604.8 		-5.62E-05
604.6 		-0.000145072
604.4 		-0.000186615
604.2 		-0.000140866
604.0 		-0.000138847
603.8 		-0.000222559
603.6 		-0.000243324
603.4 		-0.000161308
603.2 		-9.06E-05
603.0 		-0.000128695
602.8 		-0.000184117
602.6 		-0.000160509
602.4 		-0.000141231
602.2 		-0.000275564
602.0 		-5.92E-05
601.8 		-8.43E-05
601.6 		-0.000198452
601.4 		-0.000137306
601.2 		-0.000195664
601.0 		-0.000140073
600.8 		-0.000189916
600.6 		-0.000178825
600.4 		-7.29E-05
600.2 		-0.000130935
600.0 		-0.000160547
