1000		0.012247577
999.5		0.011658409
999		0.012035787
998.5		0.012681307
998		0.012693515
997.5		0.012571513
997		0.013000859
996.5		0.012918537
996		0.012354509
995.5		0.013234689
995		0.013359585
994.5		0.013309655
994		0.012763169
993.5		0.013683662
993		0.013756895
992.5		0.013590037
992		0.014242608
991.5		0.014006511
991		0.014479026
990.5		0.014234372
990		0.014419161
989.5		0.014328861
989		0.01512696
988.5		0.015349731
988		0.01499214
987.5		0.015607897
987		0.015055614
986.5		0.015326804
986		0.015721401
985.5		0.015253087
985		0.016050939
984.5		0.015716409
984		0.016234417
983.5		0.016466636
983		0.016803203
982.5		0.017026857
982		0.016784864
981.5		0.017100841
981		0.017468868
980.5		0.017158329
980		0.017966034
979.5		0.018287806
979		0.018554283
978.5		0.018334739
978		0.018367015
977.5		0.018713469
977		0.018800894
976.5		0.019221097
976		0.01942681
975.5		0.01912076
975		0.020487795
974.5		0.019899115
974		0.019507848
973.5		0.020278374
973		0.020955263
972.5		0.020416597
972		0.020641444
971.5		0.02158162
971		0.021753252
970.5		0.022599852
970		0.022277489
969.5		0.022277452
969		0.022868373
968.5		0.023454214
968		0.023824733
967.5		0.023819258
967		0.024710113
966.5		0.024422104
966		0.024668625
965.5		0.024827363
965		0.025275711
964.5		0.026193371
964		0.026003577
963.5		0.02659375
963		0.026799908
962.5		0.026967771
962		0.027331514
961.5		0.027265249
961		0.02813172
960.5		0.028389316
960		0.028724168
959.5		0.029030669
959		0.0293664
958.5		0.029794013
958		0.030288396
957.5		0.03136754
957		0.031887736
956.5		0.032008592
956		0.032139298
955.5		0.032942921
955		0.033259679
954.5		0.034382612
954		0.033827037
953.5		0.034148101
953		0.034387216
952.5		0.035492264
952		0.035770994
951.5		0.036196161
951		0.037597388
950.5		0.037244674
950		0.037602566
949.5		0.038557269
949		0.038896848
948.5		0.039382048
948		0.040556069
947.5		0.040444706
947		0.041294903
946.5		0.042211097
946		0.042716429
945.5		0.043106437
945		0.043385331
944.5		0.044200256
944		0.045453232
943.5		0.045893066
943		0.045988861
942.5		0.047523636
942		0.047880929
941.5		0.048640668
941		0.049242917
940.5		0.05043808
940		0.050979834
939.5		0.051349327
939		0.053230602
938.5		0.05358997
938		0.054116517
937.5		0.055263065
937		0.056053657
936.5		0.055848736
936		0.057391044
935.5		0.058239616
935		0.058574446
934.5		0.060257055
934		0.060948618
933.5		0.061828785
933		0.062980905
932.5		0.063952416
932		0.065574519
931.5		0.066232078
931		0.067045979
930.5		0.068566546
930		0.068687998
929.5		0.070321813
929		0.071510673
928.5		0.07291463
928		0.074057035
927.5		0.074417137
927		0.076751068
926.5		0.077575669
926		0.078733884
925.5		0.079895452
925		0.080740109
924.5		0.081966616
924		0.083907336
923.5		0.084904552
923		0.086552478
922.5		0.087742999
922		0.089269713
921.5		0.09125571
921		0.092041276
920.5		0.093815453
920		0.095693931
919.5		0.096916497
919		0.098570623
918.5		0.101025097
918		0.101891965
917.5		0.103593178
917		0.105634399
916.5		0.106895447
916		0.108810246
915.5		0.110645711
915		0.112856887
914.5		0.114351921
914		0.116145343
913.5		0.118164636
913		0.120412663
912.5		0.122401081
912		0.124229863
911.5		0.126250505
911		0.128052041
910.5		0.130696461
910		0.132812902
909.5		0.135544822
909		0.137242049
908.5		0.139960587
908		0.142000914
907.5		0.144255653
907		0.146496907
906.5		0.149002746
906		0.151524395
905.5		0.154416487
905		0.15690358
904.5		0.159719199
904		0.162413955
903.5		0.165126443
903		0.16854769
902.5		0.170598522
902		0.173929945
901.5		0.177029595
901		0.179407924
900.5		0.18257159
900		0.186105207
899.5		0.189517692
899		0.192648575
898.5		0.195482984
898		0.198826268
897.5		0.202402502
897		0.206098795
896.5		0.209352031
896		0.212869763
895.5		0.216578811
895		0.220111519
894.5		0.22413078
894		0.228175923
893.5		0.231623411
893		0.235693902
892.5		0.240432382
892		0.244442299
891.5		0.248697579
891		0.252826095
890.5		0.257532537
890		0.261640906
889.5		0.265580624
889		0.270126909
888.5		0.275449812
888		0.280234784
887.5		0.284721106
887		0.289214283
886.5		0.294827759
886		0.299168319
885.5		0.304653227
885		0.310405284
884.5		0.315054476
884		0.321053654
883.5		0.325921774
883		0.332360327
882.5		0.337657303
882		0.343240291
881.5		0.34927541
881		0.354973942
880.5		0.361391217
880		0.367641479
879.5		0.373828352
879		0.380309522
878.5		0.387092739
878		0.394253075
877.5		0.400988281
877		0.407439292
876.5		0.41472289
876		0.421336561
875.5		0.429059237
875		0.437379062
874.5		0.443983078
874		0.452433378
873.5		0.459750354
873		0.467316985
872.5		0.475401759
872		0.483379573
871.5		0.492865354
871		0.500466049
870.5		0.509176493
870		0.517760456
869.5		0.526948571
869		0.536178112
868.5		0.545955122
868		0.554533541
867.5		0.5648157
867		0.574112654
866.5		0.584296584
866		0.593423128
865.5		0.60418427
865		0.614853978
864.5		0.625062406
864		0.636168718
863.5		0.645802975
863		0.65754205
862.5		0.669600487
862		0.679727197
861.5		0.692233086
861		0.703549564
860.5		0.715666413
860		0.727888882
859.5		0.741084993
859		0.753433764
858.5		0.766298235
858		0.778601825
857.5		0.792321861
857		0.805412114
856.5		0.818842828
856		0.832940638
855.5		0.847436667
855		0.861831129
854.5		0.876817942
854		0.890619516
853.5		0.905803323
853		0.921382308
852.5		0.93678087
852		0.953244805
851.5		0.968950689
851		0.985268116
850.5		1.001367092
850		1.018654346
849.5		1.022525072
849		1.040609121
848.5		1.057777524
848		1.077398181
847.5		1.093421578
847		1.112388849
846.5		1.131280541
846		1.149977684
845.5		1.169071674
845		1.188115597
844.5		1.209792256
844		1.229938984
843.5		1.248481035
843		1.27003026
842.5		1.289818645
842		1.311176777
841.5		1.333601117
841		1.356819868
840.5		1.376366735
840		1.400467634
839.5		1.423400402
839		1.446396589
838.5		1.471195698
838		1.49408555
837.5		1.518233776
837		1.543966889
836.5		1.568285227
836		1.593840718
835.5		1.618636012
835		1.645549893
834.5		1.673041344
834		1.699640632
833.5		1.726370811
833		1.755431294
832.5		1.783441186
832		1.810825586
831.5		1.840619206
831		1.869199395
830.5		1.898113608
830		1.929475307
829.5		1.961364627
829		1.991749048
828.5		2.022547483
828		2.056648493
827.5		2.089715719
827		2.121975899
826.5		2.155559778
826		2.18868041
825.5		2.223540545
825		2.25961113
824.5		2.293622971
824		2.329012871
823.5		2.36659646
823		2.403588533
822.5		2.441592693
822		2.479586601
821.5		2.517129183
821		2.555039167
820.5		2.595886707
820		2.635775328
819.5		2.674765348
819		2.717770815
818.5		2.759727716
818		2.801913738
817.5		2.842298269
817		2.886141539
816.5		2.931258917
816		2.974122524
815.5		3.020079374
815		3.064758539
814.5		3.112998247
814		3.157854557
813.5		3.20702529
813		3.253209114
812.5		3.303427219
812		3.352294445
811.5		3.402638912
811		3.452177048
810.5		3.503415346
810		3.556473255
809.5		3.608163834
809		3.662163734
808.5		3.716664314
808		3.771867275
807.5		3.826733351
807		3.882158279
806.5		3.940369844
806		3.997867584
805.5		4.055231094
805		4.114887238
804.5		4.17419529
804		4.233335495
803.5		4.297605991
803		4.359078884
802.5		4.423806667
802		4.486241341
801.5		4.551229477
801		4.615376472
800.5		4.680422306
800		4.746068478
799.5		4.814558983
799		4.886921406
798.5		4.954374313
798		5.024481773
797.5		5.093493938
797		5.165671349
796.5		5.237911701
796		5.310366631
795.5		5.386879444
795		5.459080696
794.5		5.53689909
794		5.613032818
793.5		5.691834927
793		5.767806053
792.5		5.849621773
792		5.930263996
791.5		6.008733749
791		6.090508461
790.5		6.17353487
790		6.25681448
789.5		6.343522549
789		6.425680161
788.5		6.51317215
788		6.598865986
787.5		6.687793255
787		6.777209759
786.5		6.868647575
786		6.95773983
785.5		7.051025391
785		7.143350601
784.5		7.236531258
784		7.329711437
783.5		7.428769588
783		7.524375439
782.5		7.626691341
782		7.725390911
781.5		7.822662354
781		7.924527645
780.5		8.027626991
780		8.131258011
779.5		8.237264633
779		8.34176445
778.5		8.44521904
778		8.55328083
777.5		8.662261009
777		8.770217896
776.5		8.87980938
776		8.992372513
775.5		9.104150772
775		9.218745232
774.5		9.333461761
774		9.446825027
773.5		9.563709259
773		9.682056427
772.5		9.801730156
772		9.91783905
771.5		10.04034519
771		10.16167164
770.5		10.28569412
770		10.40907097
769.5		10.53451347
769		10.66027832
768.5		10.78862667
768		10.9170723
767.5		11.04369354
767		11.17874718
766.5		11.31176662
766		11.44594669
765.5		11.578269
765		11.7120018
764.5		11.85187435
764		11.98781395
763.5		12.12774754
763		12.27127266
762.5		12.40995026
762		12.55228233
761.5		12.69625473
761		12.83919525
760.5		12.98763275
760		13.13682079
759.5		13.28566647
759		13.43394184
758.5		13.58190632
758		13.73622704
757.5		13.88366413
757		14.03749752
756.5		14.1957283
756		14.35197926
755.5		14.50960636
755		14.66729927
754.5		14.82452583
754		14.98357201
753.5		15.14785576
753		15.31001663
752.5		15.47304249
752		15.63336563
751.5		15.7999649
751		15.96507168
750.5		16.13555527
750		16.30234337
749.5		16.47374916
749		16.64342117
748.5		16.8157711
748		16.99157906
747.5		17.15891647
747		17.33626556
746.5		17.51336288
746		17.68825912
745.5		17.86589813
745		18.04357719
744.5		18.22489357
744		18.40582275
743.5		18.58425522
743		18.77119637
742.5		18.95308876
742		19.13686752
741.5		19.32167816
741		19.50566292
740.5		19.6965847
740		19.88364792
739.5		20.07174492
739		20.26513481
738.5		20.45738029
738		20.65132332
737.5		20.84575081
737		21.03801537
736.5		21.23488617
736		21.4373188
735.5		21.63276291
735		21.83069611
734.5		22.0294342
734		22.23268127
733.5		22.43292999
733		22.63756752
732.5		22.83637238
732		23.04531288
731.5		23.2492218
731		23.45812988
730.5		23.65773392
730		23.87141609
729.5		24.08087921
729		24.28995514
728.5		24.49822807
728		24.71210289
727.5		24.91836357
727		25.13920403
726.5		25.35249329
726		25.56736374
725.5		25.78473091
725		26.00108337
724.5		26.22598457
724		26.44465637
723.5		26.66834259
723		26.88866806
722.5		27.11379814
722		27.32991791
721.5		27.55841064
721		27.78697586
720.5		28.02111435
720		28.24831581
719.5		28.47648048
719		28.70303917
718.5		28.93740463
718		29.16924667
717.5		29.40458107
717		29.64068985
716.5		29.87586594
716		30.11275864
715.5		30.35168076
715		30.58502007
714.5		30.83070755
714		31.0700264
713.5		31.31005859
713		31.55605507
712.5		31.7951355
712		32.03881073
711.5		32.2851944
711		32.53770828
710.5		32.7830162
710		33.02927399
709.5		33.27528
709		33.52668762
708.5		33.77199173
708		34.0267601
707.5		34.27959442
707		34.51779938
706.5		34.78044891
706		35.03787613
705.5		35.29273224
705		35.55137634
704.5		35.80906677
704		36.06596756
703.5		36.32210922
703		36.58123016
702.5		36.82236862
702		37.09603119
701.5		37.36019516
701		37.62112045
700.5		37.87983322
700		38.14258575
699.5		38.40763474
699		38.67123795
698.5		38.93160629
698		39.1861496
697.5		39.46398544
697		39.73115158
696.5		39.99977875
696		40.25444794
695.5		40.53218842
695		40.80477142
694.5		41.08009338
694		41.32868576
693.5		41.61154175
693		41.885746
692.5		42.15948105
692		42.42432022
691.5		42.69882584
691		42.97226715
690.5		43.23796082
690		43.51215744
689.5		43.7863121
689		44.0525589
688.5		44.32772827
688		44.59890366
687.5		44.87130356
687		45.12253952
686.5		45.40990829
686		45.68484116
685.5		45.95042801
685		46.20501709
684.5		46.49004745
684		46.76003265
683.5		47.033638
683		47.30505371
682.5		47.57397461
682		47.84318924
681.5		48.11180115
681		48.38234711
680.5		48.63261795
680		48.9180069
679.5		49.18805313
679		49.45022202
678.5		49.72270584
678		49.98703003
677.5		50.24689484
677		50.5094986
676.5		50.77009964
676		51.03580856
675.5		51.29799271
675		51.55945969
674.5		51.82080841
674		52.07564163
673.5		52.33061981
673		52.56735611
672.5		52.83586502
672		53.09547806
671.5		53.35166931
671		53.5981369
670.5		53.85564423
670		54.10420227
669.5		54.33573151
669		54.59514236
668.5		54.8500824
668		55.09871292
667.5		55.34638214
667		55.5933609
666.5		55.83959961
666		56.08139038
665.5		56.31061172
665		56.54274368
664.5		56.81077194
664		57.0594902
663.5		57.29920959
663		57.53871155
662.5		57.78023148
662		58.01698685
661.5		58.26293945
661		58.49879456
660.5		58.73772049
660		58.97951889
659.5		59.21426392
659		59.45399857
658.5		59.69210815
658		59.92804337
657.5		60.16690826
657		60.40248871
656.5		60.63621521
656		60.87519073
655.5		61.1056633
655		61.34656525
654.5		61.58052826
654		61.82025146
653.5		62.04542542
653		62.2849884
652.5		62.52306747
652		62.75683594
651.5		62.99159622
651		63.22032928
650.5		63.45571899
650		63.69052124
649.5		63.92263031
649		64.15790558
648.5		64.39340973
648		64.62164307
647.5		64.84957886
647		65.0838089
646.5		65.30738068
646		65.54305267
645.5		65.77500153
645		66.00144196
644.5		66.22637177
644		66.45685577
643.5		66.6832962
643		66.91443634
642.5		67.11367035
642		67.32931519
641.5		67.57544708
641		67.80197906
640.5		68.02433014
640		68.24593353
639.5		68.47120667
639		68.68780518
638.5		68.90867615
638		69.12404633
637.5		69.31982422
637		69.53056335
636.5		69.77449036
636		69.99771881
635.5		70.21035004
635		70.42313385
634.5		70.63535309
634		70.84166718
633.5		71.05450439
633		71.26444244
632.5		71.47484589
632		71.68263245
631.5		71.88539886
631		72.09246826
630.5		72.29159546
630		72.50672913
629.5		72.70327759
629		72.90044403
628.5		73.09986115
628		73.29515839
627.5		73.48492432
627		73.68260956
626.5		73.87789917
626		74.07360077
625.5		74.25970459
625		74.44359589
624.5		74.63516235
624		74.82202911
623.5		75.00128937
623		75.19020081
622.5		75.36760712
622		75.54668427
621.5		75.72265625
621		75.90261078
620.5		76.07739258
620		76.24519348
619.5		76.41340637
619		76.58376312
618.5		76.74880219
618		76.91120148
617.5		77.07315063
617		77.2251358
616.5		77.3601532
616		77.52649689
615.5		77.68959045
615		77.84113312
614.5		77.98419952
614		78.12522888
613.5		78.26741028
613		78.40434265
612.5		78.5412674
612		78.67127228
611.5		78.79940796
611		78.91136932
610.5		79.02048492
610		79.13431549
609.5		79.25063324
609		79.36694336
608.5		79.47981262
608		79.58436584
607.5		79.68815613
607		79.7870636
606.5		79.8796463
606		79.96807098
605.5		80.06234741
605		80.15026855
604.5		80.23339844
604		80.30595398
603.5		80.3734436
603		80.47164917
602.5		80.53572083
602		80.58718109
601.5		80.61987305
601		80.68389893
600.5		80.73554993
600		80.7663269
599.5		80.79456329
599		80.81726837
598.5		80.82967377
598		80.84726715
597.5		80.84420776
597		80.83266449
596.5		80.79336548
596		80.79467773
595.5		80.76731873
595		80.69583893
594.5		80.66197968
594		80.60346985
593.5		80.50231171
593		80.44606781
592.5		80.3459549
592		80.21012878
591.5		80.10400391
591		79.97103882
590.5		79.81248474
590		79.61062622
589.5		79.44268036
589		79.23983765
588.5		78.98259735
588		78.75390625
587.5		78.48908997
587		78.19078827
586.5		77.84799194
586		77.52005768
585.5		77.14638519
585		76.74610901
584.5		76.3108902
584		75.79847717
583.5		75.32989502
583		74.80167389
582.5		74.22473907
582		73.60716248
581.5		72.94577026
581		72.23796844
580.5		71.44593048
580		70.68053436
579.5		69.82613373
579		68.91533661
578.5		67.96169281
578		66.93065643
577.5		65.83204651
577		64.6615448
576.5		63.45075226
576		62.18509674
575.5		60.84010696
575		59.42071152
574.5		57.92084503
574		56.35725403
573.5		54.73255539
573		53.02251434
572.5		51.23581696
572		49.38195419
571.5		47.47045135
571		45.49271774
570.5		43.49259949
570		41.42985535
569.5		39.35090637
569		37.15436554
568.5		34.96987534
568		32.76527405
567.5		30.55917358
567		28.36747169
566.5		26.1753521
566		24.02066422
565.5		21.94108582
565		19.8884449
564.5		17.9177227
564		16.05615616
563.5		14.27696037
563		12.59213829
562.5		11.02770805
562		9.569741249
561.5		8.238303185
561		7.033851147
560.5		5.968842506
560		4.998623848
559.5		4.158917904
559		3.435374022
558.5		2.795094967
558		2.258402586
557.5		1.813858151
557		1.442818761
556.5		1.134757757
556		0.887255013
555.5		0.68629843
555		0.52657944
554.5		0.401073366
554		0.30498001
553.5		0.229303375
553		0.171540126
552.5		0.127684787
552		0.094052844
551.5		0.069255173
551		0.051140517
550.5		0.037398744
550		0.027421519
549.5		0.020130368
549		0.014709952
548.5		0.010890203
548		0.008081762
547.5		0.006068264
547		0.004489202
546.5		0.00359333
546		0.002717087
545.5		0.002190361
545		0.001863258
544.5		0.001474981
544		0.001255893
543.5		0.001121
543		0.000961913
542.5		0.000938686
542		0.000812023
541.5		0.000802618
541		0.000663905
540.5		0.000570363
540		0.000757226
539.5		0.000557976
539		0.000642702
538.5		0.00062325
538		0.000575555
537.5		0.00064452
537		0.000659397
536.5		0.000591498
536		0.000591991
535.5		0.000650345
535		0.000559662
534.5		0.000684365
534		0.000696633
533.5		0.000656098
533		0.000644247
532.5		0.000597986
532		0.000689191
531.5		0.000580096
531		0.000661768
530.5		0.000631739
530		0.000639625
529.5		0.000595657
529		0.000599342
528.5		0.000673225
528		0.000670023
527.5		0.000655006
527		0.000701886
526.5		0.00064868
526		0.000629853
525.5		0.000697495
525		0.000599382
524.5		0.00073382
524		0.000648353
523.5		0.000517801
523		0.000698647
522.5		0.000570703
522		0.000607868
521.5		0.000603935
521		0.000625107
520.5		0.000679887
520		0.000627576
519.5		0.000743896
519		0.000645002
518.5		0.000576497
518		0.000673687
517.5		0.000666656
517		0.000539747
516.5		0.000598319
516		0.000689633
515.5		0.000657368
515		0.000686125
514.5		0.000669654
514		0.000688335
513.5		0.000634844
513		0.00062981
512.5		0.000724938
512		0.000722542
511.5		0.000531353
511		0.000634388
510.5		0.0005964
510		0.000633232
509.5		0.000614806
509		0.000658042
508.5		0.000664423
508		0.00060187
507.5		0.000567555
507		0.000567487
506.5		0.000581511
506		0.000740886
505.5		0.000611027
505		0.000675226
504.5		0.000692679
504		0.000619593
503.5		0.000664193
503		0.000634184
502.5		0.000574878
502		0.000721936
501.5		0.000553202
501		0.000613474
500.5		0.00066036
500		0.000636431
