   7189.420      3.3252342E-03
   7192.658      3.3104739E-03
   7195.897      3.3055809E-03
   7199.136      3.3157589E-03
   7202.375      3.3455228E-03
   7205.614      3.3971772E-03
   7208.853      3.4706036E-03
   7212.093      3.5626241E-03
   7215.333      3.6679173E-03
   7218.573      3.7794251E-03
   7221.813      3.8901751E-03
   7225.054      3.9947671E-03
   7228.295      4.0890919E-03
   7231.536      4.1725738E-03
   7234.777      4.2467341E-03
   7238.019      4.3148994E-03
   7241.261      4.3808920E-03
   7244.503      4.4477182E-03
   7247.745      4.5174654E-03
   7250.988      4.5902641E-03
   7254.230      4.6658721E-03
   7257.474      4.7432436E-03
   7260.717      4.8218258E-03
   7263.960      4.9017118E-03
   7267.204      4.9834074E-03
   7270.448      5.0676474E-03
   7273.692      5.1549100E-03
   7276.937      5.2454169E-03
   7280.182      5.3389096E-03
   7283.427      5.4352544E-03
   7286.672      5.5339588E-03
   7289.917      5.6346525E-03
   7293.163      5.7374835E-03
   7296.409      5.8430824E-03
   7299.655      5.9517585E-03
   7302.901      6.0643340E-03
   7306.148      6.1819316E-03
   7309.395      6.3054641E-03
   7312.642      6.4350860E-03
   7315.889      6.5701474E-03
   7319.136      6.7088925E-03
   7322.384      6.8481904E-03
   7325.632      6.9843796E-03
   7328.880      7.1149059E-03
   7332.128      7.2375364E-03
   7335.377      7.3525324E-03
   7338.626      7.4617951E-03
   7341.875      7.5689801E-03
   7345.125      7.6779793E-03
   7348.374      7.7919033E-03
   7351.624      7.9128630E-03
   7354.874      8.0407392E-03
   7358.124      8.1743095E-03
   7361.375      8.3107920E-03
   7364.625      8.4479479E-03
   7367.876      8.5839257E-03
   7371.127      8.7184506E-03
   7374.378      8.8526914E-03
   7377.630      8.9895977E-03
   7380.882      9.1326050E-03
   7384.134      9.2851669E-03
   7387.386      9.4492575E-03
   7390.639      9.6260505E-03
   7393.892      9.8141041E-03
   7397.145      1.0011345E-02
   7400.397      1.0215089E-02
   7403.651      1.0421791E-02
   7406.905      1.0628370E-02
   7410.158      1.0832001E-02
   7413.413      1.1030277E-02
   7416.667      1.1220210E-02
   7419.921      1.1400149E-02
   7423.176      1.1568581E-02
   7426.431      1.1724773E-02
   7429.686      1.1870136E-02
   7432.941      1.2006956E-02
   7436.197      1.2139455E-02
   7439.453      1.2272447E-02
   7442.708      1.2410234E-02
   7445.965      1.2556181E-02
   7449.221      1.2711315E-02
   7452.478      1.2874715E-02
   7455.735      1.3044395E-02
   7458.992      1.3218250E-02
   7462.249      1.3395629E-02
   7465.507      1.3577483E-02
   7468.764      1.3767486E-02
   7472.022      1.3970185E-02
   7475.280      1.4189918E-02
   7478.539      1.4429070E-02
   7481.797      1.4686743E-02
   7485.056      1.4959129E-02
   7488.315      1.5240219E-02
   7491.574      1.5522914E-02
   7494.834      1.5802121E-02
   7498.094      1.6075358E-02
   7501.354      1.6343066E-02
   7504.613      1.6608341E-02
   7507.874      1.6874669E-02
   7511.134      1.7144093E-02
   7514.395      1.7415674E-02
   7517.656      1.7685946E-02
   7520.917      1.7947618E-02
   7524.178      1.8194538E-02
   7527.440      1.8421324E-02
   7530.702      1.8626144E-02
   7533.963      1.8812396E-02
   7537.226      1.8986836E-02
   7540.488      1.9158874E-02
   7543.750      1.9337410E-02
   7547.013      1.9529140E-02
   7550.276      1.9736450E-02
   7553.540      1.9958138E-02
   7556.803      2.0190271E-02
   7560.066      2.0429036E-02
   7563.330      2.0672021E-02
   7566.594      2.0920279E-02
   7569.858      2.1177799E-02
   7573.123      2.1451047E-02
   7576.387      2.1746472E-02
   7579.652      2.2068808E-02
   7582.917      2.2419324E-02
   7586.183      2.2794759E-02
   7589.448      2.3187457E-02
   7592.713      2.3586797E-02
   7595.979      2.3981059E-02
   7599.245      2.4359090E-02
   7602.512      2.4714233E-02
   7605.778      2.5043637E-02
   7609.044      2.5349876E-02
   7612.312      2.5638986E-02
   7615.578      2.5919741E-02
   7618.846      2.6199907E-02
   7622.113      2.6485980E-02
   7625.380      2.6779769E-02
   7628.648      2.7080363E-02
   7631.917      2.7384227E-02
   7635.185      2.7686983E-02
   7638.453      2.7985681E-02
   7641.722      2.8280692E-02
   7644.990      2.8576842E-02
   7648.259      2.8880892E-02
   7651.528      2.9201182E-02
   7654.798      2.9544244E-02
   7658.067      2.9913133E-02
   7661.337      3.0306179E-02
   7664.607      3.0717673E-02
   7667.877      3.1139653E-02
   7671.147      3.1564001E-02
   7674.418      3.1984638E-02
   7677.689      3.2400001E-02
   7680.960      3.2812119E-02
   7684.231      3.3226613E-02
   7687.502      3.3651348E-02
   7690.773      3.4093250E-02
   7694.045      3.4556199E-02
   7697.317      3.5040446E-02
   7700.589      3.5541553E-02
   7703.861      3.6051154E-02
   7707.134      3.6560964E-02
   7710.407      3.7063383E-02
   7713.679      3.7555534E-02
   7716.952      3.8039044E-02
   7720.226      3.8520060E-02
   7723.499      3.9007068E-02
   7726.772      3.9507907E-02
   7730.046      4.0027261E-02
   7733.320      4.0564451E-02
   7736.594      4.1115768E-02
   7739.869      4.1674301E-02
   7743.143      4.2233743E-02
   7746.417      4.2790089E-02
   7749.692      4.3345653E-02
   7752.967      4.3907087E-02
   7756.243      4.4483751E-02
   7759.518      4.5085195E-02
   7762.794      4.5717999E-02
   7766.069      4.6383057E-02
   7769.345      4.7074724E-02
   7772.622      4.7782395E-02
   7775.898      4.8492562E-02
   7779.174      4.9192470E-02
   7782.451      4.9873918E-02
   7785.728      5.0533600E-02
   7789.005      5.1175039E-02
   7792.282      5.1807068E-02
   7795.560      5.2442014E-02
   7798.837      5.3091701E-02
   7802.115      5.3766113E-02
   7805.393      5.4471087E-02
   7808.671      5.5207413E-02
   7811.949      5.5972643E-02
   7815.228      5.6762088E-02
   7818.506      5.7572149E-02
   7821.785      5.8402188E-02
   7825.064      5.9256461E-02
   7828.343      6.0143117E-02
   7831.623      6.1072387E-02
   7834.902      6.2053557E-02
   7838.182      6.3090391E-02
   7841.461      6.4179949E-02
   7844.742      6.5312050E-02
   7848.022      6.6469267E-02
   7851.302      6.7630999E-02
   7854.583      6.8778284E-02
   7857.863      6.9899336E-02
   7861.145      7.0992380E-02
   7864.425      7.2066918E-02
   7867.707      7.3142618E-02
   7870.988      7.4244924E-02
   7874.270      7.5399272E-02
   7877.551      7.6624595E-02
   7880.833      7.7928804E-02
   7884.115      7.9306193E-02
   7887.397      8.0740340E-02
   7890.680      8.2205400E-02
   7893.962      8.3675317E-02
   7897.246      8.5129611E-02
   7900.528      8.6559042E-02
   7903.812      8.7970309E-02
   7907.095      8.9382716E-02
   7910.378      9.0825014E-02
   7913.662      9.2327312E-02
   7916.945      9.3913622E-02
   7920.229      9.5594130E-02
   7923.513      9.7363211E-02
   7926.798      9.9200055E-02
   7930.082      0.1010758    
   7933.367      0.1029610    
   7936.651      0.1048355    
   7939.937      0.1066939    
   7943.222      0.1085475    
   7946.507      0.1104207    
   7949.792      0.1123455    
   7953.078      0.1143503    
   7956.363      0.1164532    
   7959.649      0.1186562    
   7962.936      0.1209450    
   7966.222      0.1232929    
   7969.508      0.1256684    
   7972.794      0.1280427    
   7976.081      0.1304012    
   7979.368      0.1327454    
   7982.655      0.1350956    
   7985.942      0.1374870    
   7989.229      0.1399570    
   7992.517      0.1425402    
   7995.805      0.1452526    
   7999.092      0.1480897    
   8002.380      0.1510258    
   8005.668      0.1540197    
   8008.957      0.1570288    
   8012.245      0.1600206    
   8015.534      0.1629836    
   8018.822      0.1659332    
   8022.111      0.1689098    
   8025.400      0.1719691    
   8028.689      0.1751678    
   8031.979      0.1785483    
   8035.269      0.1821278    
   8038.558      0.1858937    
   8041.848      0.1898047    
   8045.138      0.1938040    
   8048.428      0.1978347    
   8051.718      0.2018542    
   8055.009      0.2058486    
   8058.299      0.2098373    
   8061.590      0.2138670    
   8064.881      0.2179986    
   8068.172      0.2222911    
   8071.463      0.2267812    
   8074.754      0.2314722    
   8078.045      0.2363290    
   8081.337      0.2412888    
   8084.629      0.2462746    
   8087.921      0.2512175    
   8091.213      0.2560773    
   8094.505      0.2608509    
   8097.797      0.2655780    
   8101.090      0.2703313    
   8104.382      0.2751964    
   8107.675      0.2802528    
   8110.968      0.2855520    
   8114.261      0.2911054    
   8117.555      0.2968799    
   8120.848      0.3028050    
   8124.142      0.3087928    
   8127.435      0.3147551    
   8130.729      0.3206313    
   8134.023      0.3263982    
   8137.317      0.3320774    
   8140.611      0.3377336    
   8143.905      0.3434552    
   8147.200      0.3493316    
   8150.495      0.3554299    
   8153.790      0.3617794    
   8157.084      0.3683577    
   8160.379      0.3750970    
   8163.674      0.3819015    
   8166.970      0.3886674    
   8170.265      0.3953124    
   8173.561      0.4017971    
   8176.856      0.4081339    
   8180.152      0.4143856    
   8183.449      0.4206529    
   8186.745      0.4270437    
   8190.041      0.4336457    
   8193.337      0.4405041    
   8196.634      0.4476032    
   8199.931      0.4548674    
   8203.228      0.4621765    
   8206.524      0.4693920    
   8209.821      0.4763890    
   8213.119      0.4830822    
   8216.416      0.4894501    
   8219.714      0.4955348    
   8223.012      0.5014314    
   8226.310      0.5072587    
   8229.607      0.5131370    
   8232.905      0.5191485    
   8236.203      0.5253290    
   8239.502      0.5316553    
   8242.800      0.5380594    
   8246.099      0.5444484    
   8249.397      0.5507327    
   8252.696      0.5568436    
   8255.995      0.5627509    
   8259.294      0.5684680    
   8262.594      0.5740379    
   8265.893      0.5795169    
   8269.192      0.5849512    
   8272.491      0.5903627    
   8275.791      0.5957358    
   8279.091      0.6010227    
   8282.392      0.6061534    
   8285.691      0.6110547    
   8288.991      0.6156684    
   8292.292      0.6199679    
   8295.593      0.6239639    
   8298.893      0.6277012    
   8302.193      0.6312487    
   8305.494      0.6346774    
   8308.796      0.6380517    
   8312.097      0.6414056    
   8315.397      0.6447449    
   8318.699      0.6480434    
   8322.001      0.6512567    
   8325.303      0.6543357    
   8328.604      0.6572422    
   8331.905      0.6599548    
   8335.208      0.6624828    
   8338.510      0.6648570    
   8341.812      0.6671230    
   8345.114      0.6693287    
   8348.417      0.6715072    
   8351.720      0.6736674    
   8355.021      0.6757881    
   8358.324      0.6778162    
   8361.628      0.6796799    
   8364.931      0.6813059    
   8368.233      0.6826382    
   8371.537      0.6836541    
   8374.841      0.6843701    
   8378.144      0.6848480    
   8381.447      0.6851787    
   8384.751      0.6854650    
   8388.055      0.6858004    
   8391.359      0.6862509    
   8394.663      0.6868327    
   8397.967      0.6875160    
   8401.271      0.6882316    
   8404.576      0.6888915    
   8407.881      0.6894064    
   8411.186      0.6897088    
   8414.490      0.6897717    
   8417.795      0.6896113    
   8421.100      0.6892832    
   8424.404      0.6888688    
   8427.710      0.6884533    
   8431.016      0.6881096    
   8434.320      0.6878779    
   8437.626      0.6877537    
   8440.932      0.6876969    
   8444.237      0.6876389    
   8447.543      0.6875035    
   8450.850      0.6872342    
   8454.155      0.6868048    
   8457.462      0.6862387    
   8460.768      0.6855974    
   8464.074      0.6849680    
   8467.381      0.6844413    
   8470.688      0.6840818    
   8473.994      0.6839123    
   8477.301      0.6839036    
   8480.607      0.6839733    
   8483.915      0.6840079    
   8487.222      0.6838890    
   8490.529      0.6835144    
   8493.837      0.6828281    
   8497.144      0.6818318    
   8500.451      0.6805811    
   8503.759      0.6791764    
   8507.066      0.6777356    
   8510.375      0.6763775    
   8513.683      0.6751938    
   8516.990      0.6742340    
   8520.299      0.6735024    
   8523.607      0.6729606    
   8526.915      0.6725388    
   8530.224      0.6721526    
   8533.532      0.6717151    
   8536.841      0.6711562    
   8540.149      0.6704324    
   8543.459      0.6695302    
   8546.768      0.6684744    
   8550.077      0.6673158    
   8553.386      0.6661297    
   8556.695      0.6650000    
   8560.004      0.6640072    
   8563.313      0.6632097    
   8566.623      0.6626388    
   8569.933      0.6622795    
   8573.242      0.6620877    
   8576.553      0.6619853    
   8579.862      0.6618868    
   8583.173      0.6617188    
   8586.482      0.6614376    
   8589.793      0.6610368    
   8593.103      0.6605551    
   8596.413      0.6600615    
   8599.724      0.6596349    
   8603.034      0.6593468    
   8606.345      0.6592346    
   8609.656      0.6592946    
   8612.967      0.6594806    
   8616.277      0.6597106    
   8619.589      0.6598911    
   8622.899      0.6599367    
   8626.211      0.6597909    
   8629.522      0.6594392    
   8632.834      0.6589103    
   8636.146      0.6582710    
   8639.457      0.6576054    
   8642.769      0.6569986    
   8646.080      0.6565203    
   8649.392      0.6562023    
   8652.703      0.6560437    
   8656.016      0.6560031    
   8659.328      0.6560197    
   8662.640      0.6560193    
   8665.952      0.6559443    
   8669.265      0.6557596    
   8672.577      0.6554702    
   8675.890      0.6551126    
   8679.202      0.6547574    
   8682.515      0.6544839    
   8685.827      0.6543708    
   8689.141      0.6544761    
   8692.453      0.6548277    
   8695.766      0.6554142    
   8699.079      0.6561878    
   8702.393      0.6570740    
   8705.705      0.6579813    
   8709.019      0.6588219    
   8712.332      0.6595265    
   8715.646      0.6600550    
   8718.959      0.6604070    
   8722.272      0.6606152    
   8725.587      0.6607435    
   8728.900      0.6608694    
   8732.214      0.6610688    
   8735.528      0.6614020    
   8738.843      0.6619003    
   8742.156      0.6625634    
   8745.471      0.6633519    
   8748.785      0.6642023    
   8752.100      0.6650369    
   8755.414      0.6657764    
   8758.729      0.6663619    
   8762.043      0.6667626    
   8765.357      0.6669908    
   8768.672      0.6670945    
   8771.986      0.6671525    
   8775.302      0.6672643    
   8778.616      0.6675240    
   8781.932      0.6680070    
   8785.247      0.6687527    
   8788.562      0.6697543    
   8791.877      0.6709665    
   8795.192      0.6723073    
   8798.508      0.6736767    
   8801.823      0.6749777    
   8805.139      0.6761265    
   8808.454      0.6770753    
   8811.770      0.6778118    
   8815.086      0.6783603    
   8818.401      0.6787791    
   8821.718      0.6791422    
   8825.033      0.6795282    
   8828.350      0.6800017    
   8831.665      0.6806021    
   8834.981      0.6813360    
   8838.298      0.6821806    
   8841.614      0.6830849    
   8844.931      0.6839843    
   8848.247      0.6848153    
   8851.563      0.6855264    
   8854.880      0.6860931    
   8858.196      0.6865150    
   8861.513      0.6868183    
   8864.829      0.6870464    
   8868.146      0.6872457    
   8871.463      0.6874591    
   8874.780      0.6877139    
   8878.097      0.6880147    
   8881.414      0.6883496    
   8884.731      0.6886874    
   8888.049      0.6889885    
   8891.365      0.6892105    
   8894.683      0.6893087    
   8898.000      0.6892528    
   8901.317      0.6890277    
   8904.635      0.6886371    
   8907.952      0.6881149    
   8911.271      0.6875089    
   8914.588      0.6868846    
   8917.905      0.6863039    
   8921.224      0.6858175    
   8924.541      0.6854534    
   8927.858      0.6852087    
   8931.177      0.6850552    
   8934.495      0.6849454    
   8937.813      0.6848260    
   8941.131      0.6846473    
   8944.449      0.6843758    
   8947.768      0.6839978    
   8951.086      0.6835215    
   8954.404      0.6829717    
   8957.723      0.6823862    
   8961.041      0.6818130    
   8964.359      0.6812972    
   8967.678      0.6808798    
   8970.996      0.6805906    
   8974.315      0.6804364    
   8977.634      0.6804028    
   8980.952      0.6804534    
   8984.271      0.6805271    
   8987.590      0.6805527    
   8990.909      0.6804571    
   8994.228      0.6801839    
   8997.547      0.6796991    
   9000.866      0.6789966    
   9004.185      0.6780986    
   9007.504      0.6770509    
   9010.823      0.6759090    
   9014.143      0.6747318    
   9017.462      0.6735718    
   9020.781      0.6724665    
   9024.101      0.6714336    
   9027.420      0.6704697    
   9030.739      0.6695540    
   9034.059      0.6686514    
   9037.379      0.6677228    
   9040.698      0.6667305    
   9044.018      0.6656533    
   9047.337      0.6644908    
   9050.657      0.6632599    
   9053.977      0.6619945    
   9057.297      0.6607319    
   9060.616      0.6595035    
   9063.937      0.6583250    
   9067.257      0.6571906    
   9070.576      0.6560775    
   9073.896      0.6549464    
   9077.217      0.6537598    
   9080.537      0.6524839    
   9083.857      0.6511012    
   9087.177      0.6496134    
   9090.497      0.6480408    
   9093.817      0.6464143    
   9097.138      0.6447741    
   9100.458      0.6431611    
   9103.778      0.6416126    
   9107.099      0.6401547    
   9110.420      0.6388037    
   9113.740      0.6375601    
   9117.061      0.6364088    
   9120.381      0.6353198    
   9123.702      0.6342492    
   9127.022      0.6331462    
   9130.344      0.6319597    
   9133.664      0.6306404    
   9136.984      0.6291565    
   9140.306      0.6274970    
   9143.627      0.6256797    
   9146.947      0.6237411    
   9150.269      0.6217353    
   9153.589      0.6197197    
   9156.910      0.6177374    
   9160.231      0.6158052    
   9163.552      0.6139080    
   9166.873      0.6119995    
   9170.194      0.6100134    
   9173.516      0.6078712    
   9176.837      0.6055072    
   9180.158      0.6028765    
   9183.479      0.5999594    
   9186.800      0.5967622    
   9190.122      0.5933088    
   9193.442      0.5896267    
   9196.765      0.5857416    
   9200.086      0.5816624    
   9203.407      0.5773889    
   9206.729      0.5729024    
   9210.050      0.5681866    
   9213.371      0.5632227    
   9216.692      0.5580020    
   9220.015      0.5525264    
   9223.336      0.5468103    
   9226.657      0.5408806    
   9229.979      0.5347662    
   9233.301      0.5285041    
   9236.622      0.5221284    
   9239.944      0.5156651    
   9243.266      0.5091302    
   9246.588      0.5025303    
   9249.909      0.4958638    
   9253.231      0.4891221    
   9256.553      0.4822901    
   9259.875      0.4753524    
   9263.196      0.4682907    
   9266.519      0.4610783    
   9269.840      0.4536876    
   9273.162      0.4460941    
   9276.484      0.4382764    
   9279.806      0.4302236    
   9283.128      0.4219407    
   9286.450      0.4134518    
   9289.771      0.4047951    
   9293.094      0.3960186    
   9296.416      0.3871752    
   9299.738      0.3783176    
   9303.060      0.3694955    
   9306.382      0.3607502    
   9309.704      0.3521191    
   9313.026      0.3436223    
   9316.349      0.3352767    
   9319.671      0.3270847    
   9322.993      0.3190373    
   9326.315      0.3111157    
   9329.637      0.3032958    
   9332.959      0.2955516    
   9336.281      0.2878596    
   9339.604      0.2802056    
   9342.926      0.2725852    
   9346.248      0.2650107    
   9349.570      0.2575035    
   9352.893      0.2500954    
   9356.215      0.2428234    
   9359.537      0.2357278    
   9362.859      0.2288394    
   9366.183      0.2221839    
   9369.505      0.2157748    
   9372.827      0.2096127    
   9376.149      0.2036858    
   9379.472      0.1979770    
   9382.794      0.1924649    
   9386.116      0.1871254    
   9389.438      0.1819400    
   9392.761      0.1768966    
   9396.083      0.1719878    
   9399.406      0.1672108    
   9402.729      0.1625665    
   9406.051      0.1580626    
   9409.373      0.1537049    
   9412.695      0.1495006    
   9416.019      0.1454651    
   9419.341      0.1416123    
   9422.663      0.1379623    
   9425.985      0.1345387    
   9429.308      0.1313610    
   9432.630      0.1284397    
   9435.953      0.1257698    
   9439.275      0.1233269    
   9442.598      0.1210686    
   9445.920      0.1189368    
   9449.243      0.1168680    
   9452.565      0.1148060    
   9455.888      0.1127092    
   9459.210      0.1105521    
   9462.532      0.1083343    
   9465.855      0.1060698    
   9469.178      0.1037878    
   9472.500      0.1015229    
   9475.822      9.9309392E-02
   9479.146      9.7174682E-02
   9482.468      9.5134519E-02
   9485.790      9.3194410E-02
   9489.112      9.1350965E-02
   9492.435      8.9593627E-02
   9495.758      8.7911293E-02
   9499.080      8.6296886E-02
   9502.402      8.4741607E-02
   9505.725      8.3241314E-02
   9509.047      8.1785232E-02
   9512.370      8.0363289E-02
   9515.692      7.8959115E-02
   9519.015      7.7555358E-02
   9522.337      7.6140389E-02
   9525.659      7.4709915E-02
   9528.981      7.3269315E-02
   9532.304      7.1836263E-02
   9535.626      7.0437424E-02
   9538.949      6.9103606E-02
   9542.271      6.7864463E-02
   9545.594      6.6741690E-02
   9548.916      6.5750040E-02
   9552.238      6.4891510E-02
   9555.561      6.4155497E-02
   9558.883      6.3526422E-02
   9562.205      6.2986694E-02
   9565.527      6.2516034E-02
   9568.850      6.2101092E-02
   9572.172      6.1729241E-02
   9575.494      6.1393257E-02
   9578.816      6.1092194E-02
   9582.139      6.0829688E-02
   9585.461      6.0616992E-02
   9588.783      6.0468111E-02
   9592.105      6.0401704E-02
   9595.428      6.0429748E-02
   9598.750      6.0554482E-02
   9602.072      6.0763311E-02
   9605.395      6.1030399E-02
   9608.717      6.1312456E-02
   9612.039      6.1566494E-02
   9615.360      6.1747171E-02
   9618.683      6.1815623E-02
   9622.005      6.1743956E-02
   9625.327      6.1518680E-02
   9628.649      6.1138235E-02
   9631.971      6.0616616E-02
   9635.293      5.9976917E-02
   9638.615      5.9249602E-02
   9641.938      5.8468364E-02
   9645.259      5.7663701E-02
   9648.581      5.6861017E-02
   9651.903      5.6078292E-02
   9655.225      5.5323258E-02
   9658.547      5.4600842E-02
   9661.868      5.3908799E-02
   9665.190      5.3242683E-02
   9668.512      5.2598707E-02
   9671.834      5.1971067E-02
   9675.155      5.1351435E-02
   9678.478      5.0730728E-02
   9681.799      5.0096039E-02
   9685.121      4.9435526E-02
   9688.442      4.8736118E-02
   9691.764      4.7987714E-02
   9695.086      4.7182553E-02
   9698.407      4.6320882E-02
   9701.729      4.5407336E-02
   9705.051      4.4454284E-02
   9708.372      4.3480486E-02
   9711.693      4.2510048E-02
   9715.015      4.1566975E-02
   9718.336      4.0674821E-02
   9721.657      3.9853632E-02
   9724.979      3.9114341E-02
   9728.301      3.8459036E-02
   9731.622      3.7884530E-02
   9734.943      3.7378825E-02
   9738.265      3.6929734E-02
   9741.585      3.6523629E-02
   9744.907      3.6147643E-02
   9748.228      3.5792459E-02
   9751.549      3.5450920E-02
   9754.870      3.5116561E-02
   9758.191      3.4788050E-02
   9761.512      3.4463089E-02
   9764.833      3.4140740E-02
   9768.154      3.3820428E-02
   9771.476      3.3501703E-02
   9774.796      3.3184566E-02
   9778.117      3.2869004E-02
   9781.438      3.2555033E-02
   9784.759      3.2242633E-02
   9788.079      3.1931814E-02
   9791.400      3.1622589E-02
   9794.721      3.1314928E-02
   9798.042      3.1008871E-02
   9801.362      3.0704385E-02
   9804.683      3.0401483E-02
   9808.004      3.0100163E-02
   9811.324      2.9800422E-02
   9814.645      2.9502267E-02
   9817.965      2.9205695E-02
   9821.285      2.8910700E-02
   9824.605      2.8617287E-02
   9827.926      2.8325461E-02
   9831.246      2.8035210E-02
   9834.566      2.7746547E-02
   9837.887      2.7459465E-02
   9841.207      2.7173964E-02
   9844.527      2.6890045E-02
   9847.848      2.6607705E-02
   9851.167      2.6326949E-02
   9854.487      2.6047779E-02
   9857.808      2.5770184E-02
   9861.127      2.5494177E-02
   9864.447      2.5219752E-02
   9867.767      2.4946902E-02
   9871.087      2.4675645E-02
   9874.406      2.4405956E-02
   9877.727      2.4137860E-02
   9881.046      2.3871345E-02
   9884.365      2.3606408E-02
   9887.686      2.3343055E-02
   9891.005      2.3081286E-02
   9894.324      2.2821104E-02
   9897.644      2.2562498E-02
   9900.963      2.2305470E-02
   9904.282      2.2050025E-02
   9907.602      2.1796169E-02
   9910.921      2.1543890E-02
   9914.240      2.1293191E-02
   9917.560      2.1044072E-02
   9920.878      2.0796539E-02
   9924.197      2.0550588E-02
   9927.517      2.0306218E-02
   9930.835      2.0063430E-02
   9934.154      1.9822223E-02
   9937.474      1.9582601E-02
   9940.792      1.9344565E-02
   9944.110      1.9108102E-02
   9947.430      1.8873224E-02
   9950.748      1.8639928E-02
   9954.066      1.8408217E-02
   9957.386      1.8178089E-02
   9960.704      1.7949536E-02
   9964.022      1.7722568E-02
   9967.341      1.7497186E-02
   9970.659      1.7273381E-02
   9973.978      1.7051158E-02
   9977.296      1.6830524E-02
   9980.614      1.6611466E-02
   9983.932      1.6393989E-02
   9987.250      1.6178099E-02
   9990.568      1.5963791E-02
   9993.886      1.5751062E-02
   9997.204      1.5539915E-02
   10000.52      1.5330353E-02
   10003.84      1.5122370E-02
   10007.16      1.4915969E-02
   10010.47      1.4711153E-02
   10013.79      1.4507917E-02
   10017.11      1.4306263E-02
   10020.43      1.4106191E-02
   10023.75      1.3907702E-02
   10027.06      1.3710796E-02
   10030.38      1.3515468E-02
   10033.70      1.3321726E-02
   10037.01      1.3129561E-02
   10040.33      1.2938979E-02
   10043.65      1.2749981E-02
   10046.96      1.2562566E-02
   10050.28      1.2376731E-02
   10053.60      1.2192477E-02
   10056.92      1.2009808E-02
   10060.23      1.1828720E-02
   10063.55      1.1649213E-02
   10066.87      1.1471291E-02
   10070.18      1.1294948E-02
   10073.50      1.1120188E-02
   10076.82      1.0947008E-02
   10080.13      1.0775413E-02
   10083.45      1.0605398E-02
   10086.76      1.0436967E-02
   10090.08      1.0270118E-02
   10093.40      1.0104850E-02
   10096.71      9.9411625E-03
   10100.03      9.7790631E-03
   10103.34      9.6185394E-03
   10106.66      9.4596017E-03
   10109.98      9.3022455E-03
   10113.29      9.1464706E-03
   10116.61      8.9922780E-03
   10119.92      8.8396678E-03
   10123.24      8.6886361E-03
   10126.55      8.5391896E-03
   10129.87      8.3913235E-03
   10133.18      8.2450397E-03
   10136.50      8.1003364E-03
   10139.81      7.9572182E-03
   10143.13      7.8156805E-03
   10146.44      7.6757236E-03
   10149.76      7.5373501E-03
   10153.07      7.4005583E-03
   10156.39      7.2653466E-03
   10159.70      7.1317181E-03
   10163.02      6.9996715E-03
   10166.33      6.8692071E-03
   10169.65      6.7403256E-03
   10172.96      6.6130240E-03
   10176.28      6.4873071E-03
   10179.59      6.3631725E-03
   10182.90      6.2406207E-03
   10186.22      6.1196517E-03
   10189.53      6.0002641E-03
   10192.85      5.8824583E-03
   10196.16      5.7662344E-03
   10199.47      5.6515937E-03
   10202.79      5.5385330E-03
   10206.10      5.4270541E-03
   10209.42      5.3171571E-03
   10212.73      5.2088406E-03
   10216.04      5.1021078E-03
   10219.35      4.9969549E-03
   10222.67      4.8933849E-03
   10225.98      4.7913971E-03
   10229.29      4.6909903E-03
   10232.61      4.5921667E-03
   10235.92      4.4949250E-03
   10239.23      4.3992652E-03
   10242.54      4.3051871E-03
   10245.86      4.2126914E-03
   10249.17      4.1217781E-03
   10252.48      4.0324461E-03
   10255.79      3.9446969E-03
   10259.11      3.8585300E-03
   10262.42      3.7739449E-03
   10265.73      3.6909417E-03
   10269.04      3.6095208E-03
   10272.36      3.5296823E-03
   10275.67      3.4514256E-03
   10278.98      3.3747503E-03
   10282.29      3.2996570E-03
   10285.60      3.2261452E-03
   10288.91      3.1542154E-03
   10292.23      3.0838661E-03
   10295.54      3.0151003E-03
   10298.85      2.9479160E-03
   10302.16      2.8823144E-03
   10305.47      2.8182955E-03
   10308.78      2.7558582E-03
   10312.09      2.6950033E-03
   10315.40      2.6357311E-03
   10318.71      2.5780406E-03
   10322.02      2.5219333E-03
   10325.33      2.4674067E-03
   10328.65      2.4144629E-03
   10331.96      2.3631004E-03
   10335.27      2.3133201E-03
   10338.58      2.2651209E-03
   10341.89      2.2185044E-03
   10345.20      2.1734694E-03
   10348.51      2.1300158E-03
   10351.82      2.0881442E-03
   10355.13      2.0478542E-03
   10358.43      2.0091461E-03
   10361.74      1.9720204E-03
   10365.05      1.9364762E-03
   10368.36      1.9025144E-03
   10371.67      1.8701352E-03
   10374.98      1.8393379E-03
   10378.29      1.8101233E-03
   10381.60      1.7824908E-03
   10384.91      1.7564411E-03
   10388.22      1.7319728E-03
   10391.53      1.7090868E-03
   10394.83      1.6877826E-03
   10398.14      1.6680601E-03
   10401.45      1.6499193E-03
   10404.76      1.6333603E-03
   10408.07      1.6183829E-03
   10411.38      1.6049873E-03
   10414.68      1.5931736E-03
   10417.99      1.5829422E-03
   10421.30      1.5742932E-03
   10424.61      1.5672264E-03
   10427.91      1.5617422E-03
   10431.22      1.5578406E-03
   10434.53      1.5555215E-03
   10437.83      1.5547848E-03
   10441.14      1.5556302E-03
   10444.45      1.5580580E-03
   10447.76      1.5620672E-03
   10451.06      1.5676583E-03
   10454.37      1.5748314E-03
   10457.68      1.5835861E-03
   10460.98      1.5939221E-03
   10464.29      1.6058404E-03
   10467.59      1.6193405E-03
   10470.90      1.6344219E-03
   10474.21      1.6510856E-03
   10477.51      1.6693311E-03
   10480.82      1.6891586E-03
   10484.12      1.7105680E-03
   10487.43      1.7335590E-03
   10490.74      1.7581320E-03
   10494.04      1.7842872E-03
   10497.35      1.8120240E-03
   10500.65      1.8413424E-03
   10503.96      1.8722431E-03
   10507.26      1.9047257E-03
   10510.57      1.9387904E-03
   10513.87      1.9744376E-03
   10517.17      2.0116675E-03
   10520.48      2.0504682E-03
   10523.78      2.0908255E-03
   10527.09      2.1327098E-03
   10530.39      2.1760659E-03
   10533.70      2.2207943E-03
   10537.00      2.2667267E-03
   10540.30      2.3135992E-03
   10543.61      2.3610217E-03
   10546.91      2.4084547E-03
   10550.21      2.4552050E-03
   10553.52      2.5004442E-03
   10556.82      2.5432664E-03
   10560.12      2.5827680E-03
   10563.43      2.6181526E-03
   10566.73      2.6488309E-03
