 4.99970e+03  2.07307e-02 
 5.00180e+03  2.07079e-02 
 5.00389e+03  2.06852e-02 
 5.00599e+03  2.06222e-02 
 5.00808e+03  2.05636e-02 
 5.01018e+03  2.05086e-02 
 5.01227e+03  2.03867e-02 
 5.01437e+03  2.04016e-02 
 5.01646e+03  2.04212e-02 
 5.01856e+03  2.03099e-02 
 5.02065e+03  2.01783e-02 
 5.02275e+03  2.02780e-02 
 5.02484e+03  2.01442e-02 
 5.02694e+03  2.01323e-02 
 5.02903e+03  2.01233e-02 
 5.03113e+03  2.01027e-02 
 5.03322e+03  2.00526e-02 
 5.03532e+03  1.99205e-02 
 5.03741e+03  1.98768e-02 
 5.03951e+03  1.97747e-02 
 5.04160e+03  1.97635e-02 
 5.04370e+03  1.97273e-02 
 5.04579e+03  1.96669e-02 
 5.04789e+03  1.97289e-02 
 5.04998e+03  1.96472e-02 
 5.05208e+03  1.95708e-02 
 5.05417e+03  1.95432e-02 
 5.05627e+03  1.95673e-02 
 5.05836e+03  1.94891e-02 
 5.06046e+03  1.93970e-02 
 5.06255e+03  1.92287e-02 
 5.06465e+03  1.92585e-02 
 5.06674e+03  1.92139e-02 
 5.06884e+03  1.91410e-02 
 5.07093e+03  1.91721e-02 
 5.07303e+03  1.90572e-02 
 5.07512e+03  1.88982e-02 
 5.07722e+03  1.88865e-02 
 5.07931e+03  1.89183e-02 
 5.08141e+03  1.88200e-02 
 5.08350e+03  1.88983e-02 
 5.08560e+03  1.88632e-02 
 5.08769e+03  1.88099e-02 
 5.08979e+03  1.87661e-02 
 5.09188e+03  1.87072e-02 
 5.09398e+03  1.87699e-02 
 5.09607e+03  1.87007e-02 
 5.09817e+03  1.86495e-02 
 5.10026e+03  1.85764e-02 
 5.10236e+03  1.86471e-02 
 5.10445e+03  1.86241e-02 
 5.10655e+03  1.84994e-02 
 5.10864e+03  1.84520e-02 
 5.11074e+03  1.84157e-02 
 5.11283e+03  1.83964e-02 
 5.11493e+03  1.83781e-02 
 5.11702e+03  1.83468e-02 
 5.11912e+03  1.82640e-02 
 5.12121e+03  1.82300e-02 
 5.12331e+03  1.82136e-02 
 5.12540e+03  1.81712e-02 
 5.12750e+03  1.80956e-02 
 5.12959e+03  1.81141e-02 
 5.13169e+03  1.80806e-02 
 5.13378e+03  1.80436e-02 
 5.13588e+03  1.79492e-02 
 5.13797e+03  1.79332e-02 
 5.14007e+03  1.79520e-02 
 5.14216e+03  1.78873e-02 
 5.14426e+03  1.78513e-02 
 5.14635e+03  1.78446e-02 
 5.14845e+03  1.78672e-02 
 5.15054e+03  1.78289e-02 
 5.15264e+03  1.77406e-02 
 5.15473e+03  1.76832e-02 
 5.15683e+03  1.77674e-02 
 5.15892e+03  1.77269e-02 
 5.16102e+03  1.76763e-02 
 5.16311e+03  1.76770e-02 
 5.16521e+03  1.75872e-02 
 5.16730e+03  1.75955e-02 
 5.16940e+03  1.74961e-02 
 5.17149e+03  1.74926e-02 
 5.17359e+03  1.73803e-02 
 5.17568e+03  1.74752e-02 
 5.17778e+03  1.74227e-02 
 5.17987e+03  1.74194e-02 
 5.18197e+03  1.74001e-02 
 5.18406e+03  1.73784e-02 
 5.18616e+03  1.73519e-02 
 5.18825e+03  1.72923e-02 
 5.19035e+03  1.72866e-02 
 5.19244e+03  1.72201e-02 
 5.19454e+03  1.71684e-02 
 5.19663e+03  1.71475e-02 
 5.19873e+03  1.71643e-02 
 5.20082e+03  1.71153e-02 
 5.20292e+03  1.71296e-02 
 5.20501e+03  1.71632e-02 
 5.20711e+03  1.71049e-02 
 5.20920e+03  1.69935e-02 
 5.21130e+03  1.69922e-02 
 5.21339e+03  1.70089e-02 
 5.21549e+03  1.69897e-02 
 5.21758e+03  1.69114e-02 
 5.21968e+03  1.68871e-02 
 5.22177e+03  1.69515e-02 
 5.22387e+03  1.68506e-02 
 5.22596e+03  1.68381e-02 
 5.22806e+03  1.68275e-02 
 5.23015e+03  1.68485e-02 
 5.23225e+03  1.68061e-02 
 5.23434e+03  1.67930e-02 
 5.23644e+03  1.67787e-02 
 5.23853e+03  1.66431e-02 
 5.24063e+03  1.67464e-02 
 5.24272e+03  1.67470e-02 
 5.24482e+03  1.67109e-02 
 5.24691e+03  1.66948e-02 
 5.24901e+03  1.66467e-02 
 5.25110e+03  1.66375e-02 
 5.25320e+03  1.66273e-02 
 5.25529e+03  1.66541e-02 
 5.25739e+03  1.66532e-02 
 5.25948e+03  1.66040e-02 
 5.26158e+03  1.65081e-02 
 5.26367e+03  1.64960e-02 
 5.26577e+03  1.65488e-02 
 5.26786e+03  1.64973e-02 
 5.26996e+03  1.65420e-02 
 5.27205e+03  1.64458e-02 
 5.27415e+03  1.64031e-02 
 5.27624e+03  1.64264e-02 
 5.27834e+03  1.63667e-02 
 5.28043e+03  1.63554e-02 
 5.28253e+03  1.63752e-02 
 5.28462e+03  1.63605e-02 
 5.28672e+03  1.63157e-02 
 5.28881e+03  1.63796e-02 
 5.29091e+03  1.63602e-02 
 5.29300e+03  1.62687e-02 
 5.29510e+03  1.63416e-02 
 5.29719e+03  1.63715e-02 
 5.29929e+03  1.63467e-02 
 5.30138e+03  1.63135e-02 
 5.30348e+03  1.61887e-02 
 5.30557e+03  1.62461e-02 
 5.30767e+03  1.62512e-02 
 5.30976e+03  1.62166e-02 
 5.31186e+03  1.62520e-02 
 5.31395e+03  1.63075e-02 
 5.31605e+03  1.62101e-02 
 5.31814e+03  1.61861e-02 
 5.32024e+03  1.62068e-02 
 5.32233e+03  1.62302e-02 
 5.32443e+03  1.62089e-02 
 5.32652e+03  1.61761e-02 
 5.32862e+03  1.61953e-02 
 5.33071e+03  1.62172e-02 
 5.33281e+03  1.61617e-02 
 5.33490e+03  1.61437e-02 
 5.33700e+03  1.62087e-02 
 5.33909e+03  1.60995e-02 
 5.34119e+03  1.60977e-02 
 5.34328e+03  1.61316e-02 
 5.34538e+03  1.61163e-02 
 5.34747e+03  1.60926e-02 
 5.34957e+03  1.60747e-02 
 5.35166e+03  1.60822e-02 
 5.35376e+03  1.61252e-02 
 5.35585e+03  1.60735e-02 
 5.35795e+03  1.60886e-02 
 5.36004e+03  1.60905e-02 
 5.36214e+03  1.60523e-02 
 5.36423e+03  1.60815e-02 
 5.36633e+03  1.60788e-02 
 5.36842e+03  1.60568e-02 
 5.37052e+03  1.61399e-02 
 5.37261e+03  1.61208e-02 
 5.37471e+03  1.60900e-02 
 5.37680e+03  1.61024e-02 
 5.37890e+03  1.60911e-02 
 5.38099e+03  1.60708e-02 
 5.38309e+03  1.61063e-02 
 5.38518e+03  1.61202e-02 
 5.38728e+03  1.60669e-02 
 5.38937e+03  1.61111e-02 
 5.39147e+03  1.60748e-02 
 5.39356e+03  1.61312e-02 
 5.39566e+03  1.61278e-02 
 5.39775e+03  1.60892e-02 
 5.39985e+03  1.61007e-02 
 5.40194e+03  1.61256e-02 
 5.40404e+03  1.61489e-02 
 5.40613e+03  1.61730e-02 
 5.40823e+03  1.61760e-02 
 5.41032e+03  1.61600e-02 
 5.41242e+03  1.61993e-02 
 5.41451e+03  1.61818e-02 
 5.41661e+03  1.62192e-02 
 5.41870e+03  1.62171e-02 
 5.42080e+03  1.61715e-02 
 5.42289e+03  1.62765e-02 
 5.42499e+03  1.62644e-02 
 5.42708e+03  1.62358e-02 
 5.42918e+03  1.62373e-02 
 5.43127e+03  1.63278e-02 
 5.43337e+03  1.63634e-02 
 5.43546e+03  1.63331e-02 
 5.43756e+03  1.64091e-02 
 5.43965e+03  1.64417e-02 
 5.44175e+03  1.64001e-02 
 5.44384e+03  1.64671e-02 
 5.44594e+03  1.65205e-02 
 5.44803e+03  1.65132e-02 
 5.45013e+03  1.65625e-02 
 5.45222e+03  1.66817e-02 
 5.45432e+03  1.66812e-02 
 5.45641e+03  1.67408e-02 
 5.45851e+03  1.68558e-02 
 5.46060e+03  1.68345e-02 
 5.46270e+03  1.69180e-02 
 5.46479e+03  1.69770e-02 
 5.46689e+03  1.69842e-02 
 5.46898e+03  1.71516e-02 
 5.47108e+03  1.72695e-02 
 5.47317e+03  1.73355e-02 
 5.47527e+03  1.74474e-02 
 5.47736e+03  1.76085e-02 
 5.47946e+03  1.77100e-02 
 5.48155e+03  1.78488e-02 
 5.48365e+03  1.79849e-02 
 5.48574e+03  1.81190e-02 
 5.48784e+03  1.83140e-02 
 5.48993e+03  1.85796e-02 
 5.49203e+03  1.87709e-02 
 5.49412e+03  1.89634e-02 
 5.49622e+03  1.93650e-02 
 5.49831e+03  1.95944e-02 
 5.50041e+03  1.99792e-02 
 5.50250e+03  2.03007e-02 
 5.50460e+03  2.07528e-02 
 5.50669e+03  2.12438e-02 
 5.50879e+03  2.17573e-02 
 5.51088e+03  2.24403e-02 
 5.51298e+03  2.31469e-02 
 5.51507e+03  2.38509e-02 
 5.51717e+03  2.45997e-02 
 5.51926e+03  2.54733e-02 
 5.52136e+03  2.64643e-02 
 5.52345e+03  2.75350e-02 
 5.52555e+03  2.86252e-02 
 5.52764e+03  2.99630e-02 
 5.52974e+03  3.14445e-02 
 5.53183e+03  3.29916e-02 
 5.53393e+03  3.46157e-02 
 5.53602e+03  3.63860e-02 
 5.53812e+03  3.83758e-02 
 5.54021e+03  4.05586e-02 
 5.54231e+03  4.29654e-02 
 5.54440e+03  4.55451e-02 
 5.54650e+03  4.83173e-02 
 5.54859e+03  5.13020e-02 
 5.55069e+03  5.44303e-02 
 5.55278e+03  5.77616e-02 
 5.55488e+03  6.13638e-02 
 5.55697e+03  6.52692e-02 
 5.55907e+03  6.93647e-02 
 5.56116e+03  7.38288e-02 
 5.56326e+03  7.85032e-02 
 5.56535e+03  8.32993e-02 
 5.56745e+03  8.85612e-02 
 5.56954e+03  9.40669e-02 
 5.57164e+03  9.99799e-02 
 5.57373e+03  1.06221e-01 
 5.57583e+03  1.12385e-01 
 5.57792e+03  1.18891e-01 
 5.58002e+03  1.26059e-01 
 5.58211e+03  1.33238e-01 
 5.58421e+03  1.40884e-01 
 5.58630e+03  1.48864e-01 
 5.58840e+03  1.56869e-01 
 5.59049e+03  1.65671e-01 
 5.59259e+03  1.74501e-01 
 5.59468e+03  1.83555e-01 
 5.59678e+03  1.92835e-01 
 5.59887e+03  2.02234e-01 
 5.60097e+03  2.12039e-01 
 5.60306e+03  2.22182e-01 
 5.60516e+03  2.32297e-01 
 5.60725e+03  2.42559e-01 
 5.60935e+03  2.53095e-01 
 5.61144e+03  2.63892e-01 
 5.61354e+03  2.74707e-01 
 5.61563e+03  2.85950e-01 
 5.61773e+03  2.96976e-01 
 5.61982e+03  3.08135e-01 
 5.62192e+03  3.19428e-01 
 5.62401e+03  3.30701e-01 
 5.62611e+03  3.42109e-01 
 5.62820e+03  3.53405e-01 
 5.63030e+03  3.64440e-01 
 5.63239e+03  3.75800e-01 
 5.63449e+03  3.86784e-01 
 5.63658e+03  3.98106e-01 
 5.63868e+03  4.09101e-01 
 5.64077e+03  4.20635e-01 
 5.64287e+03  4.31230e-01 
 5.64496e+03  4.41858e-01 
 5.64706e+03  4.52391e-01 
 5.64915e+03  4.62396e-01 
 5.65125e+03  4.72344e-01 
 5.65334e+03  4.82421e-01 
 5.65544e+03  4.91827e-01 
 5.65753e+03  5.01643e-01 
 5.65963e+03  5.10731e-01 
 5.66172e+03  5.19558e-01 
 5.66382e+03  5.28131e-01 
 5.66591e+03  5.36631e-01 
 5.66801e+03  5.44701e-01 
 5.67010e+03  5.52766e-01 
 5.67220e+03  5.60766e-01 
 5.67429e+03  5.68261e-01 
 5.67639e+03  5.75448e-01 
 5.67848e+03  5.82593e-01 
 5.68058e+03  5.89611e-01 
 5.68267e+03  5.96050e-01 
 5.68477e+03  6.02394e-01 
 5.68686e+03  6.08721e-01 
 5.68896e+03  6.14808e-01 
 5.69105e+03  6.20758e-01 
 5.69315e+03  6.26572e-01 
 5.69524e+03  6.32231e-01 
 5.69734e+03  6.37873e-01 
 5.69943e+03  6.43540e-01 
 5.70153e+03  6.48460e-01 
 5.70362e+03  6.53559e-01 
 5.70572e+03  6.58568e-01 
 5.70781e+03  6.64103e-01 
 5.70991e+03  6.69458e-01 
 5.71200e+03  6.74544e-01 
 5.71410e+03  6.79317e-01 
 5.71619e+03  6.84317e-01 
 5.71829e+03  6.89514e-01 
 5.72038e+03  6.94211e-01 
 5.72248e+03  6.99531e-01 
 5.72457e+03  7.04822e-01 
 5.72667e+03  7.10054e-01 
 5.72876e+03  7.14216e-01 
 5.73086e+03  7.18887e-01 
 5.73295e+03  7.24331e-01 
 5.73505e+03  7.29203e-01 
 5.73714e+03  7.34545e-01 
 5.73924e+03  7.39298e-01 
 5.74133e+03  7.44162e-01 
 5.74343e+03  7.49282e-01 
 5.74552e+03  7.54029e-01 
 5.74762e+03  7.58986e-01 
 5.74971e+03  7.64125e-01 
 5.75181e+03  7.68610e-01 
 5.75390e+03  7.74165e-01 
 5.75600e+03  7.78843e-01 
 5.75809e+03  7.83842e-01 
 5.76019e+03  7.88728e-01 
 5.76228e+03  7.93396e-01 
 5.76438e+03  7.98216e-01 
 5.76647e+03  8.02515e-01 
 5.76857e+03  8.06919e-01 
 5.77066e+03  8.11516e-01 
 5.77276e+03  8.15778e-01 
 5.77485e+03  8.19365e-01 
 5.77695e+03  8.23463e-01 
 5.77904e+03  8.27857e-01 
 5.78114e+03  8.31340e-01 
 5.78323e+03  8.35108e-01 
 5.78533e+03  8.38510e-01 
 5.78742e+03  8.41631e-01 
 5.78952e+03  8.44533e-01 
 5.79161e+03  8.47250e-01 
 5.79371e+03  8.50118e-01 
 5.79580e+03  8.53226e-01 
 5.79790e+03  8.55753e-01 
 5.79999e+03  8.57773e-01 
 5.80209e+03  8.59693e-01 
 5.80418e+03  8.61218e-01 
 5.80628e+03  8.63199e-01 
 5.80837e+03  8.64739e-01 
 5.81047e+03  8.65973e-01 
 5.81256e+03  8.67741e-01 
 5.81466e+03  8.68328e-01 
 5.81675e+03  8.69023e-01 
 5.81885e+03  8.70212e-01 
 5.82094e+03  8.70940e-01 
 5.82304e+03  8.71590e-01 
 5.82513e+03  8.72414e-01 
 5.82723e+03  8.72683e-01 
 5.82932e+03  8.72928e-01 
 5.83142e+03  8.72697e-01 
 5.83351e+03  8.73187e-01 
 5.83561e+03  8.73783e-01 
 5.83770e+03  8.73159e-01 
 5.83980e+03  8.73243e-01 
 5.84189e+03  8.73603e-01 
 5.84399e+03  8.73829e-01 
 5.84608e+03  8.74276e-01 
 5.84818e+03  8.73820e-01 
 5.85027e+03  8.74240e-01 
 5.85237e+03  8.74758e-01 
 5.85446e+03  8.76162e-01 
 5.85656e+03  8.76079e-01 
 5.85865e+03  8.76454e-01 
 5.86075e+03  8.76801e-01 
 5.86284e+03  8.77365e-01 
 5.86494e+03  8.77839e-01 
 5.86703e+03  8.78677e-01 
 5.86913e+03  8.79549e-01 
 5.87122e+03  8.80322e-01 
 5.87332e+03  8.80915e-01 
 5.87541e+03  8.81861e-01 
 5.87751e+03  8.83340e-01 
 5.87960e+03  8.84052e-01 
 5.88170e+03  8.85113e-01 
 5.88379e+03  8.86003e-01 
 5.88589e+03  8.87178e-01 
 5.88798e+03  8.88676e-01 
 5.89008e+03  8.89876e-01 
 5.89217e+03  8.91981e-01 
 5.89427e+03  8.92626e-01 
 5.89636e+03  8.94387e-01 
 5.89846e+03  8.95679e-01 
 5.90055e+03  8.96068e-01 
 5.90265e+03  8.97644e-01 
 5.90474e+03  8.98767e-01 
 5.90684e+03  9.00012e-01 
 5.90893e+03  9.01307e-01 
 5.91103e+03  9.02669e-01 
 5.91312e+03  9.03596e-01 
 5.91522e+03  9.04035e-01 
 5.91731e+03  9.05223e-01 
 5.91941e+03  9.05226e-01 
 5.92150e+03  9.06267e-01 
 5.92360e+03  9.06393e-01 
 5.92569e+03  9.06614e-01 
 5.92779e+03  9.07145e-01 
 5.92988e+03  9.06970e-01 
 5.93198e+03  9.06613e-01 
 5.93407e+03  9.06476e-01 
 5.93617e+03  9.05628e-01 
 5.93826e+03  9.05362e-01 
 5.94036e+03  9.04507e-01 
 5.94245e+03  9.03465e-01 
 5.94455e+03  9.02368e-01 
 5.94664e+03  9.01716e-01 
 5.94874e+03  9.00479e-01 
 5.95083e+03  8.98695e-01 
 5.95293e+03  8.96257e-01 
 5.95502e+03  8.95589e-01 
 5.95712e+03  8.93776e-01 
 5.95921e+03  8.91967e-01 
 5.96131e+03  8.89987e-01 
 5.96340e+03  8.88286e-01 
 5.96550e+03  8.85310e-01 
 5.96759e+03  8.84034e-01 
 5.96969e+03  8.81866e-01 
 5.97178e+03  8.79508e-01 
 5.97388e+03  8.77337e-01 
 5.97597e+03  8.75332e-01 
 5.97807e+03  8.72750e-01 
 5.98016e+03  8.70504e-01 
 5.98226e+03  8.68516e-01 
 5.98435e+03  8.66614e-01 
 5.98645e+03  8.64612e-01 
 5.98854e+03  8.62773e-01 
 5.99064e+03  8.60501e-01 
 5.99273e+03  8.58177e-01 
 5.99483e+03  8.56862e-01 
 5.99692e+03  8.55144e-01 
 5.99902e+03  8.53698e-01 
 6.00111e+03  8.52453e-01 
 6.00321e+03  8.51059e-01 
 6.00530e+03  8.49591e-01 
 6.00740e+03  8.48246e-01 
 6.00949e+03  8.47383e-01 
 6.01159e+03  8.46953e-01 
 6.01368e+03  8.45779e-01 
 6.01578e+03  8.44869e-01 
 6.01787e+03  8.44453e-01 
 6.01997e+03  8.43910e-01 
 6.02206e+03  8.43473e-01 
 6.02416e+03  8.43500e-01 
 6.02625e+03  8.43561e-01 
 6.02835e+03  8.43634e-01 
 6.03044e+03  8.43621e-01 
 6.03254e+03  8.43498e-01 
 6.03463e+03  8.43960e-01 
 6.03673e+03  8.44550e-01 
 6.03882e+03  8.45145e-01 
 6.04092e+03  8.45923e-01 
 6.04301e+03  8.46695e-01 
 6.04511e+03  8.47782e-01 
 6.04720e+03  8.48458e-01 
 6.04930e+03  8.49400e-01 
 6.05139e+03  8.50209e-01 
 6.05349e+03  8.51072e-01 
 6.05558e+03  8.52446e-01 
 6.05768e+03  8.53465e-01 
 6.05977e+03  8.54889e-01 
 6.06187e+03  8.55287e-01 
 6.06396e+03  8.56148e-01 
 6.06606e+03  8.57457e-01 
 6.06815e+03  8.58277e-01 
 6.07025e+03  8.59304e-01 
 6.07234e+03  8.60327e-01 
 6.07444e+03  8.60948e-01 
 6.07653e+03  8.61529e-01 
 6.07863e+03  8.61785e-01 
 6.08072e+03  8.62733e-01 
 6.08282e+03  8.62524e-01 
 6.08491e+03  8.63873e-01 
 6.08701e+03  8.63800e-01 
 6.08910e+03  8.63869e-01 
 6.09120e+03  8.63523e-01 
 6.09329e+03  8.63739e-01 
 6.09539e+03  8.63473e-01 
 6.09748e+03  8.63584e-01 
 6.09958e+03  8.62422e-01 
 6.10167e+03  8.61493e-01 
 6.10377e+03  8.61556e-01 
 6.10586e+03  8.60239e-01 
 6.10796e+03  8.59212e-01 
 6.11005e+03  8.58425e-01 
 6.11215e+03  8.57284e-01 
 6.11424e+03  8.55973e-01 
 6.11634e+03  8.54637e-01 
 6.11843e+03  8.53220e-01 
 6.12053e+03  8.51286e-01 
 6.12262e+03  8.49516e-01 
 6.12472e+03  8.47971e-01 
 6.12681e+03  8.46381e-01 
 6.12891e+03  8.44489e-01 
 6.13100e+03  8.42697e-01 
 6.13310e+03  8.41073e-01 
 6.13519e+03  8.39397e-01 
 6.13729e+03  8.37588e-01 
 6.13938e+03  8.35765e-01 
 6.14148e+03  8.34178e-01 
 6.14357e+03  8.32301e-01 
 6.14567e+03  8.30689e-01 
 6.14776e+03  8.28498e-01 
 6.14986e+03  8.27189e-01 
 6.15195e+03  8.25938e-01 
 6.15405e+03  8.23954e-01 
 6.15614e+03  8.23267e-01 
 6.15824e+03  8.21641e-01 
 6.16033e+03  8.20627e-01 
 6.16243e+03  8.19118e-01 
 6.16452e+03  8.17748e-01 
 6.16662e+03  8.17646e-01 
 6.16871e+03  8.17058e-01 
 6.17081e+03  8.15899e-01 
 6.17290e+03  8.15400e-01 
 6.17500e+03  8.15102e-01 
 6.17709e+03  8.15050e-01 
 6.17919e+03  8.14802e-01 
 6.18128e+03  8.14329e-01 
 6.18338e+03  8.14599e-01 
 6.18547e+03  8.14711e-01 
 6.18757e+03  8.15361e-01 
 6.18966e+03  8.15874e-01 
 6.19176e+03  8.16586e-01 
 6.19385e+03  8.17230e-01 
 6.19595e+03  8.18114e-01 
 6.19804e+03  8.19454e-01 
 6.20014e+03  8.20577e-01 
 6.20223e+03  8.21611e-01 
 6.20433e+03  8.22927e-01 
 6.20642e+03  8.24324e-01 
 6.20852e+03  8.25889e-01 
 6.21061e+03  8.27583e-01 
 6.21271e+03  8.29470e-01 
 6.21480e+03  8.31407e-01 
 6.21690e+03  8.32525e-01 
 6.21899e+03  8.34890e-01 
 6.22109e+03  8.36978e-01 
 6.22318e+03  8.38727e-01 
 6.22528e+03  8.40774e-01 
 6.22737e+03  8.43141e-01 
 6.22947e+03  8.45238e-01 
 6.23156e+03  8.47808e-01 
 6.23366e+03  8.49134e-01 
 6.23575e+03  8.51396e-01 
 6.23785e+03  8.53960e-01 
 6.23994e+03  8.55688e-01 
 6.24204e+03  8.57746e-01 
 6.24413e+03  8.59575e-01 
 6.24623e+03  8.61639e-01 
 6.24832e+03  8.63389e-01 
 6.25042e+03  8.65044e-01 
 6.25251e+03  8.66559e-01 
 6.25461e+03  8.68068e-01 
 6.25670e+03  8.69230e-01 
 6.25880e+03  8.70479e-01 
 6.26089e+03  8.71913e-01 
 6.26299e+03  8.72908e-01 
 6.26508e+03  8.73967e-01 
 6.26718e+03  8.74537e-01 
 6.26927e+03  8.74712e-01 
 6.27137e+03  8.75382e-01 
 6.27346e+03  8.75691e-01 
 6.27556e+03  8.76049e-01 
 6.27765e+03  8.75523e-01 
 6.27975e+03  8.75135e-01 
 6.28184e+03  8.75688e-01 
 6.28394e+03  8.75108e-01 
 6.28603e+03  8.74359e-01 
 6.28813e+03  8.73900e-01 
 6.29022e+03  8.73353e-01 
 6.29232e+03  8.72542e-01 
 6.29441e+03  8.70899e-01 
 6.29651e+03  8.69612e-01 
 6.29860e+03  8.68384e-01 
 6.30070e+03  8.67517e-01 
 6.30279e+03  8.65890e-01 
 6.30489e+03  8.63727e-01 
 6.30698e+03  8.62047e-01 
 6.30908e+03  8.60632e-01 
 6.31117e+03  8.59286e-01 
 6.31327e+03  8.57817e-01 
 6.31536e+03  8.55709e-01 
 6.31746e+03  8.53843e-01 
 6.31955e+03  8.51765e-01 
 6.32165e+03  8.50226e-01 
 6.32374e+03  8.48639e-01 
 6.32584e+03  8.46546e-01 
 6.32793e+03  8.45151e-01 
 6.33003e+03  8.43075e-01 
 6.33212e+03  8.41290e-01 
 6.33422e+03  8.39808e-01 
 6.33631e+03  8.37541e-01 
 6.33841e+03  8.36235e-01 
 6.34050e+03  8.34566e-01 
 6.34260e+03  8.32852e-01 
 6.34469e+03  8.31539e-01 
 6.34679e+03  8.29869e-01 
 6.34888e+03  8.28340e-01 
 6.35098e+03  8.27308e-01 
 6.35307e+03  8.26241e-01 
 6.35517e+03  8.25065e-01 
 6.35726e+03  8.23891e-01 
 6.35936e+03  8.22993e-01 
 6.36145e+03  8.22527e-01 
 6.36355e+03  8.21406e-01 
 6.36564e+03  8.20527e-01 
 6.36774e+03  8.20146e-01 
 6.36983e+03  8.19018e-01 
 6.37193e+03  8.18855e-01 
 6.37402e+03  8.18204e-01 
 6.37612e+03  8.17765e-01 
 6.37821e+03  8.17371e-01 
 6.38031e+03  8.17303e-01 
 6.38240e+03  8.17403e-01 
 6.38450e+03  8.17265e-01 
 6.38659e+03  8.17189e-01 
 6.38869e+03  8.16912e-01 
 6.39078e+03  8.16866e-01 
 6.39288e+03  8.17281e-01 
 6.39497e+03  8.17428e-01 
 6.39707e+03  8.17504e-01 
 6.39916e+03  8.17871e-01 
 6.40126e+03  8.17777e-01 
 6.40335e+03  8.17556e-01 
 6.40545e+03  8.18402e-01 
 6.40754e+03  8.19668e-01 
 6.40964e+03  8.19480e-01 
 6.41173e+03  8.19199e-01 
 6.41383e+03  8.19437e-01 
 6.41592e+03  8.20268e-01 
 6.41802e+03  8.20387e-01 
 6.42011e+03  8.20655e-01 
 6.42221e+03  8.21057e-01 
 6.42430e+03  8.21300e-01 
 6.42640e+03  8.21473e-01 
 6.42849e+03  8.21614e-01 
 6.43059e+03  8.21750e-01 
 6.43268e+03  8.21834e-01 
 6.43478e+03  8.21640e-01 
 6.43687e+03  8.21605e-01 
 6.43897e+03  8.22053e-01 
 6.44106e+03  8.21770e-01 
 6.44316e+03  8.21144e-01 
 6.44525e+03  8.21268e-01 
 6.44735e+03  8.21110e-01 
 6.44944e+03  8.21118e-01 
 6.45154e+03  8.20871e-01 
 6.45363e+03  8.19835e-01 
 6.45573e+03  8.19580e-01 
 6.45782e+03  8.19410e-01 
 6.45992e+03  8.18809e-01 
 6.46201e+03  8.18233e-01 
 6.46411e+03  8.17786e-01 
 6.46620e+03  8.16986e-01 
 6.46830e+03  8.15836e-01 
 6.47039e+03  8.14966e-01 
 6.47249e+03  8.14559e-01 
 6.47458e+03  8.14022e-01 
 6.47668e+03  8.13349e-01 
 6.47877e+03  8.12682e-01 
 6.48087e+03  8.12117e-01 
 6.48296e+03  8.11110e-01 
 6.48506e+03  8.10224e-01 
 6.48715e+03  8.09596e-01 
 6.48925e+03  8.08594e-01 
 6.49134e+03  8.08020e-01 
 6.49344e+03  8.07438e-01 
 6.49553e+03  8.06758e-01 
 6.49763e+03  8.06119e-01 
 6.49972e+03  8.05448e-01 
 6.50182e+03  8.04794e-01 
 6.50391e+03  8.03888e-01 
 6.50601e+03  8.03496e-01 
 6.50810e+03  8.02753e-01 
 6.51020e+03  8.02819e-01 
 6.51229e+03  8.02209e-01 
 6.51439e+03  8.01898e-01 
 6.51648e+03  8.01575e-01 
 6.51858e+03  8.00949e-01 
 6.52067e+03  8.00820e-01 
 6.52277e+03  8.00789e-01 
 6.52486e+03  8.00933e-01 
 6.52696e+03  8.01158e-01 
 6.52905e+03  8.01159e-01 
 6.53115e+03  8.01047e-01 
 6.53324e+03  8.01187e-01 
 6.53534e+03  8.01543e-01 
 6.53743e+03  8.02316e-01 
 6.53953e+03  8.02682e-01 
 6.54162e+03  8.02853e-01 
 6.54372e+03  8.03338e-01 
 6.54581e+03  8.03843e-01 
 6.54791e+03  8.04552e-01 
 6.55000e+03  8.05821e-01 
 6.55210e+03  8.06610e-01 
 6.55419e+03  8.07672e-01 
 6.55629e+03  8.08682e-01 
 6.55838e+03  8.09579e-01 
 6.56048e+03  8.10568e-01 
 6.56257e+03  8.11583e-01 
 6.56467e+03  8.13030e-01 
 6.56676e+03  8.14308e-01 
 6.56886e+03  8.15611e-01 
 6.57095e+03  8.16708e-01 
 6.57305e+03  8.18390e-01 
 6.57514e+03  8.19673e-01 
 6.57724e+03  8.20939e-01 
 6.57933e+03  8.22436e-01 
 6.58143e+03  8.23783e-01 
 6.58352e+03  8.24927e-01 
 6.58562e+03  8.26618e-01 
 6.58771e+03  8.28320e-01 
 6.58981e+03  8.29477e-01 
 6.59190e+03  8.30842e-01 
 6.59400e+03  8.32332e-01 
 6.59609e+03  8.33632e-01 
 6.59819e+03  8.34704e-01 
 6.60028e+03  8.35810e-01 
 6.60238e+03  8.37150e-01 
 6.60447e+03  8.38235e-01 
 6.60657e+03  8.39709e-01 
 6.60866e+03  8.40837e-01 
 6.61076e+03  8.41633e-01 
 6.61285e+03  8.42388e-01 
 6.61495e+03  8.43322e-01 
 6.61704e+03  8.44161e-01 
 6.61914e+03  8.44630e-01 
 6.62123e+03  8.45251e-01 
 6.62333e+03  8.45951e-01 
 6.62542e+03  8.45959e-01 
 6.62752e+03  8.46271e-01 
 6.62961e+03  8.46666e-01 
 6.63171e+03  8.46776e-01 
 6.63380e+03  8.46612e-01 
 6.63590e+03  8.46400e-01 
 6.63799e+03  8.46159e-01 
 6.64009e+03  8.45868e-01 
 6.64218e+03  8.45404e-01 
 6.64428e+03  8.44860e-01 
 6.64637e+03  8.44378e-01 
 6.64847e+03  8.43657e-01 
 6.65056e+03  8.42628e-01 
 6.65266e+03  8.42093e-01 
 6.65475e+03  8.41405e-01 
 6.65685e+03  8.39890e-01 
 6.65894e+03  8.38694e-01 
 6.66104e+03  8.37642e-01 
 6.66313e+03  8.36322e-01 
 6.66523e+03  8.34703e-01 
 6.66732e+03  8.33294e-01 
 6.66942e+03  8.32052e-01 
 6.67151e+03  8.30510e-01 
 6.67361e+03  8.28904e-01 
 6.67570e+03  8.27518e-01 
 6.67780e+03  8.25592e-01 
 6.67989e+03  8.23719e-01 
 6.68199e+03  8.22253e-01 
 6.68408e+03  8.20249e-01 
 6.68618e+03  8.17991e-01 
 6.68827e+03  8.15681e-01 
 6.69037e+03  8.14085e-01 
 6.69246e+03  8.12611e-01 
 6.69456e+03  8.10763e-01 
 6.69665e+03  8.08805e-01 
 6.69875e+03  8.06961e-01 
 6.70084e+03  8.05075e-01 
 6.70294e+03  8.02570e-01 
 6.70503e+03  8.01133e-01 
 6.70713e+03  7.99636e-01 
 6.70922e+03  7.98251e-01 
 6.71132e+03  7.96445e-01 
 6.71341e+03  7.94760e-01 
 6.71551e+03  7.93130e-01 
 6.71760e+03  7.91555e-01 
 6.71970e+03  7.89994e-01 
 6.72179e+03  7.88467e-01 
 6.72389e+03  7.87283e-01 
 6.72598e+03  7.85735e-01 
 6.72808e+03  7.83692e-01 
 6.73017e+03  7.82256e-01 
 6.73227e+03  7.81476e-01 
 6.73436e+03  7.80054e-01 
 6.73646e+03  7.79154e-01 
 6.73855e+03  7.77939e-01 
 6.74065e+03  7.76705e-01 
 6.74274e+03  7.75849e-01 
 6.74484e+03  7.75031e-01 
 6.74693e+03  7.74099e-01 
 6.74903e+03  7.73970e-01 
 6.75112e+03  7.73256e-01 
 6.75322e+03  7.72139e-01 
 6.75531e+03  7.71471e-01 
 6.75741e+03  7.70763e-01 
 6.75950e+03  7.70741e-01 
 6.76160e+03  7.70399e-01 
 6.76369e+03  7.69948e-01 
 6.76579e+03  7.69493e-01 
 6.76788e+03  7.69299e-01 
 6.76998e+03  7.69390e-01 
 6.77207e+03  7.68673e-01 
 6.77417e+03  7.69629e-01 
 6.77626e+03  7.68909e-01 
 6.77836e+03  7.69286e-01 
 6.78045e+03  7.69235e-01 
 6.78255e+03  7.68896e-01 
 6.78464e+03  7.69283e-01 
 6.78674e+03  7.69565e-01 
 6.78883e+03  7.69824e-01 
 6.79093e+03  7.70305e-01 
 6.79302e+03  7.70493e-01 
 6.79512e+03  7.70844e-01 
 6.79721e+03  7.71089e-01 
 6.79931e+03  7.71968e-01 
 6.80140e+03  7.72065e-01 
 6.80350e+03  7.72907e-01 
 6.80559e+03  7.73623e-01 
 6.80769e+03  7.74179e-01 
 6.80978e+03  7.74835e-01 
 6.81188e+03  7.75368e-01 
 6.81397e+03  7.75642e-01 
 6.81607e+03  7.76150e-01 
 6.81816e+03  7.76647e-01 
 6.82026e+03  7.77293e-01 
 6.82235e+03  7.78075e-01 
 6.82445e+03  7.78676e-01 
 6.82654e+03  7.79291e-01 
 6.82864e+03  7.80114e-01 
 6.83073e+03  7.81136e-01 
 6.83283e+03  7.81981e-01 
 6.83492e+03  7.82741e-01 
 6.83702e+03  7.83669e-01 
 6.83911e+03  7.84087e-01 
 6.84121e+03  7.84260e-01 
 6.84330e+03  7.85493e-01 
 6.84540e+03  7.85947e-01 
 6.84749e+03  7.86797e-01 
 6.84959e+03  7.87207e-01 
 6.85168e+03  7.87616e-01 
 6.85378e+03  7.88489e-01 
 6.85587e+03  7.89323e-01 
 6.85797e+03  7.89562e-01 
 6.86006e+03  7.90068e-01 
 6.86216e+03  7.90631e-01 
 6.86425e+03  7.91721e-01 
 6.86635e+03  7.92120e-01 
 6.86844e+03  7.92866e-01 
 6.87054e+03  7.93486e-01 
 6.87263e+03  7.93845e-01 
 6.87473e+03  7.94298e-01 
 6.87682e+03  7.94810e-01 
 6.87892e+03  7.95199e-01 
 6.88101e+03  7.95921e-01 
 6.88311e+03  7.96291e-01 
 6.88520e+03  7.96741e-01 
 6.88730e+03  7.96785e-01 
 6.88939e+03  7.97174e-01 
 6.89149e+03  7.97229e-01 
 6.89358e+03  7.97656e-01 
 6.89568e+03  7.97963e-01 
 6.89777e+03  7.98018e-01 
 6.89987e+03  7.98317e-01 
 6.90196e+03  7.98726e-01 
 6.90406e+03  7.98794e-01 
 6.90615e+03  7.98995e-01 
 6.90825e+03  7.99091e-01 
 6.91034e+03  7.99088e-01 
 6.91244e+03  7.99266e-01 
 6.91453e+03  7.99246e-01 
 6.91663e+03  7.99169e-01 
 6.91872e+03  7.99112e-01 
 6.92082e+03  7.98813e-01 
 6.92291e+03  7.98812e-01 
 6.92501e+03  7.99334e-01 
 6.92710e+03  7.99606e-01 
 6.92920e+03  7.98840e-01 
 6.93129e+03  7.98544e-01 
 6.93339e+03  7.98424e-01 
 6.93548e+03  7.98121e-01 
 6.93758e+03  7.97859e-01 
 6.93967e+03  7.97855e-01 
 6.94177e+03  7.97692e-01 
 6.94386e+03  7.97178e-01 
 6.94596e+03  7.96483e-01 
 6.94805e+03  7.95808e-01 
 6.95015e+03  7.95975e-01 
 6.95224e+03  7.95276e-01 
 6.95434e+03  7.94672e-01 
 6.95643e+03  7.94238e-01 
 6.95853e+03  7.93467e-01 
 6.96062e+03  7.92476e-01 
 6.96272e+03  7.92061e-01 
 6.96481e+03  7.91229e-01 
 6.96691e+03  7.90464e-01 
 6.96900e+03  7.90062e-01 
 6.97110e+03  7.89182e-01 
 6.97319e+03  7.88211e-01 
 6.97529e+03  7.87136e-01 
 6.97738e+03  7.86172e-01 
 6.97948e+03  7.85523e-01 
 6.98157e+03  7.84445e-01 
 6.98367e+03  7.83114e-01 
 6.98576e+03  7.81627e-01 
 6.98786e+03  7.80692e-01 
 6.98995e+03  7.79663e-01 
 6.99205e+03  7.78494e-01 
 6.99414e+03  7.77335e-01 
 6.99624e+03  7.76221e-01 
 6.99833e+03  7.75034e-01 
 7.00043e+03  7.73978e-01 
 7.00252e+03  7.72706e-01 
 7.00462e+03  7.70863e-01 
 7.00671e+03  7.69513e-01 
 7.00881e+03  7.67863e-01 
 7.01090e+03  7.66441e-01 
 7.01300e+03  7.64886e-01 
 7.01509e+03  7.63138e-01 
 7.01719e+03  7.61600e-01 
 7.01928e+03  7.60360e-01 
 7.02138e+03  7.59267e-01 
 7.02347e+03  7.57483e-01 
 7.02557e+03  7.55028e-01 
 7.02766e+03  7.53709e-01 
 7.02976e+03  7.52238e-01 
 7.03185e+03  7.50614e-01 
 7.03395e+03  7.49099e-01 
 7.03604e+03  7.47408e-01 
 7.03814e+03  7.45782e-01 
 7.04023e+03  7.43928e-01 
 7.04233e+03  7.41987e-01 
 7.04442e+03  7.40076e-01 
 7.04652e+03  7.38514e-01 
 7.04861e+03  7.36656e-01 
 7.05071e+03  7.35078e-01 
 7.05280e+03  7.33801e-01 
 7.05490e+03  7.31465e-01 
 7.05699e+03  7.29619e-01 
 7.05909e+03  7.27808e-01 
 7.06118e+03  7.26160e-01 
 7.06328e+03  7.24485e-01 
 7.06537e+03  7.22777e-01 
 7.06747e+03  7.21109e-01 
 7.06956e+03  7.19511e-01 
 7.07166e+03  7.17779e-01 
 7.07375e+03  7.15650e-01 
 7.07585e+03  7.13995e-01 
 7.07794e+03  7.12021e-01 
 7.08004e+03  7.10808e-01 
 7.08213e+03  7.09253e-01 
 7.08423e+03  7.07579e-01 
 7.08632e+03  7.05825e-01 
 7.08842e+03  7.04193e-01 
 7.09051e+03  7.02937e-01 
 7.09261e+03  7.01018e-01 
 7.09470e+03  6.99336e-01 
 7.09680e+03  6.97998e-01 
 7.09889e+03  6.96422e-01 
 7.10099e+03  6.95036e-01 
 7.10308e+03  6.93910e-01 
 7.10518e+03  6.92757e-01 
 7.10727e+03  6.91355e-01 
 7.10937e+03  6.90356e-01 
 7.11146e+03  6.89098e-01 
 7.11356e+03  6.87526e-01 
 7.11565e+03  6.86419e-01 
 7.11775e+03  6.85508e-01 
 7.11984e+03  6.84442e-01 
 7.12194e+03  6.83398e-01 
 7.12403e+03  6.82530e-01 
 7.12613e+03  6.81432e-01 
 7.12822e+03  6.80540e-01 
 7.13032e+03  6.79509e-01 
 7.13241e+03  6.78976e-01 
 7.13451e+03  6.78533e-01 
 7.13660e+03  6.77919e-01 
 7.13870e+03  6.77142e-01 
 7.14079e+03  6.76485e-01 
 7.14289e+03  6.76209e-01 
 7.14498e+03  6.75621e-01 
 7.14708e+03  6.75372e-01 
 7.14917e+03  6.75501e-01 
 7.15127e+03  6.75493e-01 
 7.15336e+03  6.75466e-01 
 7.15546e+03  6.75302e-01 
 7.15755e+03  6.75139e-01 
 7.15965e+03  6.75389e-01 
 7.16174e+03  6.75692e-01 
 7.16384e+03  6.76119e-01 
 7.16593e+03  6.76082e-01 
 7.16803e+03  6.76808e-01 
 7.17012e+03  6.77427e-01 
 7.17222e+03  6.78079e-01 
 7.17431e+03  6.79084e-01 
 7.17641e+03  6.80185e-01 
 7.17850e+03  6.80946e-01 
 7.18060e+03  6.81941e-01 
 7.18269e+03  6.83160e-01 
 7.18479e+03  6.84559e-01 
 7.18688e+03  6.85679e-01 
 7.18898e+03  6.86879e-01 
 7.19107e+03  6.88524e-01 
 7.19317e+03  6.90301e-01 
 7.19526e+03  6.91717e-01 
 7.19736e+03  6.94158e-01 
 7.19945e+03  6.96030e-01 
 7.20155e+03  6.97686e-01 
 7.20364e+03  6.99656e-01 
 7.20574e+03  7.01831e-01 
 7.20783e+03  7.03901e-01 
 7.20993e+03  7.05897e-01 
 7.21202e+03  7.08248e-01 
 7.21412e+03  7.10829e-01 
 7.21621e+03  7.13166e-01 
 7.21831e+03  7.15689e-01 
 7.22040e+03  7.17677e-01 
 7.22250e+03  7.19725e-01 
 7.22459e+03  7.22590e-01 
 7.22669e+03  7.25096e-01 
 7.22878e+03  7.27641e-01 
 7.23088e+03  7.29882e-01 
 7.23297e+03  7.32313e-01 
 7.23507e+03  7.34469e-01 
 7.23716e+03  7.36362e-01 
 7.23926e+03  7.38188e-01 
 7.24135e+03  7.40078e-01 
 7.24345e+03  7.42517e-01 
 7.24554e+03  7.43865e-01 
 7.24764e+03  7.45441e-01 
 7.24973e+03  7.46892e-01 
 7.25183e+03  7.48190e-01 
 7.25392e+03  7.48949e-01 
 7.25602e+03  7.49085e-01 
 7.25811e+03  7.49192e-01 
 7.26021e+03  7.49438e-01 
 7.26230e+03  7.48995e-01 
 7.26440e+03  7.47428e-01 
 7.26649e+03  7.46343e-01 
 7.26859e+03  7.44946e-01 
 7.27068e+03  7.42779e-01 
 7.27278e+03  7.40012e-01 
 7.27487e+03  7.36940e-01 
 7.27697e+03  7.32457e-01 
 7.27906e+03  7.28269e-01 
 7.28116e+03  7.23344e-01 
 7.28325e+03  7.18397e-01 
 7.28535e+03  7.13008e-01 
 7.28744e+03  7.06866e-01 
 7.28954e+03  7.00531e-01 
 7.29163e+03  6.92399e-01 
 7.29373e+03  6.84016e-01 
 7.29582e+03  6.76273e-01 
 7.29792e+03  6.67622e-01 
 7.30001e+03  6.58538e-01 
 7.30211e+03  6.49232e-01 
 7.30420e+03  6.39409e-01 
 7.30630e+03  6.29224e-01 
 7.30839e+03  6.17054e-01 
 7.31049e+03  6.06251e-01 
 7.31258e+03  5.94827e-01 
 7.31468e+03  5.82966e-01 
 7.31677e+03  5.71339e-01 
 7.31887e+03  5.60148e-01 
 7.32096e+03  5.48028e-01 
 7.32306e+03  5.33870e-01 
 7.32515e+03  5.21451e-01 
 7.32725e+03  5.09205e-01 
 7.32934e+03  4.96966e-01 
 7.33144e+03  4.84913e-01 
 7.33353e+03  4.73081e-01 
 7.33563e+03  4.61079e-01 
 7.33772e+03  4.47537e-01 
 7.33982e+03  4.35034e-01 
 7.34191e+03  4.23392e-01 
 7.34401e+03  4.12171e-01 
 7.34610e+03  4.00963e-01 
 7.34820e+03  3.89817e-01 
 7.35029e+03  3.79288e-01 
 7.35239e+03  3.67748e-01 
 7.35448e+03  3.56298e-01 
 7.35658e+03  3.46238e-01 
 7.35867e+03  3.36332e-01 
 7.36077e+03  3.26783e-01 
 7.36286e+03  3.17509e-01 
 7.36496e+03  3.08170e-01 
 7.36705e+03  2.98618e-01 
 7.36915e+03  2.89534e-01 
 7.37124e+03  2.81020e-01 
 7.37334e+03  2.72945e-01 
 7.37543e+03  2.65231e-01 
 7.37753e+03  2.57797e-01 
 7.37962e+03  2.50562e-01 
 7.38172e+03  2.42697e-01 
 7.38381e+03  2.35241e-01 
 7.38591e+03  2.28812e-01 
 7.38800e+03  2.22365e-01 
 7.39010e+03  2.16151e-01 
 7.39219e+03  2.10228e-01 
 7.39429e+03  2.04478e-01 
 7.39638e+03  1.98635e-01 
 7.39848e+03  1.92611e-01 
 7.40057e+03  1.87415e-01 
 7.40267e+03  1.82342e-01 
 7.40476e+03  1.77528e-01 
 7.40686e+03  1.72903e-01 
 7.40895e+03  1.68294e-01 
 7.41105e+03  1.63691e-01 
 7.41314e+03  1.59094e-01 
 7.41524e+03  1.55037e-01 
 7.41733e+03  1.51155e-01 
 7.41943e+03  1.47375e-01 
 7.42152e+03  1.43713e-01 
 7.42362e+03  1.40225e-01 
 7.42571e+03  1.36420e-01 
 7.42781e+03  1.32727e-01 
 7.42990e+03  1.29558e-01 
 7.43200e+03  1.26423e-01 
 7.43409e+03  1.23394e-01 
 7.43619e+03  1.20545e-01 
 7.43828e+03  1.17861e-01 
 7.44038e+03  1.14719e-01 
 7.44247e+03  1.11844e-01 
 7.44457e+03  1.09371e-01 
 7.44666e+03  1.06961e-01 
 7.44876e+03  1.04534e-01 
 7.45085e+03  1.02107e-01 
 7.45295e+03  9.97987e-02 
 7.45504e+03  9.73688e-02 
 7.45714e+03  9.50800e-02 
 7.45923e+03  9.30772e-02 
 7.46133e+03  9.10670e-02 
 7.46342e+03  8.90653e-02 
 7.46552e+03  8.71716e-02 
 7.46761e+03  8.54576e-02 
 7.46971e+03  8.32570e-02 
 7.47180e+03  8.14680e-02 
 7.47390e+03  7.97234e-02 
 7.47599e+03  7.80710e-02 
 7.47809e+03  7.64858e-02 
 7.48018e+03  7.49009e-02 
 7.48228e+03  7.31589e-02 
 7.48437e+03  7.16535e-02 
 7.48647e+03  7.01838e-02 
 7.48856e+03  6.86985e-02 
 7.49066e+03  6.72847e-02 
 7.49275e+03  6.59540e-02 
 7.49485e+03  6.46324e-02 
 7.49694e+03  6.31130e-02 
 7.49904e+03  6.18744e-02 
 7.50113e+03  6.05851e-02 
 7.50323e+03  5.93360e-02 
 7.50532e+03  5.81715e-02 
 7.50742e+03  5.70606e-02 
 7.50951e+03  5.58647e-02 
 7.51161e+03  5.45275e-02 
 7.51370e+03  5.34144e-02 
 7.51580e+03  5.23256e-02 
 7.51789e+03  5.12864e-02 
 7.51999e+03  5.02851e-02 
 7.52208e+03  4.92850e-02 
 7.52418e+03  4.81743e-02 
 7.52627e+03  4.71163e-02 
 7.52837e+03  4.62121e-02 
 7.53046e+03  4.53275e-02 
 7.53256e+03  4.44245e-02 
 7.53465e+03  4.35046e-02 
 7.53675e+03  4.26257e-02 
 7.53884e+03  4.15918e-02 
 7.54094e+03  4.07944e-02 
 7.54303e+03  4.00316e-02 
 7.54513e+03  3.92357e-02 
 7.54722e+03  3.83924e-02 
 7.54932e+03  3.75467e-02 
 7.55141e+03  3.68560e-02 
 7.55351e+03  3.60026e-02 
 7.55560e+03  3.52643e-02 
 7.55770e+03  3.45324e-02 
 7.55979e+03  3.38309e-02 
 7.56189e+03  3.31744e-02 
 7.56398e+03  3.25321e-02 
 7.56608e+03  3.17578e-02 
 7.56817e+03  3.10365e-02 
 7.57027e+03  3.04581e-02 
 7.57236e+03  2.98690e-02 
 7.57446e+03  2.92635e-02 
 7.57655e+03  2.87211e-02 
 7.57865e+03  2.80157e-02 
 7.58074e+03  2.74911e-02 
 7.58284e+03  2.69220e-02 
 7.58493e+03  2.63876e-02 
 7.58703e+03  2.58917e-02 
 7.58912e+03  2.54162e-02 
 7.59122e+03  2.49475e-02 
 7.59331e+03  2.43736e-02 
 7.59541e+03  2.39208e-02 
 7.59750e+03  2.34605e-02 
 7.59960e+03  2.30121e-02 
 7.60169e+03  2.25956e-02 
 7.60379e+03  2.22166e-02 
 7.60588e+03  2.16307e-02 
 7.60798e+03  2.12823e-02 
 7.61007e+03  2.08960e-02 
 7.61217e+03  2.05092e-02 
 7.61426e+03  2.01305e-02 
 7.61636e+03  1.97493e-02 
 7.61845e+03  1.93472e-02 
 7.62055e+03  1.90299e-02 
 7.62264e+03  1.86847e-02 
 7.62474e+03  1.83712e-02 
 7.62683e+03  1.80802e-02 
 7.62893e+03  1.77778e-02 
 7.63102e+03  1.74191e-02 
 7.63312e+03  1.71006e-02 
 7.63521e+03  1.67804e-02 
 7.63731e+03  1.65161e-02 
 7.63940e+03  1.62615e-02 
 7.64150e+03  1.59887e-02 
 7.64359e+03  1.57476e-02 
 7.64569e+03  1.54873e-02 
 7.64778e+03  1.52543e-02 
 7.64988e+03  1.50107e-02 
 7.65197e+03  1.47766e-02 
 7.65407e+03  1.45523e-02 
 7.65616e+03  1.43040e-02 
 7.65826e+03  1.40946e-02 
 7.66035e+03  1.38961e-02 
 7.66245e+03  1.36861e-02 
 7.66454e+03  1.35095e-02 
 7.66664e+03  1.33669e-02 
 7.66873e+03  1.32165e-02 
 7.67083e+03  1.30301e-02 
 7.67292e+03  1.28849e-02 
 7.67502e+03  1.27167e-02 
 7.67711e+03  1.25812e-02 
 7.67921e+03  1.24503e-02 
 7.68130e+03  1.22518e-02 
 7.68340e+03  1.21082e-02 
 7.68549e+03  1.19385e-02 
 7.68759e+03  1.17425e-02 
 7.68968e+03  1.15931e-02 
 7.69178e+03  1.14789e-02 
 7.69387e+03  1.13463e-02 
 7.69597e+03  1.11672e-02 
 7.69806e+03  1.10537e-02 
 7.70016e+03  1.09541e-02 
 7.70225e+03  1.08376e-02 
 7.70435e+03  1.07202e-02 
 7.70644e+03  1.06269e-02 
 7.70854e+03  1.05085e-02 
 7.71063e+03  1.03947e-02 
 7.71273e+03  1.02653e-02 
 7.71482e+03  1.01407e-02 
 7.71692e+03  1.00301e-02 
 7.71901e+03  9.93455e-03 
 7.72111e+03  9.83603e-03 
 7.72320e+03  9.75563e-03 
 7.72530e+03  9.65102e-03 
 7.72739e+03  9.54537e-03 
 7.72949e+03  9.45071e-03 
 7.73158e+03  9.37067e-03 
 7.73368e+03  9.28004e-03 
 7.73577e+03  9.17952e-03 
 7.73787e+03  9.09743e-03 
 7.73996e+03  9.01424e-03 
 7.74206e+03  8.93355e-03 
 7.74415e+03  8.86339e-03 
 7.74625e+03  8.78908e-03 
 7.74834e+03  8.71788e-03 
 7.75044e+03  8.66980e-03 
 7.75253e+03  8.62067e-03 
 7.75463e+03  8.55579e-03 
 7.75672e+03  8.46327e-03 
 7.75882e+03  8.34566e-03 
 7.76091e+03  8.35539e-03 
 7.76301e+03  8.27470e-03 
 7.76510e+03  8.21985e-03 
 7.76720e+03  8.19493e-03 
 7.76929e+03  8.13293e-03 
 7.77139e+03  8.06969e-03 
 7.77348e+03  8.04642e-03 
 7.77558e+03  7.96518e-03 
 7.77767e+03  7.89785e-03 
 7.77977e+03  7.86322e-03 
 7.78186e+03  7.82673e-03 
 7.78396e+03  7.74205e-03 
 7.78605e+03  7.71878e-03 
 7.78815e+03  7.67471e-03 
 7.79024e+03  7.62801e-03 
 7.79234e+03  7.58712e-03 
 7.79443e+03  7.53708e-03 
 7.79653e+03  7.51643e-03 
 7.79862e+03  7.49427e-03 
 7.80072e+03  7.45569e-03 
 7.80281e+03  7.38878e-03 
 7.80491e+03  7.30574e-03 
 7.80700e+03  7.29856e-03 
 7.80910e+03  7.28969e-03 
 7.81119e+03  7.25553e-03 
 7.81329e+03  7.21267e-03 
 7.81538e+03  7.17129e-03 
 7.81748e+03  7.13769e-03 
 7.81957e+03  7.08958e-03 
 7.82167e+03  7.07441e-03 
 7.82376e+03  7.03617e-03 
 7.82586e+03  6.98799e-03 
 7.82795e+03  6.94415e-03 
 7.83005e+03  6.91971e-03 
 7.83214e+03  6.90380e-03 
 7.83424e+03  6.89950e-03 
 7.83633e+03  6.86214e-03 
 7.83843e+03  6.82235e-03 
 7.84052e+03  6.79633e-03 
 7.84262e+03  6.78475e-03 
 7.84471e+03  6.72576e-03 
 7.84681e+03  6.70232e-03 
 7.84890e+03  6.69298e-03 
 7.85100e+03  6.67942e-03 
 7.85309e+03  6.64919e-03 
 7.85519e+03  6.60288e-03 
 7.85728e+03  6.58874e-03 
 7.85938e+03  6.55098e-03 
 7.86147e+03  6.52647e-03 
 7.86357e+03  6.50765e-03 
 7.86566e+03  6.47533e-03 
 7.86776e+03  6.47317e-03 
 7.86985e+03  6.44984e-03 
 7.87195e+03  6.42016e-03 
 7.87404e+03  6.39479e-03 
 7.87614e+03  6.37587e-03 
 7.87823e+03  6.35271e-03 
 7.88033e+03  6.32108e-03 
 7.88242e+03  6.29155e-03 
 7.88452e+03  6.27917e-03 
 7.88661e+03  6.26734e-03 
 7.88871e+03  6.23833e-03 
 7.89080e+03  6.16285e-03 
 7.89290e+03  6.19798e-03 
 7.89499e+03  6.16852e-03 
 7.89709e+03  6.15204e-03 
 7.89918e+03  6.14372e-03 
 7.90128e+03  6.10356e-03 
 7.90337e+03  6.09028e-03 
 7.90547e+03  6.03950e-03 
 7.90756e+03  6.03061e-03 
 7.90966e+03  6.02367e-03 
 7.91175e+03  5.99975e-03 
 7.91385e+03  5.98036e-03 
 7.91594e+03  5.94178e-03 
 7.91804e+03  5.92134e-03 
 7.92013e+03  5.89867e-03 
 7.92223e+03  5.87658e-03 
 7.92432e+03  5.86135e-03 
 7.92642e+03  5.83316e-03 
 7.92851e+03  5.80333e-03 
 7.93061e+03  5.77825e-03 
 7.93270e+03  5.76145e-03 
 7.93480e+03  5.74829e-03 
 7.93689e+03  5.70846e-03 
 7.93899e+03  5.72028e-03 
 7.94108e+03  5.68627e-03 
 7.94318e+03  5.65433e-03 
 7.94527e+03  5.63294e-03 
 7.94737e+03  5.62291e-03 
 7.94946e+03  5.59110e-03 
 7.95156e+03  5.56141e-03 
 7.95365e+03  5.54643e-03 
 7.95575e+03  5.52790e-03 
 7.95784e+03  5.50427e-03 
 7.95994e+03  5.50125e-03 
 7.96203e+03  5.46732e-03 
 7.96413e+03  5.45075e-03 
 7.96622e+03  5.44434e-03 
 7.96832e+03  5.42578e-03 
 7.97041e+03  5.36580e-03 
 7.97251e+03  5.38278e-03 
 7.97460e+03  5.36209e-03 
 7.97670e+03  5.32029e-03 
 7.97879e+03  5.29869e-03 
 7.98089e+03  5.30719e-03 
 7.98298e+03  5.25550e-03 
 7.98508e+03  5.26761e-03 
 7.98717e+03  5.24031e-03 
 7.98927e+03  5.19925e-03 
 7.99136e+03  5.16691e-03 
 7.99346e+03  5.17531e-03 
 7.99555e+03  5.15038e-03 
 7.99765e+03  5.14406e-03 
 7.99974e+03  5.12928e-03 
 8.00184e+03  5.10645e-03 
