  2.99849e+03  8.14393e-03
  3.00054e+03  8.20893e-03
  3.00260e+03  8.14597e-03
  3.00465e+03  8.17916e-03
  3.00671e+03  8.12305e-03
  3.00876e+03  8.25576e-03
  3.01081e+03  8.38906e-03
  3.01287e+03  8.30403e-03
  3.01492e+03  8.31588e-03
  3.01698e+03  8.41461e-03
  3.01903e+03  8.40655e-03
  3.02108e+03  8.52785e-03
  3.02314e+03  8.55447e-03
  3.02519e+03  8.52108e-03
  3.02725e+03  8.65952e-03
  3.02930e+03  8.48844e-03
  3.03135e+03  8.44207e-03
  3.03341e+03  8.37609e-03
  3.03546e+03  8.22254e-03
  3.03752e+03  8.51880e-03
  3.03957e+03  8.27913e-03
  3.04162e+03  8.45325e-03
  3.04368e+03  8.40102e-03
  3.04573e+03  8.28736e-03
  3.04779e+03  8.42070e-03
  3.04984e+03  8.33339e-03
  3.05190e+03  8.37540e-03
  3.05395e+03  8.50667e-03
  3.05600e+03  8.46552e-03
  3.05806e+03  8.34721e-03
  3.06011e+03  8.28799e-03
  3.06217e+03  8.39121e-03
  3.06422e+03  8.28877e-03
  3.06627e+03  8.59874e-03
  3.06833e+03  8.74869e-03
  3.07038e+03  8.55498e-03
  3.07244e+03  8.61687e-03
  3.07449e+03  8.79573e-03
  3.07654e+03  8.74402e-03
  3.07860e+03  8.79476e-03
  3.08065e+03  8.67684e-03
  3.08271e+03  8.66263e-03
  3.08476e+03  8.63933e-03
  3.08681e+03  8.74425e-03
  3.08887e+03  8.64674e-03
  3.09092e+03  8.54450e-03
  3.09298e+03  8.81107e-03
  3.09503e+03  8.67640e-03
  3.09708e+03  8.75474e-03
  3.09914e+03  8.88321e-03
  3.10119e+03  8.71880e-03
  3.10325e+03  8.80148e-03
  3.10530e+03  8.86181e-03
  3.10735e+03  8.82119e-03
  3.10941e+03  8.81744e-03
  3.11146e+03  8.64224e-03
  3.11351e+03  8.68367e-03
  3.11557e+03  8.79245e-03
  3.11762e+03  8.78847e-03
  3.11968e+03  8.84149e-03
  3.12173e+03  9.06512e-03
  3.12378e+03  9.01983e-03
  3.12584e+03  8.98121e-03
  3.12789e+03  8.85697e-03
  3.12995e+03  9.08247e-03
  3.13200e+03  9.02528e-03
  3.13405e+03  9.13270e-03
  3.13611e+03  9.01572e-03
  3.13816e+03  8.97048e-03
  3.14022e+03  9.21846e-03
  3.14227e+03  9.31845e-03
  3.14432e+03  9.20968e-03
  3.14638e+03  9.34024e-03
  3.14843e+03  9.34454e-03
  3.15049e+03  9.34725e-03
  3.15254e+03  9.25966e-03
  3.15459e+03  9.30827e-03
  3.15665e+03  9.23849e-03
  3.15870e+03  9.30394e-03
  3.16076e+03  9.35653e-03
  3.16281e+03  9.50927e-03
  3.16486e+03  9.31898e-03
  3.16692e+03  9.33064e-03
  3.16897e+03  9.38622e-03
  3.17103e+03  9.41979e-03
  3.17308e+03  9.43447e-03
  3.17514e+03  9.50864e-03
  3.17719e+03  9.35305e-03
  3.17924e+03  9.62804e-03
  3.18130e+03  9.66099e-03
  3.18335e+03  9.36800e-03
  3.18541e+03  9.63000e-03
  3.18746e+03  9.79222e-03
  3.18951e+03  9.58616e-03
  3.19157e+03  9.78224e-03
  3.19362e+03  9.89833e-03
  3.19568e+03  9.87425e-03
  3.19773e+03  9.95079e-03
  3.19978e+03  1.00461e-02
  3.20184e+03  1.02588e-02
  3.20389e+03  1.01871e-02
  3.20595e+03  1.02291e-02
  3.20800e+03  1.02869e-02
  3.21005e+03  1.03474e-02
  3.21211e+03  1.05400e-02
  3.21416e+03  1.04241e-02
  3.21622e+03  1.02402e-02
  3.21827e+03  1.03648e-02
  3.22032e+03  1.02671e-02
  3.22238e+03  1.05115e-02
  3.22443e+03  1.06932e-02
  3.22649e+03  1.08401e-02
  3.22854e+03  1.08376e-02
  3.23059e+03  1.08045e-02
  3.23265e+03  1.08571e-02
  3.23470e+03  1.11463e-02
  3.23675e+03  1.10016e-02
  3.23881e+03  1.14201e-02
  3.24086e+03  1.11361e-02
  3.24292e+03  1.14653e-02
  3.24497e+03  1.14226e-02
  3.24702e+03  1.18437e-02
  3.24908e+03  1.19667e-02
  3.25113e+03  1.19992e-02
  3.25319e+03  1.21740e-02
  3.25524e+03  1.24830e-02
  3.25729e+03  1.25459e-02
  3.25935e+03  1.26281e-02
  3.26140e+03  1.31789e-02
  3.26346e+03  1.34969e-02
  3.26551e+03  1.33334e-02
  3.26756e+03  1.35621e-02
  3.26962e+03  1.39277e-02
  3.27167e+03  1.40600e-02
  3.27373e+03  1.43388e-02
  3.27578e+03  1.44784e-02
  3.27783e+03  1.47034e-02
  3.27989e+03  1.49207e-02
  3.28194e+03  1.51959e-02
  3.28400e+03  1.56801e-02
  3.28605e+03  1.57902e-02
  3.28810e+03  1.61903e-02
  3.29016e+03  1.66819e-02
  3.29221e+03  1.67772e-02
  3.29427e+03  1.69002e-02
  3.29632e+03  1.70450e-02
  3.29838e+03  1.75378e-02
  3.30043e+03  1.79212e-02
  3.30248e+03  1.84658e-02
  3.30454e+03  1.89111e-02
  3.30659e+03  1.94772e-02
  3.30865e+03  2.00436e-02
  3.31070e+03  2.00964e-02
  3.31275e+03  2.05590e-02
  3.31481e+03  2.08295e-02
  3.31686e+03  2.12343e-02
  3.31892e+03  2.17312e-02
  3.32097e+03  2.24799e-02
  3.32302e+03  2.30719e-02
  3.32508e+03  2.33857e-02
  3.32713e+03  2.37496e-02
  3.32919e+03  2.44170e-02
  3.33124e+03  2.50270e-02
  3.33329e+03  2.54290e-02
  3.33535e+03  2.59011e-02
  3.33740e+03  2.65984e-02
  3.33946e+03  2.72804e-02
  3.34151e+03  2.76583e-02
  3.34356e+03  2.83813e-02
  3.34562e+03  2.87547e-02
  3.34767e+03  2.95778e-02
  3.34973e+03  2.99144e-02
  3.35178e+03  3.05055e-02
  3.35383e+03  3.11392e-02
  3.35589e+03  3.16959e-02
  3.35794e+03  3.27381e-02
  3.36000e+03  3.34839e-02
  3.36205e+03  3.39957e-02
  3.36410e+03  3.46740e-02
  3.36616e+03  3.54413e-02
  3.36821e+03  3.61559e-02
  3.37026e+03  3.70925e-02
  3.37232e+03  3.80494e-02
  3.37437e+03  3.88174e-02
  3.37643e+03  3.95067e-02
  3.37848e+03  4.04441e-02
  3.38053e+03  4.15539e-02
  3.38259e+03  4.22806e-02
  3.38464e+03  4.33621e-02
  3.38670e+03  4.38105e-02
  3.38875e+03  4.49402e-02
  3.39080e+03  4.58323e-02
  3.39286e+03  4.74784e-02
  3.39491e+03  4.81847e-02
  3.39697e+03  4.84390e-02
  3.39902e+03  4.98102e-02
  3.40107e+03  5.06104e-02
  3.40313e+03  5.18655e-02
  3.40518e+03  5.26693e-02
  3.40724e+03  5.38276e-02
  3.40929e+03  5.46278e-02
  3.41134e+03  5.59302e-02
  3.41340e+03  5.69100e-02
  3.41545e+03  5.82383e-02
  3.41751e+03  5.92100e-02
  3.41956e+03  6.02747e-02
  3.42161e+03  6.17036e-02
  3.42367e+03  6.29032e-02
  3.42572e+03  6.45890e-02
  3.42778e+03  6.55170e-02
  3.42983e+03  6.66430e-02
  3.43189e+03  6.78735e-02
  3.43394e+03  6.94846e-02
  3.43599e+03  7.07545e-02
  3.43805e+03  7.15102e-02
  3.44010e+03  7.28937e-02
  3.44216e+03  7.42965e-02
  3.44421e+03  7.55790e-02
  3.44626e+03  7.70199e-02
  3.44832e+03  7.84243e-02
  3.45037e+03  7.95569e-02
  3.45243e+03  8.08437e-02
  3.45448e+03  8.32087e-02
  3.45653e+03  8.46880e-02
  3.45859e+03  8.63753e-02
  3.46064e+03  8.76789e-02
  3.46270e+03  8.89463e-02
  3.46475e+03  9.03871e-02
  3.46680e+03  9.23792e-02
  3.46886e+03  9.34528e-02
  3.47091e+03  9.52700e-02
  3.47297e+03  9.68550e-02
  3.47502e+03  9.77301e-02
  3.47707e+03  9.89483e-02
  3.47913e+03  1.00994e-01
  3.48118e+03  1.02637e-01
  3.48324e+03  1.03785e-01
  3.48529e+03  1.05865e-01
  3.48734e+03  1.07556e-01
  3.48940e+03  1.09099e-01
  3.49145e+03  1.09994e-01
  3.49350e+03  1.12559e-01
  3.49556e+03  1.13948e-01
  3.49761e+03  1.15374e-01
  3.49967e+03  1.16791e-01
  3.50172e+03  1.19741e-01
  3.50377e+03  1.20276e-01
  3.50583e+03  1.22608e-01
  3.50788e+03  1.23665e-01
  3.50994e+03  1.25812e-01
  3.51199e+03  1.27859e-01
  3.51404e+03  1.28797e-01
  3.51610e+03  1.30532e-01
  3.51815e+03  1.32329e-01
  3.52021e+03  1.34027e-01
  3.52226e+03  1.35845e-01
  3.52431e+03  1.37366e-01
  3.52637e+03  1.39453e-01
  3.52842e+03  1.41365e-01
  3.53048e+03  1.43358e-01
  3.53253e+03  1.44908e-01
  3.53458e+03  1.46768e-01
  3.53664e+03  1.48211e-01
  3.53869e+03  1.50809e-01
  3.54075e+03  1.53155e-01
  3.54280e+03  1.53820e-01
  3.54485e+03  1.56042e-01
  3.54691e+03  1.58223e-01
  3.54896e+03  1.59654e-01
  3.55102e+03  1.62151e-01
  3.55307e+03  1.63902e-01
  3.55512e+03  1.66130e-01
  3.55718e+03  1.67893e-01
  3.55923e+03  1.69208e-01
  3.56129e+03  1.71192e-01
  3.56334e+03  1.73197e-01
  3.56540e+03  1.74726e-01
  3.56745e+03  1.77200e-01
  3.56950e+03  1.78739e-01
  3.57156e+03  1.81224e-01
  3.57361e+03  1.82847e-01
  3.57567e+03  1.85813e-01
  3.57772e+03  1.87318e-01
  3.57977e+03  1.89574e-01
  3.58183e+03  1.91496e-01
  3.58388e+03  1.92467e-01
  3.58594e+03  1.95107e-01
  3.58799e+03  1.96801e-01
  3.59004e+03  1.98613e-01
  3.59210e+03  2.01139e-01
  3.59415e+03  2.02511e-01
  3.59621e+03  2.04666e-01
  3.59826e+03  2.06503e-01
  3.60031e+03  2.08841e-01
  3.60237e+03  2.10677e-01
  3.60442e+03  2.12818e-01
  3.60648e+03  2.14457e-01
  3.60853e+03  2.16514e-01
  3.61058e+03  2.17951e-01
  3.61264e+03  2.19203e-01
  3.61469e+03  2.22205e-01
  3.61675e+03  2.23320e-01
  3.61880e+03  2.25721e-01
  3.62085e+03  2.27889e-01
  3.62291e+03  2.30772e-01
  3.62496e+03  2.31683e-01
  3.62701e+03  2.32833e-01
  3.62907e+03  2.35484e-01
  3.63112e+03  2.37556e-01
  3.63318e+03  2.39150e-01
  3.63523e+03  2.41078e-01
  3.63728e+03  2.43294e-01
  3.63934e+03  2.44346e-01
  3.64139e+03  2.46068e-01
  3.64345e+03  2.48099e-01
  3.64550e+03  2.50316e-01
  3.64755e+03  2.51927e-01
  3.64961e+03  2.53023e-01
  3.65166e+03  2.55682e-01
  3.65372e+03  2.57547e-01
  3.65577e+03  2.58951e-01
  3.65782e+03  2.60311e-01
  3.65988e+03  2.63315e-01
  3.66193e+03  2.65071e-01
  3.66399e+03  2.65843e-01
  3.66604e+03  2.67449e-01
  3.66809e+03  2.69837e-01
  3.67015e+03  2.71625e-01
  3.67220e+03  2.72858e-01
  3.67426e+03  2.74226e-01
  3.67631e+03  2.75488e-01
  3.67836e+03  2.76509e-01
  3.68042e+03  2.78560e-01
  3.68247e+03  2.80403e-01
  3.68453e+03  2.82043e-01
  3.68658e+03  2.83453e-01
  3.68864e+03  2.84304e-01
  3.69069e+03  2.85490e-01
  3.69274e+03  2.87858e-01
  3.69480e+03  2.90097e-01
  3.69685e+03  2.91567e-01
  3.69891e+03  2.92278e-01
  3.70096e+03  2.94286e-01
  3.70301e+03  2.95878e-01
  3.70507e+03  2.97008e-01
  3.70712e+03  2.97440e-01
  3.70918e+03  2.99104e-01
  3.71123e+03  3.01157e-01
  3.71328e+03  3.00927e-01
  3.71534e+03  3.02248e-01
  3.71739e+03  3.04787e-01
  3.71945e+03  3.05290e-01
  3.72150e+03  3.06508e-01
  3.72355e+03  3.07149e-01
  3.72561e+03  3.08464e-01
  3.72766e+03  3.10010e-01
  3.72972e+03  3.11057e-01
  3.73177e+03  3.10947e-01
  3.73382e+03  3.12190e-01
  3.73588e+03  3.12737e-01
  3.73793e+03  3.14113e-01
  3.73999e+03  3.15606e-01
  3.74204e+03  3.16648e-01
  3.74409e+03  3.16688e-01
  3.74615e+03  3.18141e-01
  3.74820e+03  3.18720e-01
  3.75025e+03  3.19137e-01
  3.75231e+03  3.19672e-01
  3.75436e+03  3.20458e-01
  3.75642e+03  3.21380e-01
  3.75847e+03  3.22067e-01
  3.76052e+03  3.22292e-01
  3.76258e+03  3.22496e-01
  3.76463e+03  3.23685e-01
  3.76669e+03  3.24434e-01
  3.76874e+03  3.24841e-01
  3.77079e+03  3.24816e-01
  3.77285e+03  3.25212e-01
  3.77490e+03  3.24763e-01
  3.77696e+03  3.25289e-01
  3.77901e+03  3.25564e-01
  3.78106e+03  3.25855e-01
  3.78312e+03  3.25600e-01
  3.78517e+03  3.25425e-01
  3.78723e+03  3.25029e-01
  3.78928e+03  3.25674e-01
  3.79133e+03  3.25810e-01
  3.79339e+03  3.25957e-01
  3.79544e+03  3.25802e-01
  3.79750e+03  3.25331e-01
  3.79955e+03  3.25525e-01
  3.80160e+03  3.25319e-01
  3.80366e+03  3.24950e-01
  3.80571e+03  3.24291e-01
  3.80777e+03  3.23439e-01
  3.80982e+03  3.22996e-01
  3.81188e+03  3.22758e-01
  3.81393e+03  3.22680e-01
  3.81598e+03  3.21624e-01
  3.81804e+03  3.20907e-01
  3.82009e+03  3.20856e-01
  3.82215e+03  3.20064e-01
  3.82420e+03  3.18591e-01
  3.82625e+03  3.18319e-01
  3.82831e+03  3.16945e-01
  3.83036e+03  3.16803e-01
  3.83242e+03  3.16023e-01
  3.83447e+03  3.15269e-01
  3.83652e+03  3.13564e-01
  3.83858e+03  3.12165e-01
  3.84063e+03  3.10959e-01
  3.84269e+03  3.09837e-01
  3.84474e+03  3.08074e-01
  3.84679e+03  3.06900e-01
  3.84885e+03  3.05315e-01
  3.85090e+03  3.03587e-01
  3.85296e+03  3.02071e-01
  3.85501e+03  3.01148e-01
  3.85706e+03  2.99194e-01
  3.85912e+03  2.97121e-01
  3.86117e+03  2.95358e-01
  3.86323e+03  2.94445e-01
  3.86528e+03  2.93240e-01
  3.86733e+03  2.90654e-01
  3.86939e+03  2.87907e-01
  3.87144e+03  2.86595e-01
  3.87350e+03  2.84312e-01
  3.87555e+03  2.81607e-01
  3.87760e+03  2.80558e-01
  3.87966e+03  2.78418e-01
  3.88171e+03  2.76080e-01
  3.88376e+03  2.73908e-01
  3.88582e+03  2.71088e-01
  3.88787e+03  2.69109e-01
  3.88993e+03  2.66503e-01
  3.89198e+03  2.64016e-01
  3.89403e+03  2.61915e-01
  3.89609e+03  2.58986e-01
  3.89814e+03  2.56058e-01
  3.90020e+03  2.53624e-01
  3.90225e+03  2.50830e-01
  3.90430e+03  2.48121e-01
  3.90636e+03  2.45283e-01
  3.90841e+03  2.42583e-01
  3.91047e+03  2.40094e-01
  3.91252e+03  2.37169e-01
  3.91457e+03  2.34661e-01
  3.91663e+03  2.31662e-01
  3.91868e+03  2.28399e-01
  3.92074e+03  2.25460e-01
  3.92279e+03  2.22453e-01
  3.92484e+03  2.19085e-01
  3.92690e+03  2.16307e-01
  3.92895e+03  2.13473e-01
  3.93101e+03  2.10480e-01
  3.93306e+03  2.07367e-01
  3.93511e+03  2.03932e-01
  3.93717e+03  2.00831e-01
  3.93922e+03  1.97732e-01
  3.94128e+03  1.93877e-01
  3.94333e+03  1.91388e-01
  3.94539e+03  1.88389e-01
  3.94744e+03  1.84848e-01
  3.94949e+03  1.81667e-01
  3.95155e+03  1.78617e-01
  3.95360e+03  1.75635e-01
  3.95566e+03  1.72359e-01
  3.95771e+03  1.69155e-01
  3.95976e+03  1.66210e-01
  3.96182e+03  1.62857e-01
  3.96387e+03  1.59449e-01
  3.96593e+03  1.56031e-01
  3.96798e+03  1.52829e-01
  3.97003e+03  1.49999e-01
  3.97209e+03  1.46970e-01
  3.97414e+03  1.43771e-01
  3.97620e+03  1.40900e-01
  3.97825e+03  1.37642e-01
  3.98030e+03  1.34514e-01
  3.98236e+03  1.31681e-01
  3.98441e+03  1.28603e-01
  3.98647e+03  1.25661e-01
  3.98852e+03  1.22632e-01
  3.99057e+03  1.19691e-01
  3.99263e+03  1.16382e-01
  3.99468e+03  1.14038e-01
  3.99674e+03  1.11232e-01
  3.99879e+03  1.08226e-01
  4.00084e+03  1.05927e-01
  4.00290e+03  1.03312e-01
  4.00495e+03  1.00124e-01
  4.00700e+03  9.73747e-02
  4.00906e+03  9.48968e-02
  4.01111e+03  9.20355e-02
  4.01317e+03  8.94996e-02
  4.01522e+03  8.73140e-02
  4.01727e+03  8.48059e-02
  4.01933e+03  8.24749e-02
  4.02138e+03  7.99838e-02
  4.02344e+03  7.77350e-02
  4.02549e+03  7.56780e-02
  4.02754e+03  7.35513e-02
  4.02960e+03  7.15476e-02
  4.03165e+03  6.91174e-02
  4.03371e+03  6.65503e-02
  4.03576e+03  6.44307e-02
  4.03781e+03  6.25162e-02
  4.03987e+03  6.06428e-02
  4.04192e+03  5.87496e-02
  4.04398e+03  5.69029e-02
  4.04603e+03  5.50057e-02
  4.04808e+03  5.30228e-02
  4.05014e+03  5.11186e-02
  4.05219e+03  4.94905e-02
  4.05425e+03  4.77566e-02
  4.05630e+03  4.63195e-02
  4.05835e+03  4.46407e-02
  4.06041e+03  4.30451e-02
  4.06246e+03  4.15805e-02
  4.06452e+03  4.02764e-02
  4.06657e+03  3.88320e-02
  4.06862e+03  3.74482e-02
  4.07068e+03  3.59060e-02
  4.07273e+03  3.45389e-02
  4.07479e+03  3.33464e-02
  4.07684e+03  3.21356e-02
  4.07890e+03  3.07412e-02
  4.08095e+03  2.95586e-02
  4.08300e+03  2.85888e-02
  4.08506e+03  2.75324e-02
  4.08711e+03  2.64674e-02
  4.08917e+03  2.54333e-02
  4.09122e+03  2.45631e-02
  4.09327e+03  2.34955e-02
  4.09533e+03  2.25530e-02
  4.09738e+03  2.17038e-02
  4.09944e+03  2.09985e-02
  4.10149e+03  2.02069e-02
  4.10354e+03  1.93219e-02
  4.10560e+03  1.86090e-02
  4.10765e+03  1.78343e-02
  4.10971e+03  1.70324e-02
  4.11176e+03  1.63149e-02
  4.11381e+03  1.56875e-02
  4.11587e+03  1.51053e-02
  4.11792e+03  1.44615e-02
  4.11998e+03  1.38383e-02
  4.12203e+03  1.33117e-02
  4.12408e+03  1.27394e-02
  4.12614e+03  1.22458e-02
  4.12819e+03  1.17581e-02
  4.13025e+03  1.13098e-02
  4.13230e+03  1.08872e-02
  4.13435e+03  1.04558e-02
  4.13641e+03  1.00975e-02
  4.13846e+03  9.63144e-03
  4.14052e+03  9.20769e-03
  4.14257e+03  8.78574e-03
  4.14462e+03  8.45357e-03
  4.14668e+03  8.16887e-03
  4.14873e+03  7.88049e-03
  4.15079e+03  7.59169e-03
  4.15284e+03  7.19447e-03
  4.15489e+03  6.89427e-03
  4.15695e+03  6.72275e-03
  4.15900e+03  6.43914e-03
  4.16106e+03  6.29760e-03
  4.16311e+03  6.03296e-03
  4.16516e+03  5.73976e-03
  4.16722e+03  5.51153e-03
  4.16927e+03  5.29997e-03
  4.17133e+03  5.11826e-03
  4.17338e+03  4.93982e-03
  4.17543e+03  4.80621e-03
  4.17749e+03  4.63445e-03
  4.17954e+03  4.44615e-03
  4.18160e+03  4.28418e-03
  4.18365e+03  4.14540e-03
  4.18570e+03  4.01528e-03
  4.18776e+03  3.89019e-03
  4.18981e+03  3.77919e-03
  4.19187e+03  3.65716e-03
  4.19392e+03  3.53423e-03
  4.19597e+03  3.43909e-03
  4.19803e+03  3.32827e-03
  4.20008e+03  3.22145e-03
  4.20213e+03  3.09564e-03
  4.20419e+03  3.00816e-03
  4.20624e+03  2.92404e-03
  4.20830e+03  2.85053e-03
  4.21035e+03  2.77763e-03
  4.21240e+03  2.69584e-03
  4.21446e+03  2.60323e-03
  4.21651e+03  2.53432e-03
  4.21857e+03  2.47123e-03
  4.22062e+03  2.38328e-03
  4.22267e+03  2.31920e-03
  4.22473e+03  2.24160e-03
  4.22678e+03  2.19151e-03
  4.22884e+03  2.15188e-03
  4.23089e+03  2.10461e-03
  4.23294e+03  2.03757e-03
  4.23500e+03  1.98449e-03
  4.23705e+03  1.95764e-03
  4.23911e+03  1.90755e-03
  4.24116e+03  1.86828e-03
  4.24321e+03  1.83115e-03
  4.24527e+03  1.79157e-03
  4.24732e+03  1.76456e-03
  4.24938e+03  1.70092e-03
  4.25143e+03  1.67176e-03
  4.25348e+03  1.66446e-03
  4.25554e+03  1.65472e-03
  4.25759e+03  1.61051e-03
  4.25965e+03  1.54713e-03
  4.26170e+03  1.56425e-03
  4.26375e+03  1.54138e-03
  4.26581e+03  1.50790e-03
  4.26786e+03  1.46342e-03
  4.26992e+03  1.43571e-03
  4.27197e+03  1.45074e-03
  4.27402e+03  1.40846e-03
  4.27608e+03  1.39049e-03
  4.27813e+03  1.34831e-03
  4.28019e+03  1.36026e-03
  4.28224e+03  1.32589e-03
  4.28429e+03  1.31359e-03
  4.28635e+03  1.30009e-03
  4.28840e+03  1.29286e-03
  4.29046e+03  1.27353e-03
  4.29251e+03  1.23609e-03
  4.29456e+03  1.22042e-03
  4.29662e+03  1.20486e-03
  4.29867e+03  1.19360e-03
  4.30073e+03  1.17258e-03
  4.30278e+03  1.17901e-03
  4.30483e+03  1.18133e-03
  4.30689e+03  1.16512e-03
  4.30894e+03  1.14662e-03
  4.31100e+03  1.12689e-03
  4.31305e+03  1.12408e-03
  4.31510e+03  1.10638e-03
  4.31716e+03  1.07454e-03
  4.31921e+03  1.09085e-03
  4.32127e+03  1.07411e-03
  4.32332e+03  1.04675e-03
  4.32538e+03  1.05786e-03
  4.32743e+03  1.08875e-03
  4.32948e+03  1.07589e-03
  4.33154e+03  1.03543e-03
  4.33359e+03  1.06077e-03
  4.33565e+03  1.01599e-03
  4.33770e+03  1.00303e-03
  4.33975e+03  9.92574e-04
  4.34181e+03  9.79606e-04
  4.34386e+03  9.86414e-04
  4.34592e+03  9.90347e-04
  4.34797e+03  9.65691e-04
  4.35002e+03  9.44745e-04
  4.35208e+03  9.35431e-04
  4.35413e+03  9.37523e-04
  4.35619e+03  9.16362e-04
  4.35824e+03  9.31216e-04
  4.36029e+03  9.11655e-04
  4.36235e+03  9.34105e-04
  4.36440e+03  9.45406e-04
  4.36646e+03  8.97455e-04
  4.36851e+03  9.28492e-04
  4.37056e+03  8.79460e-04
  4.37262e+03  8.74803e-04
  4.37467e+03  8.82240e-04
  4.37673e+03  8.78495e-04
  4.37878e+03  8.73306e-04
  4.38083e+03  8.79680e-04
  4.38289e+03  8.53866e-04
  4.38494e+03  8.55299e-04
  4.38700e+03  8.63013e-04
  4.38905e+03  8.44159e-04
  4.39110e+03  8.67825e-04
  4.39316e+03  8.52684e-04
  4.39521e+03  8.47971e-04
  4.39727e+03  8.43114e-04
  4.39932e+03  8.41090e-04
  4.40137e+03  8.48660e-04
