   3891.306      7.1431190E-05
   3896.371      7.3203912E-05
   3901.436      7.4976626E-05
   3906.501      7.6749347E-05
   3911.567      7.8522062E-05
   3916.633      8.0294783E-05
   3921.699      8.2067498E-05
   3926.765      8.3840219E-05
   3931.832      8.5612934E-05
   3936.898      8.7385655E-05
   3941.965      8.9158370E-05
   3947.032      9.0931091E-05
   3952.100      9.2703805E-05
   3957.167      9.4476527E-05
   3962.235      9.6249241E-05
   3967.303      9.8021963E-05
   3972.371      9.9794677E-05
   3977.440      1.0156740E-04
   3982.508      1.0334011E-04
   3987.577      1.0511283E-04
   3992.646      1.0688555E-04
   3997.716      1.0865827E-04
   4002.785      1.1043098E-04
   4007.855      1.1220371E-04
   4012.925      1.1397642E-04
   4017.995      1.1574914E-04
   4023.065      1.1752186E-04
   4028.136      1.1929458E-04
   4033.207      1.2106729E-04
   4038.278      1.2284001E-04
   4043.349      1.2461274E-04
   4048.421      1.2638545E-04
   4053.493      1.2815816E-04
   4058.565      1.2993088E-04
   4063.637      1.3170361E-04
   4068.709      1.3347632E-04
   4073.782      1.3524904E-04
   4078.855      1.3702175E-04
   4083.928      1.3879448E-04
   4089.001      1.4056719E-04
   4094.074      1.4233991E-04
   4099.148      1.4411262E-04
   4104.222      1.4588535E-04
   4109.296      1.4765807E-04
   4114.371      1.4943078E-04
   4119.445      1.5120349E-04
   4124.520      1.5297622E-04
   4129.595      1.5474894E-04
   4134.670      1.5652165E-04
   4139.746      1.5829437E-04
   4144.822      1.6006709E-04
   4149.897      1.6183981E-04
   4154.974      1.6361252E-04
   4160.050      1.6538524E-04
   4165.126      1.6715797E-04
   4170.204      1.6893068E-04
   4175.280      1.7070340E-04
   4180.358      1.7247611E-04
   4185.435      1.7424884E-04
   4190.513      1.7602155E-04
   4195.591      1.7779427E-04
   4200.669      1.7956698E-04
   4205.747      1.8133971E-04
   4210.826      1.8311242E-04
   4215.904      1.8488514E-04
   4220.983      1.8665785E-04
   4226.063      1.8843057E-04
   4231.142      1.9020330E-04
   4236.222      1.9197601E-04
   4241.302      1.9374872E-04
   4246.382      1.9552144E-04
   4251.462      1.9729415E-04
   4256.542      1.9906688E-04
   4261.624      2.0083960E-04
   4266.705      2.0261231E-04
   4271.786      2.0438503E-04
   4276.867      2.0615775E-04
   4281.949      2.0793047E-04
   4287.030      2.0970318E-04
   4292.112      2.1147590E-04
   4297.195      2.1324863E-04
   4302.277      2.1502134E-04
   4307.360      2.1679405E-04
   4312.443      2.1856677E-04
   4317.526      2.2033950E-04
   4322.609      2.2211221E-04
   4327.693      2.2388493E-04
   4332.777      2.2565764E-04
   4337.861      2.2743037E-04
   4342.945      2.2920308E-04
   4348.030      2.3097580E-04
   4353.115      2.3274851E-04
   4358.200      2.3452124E-04
   4363.285      2.3629396E-04
   4368.370      2.3806667E-04
   4373.456      2.3983938E-04
   4378.542      2.4161210E-04
   4383.627      2.4338483E-04
   4388.714      2.4515754E-04
   4393.800      2.4693026E-04
   4398.887      2.4870297E-04
   4403.974      2.4928770E-04
   4409.061      2.5104813E-04
   4414.148      2.5310565E-04
   4419.236      2.5546050E-04
   4424.324      2.5811279E-04
   4429.412      2.6106206E-04
   4434.500      2.6430876E-04
   4439.588      2.6785291E-04
   4444.677      2.7169392E-04
   4449.766      2.7583260E-04
   4454.855      2.8026837E-04
   4459.944      2.8500159E-04
   4465.034      2.9003178E-04
   4470.124      2.9535941E-04
   4475.213      3.0098436E-04
   4480.304      3.0690641E-04
   4485.394      3.1312590E-04
   4490.485      3.1964260E-04
   4495.576      3.2982999E-04
   4500.667      3.4071843E-04
   4505.758      3.5160698E-04
   4510.850      3.5535544E-04
   4515.941      3.7348433E-04
   4521.033      3.9161323E-04
   4526.125      4.0974212E-04
   4531.218      4.2787124E-04
   4536.311      6.2831491E-04
   4541.403      8.4236637E-04
   4546.497      1.0651946E-03
   4551.590      1.2968071E-03
   4556.683      1.5372038E-03
   4561.777      1.7863773E-03
   4566.871      2.0443238E-03
   4571.965      2.3110621E-03
   4577.060      2.5865771E-03
   4582.154      2.8708652E-03
   4587.249      3.1639412E-03
   4592.344      3.4657978E-03
   4597.439      3.7764274E-03
   4602.535      4.0958449E-03
   4607.630      4.4240430E-03
   4612.726      4.7610216E-03
   4617.822      5.1067732E-03
   4622.919      5.4613128E-03
   4628.015      5.8246329E-03
   4633.112      6.1967224E-03
   4638.209      6.5776035E-03
   4643.306      6.9672652E-03
   4648.404      7.3656961E-03
   4653.501      7.7729188E-03
   4658.600      8.1889182E-03
   4663.698      8.6137019E-03
   4668.796      9.0472549E-03
   4673.895      1.0733394E-02
   4678.993      1.1134437E-02
   4684.092      1.1696014E-02
   4689.191      1.2467580E-02
   4694.291      1.3504184E-02
   4699.391      1.4865594E-02
   4704.490      1.6615137E-02
   4709.590      1.8820466E-02
   4714.691      2.1556003E-02
   4719.792      2.4902526E-02
   4724.892      2.8946228E-02
   4729.993      3.3777010E-02
   4735.094      3.9488502E-02
   4740.196      4.6171099E-02
   4745.297      5.3904615E-02
   4750.399      6.2750503E-02
   4755.501      7.2741531E-02
   4760.604      8.3879642E-02
   4765.706      9.6141651E-02
   4770.809      0.1094866    
   4775.912      0.1238671    
   4781.015      0.1392352    
   4786.118      0.1555392    
   4791.222      0.1727235    
   4796.326      0.1907199    
   4801.430      0.2094429    
   4806.534      0.2287869    
   4811.639      0.2486298    
   4816.743      0.2688442    
   4821.848      0.2893143    
   4826.953      0.3099474    
   4832.059      0.3306819    
   4837.164      0.3514599    
   4842.270      0.3722057    
   4847.376      0.3928115    
   4852.482      0.4131414    
   4857.589      0.4330619    
   4862.696      0.4524780    
   4867.802      0.4713539    
   4872.910      0.4897030    
   4878.017      0.5075546    
   4883.125      0.5249152    
   4888.232      0.5417427    
   4893.340      0.5579515    
   4898.449      0.5734437    
   4903.557      0.5881498    
   4908.666      0.6020621    
   4913.774      0.6152384    
   4918.884      0.6277788    
   4923.993      0.6397860    
   4929.103      0.6513387    
   4934.212      0.6624726    
   4939.322      0.6731859    
   4944.433      0.6834511    
   4949.543      0.6932340    
   4954.653      0.7024993    
   4959.764      0.7112142    
   4964.875      0.7193635    
   4969.987      0.7269549    
   4975.098      0.7340288    
   4980.210      0.7406638    
   4985.322      0.7469493    
   4990.434      0.7529562    
   4995.547      0.7587086    
   5000.659      0.7641925    
   5005.772      0.7693850    
   5010.885      0.7742742    
   5015.999      0.7788555    
   5021.112      0.7831147    
   5026.226      0.7870091    
   5031.340      0.7904858    
   5036.454      0.7935236    
   5041.568      0.7961623    
   5046.683      0.7985147    
   5051.797      0.8007233    
   5056.913      0.8029060    
   5062.028      0.8051062    
   5067.144      0.8073070    
   5072.259      0.8094608    
   5077.375      0.8115432    
   5082.491      0.8135729    
   5087.607      0.8155985    
   5092.724      0.8176534    
   5097.841      0.8197222    
   5102.958      0.8217283    
   5108.075      0.8235658    
   5113.192      0.8251393    
   5118.310      0.8264104    
   5123.428      0.8274094    
   5128.546      0.8282175    
   5133.665      0.8289129    
   5138.783      0.8295320    
   5143.902      0.8300441    
   5149.021      0.8303660    
   5154.140      0.8304121    
   5159.259      0.8301470    
   5164.379      0.8296293    
   5169.499      0.8290007    
   5174.619      0.8284464    
   5179.739      0.8281160    
   5184.860      0.8280916    
   5189.981      0.8283695    
   5195.102      0.8288872    
   5200.223      0.8295438    
   5205.344      0.8302248    
   5210.466      0.8308115    
   5215.588      0.8311954    
   5220.710      0.8313016    
   5225.832      0.8311069    
   5230.955      0.8306531    
   5236.078      0.8300328    
   5241.201      0.8293580    
   5246.324      0.8287275    
   5251.447      0.8281943    
   5256.571      0.8277709    
   5261.694      0.8274350    
   5266.818      0.8271536    
   5271.943      0.8268910    
   5277.067      0.8266001    
   5282.192      0.8262281    
   5287.317      0.8257166    
   5292.442      0.8250275    
   5297.567      0.8241617    
   5302.693      0.8231617    
   5307.819      0.8220893    
   5312.945      0.8210036    
   5318.071      0.8199245    
   5323.198      0.8188415    
   5328.324      0.8177228    
   5333.451      0.8165380    
   5338.578      0.8152814    
   5343.706      0.8139625    
   5348.833      0.8126025    
   5353.961      0.8112137    
   5359.089      0.8097966    
   5364.217      0.8083450    
   5369.346      0.8068544    
   5374.475      0.8053330    
   5379.603      0.8037971    
   5384.732      0.8022662    
   5389.862      0.8007566    
   5394.991      0.7992698    
   5400.121      0.7977894    
   5405.251      0.7962851    
   5410.381      0.7947179    
   5415.512      0.7930630    
   5420.642      0.7913210    
   5425.773      0.7894989    
   5430.904      0.7875962    
   5436.036      0.7855858    
   5441.167      0.7834381    
   5446.299      0.7811550    
   5451.431      0.7787966    
   5456.563      0.7764597    
   5461.695      0.7742266    
   5466.828      0.7721177    
   5471.961      0.7700862    
   5477.094      0.7680613    
   5482.227      0.7659922    
   5487.361      0.7638749    
   5492.495      0.7617289    
   5497.628      0.7595688    
   5502.762      0.7573797    
   5507.897      0.7551146    
   5513.031      0.7527131    
   5518.167      0.7501212    
   5523.301      0.7473140    
   5528.437      0.7442946    
   5533.572      0.7410920    
   5538.708      0.7377544    
   5543.844      0.7343320    
   5548.980      0.7308824    
   5554.116      0.7274606    
   5559.253      0.7241200    
   5564.390      0.7208937    
   5569.526      0.7177910    
   5574.664      0.7147902    
   5579.801      0.7118552    
   5584.939      0.7089525    
   5590.077      0.7060543    
   5595.215      0.7031409    
   5600.354      0.7001828    
   5605.492      0.6971438    
   5610.631      0.6939910    
   5615.770      0.6907049    
   5620.909      0.6872917    
   5626.048      0.6837690    
   5631.188      0.6801547    
   5636.328      0.6764542    
   5641.468      0.6726579    
   5646.608      0.6687455    
   5651.749      0.6647044    
   5656.890      0.6605371    
   5662.031      0.6562530    
   5667.172      0.6518646    
   5672.313      0.6473820    
   5677.455      0.6428130    
   5682.597      0.6381865    
   5687.739      0.6335577    
   5692.881      0.6289939    
   5698.023      0.6245476    
   5703.166      0.6202220    
   5708.309      0.6159632    
   5713.452      0.6116799    
   5718.596      0.6072801    
   5723.739      0.6027008    
   5728.883      0.5979369    
   5734.027      0.5930262    
   5739.171      0.5880291    
   5744.316      0.5829867    
   5749.461      0.5779039    
   5754.605      0.5727488    
   5759.751      0.5674878    
   5764.896      0.5621253    
   5770.042      0.5567179    
   5775.188      0.5513621    
   5780.333      0.5461563    
   5785.480      0.5411603    
   5790.626      0.5363939    
   5795.773      0.5318254    
   5800.920      0.5273952    
   5806.067      0.5230272    
   5811.214      0.5186316    
   5816.362      0.5141209    
   5821.510      0.5094222    
   5826.658      0.5044966    
   5831.806      0.4993481    
   5836.955      0.4940320    
   5842.103      0.4886260    
   5847.252      0.4832083    
   5852.401      0.4778267    
   5857.550      0.4724917    
   5862.700      0.4671738    
   5867.850      0.4618268    
   5873.000      0.4564005    
   5878.150      0.4508649    
   5883.300      0.4452296    
   5888.451      0.4395436    
   5893.602      0.4338897    
   5898.753      0.4283617    
   5903.904      0.4230261    
   5909.056      0.4178923    
   5914.208      0.4128971    
   5919.359      0.4079268    
   5924.512      0.4028643    
   5929.664      0.3976365    
   5934.817      0.3922360    
   5939.970      0.3867267    
   5945.123      0.3812119    
   5950.276      0.3757910    
   5955.430      0.3705301    
   5960.583      0.3654172    
   5965.737      0.3603641    
   5970.891      0.3552367    
   5976.046      0.3499151    
   5981.200      0.3443442    
   5986.355      0.3385505    
   5991.510      0.3326269    
   5996.666      0.3267013    
   6001.821      0.3209065    
   6006.977      0.3153512    
   6012.132      0.3100934    
   6017.289      0.3051242    
   6022.445      0.3003781    
   6027.602      0.2957606    
   6032.758      0.2911878    
   6037.916      0.2866039    
   6043.073      0.2819869    
   6048.230      0.2773379    
   6053.388      0.2726778    
   6058.545      0.2680450    
   6063.704      0.2634757    
   6068.862      0.2589851    
   6074.021      0.2545573    
   6079.180      0.2501412    
   6084.338      0.2456818    
   6089.498      0.2411441    
   6094.657      0.2365243    
   6099.817      0.2318394    
   6104.977      0.2271085    
   6110.137      0.2223456    
   6115.297      0.2175581    
   6120.458      0.2127639    
   6125.618      0.2080056    
   6130.779      0.2033507    
   6135.940      0.1988761    
   6141.102      0.1946446    
   6146.264      0.1906774    
   6151.426      0.1869374    
   6156.587      0.1833358    
   6161.750      0.1797591    
   6166.913      0.1761052    
   6172.075      0.1723252    
   6177.238      0.1684450    
   6182.401      0.1645422    
   6187.564      0.1607124    
   6192.728      0.1570227    
   6197.892      0.1534811    
   6203.056      0.1500463    
   6208.220      0.1466431    
   6213.385      0.1432024    
   6218.550      0.1396897    
   6223.714      0.1361240    
   6228.880      0.1325739    
   6234.045      0.1291377    
   6239.210      0.1259028    
   6244.376      0.1229208    
   6249.542      0.1201927    
   6254.709      0.1176741    
   6259.875      0.1152993    
   6265.042      0.1130030    
   6270.209      0.1107247    
   6275.376      0.1084127    
   6280.543      0.1060280    
   6285.711      0.1035514    
   6290.878      0.1009987    
   6296.047      9.8425053E-02
   6301.215      9.5909521E-02
   6306.383      9.3524210E-02
   6311.552      9.1303855E-02
   6316.721      8.9224495E-02
   6321.890      8.7223247E-02
   6327.059      8.5224479E-02
   6332.229      8.3187275E-02
   6337.398      8.1118301E-02
   6342.569      7.9064801E-02
   6347.739      7.7074483E-02
   6352.909      7.5176992E-02
   6358.080      7.3373891E-02
   6363.251      7.1655191E-02
   6368.422      7.0020378E-02
   6373.593      6.8483613E-02
   6378.765      6.7054063E-02
   6383.937      6.5724246E-02
   6389.108      6.4454503E-02
   6394.280      6.3189641E-02
   6399.453      6.1881818E-02
   6404.625      6.0506817E-02
   6409.798      5.9070427E-02
   6414.972      5.7590064E-02
   6420.145      5.6081578E-02
   6425.318      5.4554868E-02
   6430.492      5.3024843E-02
   6435.666      5.1518597E-02
   6440.840      5.0082929E-02
   6446.015      4.8759751E-02
   6451.189      4.7572833E-02
   6456.364      4.6504512E-02
   6461.539      4.5507703E-02
   6466.714      4.4527974E-02
   6471.890      4.3529548E-02
   6477.065      4.2509656E-02
   6482.241      4.1490875E-02
   6487.417      4.0505502E-02
   6492.594      3.9584037E-02
   6497.771      3.8739469E-02
   6502.947      3.7974752E-02
   6508.125      3.7280142E-02
   6513.302      3.6647514E-02
   6518.479      3.6072765E-02
   6523.657      3.5557434E-02
   6528.834      3.5102546E-02
   6534.013      3.4696817E-02
   6539.191      3.4309462E-02
   6544.370      3.3895012E-02
   6549.548      3.3418719E-02
   6554.728      3.2880493E-02
   6559.907      3.2335211E-02
   6565.086      3.1870767E-02
   6570.266      3.1313062E-02
   6575.446      3.0716181E-02
   6580.625      3.0125022E-02
   6585.806      2.9539585E-02
   6590.986      2.8959870E-02
   6596.167      2.8385878E-02
   6601.348      2.7817607E-02
   6606.529      2.7254939E-02
   6611.711      2.6698112E-02
   6616.893      2.6147008E-02
   6622.074      2.5601745E-02
   6627.256      2.5062084E-02
   6632.439      2.4528146E-02
   6637.621      2.4000049E-02
   6642.804      2.3477435E-02
   6647.987      2.2960782E-02
   6653.170      2.2449851E-02
   6658.354      2.1944642E-02
   6663.537      2.1445036E-02
   6668.721      2.0951271E-02
   6673.905      2.0463228E-02
   6679.089      1.9980788E-02
   6684.273      1.9504189E-02
   6689.458      1.9033432E-02
   6694.644      1.8568277E-02
   6699.829      1.8108845E-02
   6705.014      1.7655253E-02
   6710.200      1.7207146E-02
   6715.385      1.6764879E-02
   6720.571      1.6328454E-02
   6725.758      1.5897751E-02
   6730.944      1.5472651E-02
   6736.131      1.5053391E-02
   6741.317      1.4639854E-02
   6746.505      1.4231920E-02
   6751.692      1.3829827E-02
   6756.880      1.3433456E-02
   6762.067      1.3042808E-02
   6767.256      1.2657881E-02
   6772.444      1.2278676E-02
   6777.632      1.1905313E-02
   6782.821      1.1537433E-02
   6788.010      1.1175394E-02
   6793.199      1.0819197E-02
   6798.388      1.0468602E-02
   6803.578      1.0123849E-02
   6808.768      9.7848177E-03
   6813.958      9.4513893E-03
   6819.147      9.1236830E-03
   6824.338      8.8018179E-03
   6829.529      8.4856749E-03
   6834.720      8.1752539E-03
   6839.911      7.8705549E-03
   6845.102      7.5715780E-03
   6850.293      7.2784424E-03
   6855.485      6.9907904E-03
   6860.677      6.7090988E-03
   6865.869      6.4330101E-03
   6871.062      6.1626434E-03
   6876.254      5.8981180E-03
   6881.447      5.6391954E-03
   6886.640      5.3859949E-03
   6891.834      5.1386356E-03
   6897.027      4.8969984E-03
   6902.221      4.6610832E-03
   6907.415      4.4307709E-03
   6912.609      4.2062998E-03
   6917.803      3.9875507E-03
   6922.998      3.7745237E-03
   6928.193      3.5672188E-03
   6933.388      3.3656359E-03
   6938.583      3.1698942E-03
   6943.778      2.9796362E-03
   6948.975      2.7953386E-03
   6954.170      2.6166439E-03
   6959.367      2.4437904E-03
   6964.563      2.2765398E-03
   6969.759      2.1151304E-03
   6974.956      1.9593239E-03
   6980.153      1.8093586E-03
   6985.351      1.6651154E-03
   6990.548      1.5265942E-03
   6995.746      1.3936758E-03
   7000.943      1.2667179E-03
   7006.142      1.1453629E-03
   7011.340      1.0297298E-03
   7016.539      9.1981888E-04
   7021.737      8.1562996E-04
   7026.937      7.1728230E-04
   7032.135      6.2453747E-04
   7037.335      5.3751469E-04
   7042.535      5.2563846E-04
   7047.734      5.0385296E-04
   7052.935      4.8261881E-04
   7058.135      4.6193600E-04
   7063.335      4.4179708E-04
   7068.536      4.2221695E-04
   7073.737      4.0318817E-04
   7078.938      3.8471073E-04
   7084.140      3.6677718E-04
   7089.341      3.4940243E-04
   7094.543      3.3258647E-04
   7099.745      3.1630695E-04
   7104.948      3.0058622E-04
   7110.150      2.8541684E-04
   7115.353      2.7079880E-04
   7120.556      2.5673211E-04
   7125.759      2.4321675E-04
   7130.962      2.3025274E-04
   7136.166      2.1784753E-04
   7141.370      2.0598620E-04
   7146.574      1.9467622E-04
   7151.778      1.8391013E-04
   7156.982      1.7371774E-04
   7162.188      1.6406178E-04
   7167.392      1.5494972E-04
   7172.598      1.4639646E-04
   7177.803      1.3840199E-04
   7183.008      1.3095886E-04
   7188.214      1.2405962E-04
   7193.420      1.1771172E-04
   7198.626      1.1191517E-04
   7203.833      1.0668486E-04
   7209.040      1.0199100E-04
   7214.247      9.7848475E-05
   7219.454      9.4257295E-05
   7224.661      9.1232359E-05
   7229.869      8.8038389E-05
   7235.076      8.7008346E-05
   7240.285      8.6002983E-05
   7245.493      8.5022300E-05
   7250.701      8.4065832E-05
   7255.910      8.3134044E-05
   7261.119      8.2227401E-05
   7266.328      8.1344508E-05
   7271.537      8.0486760E-05
   7276.747      7.9653226E-05
   7281.956      7.8844838E-05
   7287.167      7.8060199E-05
   7292.376      7.7301171E-05
   7297.587      7.6566357E-05
   7302.798      7.5855758E-05
   7308.009      7.5169839E-05
   7313.220      7.4508600E-05
   7318.431      7.3872041E-05
   7323.643      7.3259696E-05
   7328.854      7.2672032E-05
   7334.066      7.2109047E-05
   7339.278      7.1570743E-05
   7344.491      7.1056653E-05
   7349.703      7.0567243E-05
   7354.917      7.0102513E-05
   7360.129      6.9662463E-05
   7365.343      6.9247559E-05
   7370.556      6.8856403E-05
   7375.770      6.8489928E-05
   7380.984      6.8148132E-05
   7386.198      6.7831017E-05
   7391.412      6.7538116E-05
   7396.627      6.7269895E-05
   7401.842      6.7026354E-05
   7407.057      6.6807494E-05
   7412.272      6.6613313E-05
   7417.487      6.6443346E-05
   7422.703      6.6298060E-05
   7427.919      6.6177454E-05
   7433.135      6.6081993E-05
   7438.352      6.6010281E-05
   7443.568      6.5963250E-05
   7448.785      6.5940898E-05
   7454.002      6.5943226E-05
   7459.219      6.5969769E-05
   7464.437      6.6021457E-05
   7469.654      6.6097360E-05
   7474.872      6.3420601E-05
   7480.090      6.3413478E-05
   7485.309      6.3406362E-05
   7490.527      6.3399246E-05
   7495.746      6.3392123E-05
   7500.965      6.3385007E-05
   7506.184      6.3377884E-05
   7511.404      6.3370768E-05
   7516.624      6.3363652E-05
   7521.843      6.3356529E-05
   7527.063      6.3349413E-05
   7532.284      6.3342290E-05
   7537.504      6.3335174E-05
   7542.725      6.3328051E-05
   7547.946      6.3320935E-05
   7553.167      6.3313819E-05
   7558.389      6.3306696E-05
   7563.610      6.3299580E-05
   7568.832      6.3292457E-05
   7574.054      6.3285341E-05
   7579.277      6.3278218E-05
   7584.499      6.3271102E-05
   7589.722      6.3263986E-05
   7594.945      6.3256863E-05
   7600.168      6.3249747E-05
   7605.391      6.3242624E-05
   7610.615      6.3235508E-05
   7615.839      6.3228392E-05
   7621.063      6.3221269E-05
   7626.287      6.3214153E-05
   7631.511      6.3207030E-05
   7636.736      6.3199914E-05
   7641.961      6.3192791E-05
   7647.187      6.3185675E-05
   7652.412      6.3178559E-05
   7657.638      6.3171436E-05
   7662.863      6.3164320E-05
   7668.089      6.3157197E-05
   7673.315      6.3150081E-05
   7678.542      6.3142965E-05
   7683.769      6.3135842E-05
   7688.996      6.3128726E-05
   7694.223      6.3121603E-05
   7699.450      6.3114487E-05
   7704.678      6.3107364E-05
   7709.905      6.3100248E-05
   7715.133      6.3093132E-05
   7720.361      6.3086009E-05
   7725.590      6.3078893E-05
   7730.819      6.3071770E-05
   7736.048      6.3064654E-05
   7741.277      6.3057530E-05
   7746.506      6.3050415E-05
   7751.736      6.3043299E-05
   7756.965      6.3036176E-05
   7762.195      6.3029060E-05
   7767.425      6.3021937E-05
   7772.656      6.3014821E-05
   7777.887      6.3007705E-05
   7783.118      6.3000582E-05
   7788.349      6.2993466E-05
   7793.580      6.2986343E-05
   7798.812      6.2979227E-05
   7804.043      6.2972103E-05
   7809.275      6.2964988E-05
   7814.507      6.2957872E-05
   7819.740      6.2950749E-05
   7824.972      6.2943633E-05
   7830.205      6.2936509E-05
   7835.438      6.2929394E-05
   7840.672      6.2922270E-05
   7845.905      6.2915155E-05
   7851.139      6.2908039E-05
   7856.373      6.2900916E-05
   7861.607      6.2893800E-05
   7866.841      6.2886676E-05
   7872.076      6.2879561E-05
   7877.311      6.2872445E-05
   7882.545      6.2865322E-05
   7887.781      6.2858206E-05
   7893.016      6.2851082E-05
   7898.252      6.2843967E-05
   7903.488      6.2836843E-05
   7908.724      6.2829728E-05
   7913.960      6.2822612E-05
   7919.197      6.2815488E-05
   7924.434      6.2808373E-05
   7929.671      6.2801249E-05
   7934.908      6.2794134E-05
   7940.146      6.2787018E-05
   7945.383      6.2779895E-05
   7950.621      6.2772779E-05
   7955.859      6.2765655E-05
   7961.098      6.2758540E-05
   7966.336      6.2751416E-05
   7971.575      6.2744301E-05
   7976.814      6.2737185E-05
   7982.053      6.2730061E-05
   7987.293      6.2722946E-05
   7992.532      6.2715822E-05
   7997.772      6.2708707E-05
   8003.012      6.2701583E-05
   8008.253      6.2694467E-05
   8013.493      6.2687352E-05
   8018.734      6.2680228E-05
   8023.975      6.2673113E-05
   8029.216      6.2665989E-05
   8034.458      6.2658874E-05
   8039.699      6.2651758E-05
   8044.941      6.2644634E-05
   8050.183      6.2637519E-05
   8055.425      6.2630395E-05
   8060.668      6.2623280E-05
   8065.911      6.2616156E-05
   8071.153      6.2609040E-05
   8076.397      6.2601925E-05
   8081.640      6.2594801E-05
   8086.884      6.2587686E-05
   8092.127      6.2580562E-05
   8097.372      6.2573446E-05
   8102.616      6.2566323E-05
   8107.860      6.2559207E-05
   8113.105      6.2552092E-05
   8118.350      6.2544968E-05
   8123.595      6.2537853E-05
   8128.840      6.2530729E-05
   8134.086      6.2523613E-05
   8139.332      6.2516498E-05
   8144.578      6.2509374E-05
   8149.824      6.2502259E-05
   8155.071      6.2495135E-05
   8160.317      6.2488019E-05
   8165.564      6.2480896E-05
   8170.812      6.2473780E-05
   8176.059      6.2466665E-05
   8181.307      6.2459541E-05
   8186.554      6.2452425E-05
   8191.802      6.2445302E-05
   8197.051      6.2438186E-05
   8202.299      6.2431071E-05
   8207.548      6.2423947E-05
   8212.797      6.2416831E-05
   8218.046      6.2409708E-05
   8223.295      6.2402592E-05
   8228.545      6.2395469E-05
   8233.794      6.2388353E-05
   8239.045      6.2381238E-05
   8244.295      6.2374114E-05
   8249.545      6.2366998E-05
   8254.796      6.2359875E-05
   8260.047      6.2352759E-05
   8265.298      6.2345636E-05
   8270.549      6.2338520E-05
   8275.801      6.2331404E-05
   8281.053      6.2324281E-05
   8286.305      6.2317165E-05
   8291.557      6.2310042E-05
   8296.809      6.2302926E-05
   8302.062      6.2295810E-05
   8307.314      6.2288687E-05
   8312.567      6.2281571E-05
   8317.820      6.2274448E-05
   8323.074      6.2267332E-05
   8328.328      6.2260209E-05
   8333.582      6.2253093E-05
   8338.836      6.2245977E-05
   8344.091      6.2238854E-05
   8349.345      6.2231738E-05
   8354.600      6.2224615E-05
   8359.855      6.2217499E-05
   8365.110      6.2210376E-05
   8370.365      6.2203260E-05
   8375.621      6.2196144E-05
   8380.877      6.2189021E-05
   8386.134      6.2181905E-05
   8391.390      6.2174782E-05
   8396.646      6.2167666E-05
   8401.903      6.2160550E-05
   8407.160      6.2153427E-05
   8412.417      6.2146311E-05
   8417.675      6.2139188E-05
   8422.933      6.2132072E-05
   8428.190      6.2124949E-05
   8433.448      6.2117833E-05
   8438.707      6.2110717E-05
   8443.966      6.2103594E-05
   8449.224      6.2096478E-05
   8454.483      6.2089355E-05
   8459.742      6.2082239E-05
   8465.002      6.2075123E-05
   8470.262      6.2068000E-05
   8475.521      6.2060884E-05
   8480.781      6.2053761E-05
   8486.042      6.2046645E-05
   8491.303      6.2039522E-05
   8496.563      6.2032406E-05
   8501.824      6.2025290E-05
   8507.085      6.2018167E-05
   8512.347      6.2011051E-05
   8517.608      6.2003928E-05
   8522.870      6.1996812E-05
   8528.132      6.1989689E-05
   8533.395      6.1982573E-05
   8538.657      6.1975457E-05
   8543.920      6.1968334E-05
   8549.183      6.1961218E-05
   8554.446      6.1954095E-05
   8559.709      6.1946979E-05
   8564.974      6.1939863E-05
   8570.237      6.1932740E-05
   8575.501      6.1925624E-05
   8580.766      6.1918501E-05
   8586.029      6.1911385E-05
   8591.295      6.1904262E-05
   8596.560      6.1897146E-05
   8601.824      6.1890030E-05
   8607.090      6.1882907E-05
   8612.355      6.1875791E-05
   8617.621      6.1868668E-05
   8622.888      6.1861552E-05
   8628.153      6.1854429E-05
   8633.420      6.1847313E-05
   8638.687      6.1840197E-05
   8643.953      6.1833074E-05
   8649.221      6.1825958E-05
   8654.488      6.1818835E-05
   8659.756      6.1811719E-05
   8665.023      6.1804603E-05
   8670.292      6.1797480E-05
   8675.560      6.1790364E-05
   8680.828      6.1783241E-05
   8686.097      6.1776125E-05
   8691.366      6.1769002E-05
   8696.635      6.1761886E-05
   8701.904      6.1754770E-05
   8707.174      6.1747647E-05
   8712.443      6.1740531E-05
   8717.714      6.1733408E-05
   8722.983      6.1726292E-05
   8728.254      6.1719176E-05
   8733.524      6.1712053E-05
   8738.796      6.1704937E-05
   8744.066      6.1697814E-05
   8749.338      6.1690698E-05
   8754.609      6.1683575E-05
   8759.882      6.1676459E-05
   8765.153      6.1669343E-05
   8770.426      6.1662220E-05
   8775.698      6.1655104E-05
   8780.971      6.1647981E-05
   8786.243      6.1640865E-05
   8791.517      6.1633742E-05
   8796.790      6.1626626E-05
   8802.063      6.1619510E-05
   8807.337      6.1612387E-05
   8812.610      6.1605271E-05
   8817.885      6.1598148E-05
   8823.159      6.1591032E-05
   8828.435      6.1583916E-05
   8833.709      6.1576793E-05
   8838.984      6.1569677E-05
   8844.259      6.1562554E-05
   8849.534      6.1555438E-05
   8854.811      6.1548315E-05
   8860.086      6.1541199E-05
   8865.362      6.1534083E-05
   8870.639      6.1526960E-05
   8875.915      6.1519844E-05
   8881.192      6.1512721E-05
   8886.470      6.1505605E-05
   8891.746      6.1498482E-05
   8897.024      6.1491366E-05
   8902.302      6.1484250E-05
   8907.580      6.1477127E-05
   8912.857      6.1470011E-05
   8918.136      6.1462888E-05
   8923.415      6.1455772E-05
   8928.693      6.1448656E-05
   8933.973      6.1441533E-05
   8939.251      6.1434417E-05
   8944.531      6.1427294E-05
   8949.811      6.1420178E-05
   8955.091      6.1413055E-05
   8960.370      6.1405939E-05
   8965.651      6.1398823E-05
   8970.932      6.1391700E-05
   8976.213      6.1384584E-05
   8981.493      6.1377461E-05
   8986.774      6.1370345E-05
   8992.056      6.0794875E-05
   8997.337      6.0794875E-05
   9002.619      6.0794875E-05
   9007.901      6.0794875E-05
   9013.184      6.0794875E-05
   9018.466      6.0794875E-05
   9023.749      6.0794875E-05
   9029.032      6.0794875E-05
   9034.315      6.0794875E-05
   9039.599      6.0794875E-05
   9044.882      6.0794875E-05
   9050.166      6.0794875E-05
   9055.450      6.0794875E-05
   9060.734      6.0794875E-05
   9066.019      6.0794875E-05
   9071.304      6.0794875E-05
   9076.588      6.0794875E-05
   9081.874      6.0794875E-05
   9087.159      6.0794875E-05
   9092.444      6.0794875E-05
   9097.730      6.0794875E-05
   9103.017      6.0794875E-05
   9108.303      6.0794875E-05
   9113.589      6.0794875E-05
   9118.876      6.0794875E-05
   9124.162      6.0794875E-05
   9129.450      6.0794875E-05
   9134.737      6.0794875E-05
   9140.024      6.0794875E-05
   9145.313      6.0794875E-05
   9150.601      6.0794875E-05
   9155.889      6.0794875E-05
   9161.178      6.0794875E-05
   9166.466      6.0794875E-05
   9171.755      6.0794875E-05
   9177.044      6.0794875E-05
   9182.333      6.0794875E-05
   9187.623      6.0794875E-05
