2.75000e+03    1.95752e-03
2.75200e+03    2.11362e-03
2.75400e+03    2.19487e-03
2.75600e+03    1.84643e-03
2.75800e+03    1.61064e-03
2.76000e+03    1.47056e-03
2.76200e+03    1.20849e-03
2.76400e+03    1.14394e-03
2.76600e+03    1.01248e-03
2.76800e+03    8.21654e-04
2.77000e+03    1.00098e-03
2.77200e+03    1.02092e-03
2.77400e+03    1.17403e-03
2.77600e+03    1.03662e-03
2.77800e+03    1.05632e-03
2.78000e+03    8.16486e-04
2.78200e+03    8.40117e-04
2.78400e+03    7.73263e-04
2.78600e+03    7.14127e-04
2.78800e+03    9.10894e-04
2.79000e+03    1.13006e-03
2.79200e+03    1.16858e-03
2.79400e+03    1.37101e-03
2.79600e+03    1.49172e-03
2.79800e+03    1.54487e-03
2.80000e+03    1.30668e-03
2.80200e+03    1.53934e-03
2.80400e+03    1.68248e-03
2.80600e+03    1.78208e-03
2.80800e+03    2.02724e-03
2.81000e+03    2.19906e-03
2.81200e+03    2.38652e-03
2.81400e+03    2.40086e-03
2.81600e+03    2.36168e-03
2.81800e+03    2.21725e-03
2.82000e+03    2.16740e-03
2.82200e+03    2.29599e-03
2.82400e+03    2.38406e-03
2.82600e+03    2.19165e-03
2.82800e+03    3.95274e-03
2.83000e+03    6.18969e-03
2.83200e+03    6.35076e-03
2.83400e+03    6.14445e-03
2.83600e+03    6.44335e-03
2.83800e+03    6.67069e-03
2.84000e+03    6.53150e-03
2.84200e+03    6.49288e-03
2.84400e+03    6.30225e-03
2.84600e+03    6.22846e-03
2.84800e+03    6.20613e-03
2.85000e+03    6.25821e-03
2.85200e+03    6.30706e-03
2.85400e+03    6.33140e-03
2.85600e+03    6.35960e-03
2.85800e+03    5.43760e-03
2.86000e+03    2.63495e-03
2.86200e+03    2.14114e-03
2.86400e+03    2.39367e-03
2.86600e+03    2.46541e-03
2.86800e+03    1.97457e-03
2.87000e+03    1.98002e-03
2.87200e+03    2.00865e-03
2.87400e+03    2.17275e-03
2.87600e+03    2.38035e-03
2.87800e+03    2.39375e-03
2.88000e+03    2.34001e-03
2.88200e+03    2.17119e-03
2.88400e+03    2.15995e-03
2.88600e+03    2.01196e-03
2.88800e+03    2.13328e-03
2.89000e+03    2.32136e-03
2.89200e+03    2.49100e-03
2.89400e+03    2.42410e-03
2.89600e+03    2.27536e-03
2.89800e+03    2.47468e-03
2.90000e+03    2.58204e-03
2.90200e+03    2.68008e-03
2.90400e+03    2.68137e-03
2.90600e+03    2.61687e-03
2.90800e+03    2.77008e-03
2.91000e+03    2.97410e-03
2.91200e+03    3.08842e-03
2.91400e+03    3.16351e-03
2.91600e+03    3.24941e-03
2.91800e+03    3.36789e-03
2.92000e+03    3.51319e-03
2.92200e+03    3.56697e-03
2.92400e+03    3.47550e-03
2.92600e+03    3.15264e-03
2.92800e+03    2.96508e-03
2.93000e+03    3.10348e-03
2.93200e+03    3.37470e-03
2.93400e+03    3.33238e-03
2.93600e+03    3.30428e-03
2.93800e+03    3.34085e-03
2.94000e+03    3.53980e-03
2.94200e+03    3.71411e-03
2.94400e+03    3.69726e-03
2.94600e+03    3.58042e-03
2.94800e+03    3.69986e-03
2.95000e+03    3.49966e-03
2.95200e+03    3.33749e-03
2.95400e+03    3.35901e-03
2.95600e+03    3.68591e-03
2.95800e+03    3.97300e-03
2.96000e+03    4.01000e-03
2.96200e+03    3.64912e-03
2.96400e+03    3.90637e-03
2.96600e+03    3.96452e-03
2.96800e+03    3.93766e-03
2.97000e+03    3.80084e-03
2.97200e+03    3.60298e-03
2.97400e+03    3.56935e-03
2.97600e+03    3.47031e-03
2.97800e+03    3.51967e-03
2.98000e+03    3.96163e-03
2.98200e+03    4.24404e-03
2.98400e+03    4.26748e-03
2.98600e+03    4.20051e-03
2.98800e+03    4.07243e-03
2.99000e+03    4.00128e-03
2.99200e+03    4.24575e-03
2.99400e+03    4.34468e-03
2.99600e+03    4.04932e-03
2.99800e+03    4.12197e-03
3.00000e+03    4.26984e-03
3.00200e+03    4.48092e-03
3.00400e+03    4.67475e-03
3.00600e+03    4.77409e-03
3.00800e+03    5.10818e-03
3.01000e+03    5.27833e-03
3.01200e+03    5.38579e-03
3.01400e+03    5.62547e-03
3.01600e+03    5.68732e-03
3.01800e+03    5.82418e-03
3.02000e+03    5.79759e-03
3.02200e+03    6.02215e-03
3.02400e+03    6.21527e-03
3.02600e+03    6.26166e-03
3.02800e+03    6.32370e-03
3.03000e+03    6.32112e-03
3.03200e+03    6.45699e-03
3.03400e+03    6.78820e-03
3.03600e+03    6.81145e-03
3.03800e+03    6.86000e-03
3.04000e+03    6.60704e-03
3.04200e+03    6.62431e-03
3.04400e+03    6.74019e-03
3.04600e+03    6.68176e-03
3.04800e+03    6.68545e-03
3.05000e+03    6.80328e-03
3.05200e+03    6.73734e-03
3.05400e+03    6.62578e-03
3.05600e+03    6.56323e-03
3.05800e+03    6.89115e-03
3.06000e+03    7.26473e-03
3.06200e+03    7.27338e-03
3.06400e+03    7.04947e-03
3.06600e+03    6.99666e-03
3.06800e+03    6.97003e-03
3.07000e+03    6.81511e-03
3.07200e+03    6.68309e-03
3.07400e+03    6.58703e-03
3.07600e+03    6.62260e-03
3.07800e+03    6.71195e-03
3.08000e+03    7.00664e-03
3.08200e+03    7.19565e-03
3.08400e+03    7.13547e-03
3.08600e+03    6.89528e-03
3.08800e+03    7.11036e-03
3.09000e+03    7.11970e-03
3.09200e+03    7.13358e-03
3.09400e+03    7.26661e-03
3.09600e+03    7.00953e-03
3.09800e+03    7.14697e-03
3.10000e+03    7.53782e-03
3.10200e+03    7.76432e-03
3.10400e+03    8.08214e-03
3.10600e+03    8.14644e-03
3.10800e+03    8.33879e-03
3.11000e+03    8.09207e-03
3.11200e+03    8.25156e-03
3.11400e+03    8.43392e-03
3.11600e+03    8.80094e-03
3.11800e+03    8.87863e-03
3.12000e+03    8.73599e-03
3.12200e+03    8.44827e-03
3.12400e+03    8.28255e-03
3.12600e+03    8.36537e-03
3.12800e+03    8.30992e-03
3.13000e+03    8.12924e-03
3.13200e+03    8.09157e-03
3.13400e+03    7.75098e-03
3.13600e+03    7.49662e-03
3.13800e+03    7.41548e-03
3.14000e+03    7.49573e-03
3.14200e+03    7.57822e-03
3.14400e+03    7.66910e-03
3.14600e+03    7.61585e-03
3.14800e+03    7.60772e-03
3.15000e+03    7.88341e-03
3.15200e+03    8.06207e-03
3.15400e+03    8.15069e-03
3.15600e+03    8.30283e-03
3.15800e+03    8.61312e-03
3.16000e+03    8.65064e-03
3.16200e+03    8.97687e-03
3.16400e+03    9.46199e-03
3.16600e+03    9.70675e-03
3.16800e+03    9.71909e-03
3.17000e+03    9.78050e-03
3.17200e+03    9.82318e-03
3.17400e+03    9.83199e-03
3.17600e+03    9.80387e-03
3.17800e+03    9.88283e-03
3.18000e+03    9.69250e-03
3.18200e+03    9.63773e-03
3.18400e+03    9.83027e-03
3.18600e+03    1.00110e-02
3.18800e+03    9.82239e-03
3.19000e+03    1.00896e-02
3.19200e+03    1.00805e-02
3.19400e+03    9.97076e-03
3.19600e+03    9.92075e-03
3.19800e+03    9.96280e-03
3.20000e+03    1.02186e-02
3.20200e+03    1.04422e-02
3.20400e+03    1.07327e-02
3.20600e+03    1.09330e-02
3.20800e+03    1.11890e-02
3.21000e+03    1.16366e-02
3.21200e+03    1.18187e-02
3.21400e+03    1.18039e-02
3.21600e+03    1.20700e-02
3.21800e+03    1.23975e-02
3.22000e+03    1.25058e-02
3.22200e+03    1.26182e-02
3.22400e+03    1.27683e-02
3.22600e+03    1.30709e-02
3.22800e+03    1.34591e-02
3.23000e+03    1.35307e-02
3.23200e+03    1.35586e-02
3.23400e+03    1.35441e-02
3.23600e+03    1.33538e-02
3.23800e+03    1.34554e-02
3.24000e+03    1.33743e-02
3.24200e+03    1.33534e-02
3.24400e+03    1.38861e-02
3.24600e+03    1.40012e-02
3.24800e+03    1.38972e-02
3.25000e+03    1.40706e-02
3.25200e+03    1.41463e-02
3.25400e+03    1.44938e-02
3.25600e+03    1.45685e-02
3.25800e+03    1.47929e-02
3.26000e+03    1.49841e-02
3.26200e+03    1.52395e-02
3.26400e+03    1.53147e-02
3.26600e+03    1.58053e-02
3.26800e+03    1.62452e-02
3.27000e+03    1.68509e-02
3.27200e+03    1.75661e-02
3.27400e+03    1.76987e-02
3.27600e+03    1.81337e-02
3.27800e+03    1.86401e-02
3.28000e+03    1.89182e-02
3.28200e+03    1.95814e-02
3.28400e+03    2.01016e-02
3.28600e+03    2.06571e-02
3.28800e+03    2.11880e-02
3.29000e+03    2.16585e-02
3.29200e+03    2.21263e-02
3.29400e+03    2.25460e-02
3.29600e+03    2.30208e-02
3.29800e+03    2.35180e-02
3.30000e+03    2.39221e-02
3.30200e+03    2.43953e-02
3.30400e+03    2.49869e-02
3.30600e+03    2.56181e-02
3.30800e+03    2.62949e-02
3.31000e+03    2.71106e-02
3.31200e+03    2.80355e-02
3.31400e+03    2.88039e-02
3.31600e+03    2.94576e-02
3.31800e+03    3.00022e-02
3.32000e+03    3.04985e-02
3.32200e+03    3.12557e-02
3.32400e+03    3.23948e-02
3.32600e+03    3.36918e-02
3.32800e+03    3.49045e-02
3.33000e+03    3.60422e-02
3.33200e+03    3.71807e-02
3.33400e+03    3.82014e-02
3.33600e+03    3.96446e-02
3.33800e+03    4.08490e-02
3.34000e+03    4.19876e-02
3.34200e+03    4.30830e-02
3.34400e+03    4.41007e-02
3.34600e+03    4.55481e-02
3.34800e+03    4.70148e-02
3.35000e+03    4.83083e-02
3.35200e+03    4.95837e-02
3.35400e+03    5.05905e-02
3.35600e+03    5.17409e-02
3.35800e+03    5.29637e-02
3.36000e+03    5.46345e-02
3.36200e+03    5.60017e-02
3.36400e+03    5.75590e-02
3.36600e+03    5.90193e-02
3.36800e+03    6.05684e-02
3.37000e+03    6.25628e-02
3.37200e+03    6.47210e-02
3.37400e+03    6.68319e-02
3.37600e+03    6.87111e-02
3.37800e+03    7.06534e-02
3.38000e+03    7.31087e-02
3.38200e+03    7.59919e-02
3.38400e+03    7.89571e-02
3.38600e+03    8.15855e-02
3.38800e+03    8.37566e-02
3.39000e+03    8.57343e-02
3.39200e+03    8.79869e-02
3.39400e+03    9.04973e-02
3.39600e+03    9.27493e-02
3.39800e+03    9.50157e-02
3.40000e+03    9.69849e-02
3.40200e+03    9.90181e-02
3.40400e+03    1.01407e-01
3.40600e+03    1.03907e-01
3.40800e+03    1.06368e-01
3.41000e+03    1.08628e-01
3.41200e+03    1.10814e-01
3.41400e+03    1.12884e-01
3.41600e+03    1.15421e-01
3.41800e+03    1.18124e-01
3.42000e+03    1.20580e-01
3.42200e+03    1.22835e-01
3.42400e+03    1.24773e-01
3.42600e+03    1.26201e-01
3.42800e+03    1.27502e-01
3.43000e+03    1.29204e-01
3.43200e+03    1.31173e-01
3.43400e+03    1.33050e-01
3.43600e+03    1.35071e-01
3.43800e+03    1.37069e-01
3.44000e+03    1.38740e-01
3.44200e+03    1.40336e-01
3.44400e+03    1.41940e-01
3.44600e+03    1.42919e-01
3.44800e+03    1.43640e-01
3.45000e+03    1.44911e-01
3.45200e+03    1.46740e-01
3.45400e+03    1.48726e-01
3.45600e+03    1.51203e-01
3.45800e+03    1.54311e-01
3.46000e+03    1.57132e-01
3.46200e+03    1.59151e-01
3.46400e+03    1.60776e-01
3.46600e+03    1.62808e-01
3.46800e+03    1.65364e-01
3.47000e+03    1.68042e-01
3.47200e+03    1.70768e-01
3.47400e+03    1.73485e-01
3.47600e+03    1.76808e-01
3.47800e+03    1.80035e-01
3.48000e+03    1.82783e-01
3.48200e+03    1.85633e-01
3.48400e+03    1.88230e-01
3.48600e+03    1.90672e-01
3.48800e+03    1.93506e-01
3.49000e+03    1.96954e-01
3.49200e+03    2.00413e-01
3.49400e+03    2.03908e-01
3.49600e+03    2.06836e-01
3.49800e+03    2.08884e-01
3.50000e+03    2.10660e-01
3.50200e+03    2.12403e-01
3.50400e+03    2.14021e-01
3.50600e+03    2.16213e-01
3.50800e+03    2.18907e-01
3.51000e+03    2.21415e-01
3.51200e+03    2.22886e-01
3.51400e+03    2.23887e-01
3.51600e+03    2.25234e-01
3.51800e+03    2.27413e-01
3.52000e+03    2.29202e-01
3.52200e+03    2.30595e-01
3.52400e+03    2.32187e-01
3.52600e+03    2.34389e-01
3.52800e+03    2.36475e-01
3.53000e+03    2.38803e-01
3.53200e+03    2.41092e-01
3.53400e+03    2.43804e-01
3.53600e+03    2.46262e-01
3.53800e+03    2.47636e-01
3.54000e+03    2.49478e-01
3.54200e+03    2.52131e-01
3.54400e+03    2.54445e-01
3.54600e+03    2.56724e-01
3.54800e+03    2.58808e-01
3.55000e+03    2.59842e-01
3.55200e+03    2.61235e-01
3.55400e+03    2.63281e-01
3.55600e+03    2.63802e-01
3.55800e+03    2.63091e-01
3.56000e+03    2.63560e-01
3.56200e+03    2.63474e-01
3.56400e+03    2.64590e-01
3.56600e+03    2.65944e-01
3.56800e+03    2.66979e-01
3.57000e+03    2.67424e-01
3.57200e+03    2.66087e-01
3.57400e+03    2.65269e-01
3.57600e+03    2.66113e-01
3.57800e+03    2.65659e-01
3.58000e+03    2.66197e-01
3.58200e+03    2.68133e-01
3.58400e+03    2.69973e-01
3.58600e+03    2.71287e-01
3.58800e+03    2.74941e-01
3.59000e+03    2.77815e-01
3.59200e+03    2.80547e-01
3.59400e+03    2.82328e-01
3.59600e+03    2.81927e-01
3.59800e+03    2.81927e-01
3.60000e+03    2.82607e-01
3.60200e+03    2.84023e-01
3.60400e+03    2.87470e-01
3.60600e+03    2.90068e-01
3.60800e+03    2.92876e-01
3.61000e+03    2.94195e-01
3.61200e+03    2.92829e-01
3.61400e+03    2.92708e-01
3.61600e+03    2.94423e-01
3.61800e+03    2.95952e-01
3.62000e+03    2.97068e-01
3.62200e+03    2.97225e-01
3.62400e+03    2.95945e-01
3.62600e+03    2.96282e-01
3.62800e+03    2.98914e-01
3.63000e+03    3.00768e-01
3.63200e+03    3.03329e-01
3.63400e+03    3.05385e-01
3.63600e+03    3.05083e-01
3.63800e+03    3.04580e-01
3.64000e+03    3.04448e-01
3.64200e+03    3.06320e-01
3.64400e+03    3.08667e-01
3.64600e+03    3.08887e-01
3.64800e+03    3.09182e-01
3.65000e+03    3.08994e-01
3.65200e+03    3.09637e-01
3.65400e+03    3.11980e-01
3.65600e+03    3.14569e-01
3.65800e+03    3.14370e-01
3.66000e+03    3.14510e-01
3.66200e+03    3.13970e-01
3.66400e+03    3.13393e-01
3.66600e+03    3.14851e-01
3.66800e+03    3.16442e-01
3.67000e+03    3.17473e-01
3.67200e+03    3.17696e-01
3.67400e+03    3.17216e-01
3.67600e+03    3.16810e-01
3.67800e+03    3.16391e-01
3.68000e+03    3.15369e-01
3.68200e+03    3.14262e-01
3.68400e+03    3.14783e-01
3.68600e+03    3.15709e-01
3.68800e+03    3.15683e-01
3.69000e+03    3.15390e-01
3.69200e+03    3.15817e-01
3.69400e+03    3.16640e-01
3.69600e+03    3.15816e-01
3.69800e+03    3.13515e-01
3.70000e+03    3.11656e-01
3.70200e+03    3.11109e-01
3.70400e+03    3.11946e-01
3.70600e+03    3.12895e-01
3.70800e+03    3.13143e-01
3.71000e+03    3.13114e-01
3.71200e+03    3.12145e-01
3.71400e+03    3.08399e-01
3.71600e+03    3.04282e-01
3.71800e+03    3.04550e-01
3.72000e+03    3.05453e-01
3.72200e+03    3.03630e-01
3.72400e+03    3.02091e-01
3.72600e+03    2.99924e-01
3.72800e+03    2.96980e-01
3.73000e+03    2.94971e-01
3.73200e+03    2.95144e-01
3.73400e+03    2.96131e-01
3.73600e+03    2.94391e-01
3.73800e+03    2.90123e-01
3.74000e+03    2.86229e-01
3.74200e+03    2.83886e-01
3.74400e+03    2.83396e-01
3.74600e+03    2.86290e-01
3.74800e+03    2.86061e-01
3.75000e+03    2.83436e-01
3.75200e+03    2.80309e-01
3.75400e+03    2.77905e-01
3.75600e+03    2.76919e-01
3.75800e+03    2.77189e-01
3.76000e+03    2.78248e-01
3.76200e+03    2.77195e-01
3.76400e+03    2.73797e-01
3.76600e+03    2.71029e-01
3.76800e+03    2.70607e-01
3.77000e+03    2.71071e-01
3.77200e+03    2.71101e-01
3.77400e+03    2.71181e-01
3.77600e+03    2.69241e-01
3.77800e+03    2.65517e-01
3.78000e+03    2.61848e-01
3.78200e+03    2.59374e-01
3.78400e+03    2.58472e-01
3.78600e+03    2.56217e-01
3.78800e+03    2.53322e-01
3.79000e+03    2.50364e-01
3.79200e+03    2.47298e-01
3.79400e+03    2.44748e-01
3.79600e+03    2.42856e-01
3.79800e+03    2.40176e-01
3.80000e+03    2.36785e-01
3.80200e+03    2.33454e-01
3.80400e+03    2.30798e-01
3.80600e+03    2.27514e-01
3.80800e+03    2.23248e-01
3.81000e+03    2.19214e-01
3.81200e+03    2.17373e-01
3.81400e+03    2.14222e-01
3.81600e+03    2.10538e-01
3.81800e+03    2.07203e-01
3.82000e+03    2.03455e-01
3.82200e+03    2.00322e-01
3.82400e+03    1.97450e-01
3.82600e+03    1.92624e-01
3.82800e+03    1.87549e-01
3.83000e+03    1.83809e-01
3.83200e+03    1.80242e-01
3.83400e+03    1.75999e-01
3.83600e+03    1.72805e-01
3.83800e+03    1.70710e-01
3.84000e+03    1.68692e-01
3.84200e+03    1.65448e-01
3.84400e+03    1.62193e-01
3.84600e+03    1.59610e-01
3.84800e+03    1.56289e-01
3.85000e+03    1.53450e-01
3.85200e+03    1.50640e-01
3.85400e+03    1.47125e-01
3.85600e+03    1.44718e-01
3.85800e+03    1.42815e-01
3.86000e+03    1.39820e-01
3.86200e+03    1.36561e-01
3.86400e+03    1.33501e-01
3.86600e+03    1.29783e-01
3.86800e+03    1.25988e-01
3.87000e+03    1.22524e-01
3.87200e+03    1.18829e-01
3.87400e+03    1.15441e-01
3.87600e+03    1.12191e-01
3.87800e+03    1.08877e-01
3.88000e+03    1.05851e-01
3.88200e+03    1.02948e-01
3.88400e+03    1.00648e-01
3.88600e+03    9.77297e-02
3.88800e+03    9.38194e-02
3.89000e+03    9.07578e-02
3.89200e+03    8.79274e-02
3.89400e+03    8.53087e-02
3.89600e+03    8.28259e-02
3.89800e+03    7.95592e-02
3.90000e+03    7.63628e-02
3.90200e+03    7.40457e-02
3.90400e+03    7.16082e-02
3.90600e+03    6.91416e-02
3.90800e+03    6.64179e-02
3.91000e+03    6.39206e-02
3.91200e+03    6.14879e-02
3.91400e+03    5.87510e-02
3.91600e+03    5.60080e-02
3.91800e+03    5.35712e-02
3.92000e+03    5.11213e-02
3.92200e+03    4.86512e-02
3.92400e+03    4.63129e-02
3.92600e+03    4.40990e-02
3.92800e+03    4.22595e-02
3.93000e+03    4.05421e-02
3.93200e+03    3.86644e-02
3.93400e+03    3.67914e-02
3.93600e+03    3.49702e-02
3.93800e+03    3.32849e-02
3.94000e+03    3.17183e-02
3.94200e+03    3.01912e-02
3.94400e+03    2.87761e-02
3.94600e+03    2.73418e-02
3.94800e+03    2.58929e-02
3.95000e+03    2.46012e-02
3.95200e+03    2.34748e-02
3.95400e+03    2.23515e-02
3.95600e+03    2.12720e-02
3.95800e+03    2.01487e-02
3.96000e+03    1.88059e-02
3.96200e+03    1.76461e-02
3.96400e+03    1.66535e-02
3.96600e+03    1.57627e-02
3.96800e+03    1.48868e-02
3.97000e+03    1.39536e-02
3.97200e+03    1.31066e-02
3.97400e+03    1.22933e-02
3.97600e+03    1.15500e-02
3.97800e+03    1.08422e-02
3.98000e+03    1.01912e-02
3.98200e+03    9.55491e-03
3.98400e+03    9.01436e-03
3.98600e+03    8.47325e-03
3.98800e+03    7.93060e-03
3.99000e+03    7.44255e-03
3.99200e+03    6.90704e-03
3.99400e+03    6.28830e-03
3.99600e+03    5.73081e-03
3.99800e+03    5.26740e-03
4.00000e+03    4.87067e-03
4.00200e+03    4.52836e-03
4.00400e+03    4.21963e-03
4.00600e+03    3.93962e-03
4.00800e+03    3.67135e-03
4.01000e+03    3.41730e-03
4.01200e+03    3.19208e-03
4.01400e+03    2.99336e-03
4.01600e+03    2.81548e-03
4.01800e+03    2.64725e-03
4.02000e+03    2.48433e-03
4.02200e+03    2.32106e-03
4.02400e+03    2.16853e-03
4.02600e+03    2.05169e-03
4.02800e+03    1.94304e-03
4.03000e+03    1.82614e-03
4.03200e+03    1.72066e-03
4.03400e+03    1.62486e-03
4.03600e+03    1.53862e-03
4.03800e+03    1.47393e-03
4.04000e+03    1.41621e-03
4.04200e+03    1.35405e-03
4.04400e+03    1.29502e-03
4.04600e+03    1.23566e-03
4.04800e+03    1.18914e-03
4.05000e+03    1.15607e-03
4.05200e+03    1.12191e-03
4.05400e+03    1.08090e-03
4.05600e+03    1.04392e-03
4.05800e+03    1.01417e-03
4.06000e+03    9.82011e-04
4.06200e+03    9.58273e-04
4.06400e+03    9.30468e-04
4.06600e+03    9.10080e-04
4.06800e+03    8.81548e-04
4.07000e+03    8.50443e-04
4.07200e+03    8.24831e-04
4.07400e+03    7.91750e-04
4.07600e+03    7.64194e-04
4.07800e+03    7.42070e-04
4.08000e+03    7.12475e-04
4.08200e+03    6.83629e-04
4.08400e+03    6.67373e-04
4.08600e+03    6.53823e-04
4.08800e+03    6.30123e-04
4.09000e+03    6.12006e-04
4.09200e+03    6.05341e-04
4.09400e+03    5.98336e-04
4.09600e+03    5.85602e-04
4.09800e+03    5.67883e-04
4.10000e+03    5.49626e-04
4.10200e+03    5.28238e-04
4.10400e+03    5.16077e-04
4.10600e+03    5.13572e-04
4.10800e+03    5.01808e-04
4.11000e+03    4.96888e-04
4.11200e+03    4.94917e-04
4.11400e+03    4.89252e-04
4.11600e+03    4.69699e-04
4.11800e+03    4.51303e-04
4.12000e+03    4.47262e-04
4.12200e+03    4.37749e-04
4.12400e+03    4.20605e-04
4.12600e+03    4.09148e-04
4.12800e+03    4.03078e-04
4.13000e+03    3.92497e-04
4.13200e+03    3.80831e-04
4.13400e+03    3.74180e-04
4.13600e+03    3.65238e-04
4.13800e+03    3.60721e-04
4.14000e+03    3.62420e-04
4.14200e+03    3.47129e-04
4.14400e+03    3.36025e-04
4.14600e+03    3.33582e-04
4.14800e+03    3.31892e-04
4.15000e+03    3.24847e-04
4.15200e+03    3.15081e-04
4.15400e+03    3.00265e-04
4.15600e+03    2.94283e-04
4.15800e+03    2.96108e-04
4.16000e+03    2.95715e-04
4.16200e+03    2.99238e-04
4.16400e+03    3.06849e-04
4.16600e+03    3.09610e-04
4.16800e+03    3.06822e-04
4.17000e+03    2.97851e-04
4.17200e+03    2.92769e-04
4.17400e+03    2.94556e-04
4.17600e+03    2.93482e-04
4.17800e+03    2.90563e-04
4.18000e+03    2.85289e-04
4.18200e+03    2.81532e-04
4.18400e+03    2.85435e-04
4.18600e+03    2.93132e-04
4.18800e+03    2.89620e-04
4.19000e+03    2.81963e-04
4.19200e+03    2.73832e-04
4.19400e+03    2.65454e-04
4.19600e+03    2.58240e-04
4.19800e+03    2.53141e-04
4.20000e+03    2.48924e-04
4.20200e+03    2.46438e-04
4.20400e+03    2.48667e-04
4.20600e+03    2.44124e-04
4.20800e+03    2.45051e-04
4.21000e+03    2.49535e-04
4.21200e+03    2.51157e-04
4.21400e+03    2.47645e-04
4.21600e+03    2.40346e-04
4.21800e+03    2.39800e-04
4.22000e+03    2.36130e-04
4.22200e+03    2.38222e-04
4.22400e+03    2.34549e-04
4.22600e+03    2.24719e-04
4.22800e+03    2.28209e-04
4.23000e+03    2.32582e-04
4.23200e+03    2.33227e-04
4.23400e+03    2.33160e-04
4.23600e+03    2.31970e-04
4.23800e+03    2.30074e-04
4.24000e+03    2.26978e-04
4.24200e+03    2.21784e-04
4.24400e+03    2.15679e-04
4.24600e+03    2.12223e-04
4.24800e+03    2.07570e-04
4.25000e+03    2.02242e-04
4.25200e+03    2.00888e-04
4.25400e+03    2.02598e-04
4.25600e+03    2.09592e-04
4.25800e+03    2.10132e-04
4.26000e+03    2.01078e-04
4.26200e+03    2.01280e-04
4.26400e+03    1.97756e-04
4.26600e+03    1.90309e-04
4.26800e+03    1.89646e-04
4.27000e+03    1.84728e-04
4.27200e+03    1.86893e-04
4.27400e+03    1.87198e-04
4.27600e+03    1.87996e-04
4.27800e+03    1.86718e-04
4.28000e+03    1.82067e-04
4.28200e+03    1.81322e-04
4.28400e+03    1.77410e-04
4.28600e+03    1.72104e-04
4.28800e+03    1.68810e-04
4.29000e+03    1.76794e-04
4.29200e+03    1.78241e-04
4.29400e+03    1.80412e-04
4.29600e+03    1.83095e-04
4.29800e+03    1.81825e-04
4.30000e+03    1.83988e-04
4.30200e+03    1.83730e-04
4.30400e+03    1.73971e-04
4.30600e+03    1.68258e-04
4.30800e+03    1.65056e-04
4.31000e+03    1.66727e-04
4.31200e+03    1.64844e-04
4.31400e+03    1.60632e-04
4.31600e+03    1.59720e-04
4.31800e+03    1.56548e-04
4.32000e+03    1.55125e-04
4.32200e+03    1.52061e-04
4.32400e+03    1.45906e-04
4.32600e+03    1.39018e-04
4.32800e+03    1.34154e-04
4.33000e+03    1.31763e-04
4.33200e+03    1.28424e-04
4.33400e+03    1.31156e-04
4.33600e+03    1.37737e-04
4.33800e+03    1.36974e-04
4.34000e+03    1.31820e-04
4.34200e+03    1.27885e-04
4.34400e+03    1.28105e-04
4.34600e+03    1.25942e-04
4.34800e+03    1.25811e-04
4.35000e+03    1.23342e-04
4.35200e+03    1.09687e-04
4.35400e+03    1.05834e-04
4.35600e+03    1.04202e-04
4.35800e+03    1.09876e-04
4.36000e+03    1.07763e-04
4.36200e+03    1.04530e-04
4.36400e+03    1.01127e-04
4.36600e+03    9.26066e-05
4.36800e+03    8.77233e-05
4.37000e+03    8.51873e-05
4.37200e+03    8.59394e-05
4.37400e+03    8.96212e-05
4.37600e+03    9.13701e-05
4.37800e+03    9.37029e-05
4.38000e+03    9.38495e-05
4.38200e+03    9.93593e-05
4.38400e+03    9.80827e-05
4.38600e+03    9.45110e-05
4.38800e+03    9.00456e-05
4.39000e+03    8.77915e-05
4.39200e+03    8.76451e-05
4.39400e+03    8.77437e-05
4.39600e+03    9.47657e-05
4.39800e+03    9.94936e-05
4.40000e+03    1.03846e-04
4.40200e+03    1.07165e-04
4.40400e+03    1.05380e-04
4.40600e+03    1.01220e-04
4.40800e+03    9.85111e-05
4.41000e+03    9.65612e-05
4.41200e+03    9.27280e-05
4.41400e+03    9.32868e-05
4.41600e+03    9.74580e-05
4.41800e+03    1.00496e-04
4.42000e+03    1.01691e-04
4.42200e+03    1.00129e-04
4.42400e+03    1.01327e-04
4.42600e+03    9.48954e-05
4.42800e+03    8.79535e-05
4.43000e+03    8.25897e-05
4.43200e+03    7.97371e-05
4.43400e+03    7.78201e-05
4.43600e+03    7.51089e-05
4.43800e+03    7.83548e-05
4.44000e+03    7.61067e-05
4.44200e+03    7.82875e-05
4.44400e+03    7.29974e-05
4.44600e+03    7.14456e-05
4.44800e+03    7.22066e-05
4.45000e+03    6.97647e-05
4.45200e+03    7.26146e-05
4.45400e+03    7.06983e-05
4.45600e+03    6.76998e-05
4.45800e+03    6.55967e-05
4.46000e+03    6.55564e-05
4.46200e+03    6.35229e-05
4.46400e+03    6.30034e-05
4.46600e+03    6.57462e-05
4.46800e+03    6.11742e-05
4.47000e+03    5.94073e-05
4.47200e+03    5.99900e-05
4.47400e+03    6.19474e-05
4.47600e+03    5.95925e-05
4.47800e+03    5.62080e-05
4.48000e+03    5.06355e-05
4.48200e+03    4.50625e-05
4.48400e+03    4.01407e-05
4.48600e+03    3.95400e-05
4.48800e+03    4.36606e-05
4.49000e+03    4.71298e-05
4.49200e+03    4.95310e-05
4.49400e+03    4.73746e-05
4.49600e+03    4.28037e-05
4.49800e+03    4.15274e-05
4.50000e+03    4.53623e-05
4.50200e+03    4.28727e-05
4.50400e+03    3.91338e-05
4.50600e+03    3.66920e-05
4.50800e+03    3.73013e-05
4.51000e+03    3.65385e-05
4.51200e+03    3.63593e-05
4.51400e+03    3.48584e-05
4.51600e+03    3.95218e-05
4.51800e+03    4.19426e-05
4.52000e+03    4.12472e-05
4.52200e+03    3.85057e-05
4.52400e+03    4.27828e-05
4.52600e+03    4.48695e-05
4.52800e+03    4.53612e-05
4.53000e+03    4.17785e-05
4.53200e+03    3.93766e-05
4.53400e+03    3.72238e-05
4.53600e+03    4.15428e-05
4.53800e+03    4.65380e-05
4.54000e+03    4.79211e-05
4.54200e+03    4.85175e-05
4.54400e+03    5.18225e-05
4.54600e+03    4.90490e-05
4.54800e+03    4.53893e-05
4.55000e+03    4.21165e-05
4.55200e+03    4.23272e-05
4.55400e+03    4.09093e-05
4.55600e+03    3.71311e-05
4.55800e+03    3.65518e-05
4.56000e+03    3.76006e-05
4.56200e+03    3.91673e-05
4.56400e+03    4.10621e-05
4.56600e+03    3.95113e-05
4.56800e+03    3.37986e-05
4.57000e+03    3.15887e-05
4.57200e+03    3.38534e-05
4.57400e+03    3.34421e-05
4.57600e+03    3.39086e-05
4.57800e+03    3.37571e-05
4.58000e+03    3.08454e-05
4.58200e+03    3.09794e-05
4.58400e+03    2.88701e-05
4.58600e+03    3.21478e-05
4.58800e+03    3.36515e-05
4.59000e+03    3.22075e-05
4.59200e+03    3.46686e-05
4.59400e+03    3.46127e-05
4.59600e+03    3.56345e-05
4.59800e+03    3.82531e-05
4.60000e+03    3.83807e-05
4.60200e+03    3.49806e-05
4.60400e+03    3.65016e-05
4.60600e+03    3.65810e-05
4.60800e+03    3.47621e-05
4.61000e+03    3.45064e-05
4.61200e+03    3.41400e-05
4.61400e+03    3.83872e-05
4.61600e+03    3.64400e-05
4.61800e+03    3.24508e-05
4.62000e+03    3.27284e-05
4.62200e+03    2.93909e-05
4.62400e+03    2.61775e-05
4.62600e+03    2.46698e-05
4.62800e+03    2.46818e-05
4.63000e+03    2.36036e-05
4.63200e+03    2.40253e-05
4.63400e+03    2.36640e-05
4.63600e+03    2.19166e-05
4.63800e+03    2.10315e-05
4.64000e+03    2.04515e-05
4.64200e+03    1.98938e-05
4.64400e+03    1.74970e-05
4.64600e+03    1.50177e-05
4.64800e+03    1.71247e-05
4.65000e+03    1.99551e-05
4.65200e+03    2.00565e-05
4.65400e+03    2.02633e-05
4.65600e+03    1.96496e-05
4.65800e+03    1.69673e-05
4.66000e+03    1.70643e-05
4.66200e+03    2.13729e-05
4.66400e+03    2.11810e-05
4.66600e+03    2.35459e-05
4.66800e+03    2.43200e-05
4.67000e+03    2.47667e-05
4.67200e+03    3.00695e-05
4.67400e+03    3.04737e-05
4.67600e+03    3.41613e-05
4.67800e+03    3.74953e-05
4.68000e+03    3.51330e-05
4.68200e+03    3.36218e-05
4.68400e+03    3.53000e-05
4.68600e+03    3.80963e-05
4.68800e+03    3.86879e-05
4.69000e+03    3.77238e-05
4.69200e+03    3.17911e-05
4.69400e+03    3.10328e-05
4.69600e+03    3.09217e-05
4.69800e+03    2.58295e-05
4.70000e+03    2.97956e-05
4.70200e+03    2.82963e-05
4.70400e+03    2.84713e-05
4.70600e+03    2.76367e-05
4.70800e+03    2.28033e-05
4.71000e+03    2.26602e-05
4.71200e+03    2.45206e-05
4.71400e+03    2.46041e-05
4.71600e+03    2.28296e-05
4.71800e+03    2.30854e-05
4.72000e+03    2.57747e-05
4.72200e+03    2.94648e-05
4.72400e+03    3.06690e-05
4.72600e+03    2.83988e-05
4.72800e+03    3.18122e-05
4.73000e+03    3.46558e-05
4.73200e+03    2.92349e-05
4.73400e+03    2.66511e-05
4.73600e+03    2.50616e-05
4.73800e+03    2.34223e-05
4.74000e+03    2.19166e-05
4.74200e+03    1.81074e-05
4.74400e+03    1.60285e-05
4.74600e+03    1.56309e-05
4.74800e+03    1.43131e-05
4.75000e+03    1.38092e-05
4.75200e+03    1.40280e-05
4.75400e+03    1.36722e-05
4.75600e+03    1.51673e-05
4.75800e+03    1.37338e-05
4.76000e+03    6.30716e-06
4.76200e+03    7.05988e-06
4.76400e+03    1.16330e-05
4.76600e+03    1.20688e-05
4.76800e+03    1.30069e-05
4.77000e+03    1.70470e-05
4.77200e+03    1.81702e-05
4.77400e+03    1.89955e-05
4.77600e+03    1.89144e-05
4.77800e+03    1.88286e-05
4.78000e+03    1.92587e-05
4.78200e+03    1.21128e-05
4.78400e+03    8.40270e-06
4.78600e+03    9.33774e-06
4.78800e+03    9.42274e-06
4.79000e+03    1.02286e-05
4.79200e+03    1.25805e-05
4.79400e+03    1.26887e-05
4.79600e+03    1.23107e-05
