 5.00013e+03  2.16225e-03
 5.00039e+03  2.15676e-03
 5.00065e+03  2.41305e-03
 5.00091e+03  1.93477e-03
 5.00117e+03  2.10547e-03
 5.00143e+03  2.48378e-03
 5.00169e+03  1.92954e-03
 5.00195e+03  2.04413e-03
 5.00221e+03  1.84484e-03
 5.00247e+03  2.44887e-03
 5.00273e+03  2.48507e-03
 5.00299e+03  2.23284e-03
 5.00325e+03  2.37472e-03
 5.00351e+03  2.22311e-03
 5.00377e+03  2.29013e-03
 5.00403e+03  1.93814e-03
 5.00429e+03  1.95758e-03
 5.00455e+03  2.07367e-03
 5.00481e+03  2.04200e-03
 5.00507e+03  1.84789e-03
 5.00533e+03  2.25971e-03
 5.00559e+03  2.19431e-03
 5.00585e+03  1.99610e-03
 5.00611e+03  2.01681e-03
 5.00637e+03  2.05194e-03
 5.00663e+03  1.93348e-03
 5.00689e+03  2.49615e-03
 5.00715e+03  2.11176e-03
 5.00741e+03  2.09592e-03
 5.00767e+03  2.39066e-03
 5.00793e+03  2.24098e-03
 5.00819e+03  2.26307e-03
 5.00844e+03  2.27780e-03
 5.00870e+03  1.85948e-03
 5.00896e+03  2.05374e-03
 5.00922e+03  2.12636e-03
 5.00948e+03  2.28631e-03
 5.00974e+03  2.15998e-03
 5.01000e+03  2.05910e-03
 5.01026e+03  2.23076e-03
 5.01052e+03  2.44976e-03
 5.01078e+03  2.21562e-03
 5.01104e+03  2.44443e-03
 5.01130e+03  1.79562e-03
 5.01156e+03  2.26604e-03
 5.01182e+03  2.09031e-03
 5.01208e+03  2.08027e-03
 5.01234e+03  2.41837e-03
 5.01260e+03  2.19014e-03
 5.01286e+03  2.31801e-03
 5.01312e+03  2.05221e-03
 5.01338e+03  2.17824e-03
 5.01364e+03  2.30135e-03
 5.01390e+03  2.32630e-03
 5.01416e+03  2.57112e-03
 5.01442e+03  2.20291e-03
 5.01468e+03  2.42744e-03
 5.01494e+03  2.41656e-03
 5.01520e+03  2.29902e-03
 5.01546e+03  2.17440e-03
 5.01572e+03  2.38006e-03
 5.01598e+03  2.19237e-03
 5.01624e+03  2.23001e-03
 5.01650e+03  2.04289e-03
 5.01675e+03  2.25772e-03
 5.01701e+03  2.25355e-03
 5.01727e+03  2.20159e-03
 5.01753e+03  2.49716e-03
 5.01779e+03  2.65939e-03
 5.01805e+03  2.42749e-03
 5.01831e+03  2.09099e-03
 5.01857e+03  2.48685e-03
 5.01883e+03  2.22426e-03
 5.01909e+03  2.22195e-03
 5.01935e+03  2.34999e-03
 5.01961e+03  2.61086e-03
 5.01987e+03  2.22635e-03
 5.02013e+03  2.41090e-03
 5.02039e+03  2.38871e-03
 5.02065e+03  2.58458e-03
 5.02091e+03  2.33280e-03
 5.02117e+03  2.19892e-03
 5.02143e+03  2.37240e-03
 5.02169e+03  2.30071e-03
 5.02195e+03  2.36663e-03
 5.02221e+03  2.51483e-03
 5.02247e+03  2.24378e-03
 5.02273e+03  2.35797e-03
 5.02299e+03  2.64118e-03
 5.02325e+03  2.47855e-03
 5.02351e+03  2.24289e-03
 5.02377e+03  2.58570e-03
 5.02403e+03  2.42083e-03
 5.02429e+03  2.27898e-03
 5.02455e+03  2.83903e-03
 5.02481e+03  2.52053e-03
 5.02507e+03  2.45570e-03
 5.02533e+03  2.46084e-03
 5.02558e+03  2.43107e-03
 5.02584e+03  2.67744e-03
 5.02610e+03  3.03147e-03
 5.02636e+03  2.82162e-03
 5.02662e+03  2.29344e-03
 5.02688e+03  2.60243e-03
 5.02714e+03  2.29756e-03
 5.02740e+03  2.56726e-03
 5.02766e+03  2.43412e-03
 5.02792e+03  2.67966e-03
 5.02818e+03  2.71584e-03
 5.02844e+03  2.68889e-03
 5.02870e+03  2.89778e-03
 5.02896e+03  2.15778e-03
 5.02922e+03  2.99003e-03
 5.02948e+03  2.32478e-03
 5.02974e+03  2.90370e-03
 5.03000e+03  2.34178e-03
 5.03026e+03  2.36758e-03
 5.03052e+03  2.88509e-03
 5.03078e+03  2.78088e-03
 5.03104e+03  2.54495e-03
 5.03130e+03  2.70011e-03
 5.03156e+03  2.79228e-03
 5.03182e+03  2.54045e-03
 5.03208e+03  2.60296e-03
 5.03234e+03  2.65398e-03
 5.03260e+03  2.51987e-03
 5.03286e+03  2.79807e-03
 5.03312e+03  2.78897e-03
 5.03338e+03  2.97661e-03
 5.03364e+03  2.92094e-03
 5.03390e+03  2.59352e-03
 5.03415e+03  2.76092e-03
 5.03441e+03  2.74288e-03
 5.03467e+03  3.05014e-03
 5.03493e+03  2.57483e-03
 5.03519e+03  2.69366e-03
 5.03545e+03  2.94066e-03
 5.03571e+03  3.22199e-03
 5.03597e+03  2.59872e-03
 5.03623e+03  2.59311e-03
 5.03649e+03  3.15518e-03
 5.03675e+03  2.69570e-03
 5.03701e+03  3.03105e-03
 5.03727e+03  2.74774e-03
 5.03753e+03  2.76999e-03
 5.03779e+03  2.90518e-03
 5.03805e+03  2.49892e-03
 5.03831e+03  2.77287e-03
 5.03857e+03  2.76843e-03
 5.03883e+03  3.15547e-03
 5.03909e+03  2.98754e-03
 5.03935e+03  2.99119e-03
 5.03961e+03  2.80807e-03
 5.03987e+03  2.55496e-03
 5.04013e+03  2.92769e-03
 5.04039e+03  2.74585e-03
 5.04065e+03  3.05138e-03
 5.04091e+03  2.99729e-03
 5.04117e+03  2.83712e-03
 5.04143e+03  2.86948e-03
 5.04169e+03  3.09430e-03
 5.04195e+03  2.84652e-03
 5.04221e+03  2.83238e-03
 5.04247e+03  2.74175e-03
 5.04273e+03  2.85486e-03
 5.04298e+03  2.88260e-03
 5.04324e+03  3.45598e-03
 5.04350e+03  2.95207e-03
 5.04376e+03  3.31445e-03
 5.04402e+03  2.98750e-03
 5.04428e+03  3.13690e-03
 5.04454e+03  3.23655e-03
 5.04480e+03  3.11684e-03
 5.04506e+03  3.13764e-03
 5.04532e+03  2.99780e-03
 5.04558e+03  3.29452e-03
 5.04584e+03  3.23509e-03
 5.04610e+03  3.01513e-03
 5.04636e+03  3.21265e-03
 5.04662e+03  3.30306e-03
 5.04688e+03  2.95468e-03
 5.04714e+03  3.34454e-03
 5.04740e+03  3.45656e-03
 5.04766e+03  3.43401e-03
 5.04792e+03  3.34079e-03
 5.04818e+03  3.37950e-03
 5.04844e+03  3.52759e-03
 5.04870e+03  3.37370e-03
 5.04896e+03  3.28182e-03
 5.04922e+03  3.26571e-03
 5.04948e+03  2.95861e-03
 5.04974e+03  3.50290e-03
 5.05000e+03  3.18878e-03
 5.05026e+03  3.41241e-03
 5.05052e+03  3.39068e-03
 5.05078e+03  3.76058e-03
 5.05104e+03  3.37892e-03
 5.05130e+03  3.36000e-03
 5.05155e+03  3.44144e-03
 5.05181e+03  3.08711e-03
 5.05207e+03  3.45194e-03
 5.05233e+03  3.17841e-03
 5.05259e+03  3.36177e-03
 5.05285e+03  3.11633e-03
 5.05311e+03  3.69727e-03
 5.05337e+03  3.39719e-03
 5.05363e+03  3.31786e-03
 5.05389e+03  3.20799e-03
 5.05415e+03  3.67348e-03
 5.05441e+03  3.34113e-03
 5.05467e+03  3.79019e-03
 5.05493e+03  3.84320e-03
 5.05519e+03  3.25049e-03
 5.05545e+03  3.65950e-03
 5.05571e+03  3.91768e-03
 5.05597e+03  3.85830e-03
 5.05623e+03  3.79674e-03
 5.05649e+03  3.74377e-03
 5.05675e+03  3.65830e-03
 5.05701e+03  3.61170e-03
 5.05727e+03  3.68325e-03
 5.05753e+03  3.86696e-03
 5.05779e+03  4.13556e-03
 5.05805e+03  4.06103e-03
 5.05831e+03  3.68726e-03
 5.05857e+03  3.66224e-03
 5.05883e+03  4.09592e-03
 5.05909e+03  3.60240e-03
 5.05935e+03  3.67698e-03
 5.05961e+03  3.83550e-03
 5.05987e+03  4.02578e-03
 5.06012e+03  3.56377e-03
 5.06038e+03  3.93882e-03
 5.06064e+03  3.94980e-03
 5.06090e+03  4.15574e-03
 5.06116e+03  3.93265e-03
 5.06142e+03  3.40323e-03
 5.06168e+03  3.85273e-03
 5.06194e+03  3.65600e-03
 5.06220e+03  4.29738e-03
 5.06246e+03  4.00535e-03
 5.06272e+03  4.24487e-03
 5.06298e+03  4.33391e-03
 5.06324e+03  4.25251e-03
 5.06350e+03  4.38973e-03
 5.06376e+03  4.22572e-03
 5.06402e+03  4.08830e-03
 5.06428e+03  4.47868e-03
 5.06454e+03  4.04567e-03
 5.06480e+03  4.00779e-03
 5.06506e+03  4.16926e-03
 5.06532e+03  4.50936e-03
 5.06558e+03  4.27493e-03
 5.06584e+03  4.44950e-03
 5.06610e+03  4.47389e-03
 5.06636e+03  4.03408e-03
 5.06662e+03  4.49259e-03
 5.06688e+03  4.40045e-03
 5.06714e+03  4.34424e-03
 5.06740e+03  4.71358e-03
 5.06766e+03  4.52790e-03
 5.06792e+03  4.68226e-03
 5.06818e+03  4.42110e-03
 5.06844e+03  4.45046e-03
 5.06870e+03  4.85334e-03
 5.06895e+03  4.73028e-03
 5.06921e+03  4.50102e-03
 5.06947e+03  4.83232e-03
 5.06973e+03  4.64160e-03
 5.06999e+03  4.78490e-03
 5.07025e+03  4.72203e-03
 5.07051e+03  5.01463e-03
 5.07077e+03  4.56539e-03
 5.07103e+03  5.03249e-03
 5.07129e+03  5.32040e-03
 5.07155e+03  5.16525e-03
 5.07181e+03  4.88510e-03
 5.07207e+03  5.05623e-03
 5.07233e+03  5.25073e-03
 5.07259e+03  5.32182e-03
 5.07285e+03  4.83829e-03
 5.07311e+03  5.36417e-03
 5.07337e+03  5.32312e-03
 5.07363e+03  5.29750e-03
 5.07389e+03  5.19616e-03
 5.07415e+03  5.29331e-03
 5.07441e+03  5.65594e-03
 5.07467e+03  5.70354e-03
 5.07493e+03  5.60490e-03
 5.07519e+03  5.73577e-03
 5.07545e+03  5.78754e-03
 5.07571e+03  5.53944e-03
 5.07597e+03  5.59811e-03
 5.07623e+03  5.71547e-03
 5.07649e+03  5.73735e-03
 5.07675e+03  5.86658e-03
 5.07701e+03  5.77698e-03
 5.07727e+03  6.17864e-03
 5.07752e+03  5.84894e-03
 5.07778e+03  6.07616e-03
 5.07804e+03  5.95490e-03
 5.07830e+03  6.23186e-03
 5.07856e+03  6.01673e-03
 5.07882e+03  5.95151e-03
 5.07908e+03  6.05923e-03
 5.07934e+03  6.49868e-03
 5.07960e+03  6.64360e-03
 5.07986e+03  6.44541e-03
 5.08012e+03  6.32126e-03
 5.08038e+03  6.66080e-03
 5.08064e+03  6.45373e-03
 5.08090e+03  6.86997e-03
 5.08116e+03  6.89500e-03
 5.08142e+03  6.55469e-03
 5.08168e+03  7.20246e-03
 5.08194e+03  6.90953e-03
 5.08220e+03  6.80174e-03
 5.08246e+03  6.78809e-03
 5.08272e+03  6.96365e-03
 5.08298e+03  7.52608e-03
 5.08324e+03  7.06677e-03
 5.08350e+03  7.10290e-03
 5.08376e+03  7.28494e-03
 5.08402e+03  6.99119e-03
 5.08428e+03  6.85123e-03
 5.08454e+03  7.18414e-03
 5.08480e+03  7.62313e-03
 5.08506e+03  7.38122e-03
 5.08532e+03  7.75373e-03
 5.08558e+03  7.75320e-03
 5.08584e+03  7.87304e-03
 5.08610e+03  7.80278e-03
 5.08635e+03  7.82913e-03
 5.08661e+03  7.83151e-03
 5.08687e+03  8.03994e-03
 5.08713e+03  8.47409e-03
 5.08739e+03  8.48370e-03
 5.08765e+03  8.51234e-03
 5.08791e+03  8.18650e-03
 5.08817e+03  8.58980e-03
 5.08843e+03  8.39771e-03
 5.08869e+03  8.26897e-03
 5.08895e+03  8.44997e-03
 5.08921e+03  8.73166e-03
 5.08947e+03  9.05876e-03
 5.08973e+03  8.88727e-03
 5.08999e+03  8.74997e-03
 5.09025e+03  9.30250e-03
 5.09051e+03  9.22818e-03
 5.09077e+03  9.28735e-03
 5.09103e+03  9.67310e-03
 5.09129e+03  8.98517e-03
 5.09155e+03  9.70263e-03
 5.09181e+03  9.99642e-03
 5.09207e+03  9.57058e-03
 5.09233e+03  9.72692e-03
 5.09259e+03  9.94864e-03
 5.09285e+03  9.68967e-03
 5.09311e+03  1.03183e-02
 5.09337e+03  1.05361e-02
 5.09363e+03  1.04533e-02
 5.09389e+03  1.02797e-02
 5.09415e+03  1.08097e-02
 5.09441e+03  1.04917e-02
 5.09467e+03  1.04366e-02
 5.09492e+03  1.07178e-02
 5.09518e+03  1.14097e-02
 5.09544e+03  1.10390e-02
 5.09570e+03  1.15498e-02
 5.09596e+03  1.14958e-02
 5.09622e+03  1.15265e-02
 5.09648e+03  1.19983e-02
 5.09674e+03  1.17518e-02
 5.09700e+03  1.18659e-02
 5.09726e+03  1.21634e-02
 5.09752e+03  1.26226e-02
 5.09778e+03  1.24724e-02
 5.09804e+03  1.29240e-02
 5.09830e+03  1.29694e-02
 5.09856e+03  1.29833e-02
 5.09882e+03  1.29565e-02
 5.09908e+03  1.27557e-02
 5.09934e+03  1.38017e-02
 5.09960e+03  1.37700e-02
 5.09986e+03  1.42142e-02
 5.10012e+03  1.37126e-02
 5.10038e+03  1.41682e-02
 5.10064e+03  1.46635e-02
 5.10090e+03  1.49842e-02
 5.10116e+03  1.50610e-02
 5.10142e+03  1.48115e-02
 5.10168e+03  1.51469e-02
 5.10194e+03  1.55828e-02
 5.10220e+03  1.58972e-02
 5.10246e+03  1.64729e-02
 5.10272e+03  1.58663e-02
 5.10298e+03  1.60709e-02
 5.10324e+03  1.56592e-02
 5.10350e+03  1.56967e-02
 5.10375e+03  1.71792e-02
 5.10401e+03  1.67822e-02
 5.10427e+03  1.70613e-02
 5.10453e+03  1.75166e-02
 5.10479e+03  1.78240e-02
 5.10505e+03  1.83878e-02
 5.10531e+03  1.79719e-02
 5.10557e+03  1.83487e-02
 5.10583e+03  1.82838e-02
 5.10609e+03  1.91381e-02
 5.10635e+03  1.90905e-02
 5.10661e+03  1.95254e-02
 5.10687e+03  2.00797e-02
 5.10713e+03  2.04650e-02
 5.10739e+03  2.06330e-02
 5.10765e+03  2.08002e-02
 5.10791e+03  2.05212e-02
 5.10817e+03  2.11078e-02
 5.10843e+03  2.13489e-02
 5.10869e+03  2.16689e-02
 5.10895e+03  2.19280e-02
 5.10921e+03  2.24630e-02
 5.10947e+03  2.31733e-02
 5.10973e+03  2.25202e-02
 5.10999e+03  2.47343e-02
 5.11025e+03  2.42885e-02
 5.11051e+03  2.43879e-02
 5.11077e+03  2.45345e-02
 5.11103e+03  2.46115e-02
 5.11129e+03  2.49835e-02
 5.11155e+03  2.64351e-02
 5.11181e+03  2.60006e-02
 5.11206e+03  2.65846e-02
 5.11232e+03  2.80331e-02
 5.11258e+03  2.78908e-02
 5.11284e+03  2.75724e-02
 5.11310e+03  2.83494e-02
 5.11336e+03  2.82645e-02
 5.11362e+03  2.99117e-02
 5.11388e+03  2.97986e-02
 5.11414e+03  3.00639e-02
 5.11440e+03  3.02897e-02
 5.11466e+03  3.07504e-02
 5.11492e+03  3.09540e-02
 5.11518e+03  3.20451e-02
 5.11544e+03  3.37637e-02
 5.11570e+03  3.35867e-02
 5.11596e+03  3.39926e-02
 5.11622e+03  3.36805e-02
 5.11648e+03  3.67673e-02
 5.11674e+03  3.65168e-02
 5.11700e+03  3.62447e-02
 5.11726e+03  3.64565e-02
 5.11752e+03  3.80473e-02
 5.11778e+03  3.90411e-02
 5.11804e+03  3.82690e-02
 5.11830e+03  3.87172e-02
 5.11856e+03  4.00559e-02
 5.11882e+03  4.16547e-02
 5.11908e+03  4.13639e-02
 5.11934e+03  4.20649e-02
 5.11960e+03  4.29446e-02
 5.11986e+03  4.46189e-02
 5.12012e+03  4.46752e-02
 5.12038e+03  4.48421e-02
 5.12064e+03  4.60128e-02
 5.12090e+03  4.76195e-02
 5.12115e+03  4.83999e-02
 5.12141e+03  4.89151e-02
 5.12167e+03  4.88987e-02
 5.12193e+03  5.16633e-02
 5.12219e+03  5.23063e-02
 5.12245e+03  5.20572e-02
 5.12271e+03  5.30557e-02
 5.12297e+03  5.56861e-02
 5.12323e+03  5.54927e-02
 5.12349e+03  5.64200e-02
 5.12375e+03  5.65753e-02
 5.12401e+03  5.86550e-02
 5.12427e+03  6.12250e-02
 5.12453e+03  6.09504e-02
 5.12479e+03  6.08877e-02
 5.12505e+03  6.41611e-02
 5.12531e+03  6.56180e-02
 5.12557e+03  6.59865e-02
 5.12583e+03  6.82683e-02
 5.12609e+03  6.85585e-02
 5.12635e+03  7.15140e-02
 5.12661e+03  7.08246e-02
 5.12687e+03  7.18374e-02
 5.12713e+03  7.41565e-02
 5.12739e+03  7.47932e-02
 5.12765e+03  7.64254e-02
 5.12791e+03  7.84146e-02
 5.12817e+03  8.12273e-02
 5.12843e+03  8.31001e-02
 5.12869e+03  8.28337e-02
 5.12895e+03  8.30041e-02
 5.12921e+03  8.59079e-02
 5.12946e+03  8.91331e-02
 5.12972e+03  9.06803e-02
 5.12998e+03  9.06000e-02
 5.13024e+03  9.22602e-02
 5.13050e+03  9.85900e-02
 5.13076e+03  9.77572e-02
 5.13102e+03  9.79286e-02
 5.13128e+03  1.01244e-01
 5.13154e+03  1.02444e-01
 5.13180e+03  1.06250e-01
 5.13206e+03  1.07130e-01
 5.13232e+03  1.07538e-01
 5.13258e+03  1.11665e-01
 5.13284e+03  1.15935e-01
 5.13310e+03  1.17485e-01
 5.13336e+03  1.17314e-01
 5.13362e+03  1.20502e-01
 5.13388e+03  1.24853e-01
 5.13414e+03  1.26273e-01
 5.13440e+03  1.27552e-01
 5.13466e+03  1.31519e-01
 5.13492e+03  1.36695e-01
 5.13518e+03  1.37731e-01
 5.13544e+03  1.39645e-01
 5.13570e+03  1.41328e-01
 5.13596e+03  1.48991e-01
 5.13622e+03  1.50733e-01
 5.13648e+03  1.50962e-01
 5.13674e+03  1.53611e-01
 5.13700e+03  1.56254e-01
 5.13726e+03  1.62226e-01
 5.13752e+03  1.62076e-01
 5.13778e+03  1.67150e-01
 5.13804e+03  1.73469e-01
 5.13829e+03  1.75026e-01
 5.13855e+03  1.76162e-01
 5.13881e+03  1.77901e-01
 5.13907e+03  1.85285e-01
 5.13933e+03  1.90787e-01
 5.13959e+03  1.90521e-01
 5.13985e+03  1.93038e-01
 5.14011e+03  2.00927e-01
 5.14037e+03  2.05789e-01
 5.14063e+03  2.08801e-01
 5.14089e+03  2.09434e-01
 5.14115e+03  2.14291e-01
 5.14141e+03  2.24898e-01
 5.14167e+03  2.22437e-01
 5.14193e+03  2.25009e-01
 5.14219e+03  2.31764e-01
 5.14245e+03  2.39138e-01
 5.14271e+03  2.39049e-01
 5.14297e+03  2.41349e-01
 5.14323e+03  2.50011e-01
 5.14349e+03  2.56518e-01
 5.14375e+03  2.62907e-01
 5.14401e+03  2.62733e-01
 5.14427e+03  2.66295e-01
 5.14453e+03  2.76621e-01
 5.14479e+03  2.78486e-01
 5.14505e+03  2.81723e-01
 5.14531e+03  2.86303e-01
 5.14557e+03  2.97280e-01
 5.14583e+03  3.03419e-01
 5.14609e+03  3.01702e-01
 5.14635e+03  3.09194e-01
 5.14660e+03  3.18343e-01
 5.14686e+03  3.23619e-01
 5.14712e+03  3.20086e-01
 5.14738e+03  3.25900e-01
 5.14764e+03  3.36493e-01
 5.14790e+03  3.45424e-01
 5.14816e+03  3.44047e-01
 5.14842e+03  3.45495e-01
 5.14868e+03  3.55541e-01
 5.14894e+03  3.67941e-01
 5.14920e+03  3.68176e-01
 5.14946e+03  3.70682e-01
 5.14972e+03  3.77618e-01
 5.14998e+03  3.87344e-01
 5.15024e+03  3.91039e-01
 5.15050e+03  3.91106e-01
 5.15076e+03  3.96935e-01
 5.15102e+03  4.09498e-01
 5.15128e+03  4.12867e-01
 5.15154e+03  4.10353e-01
 5.15180e+03  4.17162e-01
 5.15206e+03  4.30664e-01
 5.15232e+03  4.36290e-01
 5.15258e+03  4.37800e-01
 5.15284e+03  4.37906e-01
 5.15310e+03  4.52239e-01
 5.15336e+03  4.57729e-01
 5.15362e+03  4.55226e-01
 5.15388e+03  4.62097e-01
 5.15414e+03  4.73678e-01
 5.15440e+03  4.80569e-01
 5.15466e+03  4.79430e-01
 5.15492e+03  4.81259e-01
 5.15518e+03  4.90053e-01
 5.15544e+03  4.99405e-01
 5.15569e+03  4.97684e-01
 5.15595e+03  4.96777e-01
 5.15621e+03  5.08042e-01
 5.15647e+03  5.19507e-01
 5.15673e+03  5.17102e-01
 5.15699e+03  5.15547e-01
 5.15725e+03  5.24742e-01
 5.15751e+03  5.34860e-01
 5.15777e+03  5.39679e-01
 5.15803e+03  5.35360e-01
 5.15829e+03  5.38437e-01
 5.15855e+03  5.48948e-01
 5.15881e+03  5.60123e-01
 5.15907e+03  5.51849e-01
 5.15933e+03  5.55553e-01
 5.15959e+03  5.66779e-01
 5.15985e+03  5.73205e-01
 5.16011e+03  5.69513e-01
 5.16037e+03  5.68488e-01
 5.16063e+03  5.80657e-01
 5.16089e+03  5.89913e-01
 5.16115e+03  5.90175e-01
 5.16141e+03  5.81994e-01
 5.16167e+03  5.89001e-01
 5.16193e+03  6.02177e-01
 5.16219e+03  5.99199e-01
 5.16245e+03  5.96800e-01
 5.16271e+03  6.02310e-01
 5.16297e+03  6.15086e-01
 5.16323e+03  6.16385e-01
 5.16349e+03  6.08388e-01
 5.16375e+03  6.12454e-01
 5.16400e+03  6.20525e-01
 5.16426e+03  6.28757e-01
 5.16452e+03  6.20443e-01
 5.16478e+03  6.17993e-01
 5.16504e+03  6.31581e-01
 5.16530e+03  6.35076e-01
 5.16556e+03  6.26725e-01
 5.16582e+03  6.30344e-01
 5.16608e+03  6.37355e-01
 5.16634e+03  6.47531e-01
 5.16660e+03  6.40253e-01
 5.16686e+03  6.38123e-01
 5.16712e+03  6.41278e-01
 5.16738e+03  6.53975e-01
 5.16764e+03  6.52721e-01
 5.16790e+03  6.39466e-01
 5.16816e+03  6.43076e-01
 5.16842e+03  6.60318e-01
 5.16868e+03  6.60895e-01
 5.16894e+03  6.46164e-01
 5.16920e+03  6.52055e-01
 5.16946e+03  6.63306e-01
 5.16972e+03  6.63490e-01
 5.16998e+03  6.54062e-01
 5.17024e+03  6.52972e-01
 5.17050e+03  6.69344e-01
 5.17076e+03  6.72774e-01
 5.17102e+03  6.64951e-01
 5.17128e+03  6.60819e-01
 5.17154e+03  6.64998e-01
 5.17180e+03  6.77629e-01
 5.17206e+03  6.69072e-01
 5.17232e+03  6.63754e-01
 5.17258e+03  6.71530e-01
 5.17283e+03  6.78001e-01
 5.17309e+03  6.78837e-01
 5.17335e+03  6.65371e-01
 5.17361e+03  6.70266e-01
 5.17387e+03  6.83177e-01
 5.17413e+03  6.82671e-01
 5.17439e+03  6.70964e-01
 5.17465e+03  6.70086e-01
 5.17491e+03  6.81956e-01
 5.17517e+03  6.84203e-01
 5.17543e+03  6.79115e-01
 5.17569e+03  6.70623e-01
 5.17595e+03  6.82575e-01
 5.17621e+03  6.86287e-01
 5.17647e+03  6.80579e-01
 5.17673e+03  6.74666e-01
 5.17699e+03  6.85320e-01
 5.17725e+03  6.89814e-01
 5.17751e+03  6.87000e-01
 5.17777e+03  6.78269e-01
 5.17803e+03  6.78441e-01
 5.17829e+03  6.90837e-01
 5.17855e+03  6.88884e-01
 5.17881e+03  6.79579e-01
 5.17907e+03  6.80830e-01
 5.17933e+03  6.90834e-01
 5.17959e+03  6.92854e-01
 5.17985e+03  6.84253e-01
 5.18011e+03  6.83229e-01
 5.18037e+03  6.91001e-01
 5.18063e+03  6.93484e-01
 5.18089e+03  6.85684e-01
 5.18115e+03  6.79385e-01
 5.18140e+03  6.93463e-01
 5.18166e+03  6.98502e-01
 5.18192e+03  6.94382e-01
 5.18218e+03  6.86467e-01
 5.18244e+03  6.88686e-01
 5.18270e+03  6.97175e-01
 5.18296e+03  6.91739e-01
 5.18322e+03  6.83316e-01
 5.18348e+03  6.92513e-01
 5.18374e+03  6.95822e-01
 5.18400e+03  6.95780e-01
 5.18426e+03  6.84347e-01
 5.18452e+03  6.86219e-01
 5.18478e+03  6.98552e-01
 5.18504e+03  7.00769e-01
 5.18530e+03  6.87552e-01
 5.18556e+03  6.87188e-01
 5.18582e+03  6.99600e-01
 5.18608e+03  6.97437e-01
 5.18634e+03  6.91738e-01
 5.18660e+03  6.89789e-01
 5.18686e+03  6.95589e-01
 5.18712e+03  6.98023e-01
 5.18738e+03  7.00914e-01
 5.18764e+03  6.85926e-01
 5.18790e+03  6.91541e-01
 5.18816e+03  7.00476e-01
 5.18842e+03  6.99330e-01
 5.18868e+03  6.89195e-01
 5.18894e+03  6.90343e-01
 5.18920e+03  6.99909e-01
 5.18946e+03  7.00778e-01
 5.18972e+03  6.89302e-01
 5.18998e+03  6.90877e-01
 5.19023e+03  6.98152e-01
 5.19049e+03  7.06129e-01
 5.19075e+03  6.98120e-01
 5.19101e+03  6.87654e-01
 5.19127e+03  6.98640e-01
 5.19153e+03  7.01956e-01
 5.19179e+03  6.98166e-01
 5.19205e+03  6.88685e-01
 5.19231e+03  6.92441e-01
 5.19257e+03  6.97891e-01
 5.19283e+03  6.99240e-01
 5.19309e+03  6.93437e-01
 5.19335e+03  6.90461e-01
 5.19361e+03  7.02921e-01
 5.19387e+03  6.96273e-01
 5.19413e+03  6.94891e-01
 5.19439e+03  6.92214e-01
 5.19465e+03  7.02572e-01
 5.19491e+03  7.02194e-01
 5.19517e+03  6.95613e-01
 5.19543e+03  6.86636e-01
 5.19569e+03  6.90884e-01
 5.19595e+03  7.00975e-01
 5.19621e+03  6.94104e-01
 5.19647e+03  6.86771e-01
 5.19673e+03  6.91944e-01
 5.19699e+03  6.99824e-01
 5.19725e+03  6.97773e-01
 5.19751e+03  6.89658e-01
 5.19777e+03  6.90173e-01
 5.19803e+03  6.96622e-01
 5.19829e+03  6.94832e-01
 5.19854e+03  6.87984e-01
 5.19880e+03  6.87009e-01
 5.19906e+03  6.94054e-01
 5.19932e+03  6.94144e-01
 5.19958e+03  6.89656e-01
 5.19984e+03  6.84243e-01
 5.20010e+03  6.86973e-01
 5.20036e+03  6.95931e-01
 5.20062e+03  6.86282e-01
 5.20088e+03  6.87094e-01
 5.20114e+03  6.85829e-01
 5.20140e+03  6.94596e-01
 5.20166e+03  6.88389e-01
 5.20192e+03  6.84677e-01
 5.20218e+03  6.89781e-01
 5.20244e+03  6.90407e-01
 5.20270e+03  6.93226e-01
 5.20296e+03  6.85665e-01
 5.20322e+03  6.85149e-01
 5.20348e+03  6.93236e-01
 5.20374e+03  6.90522e-01
 5.20400e+03  6.88915e-01
 5.20426e+03  6.80814e-01
 5.20452e+03  6.87231e-01
 5.20478e+03  6.89175e-01
 5.20504e+03  6.86023e-01
 5.20530e+03  6.76913e-01
 5.20556e+03  6.83626e-01
 5.20582e+03  6.89372e-01
 5.20608e+03  6.89811e-01
 5.20634e+03  6.78081e-01
 5.20660e+03  6.80166e-01
 5.20686e+03  6.88404e-01
 5.20712e+03  6.85167e-01
 5.20738e+03  6.79087e-01
 5.20763e+03  6.75091e-01
 5.20789e+03  6.81802e-01
 5.20815e+03  6.88431e-01
 5.20841e+03  6.82313e-01
 5.20867e+03  6.81640e-01
 5.20893e+03  6.79701e-01
 5.20919e+03  6.85832e-01
 5.20945e+03  6.78665e-01
 5.20971e+03  6.71640e-01
 5.20997e+03  6.76053e-01
 5.21023e+03  6.86209e-01
 5.21049e+03  6.80887e-01
 5.21075e+03  6.76619e-01
 5.21101e+03  6.75042e-01
 5.21127e+03  6.85556e-01
 5.21153e+03  6.88960e-01
 5.21179e+03  6.74275e-01
 5.21205e+03  6.74982e-01
 5.21231e+03  6.80121e-01
 5.21257e+03  6.86506e-01
 5.21283e+03  6.79430e-01
 5.21309e+03  6.72574e-01
 5.21335e+03  6.80146e-01
 5.21361e+03  6.79755e-01
 5.21387e+03  6.81180e-01
 5.21413e+03  6.69288e-01
 5.21439e+03  6.73598e-01
 5.21465e+03  6.83242e-01
 5.21491e+03  6.82220e-01
 5.21517e+03  6.75955e-01
 5.21543e+03  6.72934e-01
 5.21569e+03  6.82983e-01
 5.21594e+03  6.80427e-01
 5.21620e+03  6.76166e-01
 5.21646e+03  6.73208e-01
 5.21672e+03  6.78316e-01
 5.21698e+03  6.83559e-01
 5.21724e+03  6.78089e-01
 5.21750e+03  6.73627e-01
 5.21776e+03  6.71645e-01
 5.21802e+03  6.81387e-01
 5.21828e+03  6.80212e-01
 5.21854e+03  6.75349e-01
 5.21880e+03  6.78823e-01
 5.21906e+03  6.80862e-01
 5.21932e+03  6.83987e-01
 5.21958e+03  6.79518e-01
 5.21984e+03  6.73423e-01
 5.22010e+03  6.79902e-01
 5.22036e+03  6.83820e-01
 5.22062e+03  6.78870e-01
 5.22088e+03  6.79460e-01
 5.22114e+03  6.77741e-01
 5.22140e+03  6.83825e-01
 5.22166e+03  6.80142e-01
 5.22192e+03  6.73912e-01
 5.22218e+03  6.77597e-01
 5.22244e+03  6.86170e-01
 5.22270e+03  6.86896e-01
 5.22296e+03  6.76236e-01
 5.22322e+03  6.82866e-01
 5.22348e+03  6.85650e-01
 5.22374e+03  6.87866e-01
 5.22400e+03  6.82876e-01
 5.22426e+03  6.81310e-01
 5.22452e+03  6.82233e-01
 5.22477e+03  6.91350e-01
 5.22503e+03  6.88903e-01
 5.22529e+03  6.82419e-01
 5.22555e+03  6.84082e-01
 5.22581e+03  6.95194e-01
 5.22607e+03  6.88647e-01
 5.22633e+03  6.85277e-01
 5.22659e+03  6.85909e-01
 5.22685e+03  6.92857e-01
 5.22711e+03  6.93285e-01
 5.22737e+03  6.88238e-01
 5.22763e+03  6.86165e-01
 5.22789e+03  6.90811e-01
 5.22815e+03  6.96551e-01
 5.22841e+03  6.92176e-01
 5.22867e+03  6.87943e-01
 5.22893e+03  6.94525e-01
 5.22919e+03  6.95129e-01
 5.22945e+03  6.95228e-01
 5.22971e+03  6.88425e-01
 5.22997e+03  6.95252e-01
 5.23023e+03  6.98075e-01
 5.23049e+03  6.99642e-01
 5.23075e+03  6.95601e-01
 5.23101e+03  6.92422e-01
 5.23127e+03  7.00848e-01
 5.23153e+03  7.05691e-01
 5.23179e+03  6.97694e-01
 5.23205e+03  6.94662e-01
 5.23231e+03  7.00211e-01
 5.23257e+03  7.07582e-01
 5.23283e+03  7.02324e-01
 5.23308e+03  6.99606e-01
 5.23334e+03  6.98211e-01
 5.23360e+03  7.03325e-01
 5.23386e+03  7.05843e-01
 5.23412e+03  6.99298e-01
 5.23438e+03  6.98676e-01
 5.23464e+03  7.04224e-01
 5.23490e+03  7.04231e-01
 5.23516e+03  7.03033e-01
 5.23542e+03  7.01226e-01
 5.23568e+03  7.01604e-01
 5.23594e+03  7.06015e-01
 5.23620e+03  7.04233e-01
 5.23646e+03  6.99373e-01
 5.23672e+03  7.02935e-01
 5.23698e+03  7.03744e-01
 5.23724e+03  7.07450e-01
 5.23750e+03  6.95730e-01
 5.23776e+03  6.95266e-01
 5.23802e+03  7.02863e-01
 5.23828e+03  7.03311e-01
 5.23854e+03  6.96494e-01
 5.23880e+03  6.92329e-01
 5.23906e+03  6.94882e-01
 5.23932e+03  6.97558e-01
 5.23958e+03  6.93874e-01
 5.23984e+03  6.89723e-01
 5.24010e+03  6.95796e-01
 5.24036e+03  6.98192e-01
 5.24062e+03  6.91015e-01
 5.24088e+03  6.86917e-01
 5.24114e+03  6.79270e-01
 5.24140e+03  6.84454e-01
 5.24166e+03  6.85039e-01
 5.24192e+03  6.78669e-01
 5.24217e+03  6.70996e-01
 5.24243e+03  6.76300e-01
 5.24269e+03  6.78737e-01
 5.24295e+03  6.68185e-01
 5.24321e+03  6.59236e-01
 5.24347e+03  6.61245e-01
 5.24373e+03  6.58505e-01
 5.24399e+03  6.58798e-01
 5.24425e+03  6.49658e-01
 5.24451e+03  6.50109e-01
 5.24477e+03  6.51015e-01
 5.24503e+03  6.46699e-01
 5.24529e+03  6.31763e-01
 5.24555e+03  6.32877e-01
 5.24581e+03  6.25786e-01
 5.24607e+03  6.29980e-01
 5.24633e+03  6.21505e-01
 5.24659e+03  6.16775e-01
 5.24685e+03  6.16130e-01
 5.24711e+03  6.08541e-01
 5.24737e+03  5.99720e-01
 5.24763e+03  5.93874e-01
 5.24789e+03  5.92529e-01
 5.24815e+03  5.91867e-01
 5.24841e+03  5.85253e-01
 5.24867e+03  5.74504e-01
 5.24893e+03  5.68984e-01
 5.24919e+03  5.71378e-01
 5.24945e+03  5.62500e-01
 5.24971e+03  5.51849e-01
 5.24997e+03  5.48363e-01
 5.25023e+03  5.44233e-01
 5.25048e+03  5.37393e-01
 5.25074e+03  5.28233e-01
 5.25100e+03  5.22191e-01
 5.25126e+03  5.20354e-01
 5.25152e+03  5.17256e-01
 5.25178e+03  5.04450e-01
 5.25204e+03  4.98082e-01
 5.25230e+03  4.91547e-01
 5.25256e+03  4.92144e-01
 5.25282e+03  4.81911e-01
 5.25308e+03  4.71336e-01
 5.25334e+03  4.69031e-01
 5.25360e+03  4.63642e-01
 5.25386e+03  4.57957e-01
 5.25412e+03  4.44861e-01
 5.25438e+03  4.36579e-01
 5.25464e+03  4.38470e-01
 5.25490e+03  4.28481e-01
 5.25516e+03  4.21048e-01
 5.25542e+03  4.14914e-01
 5.25568e+03  4.10465e-01
 5.25594e+03  4.05134e-01
 5.25620e+03  3.95439e-01
 5.25646e+03  3.88585e-01
 5.25672e+03  3.84219e-01
 5.25698e+03  3.80083e-01
 5.25724e+03  3.71553e-01
 5.25750e+03  3.62287e-01
 5.25776e+03  3.57327e-01
 5.25802e+03  3.52785e-01
 5.25828e+03  3.43983e-01
 5.25854e+03  3.38335e-01
 5.25880e+03  3.31790e-01
 5.25906e+03  3.32592e-01
 5.25931e+03  3.25134e-01
 5.25957e+03  3.14865e-01
 5.25983e+03  3.09269e-01
 5.26009e+03  3.05642e-01
 5.26035e+03  3.01414e-01
 5.26061e+03  2.94665e-01
 5.26087e+03  2.86355e-01
 5.26113e+03  2.83830e-01
 5.26139e+03  2.78911e-01
 5.26165e+03  2.74551e-01
 5.26191e+03  2.67340e-01
 5.26217e+03  2.58840e-01
 5.26243e+03  2.59256e-01
 5.26269e+03  2.54176e-01
 5.26295e+03  2.46749e-01
 5.26321e+03  2.40913e-01
 5.26347e+03  2.38953e-01
 5.26373e+03  2.35789e-01
 5.26399e+03  2.28890e-01
 5.26425e+03  2.22421e-01
 5.26451e+03  2.20840e-01
 5.26477e+03  2.16844e-01
 5.26503e+03  2.12421e-01
 5.26529e+03  2.05673e-01
 5.26555e+03  2.04090e-01
 5.26581e+03  2.00185e-01
 5.26607e+03  1.96206e-01
 5.26633e+03  1.91135e-01
 5.26659e+03  1.87459e-01
 5.26685e+03  1.85672e-01
 5.26711e+03  1.80556e-01
 5.26737e+03  1.77780e-01
 5.26763e+03  1.71502e-01
 5.26788e+03  1.69047e-01
 5.26814e+03  1.70031e-01
 5.26840e+03  1.65076e-01
 5.26866e+03  1.58122e-01
 5.26892e+03  1.55515e-01
 5.26918e+03  1.55613e-01
 5.26944e+03  1.51413e-01
 5.26970e+03  1.46049e-01
 5.26996e+03  1.43194e-01
 5.27022e+03  1.40609e-01
 5.27048e+03  1.40379e-01
 5.27074e+03  1.37129e-01
 5.27100e+03  1.32777e-01
 5.27126e+03  1.31283e-01
 5.27152e+03  1.29351e-01
 5.27178e+03  1.27804e-01
 5.27204e+03  1.22607e-01
 5.27230e+03  1.20315e-01
 5.27256e+03  1.20459e-01
 5.27282e+03  1.17466e-01
 5.27308e+03  1.14047e-01
 5.27334e+03  1.10493e-01
 5.27360e+03  1.09786e-01
 5.27386e+03  1.08888e-01
 5.27412e+03  1.05698e-01
 5.27438e+03  1.03486e-01
 5.27464e+03  1.01961e-01
 5.27490e+03  1.00378e-01
 5.27516e+03  9.81845e-02
 5.27542e+03  9.51008e-02
 5.27568e+03  9.46803e-02
 5.27594e+03  9.36743e-02
 5.27620e+03  9.26513e-02
 5.27646e+03  8.81788e-02
 5.27671e+03  8.55048e-02
 5.27697e+03  8.56492e-02
 5.27723e+03  8.58962e-02
 5.27749e+03  8.31239e-02
 5.27775e+03  8.01717e-02
 5.27801e+03  8.02540e-02
 5.27827e+03  7.89802e-02
 5.27853e+03  7.64757e-02
 5.27879e+03  7.47784e-02
 5.27905e+03  7.29693e-02
 5.27931e+03  7.34701e-02
 5.27957e+03  7.20458e-02
 5.27983e+03  7.00483e-02
 5.28009e+03  6.81724e-02
 5.28035e+03  6.80980e-02
 5.28061e+03  6.76773e-02
 5.28087e+03  6.60945e-02
 5.28113e+03  6.43787e-02
 5.28139e+03  6.38601e-02
 5.28165e+03  6.22168e-02
 5.28191e+03  6.12720e-02
 5.28217e+03  5.82271e-02
 5.28243e+03  5.82832e-02
 5.28269e+03  5.74858e-02
 5.28295e+03  5.68779e-02
 5.28321e+03  5.59312e-02
 5.28347e+03  5.39650e-02
 5.28373e+03  5.39697e-02
 5.28399e+03  5.35274e-02
 5.28425e+03  5.21496e-02
 5.28451e+03  5.00109e-02
 5.28477e+03  4.98248e-02
 5.28503e+03  5.02216e-02
 5.28528e+03  4.85668e-02
 5.28554e+03  4.78793e-02
 5.28580e+03  4.58422e-02
 5.28606e+03  4.66595e-02
 5.28632e+03  4.60709e-02
 5.28658e+03  4.51168e-02
 5.28684e+03  4.36879e-02
 5.28710e+03  4.40100e-02
 5.28736e+03  4.40802e-02
 5.28762e+03  4.24090e-02
 5.28788e+03  4.20209e-02
 5.28814e+03  4.07563e-02
 5.28840e+03  4.04122e-02
 5.28866e+03  3.97355e-02
 5.28892e+03  3.87710e-02
 5.28918e+03  3.86769e-02
 5.28944e+03  3.65620e-02
 5.28970e+03  3.73733e-02
 5.28996e+03  3.60218e-02
 5.29022e+03  3.50111e-02
 5.29048e+03  3.50173e-02
 5.29074e+03  3.50696e-02
 5.29100e+03  3.42453e-02
 5.29126e+03  3.28362e-02
 5.29152e+03  3.31177e-02
 5.29178e+03  3.24065e-02
 5.29204e+03  3.26654e-02
 5.29230e+03  3.13381e-02
 5.29256e+03  3.05119e-02
 5.29282e+03  3.12525e-02
 5.29308e+03  3.05791e-02
 5.29334e+03  3.01114e-02
 5.29360e+03  2.89313e-02
 5.29385e+03  2.84542e-02
 5.29411e+03  2.89316e-02
 5.29437e+03  2.84520e-02
 5.29463e+03  2.80604e-02
 5.29489e+03  2.66870e-02
 5.29515e+03  2.70257e-02
 5.29541e+03  2.74077e-02
 5.29567e+03  2.66937e-02
 5.29593e+03  2.50665e-02
 5.29619e+03  2.51751e-02
 5.29645e+03  2.52981e-02
 5.29671e+03  2.49470e-02
 5.29697e+03  2.40411e-02
 5.29723e+03  2.40114e-02
 5.29749e+03  2.40618e-02
 5.29775e+03  2.34629e-02
 5.29801e+03  2.35986e-02
 5.29827e+03  2.29445e-02
 5.29853e+03  2.26282e-02
 5.29879e+03  2.27435e-02
 5.29905e+03  2.24354e-02
 5.29931e+03  2.21967e-02
 5.29957e+03  2.11090e-02
 5.29983e+03  2.10097e-02
 5.30009e+03  2.11452e-02
 5.30035e+03  2.05804e-02
 5.30061e+03  2.00651e-02
 5.30087e+03  2.01636e-02
 5.30113e+03  1.96150e-02
 5.30139e+03  1.99096e-02
 5.30165e+03  1.90366e-02
 5.30191e+03  1.87179e-02
 5.30217e+03  1.88652e-02
 5.30243e+03  1.90442e-02
 5.30268e+03  1.86240e-02
 5.30294e+03  1.79338e-02
 5.30320e+03  1.80031e-02
 5.30346e+03  1.77305e-02
 5.30372e+03  1.73722e-02
 5.30398e+03  1.70682e-02
 5.30424e+03  1.71970e-02
 5.30450e+03  1.63334e-02
 5.30476e+03  1.66157e-02
 5.30502e+03  1.60285e-02
 5.30528e+03  1.59425e-02
 5.30554e+03  1.60459e-02
 5.30580e+03  1.58613e-02
 5.30606e+03  1.55813e-02
 5.30632e+03  1.54167e-02
 5.30658e+03  1.52787e-02
 5.30684e+03  1.49233e-02
 5.30710e+03  1.51125e-02
 5.30736e+03  1.42905e-02
 5.30762e+03  1.47364e-02
 5.30788e+03  1.42450e-02
 5.30814e+03  1.42605e-02
 5.30840e+03  1.42602e-02
 5.30866e+03  1.32099e-02
 5.30892e+03  1.32568e-02
 5.30918e+03  1.39176e-02
 5.30944e+03  1.36396e-02
 5.30970e+03  1.36763e-02
 5.30996e+03  1.29059e-02
 5.31022e+03  1.32782e-02
 5.31048e+03  1.32308e-02
 5.31074e+03  1.29650e-02
 5.31100e+03  1.25494e-02
 5.31125e+03  1.25281e-02
 5.31151e+03  1.23933e-02
 5.31177e+03  1.21001e-02
 5.31203e+03  1.18676e-02
 5.31229e+03  1.19917e-02
 5.31255e+03  1.16348e-02
 5.31281e+03  1.19054e-02
 5.31307e+03  1.15579e-02
 5.31333e+03  1.15331e-02
 5.31359e+03  1.08774e-02
 5.31385e+03  1.09018e-02
 5.31411e+03  1.14128e-02
 5.31437e+03  1.09069e-02
 5.31463e+03  1.05975e-02
 5.31489e+03  1.05125e-02
 5.31515e+03  1.06693e-02
 5.31541e+03  1.02312e-02
 5.31567e+03  1.08188e-02
 5.31593e+03  1.05229e-02
 5.31619e+03  1.02921e-02
 5.31645e+03  9.69293e-03
 5.31671e+03  1.00893e-02
 5.31697e+03  1.00396e-02
 5.31723e+03  9.97376e-03
 5.31749e+03  9.96136e-03
 5.31775e+03  1.00508e-02
 5.31801e+03  9.12695e-03
 5.31827e+03  9.54034e-03
 5.31853e+03  9.42189e-03
 5.31879e+03  9.48402e-03
 5.31905e+03  8.99152e-03
 5.31931e+03  9.20896e-03
 5.31957e+03  9.11005e-03
 5.31983e+03  8.83752e-03
 5.32008e+03  8.91975e-03
 5.32034e+03  8.45164e-03
 5.32060e+03  9.02291e-03
 5.32086e+03  8.28087e-03
 5.32112e+03  8.40667e-03
 5.32138e+03  8.24418e-03
 5.32164e+03  8.52385e-03
 5.32190e+03  8.25816e-03
 5.32216e+03  8.40162e-03
 5.32242e+03  8.35817e-03
 5.32268e+03  8.18619e-03
 5.32294e+03  7.75022e-03
 5.32320e+03  7.86625e-03
 5.32346e+03  7.54760e-03
 5.32372e+03  7.41081e-03
 5.32398e+03  7.73606e-03
 5.32424e+03  7.83822e-03
 5.32450e+03  7.65895e-03
 5.32476e+03  7.09162e-03
 5.32502e+03  7.66615e-03
 5.32528e+03  7.37290e-03
 5.32554e+03  7.32267e-03
 5.32580e+03  7.31450e-03
 5.32606e+03  7.02971e-03
 5.32632e+03  7.16017e-03
 5.32658e+03  7.40464e-03
 5.32684e+03  6.99503e-03
 5.32710e+03  7.02962e-03
 5.32736e+03  6.90718e-03
 5.32762e+03  6.67591e-03
 5.32788e+03  6.51559e-03
 5.32814e+03  6.40220e-03
 5.32840e+03  6.77148e-03
 5.32865e+03  6.53355e-03
 5.32891e+03  6.81531e-03
 5.32917e+03  6.47951e-03
 5.32943e+03  6.56481e-03
 5.32969e+03  6.64363e-03
 5.32995e+03  6.47687e-03
 5.33021e+03  6.52223e-03
 5.33047e+03  6.02027e-03
 5.33073e+03  6.45383e-03
 5.33099e+03  6.32805e-03
 5.33125e+03  6.22718e-03
 5.33151e+03  6.23107e-03
 5.33177e+03  5.96408e-03
 5.33203e+03  6.17847e-03
 5.33229e+03  5.75197e-03
 5.33255e+03  5.83080e-03
 5.33281e+03  5.66594e-03
 5.33307e+03  5.59709e-03
 5.33333e+03  5.69520e-03
 5.33359e+03  5.46586e-03
 5.33385e+03  5.66973e-03
 5.33411e+03  5.86263e-03
 5.33437e+03  5.76376e-03
 5.33463e+03  5.74722e-03
 5.33489e+03  5.60496e-03
 5.33515e+03  5.64044e-03
 5.33541e+03  5.39174e-03
 5.33567e+03  5.57976e-03
 5.33593e+03  5.12648e-03
 5.33619e+03  5.46888e-03
 5.33645e+03  5.11105e-03
 5.33671e+03  5.10990e-03
 5.33697e+03  5.57936e-03
 5.33723e+03  5.22784e-03
 5.33748e+03  5.44049e-03
 5.33774e+03  5.34136e-03
 5.33800e+03  5.19147e-03
 5.33826e+03  5.14690e-03
 5.33852e+03  4.96859e-03
 5.33878e+03  4.93076e-03
 5.33904e+03  4.81462e-03
 5.33930e+03  4.88426e-03
 5.33956e+03  5.06898e-03
 5.33982e+03  4.82210e-03
 5.34008e+03  5.22208e-03
 5.34034e+03  4.74931e-03
 5.34060e+03  4.85821e-03
 5.34086e+03  4.97846e-03
 5.34112e+03  4.57843e-03
 5.34138e+03  4.79586e-03
 5.34164e+03  4.85806e-03
 5.34190e+03  4.80263e-03
 5.34216e+03  4.75480e-03
 5.34242e+03  4.33447e-03
 5.34268e+03  4.40306e-03
 5.34294e+03  4.54193e-03
 5.34320e+03  4.67609e-03
 5.34346e+03  4.29578e-03
 5.34372e+03  4.37718e-03
 5.34398e+03  4.43520e-03
 5.34424e+03  4.55159e-03
 5.34450e+03  4.61320e-03
 5.34476e+03  4.39283e-03
 5.34502e+03  4.78191e-03
 5.34528e+03  4.38678e-03
 5.34554e+03  4.25303e-03
 5.34579e+03  4.03592e-03
 5.34605e+03  4.06410e-03
 5.34631e+03  3.93838e-03
 5.34657e+03  4.15871e-03
 5.34683e+03  3.99466e-03
 5.34709e+03  4.23195e-03
 5.34735e+03  4.11250e-03
 5.34761e+03  4.31290e-03
 5.34787e+03  4.09581e-03
 5.34813e+03  4.03098e-03
 5.34839e+03  4.07649e-03
 5.34865e+03  4.06127e-03
 5.34891e+03  4.08619e-03
 5.34917e+03  4.05232e-03
 5.34943e+03  3.66012e-03
 5.34969e+03  3.80716e-03
 5.34995e+03  3.78173e-03
 5.35021e+03  3.92659e-03
 5.35047e+03  3.96180e-03
 5.35073e+03  3.91469e-03
 5.35099e+03  3.84112e-03
 5.35125e+03  3.64264e-03
 5.35151e+03  3.76426e-03
 5.35177e+03  3.58918e-03
 5.35203e+03  3.74781e-03
 5.35229e+03  3.82082e-03
 5.35255e+03  3.73843e-03
 5.35281e+03  3.72087e-03
 5.35307e+03  3.92365e-03
 5.35333e+03  3.75466e-03
 5.35359e+03  3.90346e-03
 5.35385e+03  3.50505e-03
 5.35411e+03  3.40268e-03
 5.35437e+03  3.57690e-03
 5.35462e+03  3.76894e-03
 5.35488e+03  3.55818e-03
 5.35514e+03  3.80097e-03
 5.35540e+03  3.55773e-03
 5.35566e+03  3.68273e-03
 5.35592e+03  3.55761e-03
 5.35618e+03  3.33287e-03
 5.35644e+03  3.50517e-03
 5.35670e+03  3.44172e-03
 5.35696e+03  3.37326e-03
 5.35722e+03  3.45835e-03
 5.35748e+03  3.44468e-03
 5.35774e+03  3.41262e-03
 5.35800e+03  3.43386e-03
 5.35826e+03  3.27499e-03
 5.35852e+03  3.28814e-03
 5.35878e+03  3.18234e-03
 5.35904e+03  3.46416e-03
 5.35930e+03  3.19510e-03
 5.35956e+03  3.09043e-03
 5.35982e+03  3.17990e-03
 5.36008e+03  3.06692e-03
 5.36034e+03  3.31114e-03
 5.36060e+03  3.22949e-03
 5.36086e+03  3.39793e-03
 5.36112e+03  3.24951e-03
 5.36138e+03  3.28920e-03
 5.36164e+03  3.08289e-03
 5.36190e+03  3.15333e-03
 5.36216e+03  3.25317e-03
 5.36242e+03  2.93470e-03
 5.36268e+03  2.86994e-03
 5.36294e+03  3.15543e-03
 5.36319e+03  3.09485e-03
 5.36345e+03  2.92460e-03
 5.36371e+03  2.85506e-03
 5.36397e+03  3.27998e-03
 5.36423e+03  2.82977e-03
 5.36449e+03  3.39416e-03
 5.36475e+03  2.98133e-03
 5.36501e+03  2.83206e-03
 5.36527e+03  2.89466e-03
 5.36553e+03  3.09511e-03
 5.36579e+03  2.89733e-03
 5.36605e+03  3.15160e-03
 5.36631e+03  2.92705e-03
 5.36657e+03  2.80558e-03
 5.36683e+03  3.07696e-03
 5.36709e+03  3.01959e-03
 5.36735e+03  3.00934e-03
 5.36761e+03  3.01042e-03
 5.36787e+03  3.02601e-03
 5.36813e+03  2.92443e-03
 5.36839e+03  3.18283e-03
 5.36865e+03  2.68681e-03
 5.36891e+03  2.88691e-03
 5.36917e+03  2.87413e-03
 5.36943e+03  2.95052e-03
 5.36969e+03  2.95364e-03
 5.36995e+03  2.88600e-03
 5.37021e+03  2.53710e-03
 5.37047e+03  2.72358e-03
 5.37073e+03  3.01654e-03
 5.37099e+03  2.95686e-03
 5.37125e+03  2.93642e-03
 5.37151e+03  2.84854e-03
 5.37177e+03  2.87716e-03
 5.37202e+03  2.75546e-03
 5.37228e+03  2.78052e-03
 5.37254e+03  2.81075e-03
 5.37280e+03  2.79024e-03
 5.37306e+03  2.31266e-03
 5.37332e+03  2.90458e-03
 5.37358e+03  2.70286e-03
 5.37384e+03  2.57290e-03
 5.37410e+03  2.57264e-03
 5.37436e+03  2.63849e-03
 5.37462e+03  2.96453e-03
 5.37488e+03  2.76427e-03
 5.37514e+03  2.68969e-03
 5.37540e+03  2.64296e-03
 5.37566e+03  2.55851e-03
 5.37592e+03  2.61836e-03
 5.37618e+03  2.54557e-03
 5.37644e+03  2.59106e-03
 5.37670e+03  2.39697e-03
 5.37696e+03  2.90906e-03
 5.37722e+03  2.52883e-03
 5.37748e+03  2.36082e-03
 5.37774e+03  2.46187e-03
 5.37800e+03  2.58262e-03
 5.37826e+03  2.62712e-03
 5.37852e+03  2.66624e-03
 5.37878e+03  2.65897e-03
 5.37904e+03  2.70815e-03
 5.37930e+03  2.63580e-03
 5.37956e+03  2.34188e-03
 5.37982e+03  2.53525e-03
 5.38008e+03  2.35641e-03
 5.38033e+03  2.50925e-03
 5.38059e+03  2.45490e-03
 5.38085e+03  2.36267e-03
 5.38111e+03  2.43459e-03
 5.38137e+03  2.55127e-03
 5.38163e+03  2.33851e-03
 5.38189e+03  2.34495e-03
 5.38215e+03  2.56223e-03
 5.38241e+03  2.41704e-03
 5.38267e+03  2.22133e-03
 5.38293e+03  2.60640e-03
 5.38319e+03  2.25321e-03
 5.38345e+03  2.53078e-03
 5.38371e+03  2.28776e-03
 5.38397e+03  2.32584e-03
 5.38423e+03  2.56236e-03
 5.38449e+03  2.55487e-03
 5.38475e+03  2.31497e-03
 5.38501e+03  2.37784e-03
 5.38527e+03  2.40044e-03
 5.38553e+03  2.45972e-03
 5.38579e+03  2.15106e-03
 5.38605e+03  2.38059e-03
 5.38631e+03  2.41200e-03
 5.38657e+03  2.25744e-03
 5.38683e+03  2.25663e-03
 5.38709e+03  2.35206e-03
 5.38735e+03  2.34944e-03
 5.38761e+03  2.38326e-03
 5.38787e+03  2.44073e-03
 5.38813e+03  2.35690e-03
 5.38839e+03  2.47264e-03
 5.38865e+03  2.61983e-03
 5.38891e+03  2.11965e-03
 5.38917e+03  2.19456e-03
 5.38942e+03  2.39000e-03
 5.38968e+03  2.38988e-03
 5.38994e+03  2.14433e-03
 5.39020e+03  2.41566e-03
 5.39046e+03  2.28831e-03
 5.39072e+03  2.24403e-03
 5.39098e+03  2.18670e-03
 5.39124e+03  2.45752e-03
 5.39150e+03  2.34754e-03
 5.39176e+03  2.17393e-03
 5.39202e+03  2.17748e-03
 5.39228e+03  2.29161e-03
 5.39254e+03  2.25037e-03
 5.39280e+03  2.53063e-03
 5.39306e+03  2.22084e-03
 5.39332e+03  2.26511e-03
 5.39358e+03  2.30974e-03
 5.39384e+03  2.27842e-03
 5.39410e+03  2.27655e-03
 5.39436e+03  2.36545e-03
 5.39462e+03  2.01040e-03
 5.39488e+03  2.48677e-03
 5.39514e+03  2.15779e-03
 5.39540e+03  2.13362e-03
 5.39566e+03  2.52287e-03
 5.39592e+03  2.16072e-03
 5.39618e+03  2.23870e-03
 5.39644e+03  2.31602e-03
 5.39670e+03  2.32301e-03
 5.39696e+03  2.26258e-03
 5.39722e+03  2.09196e-03
 5.39748e+03  2.30735e-03
 5.39773e+03  2.19725e-03
 5.39799e+03  2.06568e-03
 5.39825e+03  2.25223e-03
 5.39851e+03  1.98186e-03
 5.39877e+03  2.34917e-03
 5.39903e+03  2.34604e-03
 5.39929e+03  2.04587e-03
 5.39955e+03  2.11082e-03
 5.39981e+03  2.21935e-03
 5.40007e+03  1.88738e-03
