   3701.714      3.4503148E-05
   3704.958      3.7836380E-05
   3708.201      4.1726576E-05
   3711.445      4.6129284E-05
   3714.688      5.0978153E-05
   3717.932      5.6194487E-05
   3721.176      6.1697123E-05
   3724.420      6.7410831E-05
   3727.664      7.3271716E-05
   3730.908      7.9229707E-05
   3734.152      8.5248299E-05
   3737.396      9.1302711E-05
   3740.639      9.7377109E-05
   3743.884      1.0346207E-04
   3747.127      1.0955230E-04
   3750.372      1.1564502E-04
   3753.616      1.2173889E-04
   3756.860      1.2783275E-04
   3760.104      1.3392660E-04
   3763.348      1.4002051E-04
   3766.592      1.4611434E-04
   3769.836      1.5220823E-04
   3773.081      1.5830203E-04
   3776.325      1.6439593E-04
   3779.569      1.7048980E-04
   3782.814      1.7658366E-04
   3786.058      1.8267748E-04
   3789.302      1.8877134E-04
   3792.547      1.9486522E-04
   3795.791      2.0095911E-04
   3799.036      2.0705293E-04
   3802.280      2.1314679E-04
   3805.525      2.1924068E-04
   3808.770      2.2533454E-04
   3812.014      2.3142839E-04
   3815.259      2.3752224E-04
   3818.503      2.4361612E-04
   3821.748      2.4970996E-04
   3824.993      2.5580384E-04
   3828.238      2.6189769E-04
   3831.482      2.6799156E-04
   3834.727      2.7408541E-04
   3837.972      2.8017929E-04
   3841.217      2.8627313E-04
   3844.462      2.9236698E-04
   3847.707      2.9846083E-04
   3850.952      3.0455468E-04
   3854.197      3.1064855E-04
   3857.442      3.1674237E-04
   3860.687      3.2283631E-04
   3863.932      3.2893009E-04
   3867.177      3.3502400E-04
   3870.423      3.4111788E-04
   3873.668      3.4721170E-04
   3876.913      3.5330560E-04
   3880.158      3.5939945E-04
   3883.404      3.6549332E-04
   3886.649      3.7158711E-04
   3889.894      3.7768108E-04
   3893.140      3.8377487E-04
   3896.385      3.8986877E-04
   3899.630      3.9596265E-04
   3902.876      4.0205652E-04
   3906.121      4.0815034E-04
   3909.367      4.1424422E-04
   3912.613      4.2033807E-04
   3915.858      4.2643194E-04
   3919.104      4.3252579E-04
   3922.350      4.3861964E-04
   3925.595      4.4471346E-04
   3928.841      4.5080736E-04
   3932.087      4.5690118E-04
   3935.333      4.6299503E-04
   3938.578      4.6908893E-04
   3941.824      4.7518278E-04
   3945.070      4.8127660E-04
   3948.316      4.8737056E-04
   3951.562      4.9346435E-04
   3954.808      4.9955829E-04
   3958.054      5.0565205E-04
   3961.300      5.1174592E-04
   3964.546      5.1783980E-04
   3967.792      5.2393368E-04
   3971.039      5.3002749E-04
   3974.285      5.3612143E-04
   3977.531      5.4221525E-04
   3980.777      5.4830912E-04
   3984.024      5.5440300E-04
   3987.270      5.6049693E-04
   3990.516      5.6659069E-04
   3993.763      5.7268445E-04
   3997.009      5.7877845E-04
   4000.256      5.8487221E-04
   4003.502      5.9096614E-04
   4006.749      5.9705996E-04
   4009.995      6.0315389E-04
   4013.242      6.0924771E-04
   4016.489      6.1534159E-04
   4019.735      6.2143541E-04
   4022.982      6.2752934E-04
   4026.229      6.3362322E-04
   4029.475      6.3971692E-04
   4032.722      6.4581080E-04
   4035.969      6.5190479E-04
   4039.216      6.5799867E-04
   4042.463      6.6409243E-04
   4045.710      6.7018630E-04
   4048.957      6.7628006E-04
   4052.204      6.8237406E-04
   4055.451      6.8846782E-04
   4058.698      6.9456169E-04
   4061.945      7.0065568E-04
   4065.192      7.0674950E-04
   4068.439      7.1284320E-04
   4071.687      7.1893726E-04
   4074.934      7.2503096E-04
   4078.181      7.3112495E-04
   4081.428      7.3721865E-04
   4084.676      7.4331270E-04
   4087.923      7.4940646E-04
   4091.171      7.5550046E-04
   4094.418      7.6159416E-04
   4097.666      7.6768815E-04
   4100.913      7.7378185E-04
   4104.161      7.7987585E-04
   4107.408      7.8596961E-04
   4110.656      7.9206354E-04
   4113.904      7.9815747E-04
   4117.151      8.0425123E-04
   4120.399      8.1034517E-04
   4123.647      8.1643899E-04
   4126.895      8.2253275E-04
   4130.143      8.2862674E-04
   4133.390      8.3472062E-04
   4136.638      8.4081438E-04
   4139.886      8.4690819E-04
   4143.134      8.5300219E-04
   4146.382      8.5909601E-04
   4149.630      8.6518988E-04
   4152.878      8.7128370E-04
   4156.126      8.7737752E-04
   4159.375      8.8347145E-04
   4162.623      8.8956527E-04
   4165.871      8.9565909E-04
   4169.120      9.0175308E-04
   4172.368      9.0784690E-04
   4175.616      9.1394078E-04
   4178.865      9.2003460E-04
   4182.113      9.2612847E-04
   4185.362      9.3222229E-04
   4188.610      9.3831628E-04
   4191.858      9.4440999E-04
   4195.107      9.5050392E-04
   4198.356      9.5659774E-04
   4201.604      9.6269156E-04
   4204.853      9.6878555E-04
   4208.102      9.7487948E-04
   4211.351      9.8097313E-04
   4214.600      9.8706689E-04
   4217.848      9.9316088E-04
   4221.097      9.9925499E-04
   4224.346      1.0053485E-03
   4227.595      1.0114423E-03
   4230.844      1.0175364E-03
   4234.093      1.0236303E-03
   4237.342      1.0297238E-03
   4240.591      1.0358181E-03
   4243.840      1.0419119E-03
   4247.090      1.0480058E-03
   4250.339      1.0540994E-03
   4253.588      1.0601934E-03
   4256.837      1.0662872E-03
   4260.087      1.0723810E-03
   4263.336      1.0784748E-03
   4266.585      1.0845688E-03
   4269.835      1.0906627E-03
   4273.084      1.0967565E-03
   4276.334      1.1028503E-03
   4279.583      1.1089444E-03
   4282.833      1.1150382E-03
   4286.083      1.1211319E-03
   4289.333      1.1272257E-03
   4292.582      1.1333198E-03
   4295.832      1.1394133E-03
   4299.082      1.1455076E-03
   4302.332      1.1516013E-03
   4305.582      1.1576952E-03
   4308.831      1.1637890E-03
   4312.081      1.1698827E-03
   4315.331      1.1759767E-03
   4318.581      1.1820706E-03
   4321.832      1.1881645E-03
   4325.082      1.1942583E-03
   4328.332      1.2003519E-03
   4331.582      1.2064460E-03
   4334.832      1.2125397E-03
   4338.082      1.2186337E-03
   4341.333      1.2247277E-03
   4344.583      1.2308215E-03
   4347.833      1.2369152E-03
   4351.083      1.2430091E-03
   4354.334      1.2491030E-03
   4357.584      1.2551971E-03
   4360.835      1.2612906E-03
   4364.086      1.2673846E-03
   4367.336      1.2734783E-03
   4370.587      1.2795723E-03
   4373.838      1.2856663E-03
   4377.088      1.2917600E-03
   4380.339      1.2978539E-03
   4383.590      1.3039479E-03
   4386.841      1.3100416E-03
   4390.092      1.3161354E-03
   4393.343      1.3222295E-03
   4396.594      1.3283233E-03
   4399.845      1.3344170E-03
   4403.096      1.3405109E-03
   4406.347      1.3466049E-03
   4409.598      1.3526987E-03
   4412.849      1.3587923E-03
   4416.101      1.3648865E-03
   4419.352      1.3709804E-03
   4422.603      1.3770740E-03
   4425.854      1.3831679E-03
   4429.106      1.3892618E-03
   4432.357      1.3953556E-03
   4435.609      1.4014492E-03
   4438.860      1.4075434E-03
   4442.112      1.4142953E-03
   4445.363      1.4217745E-03
   4448.615      1.4307066E-03
   4451.867      1.4423592E-03
   4455.118      1.4587877E-03
   4458.370      1.4830618E-03
   4461.622      1.5193635E-03
   4464.874      1.5728066E-03
   4468.125      1.6488294E-03
   4471.377      1.7520929E-03
   4474.629      1.8849793E-03
   4477.881      2.0459944E-03
   4481.134      2.2285646E-03
   4484.386      2.4207549E-03
   4487.638      2.6062378E-03
   4490.890      2.7665200E-03
   4494.142      2.8839633E-03
   4497.395      2.9448410E-03
   4500.647      2.9416117E-03
   4503.899      2.8738426E-03
   4507.151      2.7476384E-03
   4510.404      2.5739081E-03
   4513.656      2.3660650E-03
   4516.909      2.1378081E-03
   4520.162      1.9014408E-03
   4523.414      1.6669392E-03
   4526.667      1.4417055E-03
   4529.919      1.2308098E-03
   4533.172      1.0374747E-03
   4536.425      8.6360745E-04
   4539.678      7.1026356E-04
   4542.931      5.7771109E-04
   4546.184      4.6669671E-04
   4549.437      3.7722033E-04
   4552.689      3.0928222E-04
   4555.942      2.6288230E-04
   4559.195      2.3802069E-04
   4562.449      2.3469733E-04
   4565.702      2.5291217E-04
   4568.955      2.9266515E-04
   4572.208      3.5395610E-04
   4575.461      4.3678505E-04
   4578.715      5.4115197E-04
   4581.968      6.6705648E-04
   4585.222      8.1449910E-04
   4588.475      9.8347955E-04
   4591.729      1.1739983E-03
   4594.982      1.3860553E-03
   4598.236      1.6196504E-03
   4601.489      1.8747840E-03
   4604.743      2.1514553E-03
   4607.997      2.4496655E-03
   4611.250      2.7694136E-03
   4614.504      3.1107005E-03
   4617.758      3.4735238E-03
   4621.012      3.8578862E-03
   4624.266      4.2637857E-03
   4627.520      4.6912241E-03
   4630.774      5.1401998E-03
   4634.028      5.6107133E-03
   4637.282      6.1027645E-03
   4640.537      6.6163549E-03
   4643.791      7.1514822E-03
   4647.045      7.7081504E-03
   4650.299      8.2863532E-03
   4653.554      8.8860961E-03
   4656.808      9.5073767E-03
   4660.063      1.0150197E-02
   4663.317      1.0814555E-02
   4666.571      1.1501043E-02
   4669.826      1.2209320E-02
   4673.081      1.2939757E-02
   4676.335      1.3694176E-02
   4679.590      1.4472364E-02
   4682.845      1.5278057E-02
   4686.100      1.6113462E-02
   4689.354      1.6983178E-02
   4692.609      1.7891783E-02
   4695.864      1.8846827E-02
   4699.119      1.9856207E-02
   4702.375      2.0929331E-02
   4705.629      2.2077899E-02
   4708.884      2.3313921E-02
   4712.140      2.4654539E-02
   4715.395      2.6117176E-02
   4718.650      2.7725656E-02
   4721.905      2.9507566E-02
   4725.161      3.1493045E-02
   4728.416      3.3717584E-02
   4731.672      3.6217608E-02
   4734.927      3.9029952E-02
   4738.183      4.2187437E-02
   4741.438      4.5715626E-02
   4744.694      4.9629893E-02
   4747.950      5.3937182E-02
   4751.205      5.8633707E-02
   4754.461      6.3709989E-02
   4757.717      6.9159254E-02
   4760.973      7.4981056E-02
   4764.229      8.1185512E-02
   4767.484      8.7796278E-02
   4770.741      9.4847597E-02
   4773.997      0.1023800    
   4777.252      0.1104320    
   4780.509      0.1190340    
   4783.765      0.1281965    
   4787.021      0.1379122    
   4790.277      0.1481564    
   4793.534      0.1588881    
   4796.790      0.1700624    
   4800.047      0.1816421    
   4803.303      0.1936000    
   4806.560      0.2059256    
   4809.816      0.2186220    
   4813.073      0.2316967    
   4816.330      0.2451579    
   4819.586      0.2590061    
   4822.843      0.2732300    
   4826.100      0.2878075    
   4829.356      0.3027050    
   4832.613      0.3178824    
   4835.871      0.3332977    
   4839.127      0.3489039    
   4842.384      0.3646563    
   4845.642      0.3805130    
   4848.899      0.3964393    
   4852.156      0.4124093    
   4855.413      0.4284121    
   4858.670      0.4444394    
   4861.928      0.4604870    
   4865.185      0.4765428    
   4868.443      0.4925861    
   4871.700      0.5085768    
   4874.958      0.5244576    
   4878.215      0.5401591    
   4881.473      0.5556071    
   4884.730      0.5707313    
   4887.988      0.5854776    
   4891.246      0.5998022    
   4894.504      0.6136952    
   4897.762      0.6271595    
   4901.020      0.6402108    
   4904.278      0.6528808    
   4907.536      0.6652029    
   4910.793      0.6772057    
   4914.052      0.6889092    
   4917.310      0.7003285    
   4920.568      0.7114611    
   4923.827      0.7223019    
   4927.085      0.7328367    
   4930.343      0.7430508    
   4933.602      0.7529302    
   4936.860      0.7624656    
   4940.119      0.7716595    
   4943.377      0.7805190    
   4946.636      0.7890606    
   4949.895      0.7973015    
   4953.153      0.8052654    
   4956.412      0.8129656    
   4959.670      0.8204165    
   4962.930      0.8276259    
   4966.188      0.8345992    
   4969.447      0.8413338    
   4972.707      0.8478267    
   4975.965      0.8540785    
   4979.225      0.8600841    
   4982.484      0.8658436    
   4985.743      0.8713570    
   4989.002      0.8766272    
   4992.262      0.8816718    
   4995.521      0.8865066    
   4998.780      0.8911597    
   5002.040      0.8956679    
   5005.299      0.9000544    
   5008.559      0.9043362    
   5011.818      0.9085124    
   5015.078      0.9125588    
   5018.338      0.9164355    
   5021.598      0.9201007    
   5024.857      0.9235221    
   5028.117      0.9266813    
   5031.377      0.9295886    
   5034.637      0.9322765    
   5037.897      0.9347860    
   5041.157      0.9371701    
   5044.417      0.9394758    
   5047.678      0.9417452    
   5050.938      0.9440036    
   5054.198      0.9462665    
   5057.458      0.9485344    
   5060.719      0.9507970    
   5063.979      0.9530324    
   5067.240      0.9552057    
   5070.500      0.9572861    
   5073.761      0.9592370    
   5077.021      0.9610247    
   5080.282      0.9626396    
   5083.543      0.9640802    
   5086.804      0.9653658    
   5090.065      0.9665296    
   5093.326      0.9676067    
   5096.587      0.9686358    
   5099.848      0.9696459    
   5103.109      0.9706514    
   5106.370      0.9716672    
   5109.631      0.9726958    
   5112.892      0.9737461    
   5116.154      0.9748238    
   5119.415      0.9759303    
   5122.676      0.9770621    
   5125.938      0.9782017    
   5129.199      0.9793251    
   5132.461      0.9803936    
   5135.723      0.9813709    
   5138.984      0.9822329    
   5142.246      0.9829639    
   5145.508      0.9835629    
   5148.770      0.9840437    
   5152.031      0.9844289    
   5155.293      0.9847320    
   5158.555      0.9849622    
   5161.817      0.9851223    
   5165.079      0.9852110    
   5168.341      0.9852343    
   5171.604      0.9852021    
   5174.866      0.9851447    
   5178.128      0.9851024    
   5181.391      0.9851124    
   5184.653      0.9852155    
   5187.916      0.9854344    
   5191.178      0.9857691    
   5194.440      0.9862037    
   5197.703      0.9866961    
   5200.966      0.9871961    
   5204.229      0.9876533    
   5207.491      0.9880195    
   5210.754      0.9882688    
   5214.017      0.9883904    
   5217.280      0.9883898    
   5220.543      0.9882869    
   5223.806      0.9881111    
   5227.069      0.9878828    
   5230.333      0.9876259    
   5233.596      0.9873508    
   5236.859      0.9870593    
   5240.122      0.9867520    
   5243.385      0.9864284    
   5246.649      0.9860960    
   5249.913      0.9857607    
   5253.176      0.9854464    
   5256.439      0.9851751    
   5259.703      0.9849682    
   5262.967      0.9848380    
   5266.231      0.9847878    
   5269.495      0.9848089    
   5272.758      0.9848816    
   5276.022      0.9849813    
   5279.287      0.9850765    
   5282.550      0.9851449    
   5285.814      0.9851614    
   5289.079      0.9851090    
   5292.343      0.9849791    
   5295.607      0.9847643    
   5298.872      0.9844707    
   5302.136      0.9841024    
   5305.400      0.9836693    
   5308.665      0.9831809    
   5311.929      0.9826447    
   5315.194      0.9820675    
   5318.458      0.9814538    
   5321.724      0.9808009    
   5324.988      0.9800953    
   5328.253      0.9793321    
   5331.518      0.9784945    
   5334.783      0.9775769    
   5338.048      0.9765822    
   5341.313      0.9755189    
   5344.578      0.9744088    
   5347.843      0.9732826    
   5351.108      0.9721715    
   5354.374      0.9711003    
   5357.639      0.9700933    
   5360.905      0.9691657    
   5364.170      0.9683163    
   5367.436      0.9675340    
   5370.701      0.9668020    
   5373.967      0.9660967    
   5377.232      0.9653932    
   5380.498      0.9646734    
   5383.764      0.9639225    
   5387.030      0.9631261    
   5390.296      0.9622761    
   5393.562      0.9613584    
   5396.828      0.9603559    
   5400.094      0.9592549    
   5403.360      0.9580469    
   5406.626      0.9567339    
   5409.893      0.9553373    
   5413.159      0.9538945    
   5416.425      0.9524542    
   5419.691      0.9510681    
   5422.958      0.9497814    
   5426.225      0.9486199    
   5429.491      0.9475859    
   5432.758      0.9466631    
   5436.025      0.9458159    
   5439.292      0.9449981    
   5442.559      0.9441664    
   5445.825      0.9432738    
   5449.092      0.9422868    
   5452.359      0.9411775    
   5455.626      0.9399318    
   5458.894      0.9385423    
   5462.161      0.9370123    
   5465.428      0.9353526    
   5468.695      0.9335843    
   5471.962      0.9317276    
   5475.230      0.9298071    
   5478.498      0.9278438    
   5481.765      0.9258539    
   5485.033      0.9238505    
   5488.300      0.9218462    
   5491.568      0.9198450    
   5494.836      0.9178568    
   5498.104      0.9158909    
   5501.372      0.9139519    
   5504.640      0.9120399    
   5507.908      0.9101508    
   5511.176      0.9082723    
   5514.444      0.9063865    
   5517.712      0.9044800    
   5520.980      0.9025426    
   5524.249      0.9005731    
   5527.517      0.8985860    
   5530.786      0.8966002    
   5534.054      0.8946451    
   5537.323      0.8927500    
   5540.591      0.8909369    
   5543.860      0.8892138    
   5547.128      0.8875777    
   5550.397      0.8859971    
   5553.667      0.8844326    
   5556.935      0.8828319    
   5560.204      0.8811470    
   5563.473      0.8793383    
   5566.742      0.8773859    
   5570.012      0.8752878    
   5573.281      0.8730617    
   5576.550      0.8707413    
   5579.819      0.8683608    
   5583.089      0.8659492    
   5586.358      0.8635246    
   5589.628      0.8610886    
   5592.897      0.8586312    
   5596.167      0.8561336    
   5599.437      0.8535780    
   5602.707      0.8509494    
   5605.977      0.8482488    
   5609.246      0.8454789    
   5612.516      0.8426578    
   5615.787      0.8398077    
   5619.057      0.8369527    
   5622.327      0.8341190    
   5625.597      0.8313285    
   5628.867      0.8286012    
   5632.137      0.8259481    
   5635.408      0.8233739    
   5638.678      0.8208742    
   5641.949      0.8184395    
   5645.219      0.8160475    
   5648.490      0.8136705    
   5651.761      0.8112788    
   5655.031      0.8088341    
   5658.302      0.8062984    
   5661.573      0.8036389    
   5664.844      0.8008307    
   5668.115      0.7978669    
   5671.386      0.7947571    
   5674.657      0.7915319    
   5677.929      0.7882359    
   5681.200      0.7849224    
   5684.471      0.7816445    
   5687.743      0.7784418    
   5691.014      0.7753406    
   5694.286      0.7723439    
   5697.557      0.7694350    
   5700.829      0.7665854    
   5704.101      0.7637628    
   5707.372      0.7609331    
   5710.644      0.7580791    
   5713.916      0.7551885    
   5717.188      0.7522673    
   5720.460      0.7493248    
   5723.732      0.7463747    
   5727.004      0.7434270    
   5730.276      0.7404820    
   5733.548      0.7375327    
   5736.821      0.7345614    
   5740.093      0.7315480    
   5743.366      0.7284709    
   5746.638      0.7253196    
   5749.911      0.7220893    
   5753.184      0.7187856    
   5756.456      0.7154247    
   5759.729      0.7120229    
   5763.002      0.7085970    
   5766.275      0.7051626    
   5769.548      0.7017258    
   5772.821      0.6982865    
   5776.094      0.6948377    
   5779.367      0.6913641    
   5782.641      0.6878462    
   5785.914      0.6842614    
   5789.187      0.6805936    
   5792.460      0.6768371    
   5795.734      0.6730011    
   5799.008      0.6691112    
   5802.281      0.6652063    
   5805.555      0.6613312    
   5808.829      0.6575297    
   5812.103      0.6538313    
   5815.376      0.6502506    
   5818.650      0.6467782    
   5821.924      0.6433893    
   5825.198      0.6400424    
   5828.472      0.6366879    
   5831.747      0.6332806    
   5835.021      0.6297820    
   5838.295      0.6261698    
   5841.569      0.6224359    
   5844.844      0.6185887    
   5848.119      0.6146479    
   5851.393      0.6106417    
   5854.668      0.6065997    
   5857.942      0.6025521    
   5861.217      0.5985267    
   5864.492      0.5945448    
   5867.767      0.5906197    
   5871.042      0.5867609    
   5874.317      0.5829694    
   5877.592      0.5792378    
   5880.868      0.5755517    
   5884.143      0.5718934    
   5887.418      0.5682421    
   5890.693      0.5645772    
   5893.969      0.5608828    
   5897.244      0.5571523    
   5900.520      0.5533854    
   5903.796      0.5495902    
   5907.071      0.5457779    
   5910.347      0.5419624    
   5913.623      0.5381529    
   5916.899      0.5343542    
   5920.175      0.5305655    
   5923.451      0.5267815    
   5926.727      0.5229952    
   5930.003      0.5192008    
   5933.279      0.5153947    
   5936.556      0.5115749    
   5939.832      0.5077425    
   5943.108      0.5039018    
   5946.385      0.5000568    
   5949.662      0.4962115    
   5952.938      0.4923707    
   5956.215      0.4885346    
   5959.492      0.4847012    
   5962.769      0.4808586    
   5966.045      0.4769898    
   5969.323      0.4730747    
   5972.600      0.4690889    
   5975.877      0.4650161    
   5979.154      0.4608516    
   5982.431      0.4566024    
   5985.708      0.4522862    
   5988.986      0.4479260    
   5992.263      0.4435458    
   5995.541      0.4391620    
   5998.818      0.4347835    
   6002.096      0.4304124    
   6005.374      0.4260472    
   6008.652      0.4216904    
   6011.930      0.4173457    
   6015.208      0.4130278    
   6018.485      0.4087526    
   6021.764      0.4045351    
   6025.042      0.4003875    
   6028.320      0.3963144    
   6031.598      0.3923126    
   6034.876      0.3883753    
   6038.155      0.3844931    
   6041.434      0.3806593    
   6044.712      0.3768692    
   6047.991      0.3731214    
   6051.270      0.3694155    
   6054.548      0.3657494    
   6057.827      0.3621184    
   6061.106      0.3585124    
   6064.385      0.3549223    
   6067.664      0.3513404    
   6070.943      0.3477607    
   6074.222      0.3441851    
   6077.501      0.3406188    
   6080.781      0.3370685    
   6084.060      0.3335398    
   6087.339      0.3300338    
   6090.619      0.3265479    
   6093.898      0.3230738    
   6097.178      0.3196020    
   6100.458      0.3161210    
   6103.738      0.3126230    
   6107.018      0.3090991    
   6110.298      0.3055400    
   6113.578      0.3019423    
   6116.857      0.2982994    
   6120.138      0.2946114    
   6123.418      0.2908846    
   6126.698      0.2871283    
   6129.979      0.2833599    
   6133.259      0.2796015    
   6136.540      0.2758767    
   6139.820      0.2722096    
   6143.101      0.2686203    
   6146.381      0.2651216    
   6149.663      0.2617180    
   6152.943      0.2584061    
   6156.224      0.2551747    
   6159.505      0.2520092    
   6162.786      0.2488958    
   6166.067      0.2458205    
   6169.349      0.2427737    
   6172.630      0.2397495    
   6175.911      0.2367453    
   6179.192      0.2337597    
   6182.474      0.2307923    
   6185.756      0.2278415    
   6189.037      0.2249035    
   6192.319      0.2219727    
   6195.601      0.2190433    
   6198.883      0.2161115    
   6202.165      0.2131755    
   6205.447      0.2102379    
   6208.729      0.2073053    
   6212.011      0.2043896    
   6215.293      0.2015011    
   6218.575      0.1986530    
   6221.857      0.1958547    
   6225.140      0.1931120    
   6228.422      0.1904299    
   6231.705      0.1878097    
   6234.988      0.1852509    
   6238.271      0.1827514    
   6241.553      0.1803051    
   6244.836      0.1779027    
   6248.119      0.1755304    
   6251.402      0.1731677    
   6254.685      0.1707893    
   6257.968      0.1683694    
   6261.251      0.1658829    
   6264.535      0.1633111    
   6267.818      0.1606468    
   6271.102      0.1578956    
   6274.385      0.1550777    
   6277.668      0.1522247    
   6280.952      0.1493761    
   6284.236      0.1465730    
   6287.520      0.1438506    
   6290.804      0.1412328    
   6294.087      0.1387312    
   6297.372      0.1363439    
   6300.656      0.1340574    
   6303.940      0.1318538    
   6307.224      0.1297131    
   6310.508      0.1276192    
   6313.793      0.1255616    
   6317.077      0.1235353    
   6320.362      0.1215424    
   6323.646      0.1195878    
   6326.931      0.1176788    
   6330.216      0.1158202    
   6333.500      0.1140124    
   6336.786      0.1122507    
   6340.070      0.1105248    
   6343.355      0.1088208    
   6346.641      0.1071208    
   6349.926      0.1054095    
   6353.211      0.1036752    
   6356.497      0.1019131    
   6359.782      0.1001254    
   6363.067      9.8322541E-02
   6366.353      9.6519835E-02
   6369.639      9.4734222E-02
   6372.924      9.2981189E-02
   6376.210      9.1270588E-02
   6379.496      8.9605130E-02
   6382.782      8.7980427E-02
   6386.068      8.6387195E-02
   6389.354      8.4813662E-02
   6392.640      8.3250672E-02
   6395.926      8.1693202E-02
   6399.212      8.0142997E-02
   6402.499      7.8607835E-02
   6405.786      7.7098772E-02
   6409.072      7.5628363E-02
   6412.358      7.4205406E-02
   6415.646      7.2834067E-02
   6418.932      7.1512155E-02
   6422.219      7.0230767E-02
   6425.506      6.8978965E-02
   6428.793      6.7743748E-02
   6432.080      6.6515349E-02
   6435.367      6.5289192E-02
   6438.654      6.4065844E-02
   6441.941      6.2850922E-02
   6445.229      6.1653625E-02
   6448.516      6.0483463E-02
   6451.804      5.9347514E-02
   6455.091      5.8249816E-02
   6458.379      5.7190057E-02
   6461.667      5.6164645E-02
   6464.955      5.5168800E-02
   6468.243      5.4196574E-02
   6471.531      5.3243320E-02
   6474.818      5.2304719E-02
   6478.107      5.1377364E-02
   6481.395      5.0456751E-02
   6484.683      4.9538273E-02
   6487.972      4.8616398E-02
   6491.260      4.7686338E-02
   6494.548      4.6743318E-02
   6497.837      4.5784816E-02
   6501.125      4.4810586E-02
   6504.415      4.3823373E-02
   6507.703      4.2828999E-02
   6510.992      4.1834958E-02
   6514.281      4.0851563E-02
   6517.570      3.9888628E-02
   6520.859      3.8957134E-02
   6524.148      3.8065761E-02
   6527.438      3.7220459E-02
   6530.727      3.6423463E-02
   6534.017      3.5672881E-02
   6537.306      3.4961887E-02
   6540.596      3.4281805E-02
   6543.885      3.3621494E-02
   6547.175      3.2970920E-02
   6550.465      3.2322142E-02
   6553.755      3.1668935E-02
   6557.044      3.1008968E-02
   6560.334      3.0341456E-02
   6563.625      2.9667385E-02
   6566.915      2.8988304E-02
   6570.206      2.8308440E-02
   6573.496      2.7632371E-02
   6576.786      2.6966348E-02
   6580.077      2.6317718E-02
   6583.367      2.5694309E-02
   6586.658      2.5101470E-02
   6589.949      2.4542244E-02
   6593.239      2.4014877E-02
   6596.530      2.3514530E-02
   6599.821      2.3033390E-02
   6603.112      2.2563105E-02
   6606.403      2.2096306E-02
   6609.695      2.1628369E-02
   6612.986      2.1157263E-02
   6616.277      2.0684123E-02
   6619.569      2.0212203E-02
   6622.860      1.9744895E-02
   6626.152      1.9286828E-02
   6629.443      1.8841451E-02
   6632.735      1.8412104E-02
   6636.027      1.8001311E-02
   6639.319      1.7611418E-02
   6642.611      1.7243337E-02
   6645.903      1.6897263E-02
   6649.195      1.6571101E-02
   6652.488      1.6261764E-02
   6655.780      1.5963821E-02
   6659.072      1.5669871E-02
   6662.365      1.5373510E-02
   6665.657      1.5069351E-02
   6668.950      1.4755178E-02
   6672.243      1.4430920E-02
   6675.536      1.4100893E-02
   6678.828      1.3771474E-02
   6682.122      1.3448694E-02
   6685.415      1.3137365E-02
   6688.708      1.2839946E-02
   6692.001      1.2554999E-02
   6695.294      1.2278539E-02
   6698.587      1.2004002E-02
   6701.881      1.1725040E-02
   6705.174      1.1436784E-02
   6708.468      1.1136848E-02
   6711.762      1.0827339E-02
   6715.055      1.0513660E-02
   6718.349      1.0203116E-02
   6721.643      9.9051651E-03
   6724.937      9.6281124E-03
   6728.231      9.3786800E-03
   6731.525      9.1607394E-03
   6734.819      8.9742159E-03
   6738.114      8.8153640E-03
   6741.408      8.6778095E-03
   6744.703      8.5532805E-03
   6747.998      8.4331203E-03
   6751.292      8.3091278E-03
   6754.587      8.1742434E-03
   6757.881      8.0241710E-03
   6761.176      7.8568142E-03
   6764.471      7.6725874E-03
   6767.766      7.4747908E-03
   6771.062      7.2675422E-03
   6774.357      7.0563457E-03
   6777.652      6.8462389E-03
   6780.947      6.6409903E-03
   6784.243      6.4438493E-03
   6787.539      6.2563210E-03
   6790.834      6.0791578E-03
   6794.129      5.9135398E-03
   6797.425      5.7602054E-03
   6800.721      5.6199334E-03
   6804.018      5.4932740E-03
   6807.313      5.3795823E-03
   6810.609      5.2773748E-03
   6813.905      5.1842644E-03
   6817.202      5.0974167E-03
   6820.498      5.0132573E-03
   6823.794      4.9282457E-03
   6827.091      4.8391996E-03
   6830.388      4.7431230E-03
   6833.685      4.6379543E-03
   6836.981      4.5226715E-03
   6840.278      4.3979669E-03
   6843.575      4.2658611E-03
   6846.872      4.1306401E-03
   6850.169      3.9976994E-03
   6853.466      3.8729676E-03
   6856.764      3.7617139E-03
   6860.061      3.6671816E-03
   6863.358      3.5908234E-03
   6866.656      3.5311640E-03
   6869.954      3.4847115E-03
   6873.251      3.4469373E-03
   6876.549      3.4121436E-03
   6879.847      3.3747854E-03
   6883.145      3.3300116E-03
   6886.443      3.2741504E-03
   6889.741      3.2055641E-03
   6893.039      3.1244024E-03
   6896.337      3.0329463E-03
   6899.635      2.9356305E-03
   6902.934      2.8377862E-03
   6906.232      2.7446412E-03
   6909.531      2.6609974E-03
   6912.830      2.5896332E-03
   6916.128      2.5315522E-03
   6919.427      2.4862215E-03
   6922.726      2.4519761E-03
   6926.025      2.4266746E-03
   6929.324      2.4083348E-03
   6932.623      2.3953982E-03
   6935.923      2.3866706E-03
   6939.222      2.3808710E-03
   6942.521      2.3761939E-03
   6945.821      2.3703554E-03
   6949.121      2.3603684E-03
   6952.420      2.3436700E-03
   6955.720      2.3182970E-03
   6959.020      2.2840113E-03
   6962.320      2.2422920E-03
   6965.620      2.1958414E-03
   6968.920      2.1483812E-03
   6972.220      2.1031487E-03
   6975.520      2.0632078E-03
   6978.821      2.0304713E-03
   6982.121      2.0054430E-03
   6985.421      1.9873115E-03
   6988.722      1.9738111E-03
   6992.023      2.0971298E-03
   6995.324      2.0189583E-03
   6998.625      1.9407943E-03
   7001.925      1.8626228E-03
   7005.227      1.7844513E-03
   7008.528      1.7062873E-03
   7011.829      1.6281158E-03
   7015.130      1.5499517E-03
   7018.432      1.4717802E-03
   7021.733      1.3936087E-03
   7025.035      1.3154447E-03
   7028.336      1.2372732E-03
   7031.638      1.1591017E-03
   7034.940      1.0809377E-03
   7038.242      1.0027662E-03
   7041.543      9.2460215E-04
   7044.846      8.4643066E-04
