   3701.714      9.7400078E-04
   3704.958      9.7006618E-04
   3708.201      9.6547388E-04
   3711.445      9.6027675E-04
   3714.688      9.5455308E-04
   3717.932      9.4839546E-04
   3721.176      9.4189995E-04
   3724.420      9.3515532E-04
   3727.664      9.2823693E-04
   3730.908      9.2120393E-04
   3734.152      9.1409928E-04
   3737.396      9.0695248E-04
   3740.639      8.9978200E-04
   3743.884      8.9259911E-04
   3747.127      8.8541006E-04
   3750.372      8.7821775E-04
   3753.616      8.7102456E-04
   3756.860      8.6383108E-04
   3760.104      8.5663761E-04
   3763.348      8.4944424E-04
   3766.592      8.4225083E-04
   3769.836      8.3505735E-04
   3773.081      8.2786405E-04
   3776.325      8.2067045E-04
   3779.569      8.1347727E-04
   3782.814      8.0628361E-04
   3786.058      7.9909037E-04
   3789.302      7.9189695E-04
   3792.547      7.8470347E-04
   3795.791      7.7751011E-04
   3799.036      7.7031675E-04
   3802.280      7.6312316E-04
   3805.525      7.5592991E-04
   3808.770      7.4873643E-04
   3812.014      7.4154296E-04
   3815.259      7.3434965E-04
   3818.503      7.2715618E-04
   3821.748      7.1996282E-04
   3824.993      7.1276940E-04
   3828.238      7.0557580E-04
   3831.482      6.9838250E-04
   3834.727      6.9118896E-04
   3837.972      6.8399566E-04
   3841.217      6.7680230E-04
   3844.462      6.6960877E-04
   3847.707      6.6241540E-04
   3850.952      6.5522193E-04
   3854.197      6.4802839E-04
   3857.442      6.4083521E-04
   3860.687      6.3364161E-04
   3863.932      6.2644837E-04
   3867.177      6.1925483E-04
   3870.423      6.1206153E-04
   3873.668      6.0486811E-04
   3876.913      5.9767457E-04
   3880.158      5.9048116E-04
   3883.404      5.8328791E-04
   3886.649      5.7609437E-04
   3889.894      5.6890101E-04
   3893.140      5.6170759E-04
   3896.385      5.5451400E-04
   3899.630      5.4732076E-04
   3902.876      5.4012722E-04
   3906.121      5.3293380E-04
   3909.367      5.2574050E-04
   3912.613      5.1854696E-04
   3915.858      5.1135360E-04
   3919.104      5.0416018E-04
   3922.350      4.9696676E-04
   3925.595      4.8977335E-04
   3928.841      4.8257993E-04
   3932.087      4.7538654E-04
   3935.333      4.6819309E-04
   3938.578      4.6099976E-04
   3941.824      4.5380625E-04
   3945.070      4.4661286E-04
   3948.316      4.3941950E-04
   3951.562      4.3222602E-04
   3954.808      4.2503263E-04
   3958.054      4.1783921E-04
   3961.300      4.1064571E-04
   3964.546      4.0345234E-04
   3967.792      3.9625893E-04
   3971.039      3.8906556E-04
   3974.285      3.8187209E-04
   3977.531      3.7467870E-04
   3980.777      3.6748528E-04
   3984.024      3.6029183E-04
   3987.270      3.5309841E-04
   3990.516      3.4590505E-04
   3993.763      3.3871160E-04
   3997.009      3.3151815E-04
   4000.256      3.2432479E-04
   4003.502      3.1713131E-04
   4006.749      3.0993792E-04
   4009.995      3.0274451E-04
   4013.242      2.9555109E-04
   4016.489      2.8835770E-04
   4019.735      2.8116428E-04
   4022.982      2.7397083E-04
   4026.229      2.6677744E-04
   4029.475      2.5958402E-04
   4032.722      2.5239057E-04
   4035.969      2.4519715E-04
   4039.216      2.3800378E-04
   4042.463      2.3081033E-04
   4045.710      2.2361692E-04
   4048.957      2.1642353E-04
   4052.204      2.0923010E-04
   4055.451      2.0203668E-04
   4058.698      1.9484328E-04
   4061.945      1.8764984E-04
   4065.192      1.8045642E-04
   4068.439      1.7326299E-04
   4071.687      1.6606961E-04
   4074.934      1.5887617E-04
   4078.181      1.5168276E-04
   4081.428      1.4448933E-04
   4084.676      1.3729594E-04
   4087.923      1.3010249E-04
   4091.171      1.2290907E-04
   4094.418      1.1571567E-04
   4097.666      1.0852225E-04
   4100.913      1.0132883E-04
   4104.161      9.4135408E-05
   4107.408      8.6941989E-05
   4110.656      7.9748570E-05
   4113.904      7.2555144E-05
   4117.151      6.5361732E-05
   4120.399      5.8168323E-05
   4123.647      5.0974904E-05
   4126.895      4.3781485E-05
   4130.143      3.6588084E-05
   4133.390      2.9394658E-05
   4136.638      2.2201242E-05
   4139.886      1.5007824E-05
   4143.134      7.8144094E-06
   4146.382      6.2099059E-07
   4149.630     -6.5724266E-06
   4152.878     -1.3765844E-05
   4156.126     -2.0959260E-05
   4159.375     -2.8152677E-05
   4162.623     -3.5346100E-05
   4165.871     -4.2539512E-05
   4169.120     -4.9732927E-05
   4172.368     -5.6926343E-05
   4175.616     -6.4119762E-05
   4178.865     -7.1365590E-05
   4182.113     -7.8659315E-05
   4185.362     -8.6045897E-05
   4188.610     -9.3600342E-05
   4191.858     -1.0143700E-04
   4195.107     -1.0971164E-04
   4198.356     -1.1860790E-04
   4201.604     -1.2829652E-04
   4204.853     -1.3885974E-04
   4208.102     -1.5018167E-04
   4211.351     -1.6182169E-04
   4214.600     -1.7290305E-04
   4217.848     -1.8206186E-04
   4221.097     -1.8749690E-04
   4224.346     -1.8713665E-04
   4227.595     -1.7890666E-04
   4230.844     -1.6104081E-04
   4234.093     -1.3235856E-04
   4237.342     -9.2436050E-05
   4240.591     -4.1628988E-05
   4243.840      1.9049103E-05
   4247.090      8.8149020E-05
   4250.339      1.6404243E-04
   4253.588      2.4515056E-04
   4256.837      3.3010374E-04
   4260.087      4.1781936E-04
   4263.336      5.0750980E-04
   4266.585      5.9864414E-04
   4269.835      6.9088902E-04
   4273.084      7.8404997E-04
   4276.334      8.7801961E-04
   4279.583      9.7276556E-04
   4282.833      1.0682188E-03
   4286.083      1.1643788E-03
   4289.333      1.2612464E-03
   4292.582      1.3588211E-03
   4295.832      1.4571028E-03
   4299.082      1.5560916E-03
   4302.332      1.6557877E-03
   4305.582      1.7561909E-03
   4308.831      1.8573012E-03
   4312.081      1.9591188E-03
   4315.331      2.0616436E-03
   4318.581      2.1648759E-03
   4321.832      2.2688142E-03
   4325.082      2.3734614E-03
   4328.332      2.4788142E-03
   4331.582      2.5848746E-03
   4334.832      2.6916426E-03
   4338.082      2.7991177E-03
   4341.333      2.9091043E-03
   4344.583      3.0200349E-03
   4347.833      3.1357079E-03
   4351.083      3.2585817E-03
   4354.334      3.3904100E-03
   4357.584      3.5387923E-03
   4360.835      3.7136080E-03
   4364.086      3.9237863E-03
   4367.336      4.1821729E-03
   4370.587      4.4970862E-03
   4373.838      4.8744986E-03
   4377.088      5.3140949E-03
   4380.339      5.8054072E-03
   4383.590      6.3303369E-03
   4386.841      6.8614879E-03
   4390.092      7.3716133E-03
   4393.343      7.8371810E-03
   4396.594      8.2409307E-03
   4399.845      8.5815284E-03
   4403.096      8.8702617E-03
   4406.347      9.1301631E-03
   4409.598      9.3846992E-03
   4412.849      9.6646827E-03
   4416.101      9.9890642E-03
   4419.352      1.0368966E-02
   4422.603      1.0804239E-02
   4425.854      1.1286917E-02
   4429.106      1.1799860E-02
   4432.357      1.2329896E-02
   4435.609      1.2873416E-02
   4438.860      1.3438839E-02
   4442.112      1.4049055E-02
   4445.363      1.4732948E-02
   4448.615      1.5510971E-02
   4451.867      1.6393080E-02
   4455.118      1.7372862E-02
   4458.370      1.8419761E-02
   4461.622      1.9497737E-02
   4464.874      2.0569494E-02
   4468.125      2.1599496E-02
   4471.377      2.2571271E-02
   4474.629      2.3479896E-02
   4477.881      2.4336226E-02
   4481.134      2.5167815E-02
   4484.386      2.6010899E-02
   4487.638      2.6913034E-02
   4490.890      2.7926156E-02
   4494.142      2.9105607E-02
   4497.395      3.0511148E-02
   4500.647      3.2187007E-02
   4503.899      3.4168970E-02
   4507.151      3.6469694E-02
   4510.404      3.9077308E-02
   4513.656      4.1948963E-02
   4516.909      4.5030337E-02
   4520.162      4.8255298E-02
   4523.414      5.1571947E-02
   4526.667      5.4952398E-02
   4529.919      5.8415651E-02
   4533.172      6.2017322E-02
   4536.425      6.5849371E-02
   4539.678      7.0024773E-02
   4542.931      7.4657850E-02
   4546.184      7.9849422E-02
   4549.437      8.5677601E-02
   4552.689      9.2185639E-02
   4555.942      9.9396653E-02
   4559.195      0.1073269    
   4562.449      0.1159852    
   4565.702      0.1253938    
   4568.955      0.1355850    
   4572.208      0.1465981    
   4575.461      0.1584793    
   4578.715      0.1712721    
   4581.968      0.1850078    
   4585.222      0.1997065    
   4588.475      0.2153625    
   4591.729      0.2319433    
   4594.982      0.2493911    
   4598.236      0.2676154    
   4601.489      0.2865001    
   4604.743      0.3059004    
   4607.997      0.3256514    
   4611.250      0.3455728    
   4614.504      0.3654662    
   4617.758      0.3851297    
   4621.012      0.4043611    
   4624.266      0.4229598    
   4627.520      0.4407373    
   4630.774      0.4575115    
   4634.028      0.4731238    
   4637.282      0.4874282    
   4640.537      0.5003108    
   4643.791      0.5116835    
   4647.045      0.5214995    
   4650.299      0.5297608    
   4653.554      0.5365325    
   4656.808      0.5419238    
   4660.063      0.5460925    
   4663.317      0.5492204    
   4666.571      0.5514969    
   4669.826      0.5530926    
   4673.081      0.5541513    
   4676.335      0.5547782    
   4679.590      0.5550454    
   4682.845      0.5549977    
   4686.100      0.5546665    
   4689.354      0.5540792    
   4692.609      0.5532712    
   4695.864      0.5522825    
   4699.119      0.5511595    
   4702.375      0.5499452    
   4705.629      0.5486616    
   4708.884      0.5473046    
   4712.140      0.5458270    
   4715.395      0.5441431    
   4718.650      0.5421268    
   4721.905      0.5396285    
   4725.161      0.5364897    
   4728.416      0.5325559    
   4731.672      0.5276902    
   4734.927      0.5217782    
   4738.183      0.5147405    
   4741.438      0.5065231    
   4744.694      0.4971078    
   4747.950      0.4865026    
   4751.205      0.4747386    
   4754.461      0.4618652    
   4757.717      0.4479527    
   4760.973      0.4330803    
   4764.229      0.4173433    
   4767.484      0.4008417    
   4770.741      0.3836954    
   4773.997      0.3660345    
   4777.252      0.3480093    
   4780.509      0.3297834    
   4783.765      0.3115320    
   4787.021      0.2934300    
   4790.277      0.2756498    
   4793.534      0.2583403    
   4796.790      0.2416283    
   4800.047      0.2256100    
   4803.303      0.2103513    
   4806.560      0.1958934    
   4809.816      0.1822533    
   4813.073      0.1694390    
   4816.330      0.1574466    
   4819.586      0.1462639    
   4822.843      0.1358711    
   4826.100      0.1262448    
   4829.356      0.1173529    
   4832.613      0.1091591    
   4835.871      0.1016215    
   4839.127      9.4697326E-02
   4842.384      8.8342577E-02
   4845.642      8.2516000E-02
   4848.899      7.7176154E-02
   4852.156      7.2283521E-02
   4855.413      6.7799427E-02
   4858.670      6.3687831E-02
   4861.928      5.9914451E-02
   4865.185      5.6449976E-02
   4868.443      5.3270869E-02
   4871.700      5.0357189E-02
   4874.958      4.7691468E-02
   4878.215      4.5257781E-02
   4881.473      4.3037269E-02
   4884.730      4.1003808E-02
   4887.988      3.9126825E-02
   4891.246      3.7367575E-02
   4894.504      3.5690099E-02
   4897.762      3.4058675E-02
   4901.020      3.2448214E-02
   4904.278      3.0844221E-02
   4907.536      2.9242095E-02
   4910.793      2.7652975E-02
   4914.052      2.6093990E-02
   4917.310      2.4587937E-02
   4920.568      2.3163270E-02
   4923.827      2.1847459E-02
   4927.085      2.0663299E-02
   4930.343      1.9631956E-02
   4933.602      1.8764298E-02
   4936.860      1.8059757E-02
   4940.119      1.7505543E-02
   4943.377      1.7078381E-02
   4946.636      1.6742514E-02
   4949.895      1.6463086E-02
   4953.153      1.6201848E-02
   4956.412      1.5930207E-02
   4959.670      1.5626783E-02
   4962.930      1.5282374E-02
   4966.188      1.4895455E-02
   4969.447      1.4471452E-02
   4972.707      1.4018605E-02
   4975.965      1.3548843E-02
   4979.225      1.3070847E-02
   4982.484      1.2593224E-02
   4985.743      1.2124105E-02
   4989.002      1.1668068E-02
   4992.262      1.1231754E-02
   4995.521      1.0818007E-02
   4998.780      1.0432208E-02
   5002.040      1.0078090E-02
   5005.299      9.7603174E-03
   5008.559      9.4823819E-03
   5011.818      9.2453547E-03
   5015.078      9.0474589E-03
   5018.338      8.8846190E-03
   5021.598      8.7473206E-03
   5024.857      8.6255204E-03
   5028.117      8.5094422E-03
   5031.377      8.3873076E-03
   5034.637      8.2493918E-03
   5037.897      8.0878576E-03
   5041.157      7.8954343E-03
   5044.417      7.6702922E-03
   5047.678      7.4165626E-03
   5050.938      7.1377307E-03
   5054.198      6.8485239E-03
   5057.458      6.5628570E-03
   5060.719      6.2949345E-03
   5063.979      6.0559772E-03
   5067.240      5.8531645E-03
   5070.500      5.6873928E-03
   5073.761      5.5549736E-03
   5077.021      5.4475069E-03
   5080.282      5.3569335E-03
   5083.543      5.2732588E-03
   5086.804      5.1916437E-03
   5090.065      5.1099630E-03
   5093.326      5.0265859E-03
   5096.587      4.9467538E-03
   5099.848      4.8741526E-03
   5103.109      4.8113195E-03
   5106.370      4.7604926E-03
   5109.631      4.7204103E-03
   5112.892      4.6873656E-03
   5116.154      4.6569481E-03
   5119.415      4.6215700E-03
   5122.676      4.5754388E-03
   5125.938      4.5126826E-03
   5129.199      4.4293674E-03
   5132.461      4.3246830E-03
   5135.723      4.1995621E-03
   5138.984      4.0576686E-03
   5142.246      3.9046519E-03
   5145.508      3.7462490E-03
   5148.770      3.5911642E-03
   5152.031      3.4490707E-03
   5155.293      3.3267303E-03
   5158.555      3.2323676E-03
   5161.817      3.1697189E-03
   5165.079      3.1400342E-03
   5168.341      3.1400705E-03
   5171.604      3.1637717E-03
   5174.866      3.2029739E-03
   5178.128      3.2497114E-03
   5181.391      3.2968312E-03
   5184.653      3.3385623E-03
   5187.916      3.3675004E-03
   5191.178      3.3797810E-03
   5194.440      3.3715507E-03
   5197.703      3.3380270E-03
   5200.966      3.2777160E-03
   5204.229      3.1907854E-03
   5207.491      3.0771100E-03
   5210.754      2.9405796E-03
   5214.017      2.7867747E-03
   5217.280      2.6263739E-03
   5220.543      2.4705050E-03
   5223.806      2.3333600E-03
   5227.069      2.2272510E-03
   5230.333      2.1616572E-03
   5233.596      2.1399588E-03
   5236.859      2.1568867E-03
   5240.122      2.2023271E-03
   5243.385      2.2602316E-03
   5246.649      2.3136262E-03
   5249.913      2.3476195E-03
   5253.176      2.3546212E-03
   5256.439      2.3312184E-03
   5259.703      2.2824276E-03
   5262.967      2.2171249E-03
   5266.231      2.1453495E-03
   5269.495      2.0759364E-03
   5272.758      2.0140149E-03
   5276.022      1.9609854E-03
   5279.287      1.9141610E-03
   5282.550      1.8681403E-03
   5285.814      1.8176343E-03
   5289.079      1.7607308E-03
   5292.343      1.6951285E-03
   5295.607      1.6241730E-03
   5298.872      1.5517629E-03
   5302.136      1.4838040E-03
   5305.400      1.4235170E-03
   5308.665      1.3739469E-03
   5311.929      1.3353315E-03
   5315.194      1.3050232E-03
   5318.458      1.2794411E-03
   5321.724      1.2569785E-03
   5324.988      1.2345489E-03
   5328.253      1.2140458E-03
   5331.518      1.1975071E-03
   5334.783      1.1895912E-03
   5338.048      1.1939557E-03
   5341.313      1.2131474E-03
   5344.578      1.2491909E-03
   5347.843      1.3001797E-03
   5351.108      1.3622820E-03
   5354.374      1.4293968E-03
   5357.639      1.4961105E-03
   5360.905      1.5539345E-03
   5364.170      1.5987903E-03
   5367.436      1.6252424E-03
   5370.701      1.6313373E-03
   5373.967      1.6167851E-03
   5377.232      1.5819677E-03
   5380.498      1.5284813E-03
   5383.764      1.4588184E-03
   5387.030      1.3758177E-03
   5390.296      1.2824970E-03
   5393.562      1.1848978E-03
   5396.828      1.0881852E-03
   5400.094      9.9765742E-04
   5403.360      9.1862888E-04
   5406.626      8.5532386E-04
   5409.893      8.0715510E-04
   5413.159      7.7283569E-04
   5416.425      7.4922474E-04
   5419.691      7.3154585E-04
   5422.958      7.1456720E-04
   5426.225      6.9259695E-04
   5429.491      6.6150411E-04
   5432.758      6.1634945E-04
   5436.025      5.5472716E-04
   5439.292      4.7684010E-04
   5442.559      3.8530675E-04
   5445.825      2.8643315E-04
   5449.092      1.9089498E-04
   5452.359      1.1062216E-04
   5455.626      5.7057568E-05
   5458.894      3.9363367E-05
   5462.161      6.1360879E-05
   5465.428      1.1938773E-04
   5468.695      2.0497217E-04
   5471.962      3.0373069E-04
   5475.230      3.9979120E-04
   5478.498      4.7846991E-04
   5481.765      5.2873569E-04
   5485.033      5.4520916E-04
   5488.300      5.2932015E-04
   5491.568      4.8655644E-04
   5494.836      4.2699458E-04
   5498.104      3.6063415E-04
   5501.372      2.9467850E-04
   5504.640      2.3249167E-04
   5507.908      1.7292617E-04
   5511.176      1.1371730E-04
   5514.444      5.1073574E-05
   5517.712     -1.6990531E-05
   5520.980     -8.7104781E-05
   5524.249     -1.5073422E-04
   5527.517     -1.9652789E-04
   5530.786     -2.1140350E-04
   5534.054     -1.8184136E-04
   5537.323     -1.0148779E-04
   5540.591      3.0431009E-05
   5543.860      2.0772453E-04
   5547.128      4.1595634E-04
   5550.397      6.3641858E-04
   5553.667      8.4775471E-04
   5556.935      1.0311020E-03
   5560.204      1.1709973E-03
   5563.473      1.2583734E-03
   5566.742      1.2942277E-03
   5570.012      1.2846059E-03
   5573.281      1.2428239E-03
   5576.550      1.1844778E-03
   5579.819      1.1247194E-03
   5583.089      1.0738072E-03
   5586.358      1.0358577E-03
   5589.628      1.0086825E-03
   5592.897      9.8614069E-04
   5596.167      9.5946412E-04
   5599.437      9.2115515E-04
   5602.707      8.6566748E-04
   5605.977      7.9030416E-04
   5609.246      6.9453521E-04
   5612.516      5.8016850E-04
   5615.787      4.5204168E-04
   5619.057      3.1864861E-04
   5622.327      1.8831110E-04
   5625.597      7.2273913E-05
   5628.867     -1.7474582E-05
   5632.137     -7.3263756E-05
   5635.408     -9.1372240E-05
   5638.678     -7.4584008E-05
   5641.949     -3.1514577E-05
   5645.219      2.2990936E-05
   5648.490      7.3950549E-05
   5651.761      1.0862942E-04
   5655.031      1.2131546E-04
   5658.302      1.1364880E-04
   5661.573      9.5325522E-05
   5664.844      8.1280145E-05
   5668.115      8.4468418E-05
   5671.386      1.1522743E-04
   5674.657      1.7535343E-04
   5677.929      2.5905925E-04
   5681.200      3.5332164E-04
   5684.471      4.4413330E-04
   5687.743      5.1683182E-04
   5691.014      5.6395977E-04
   5694.286      5.8236445E-04
   5697.557      5.7696592E-04
   5700.829      5.5549538E-04
   5704.101      5.2763242E-04
   5707.372      4.9952301E-04
   5710.644      4.7287386E-04
   5713.916      4.4500685E-04
   5717.188      4.0954372E-04
   5720.460      3.5832255E-04
   5723.732      2.8639723E-04
   5727.004      1.8965875E-04
   5730.276      7.0067770E-05
   5733.548     -6.6570996E-05
   5736.821     -2.1150894E-04
   5740.093     -3.5241898E-04
   5743.366     -4.7793152E-04
   5746.638     -5.7516352E-04
   5749.911     -6.3338142E-04
   5753.184     -6.4583530E-04
   5756.456     -6.0931221E-04
   5759.729     -5.2424578E-04
   5763.002     -3.9562647E-04
   5766.275     -2.3179248E-04
   5769.548     -4.4290755E-05
   5772.821      1.5414640E-04
   5776.094      3.4852547E-04
   5779.367      5.2499556E-04
   5782.641      6.7299936E-04
   5785.914      7.8277726E-04
   5789.187      8.5278664E-04
   5792.460      8.8199094E-04
   5795.734      8.7879383E-04
   5799.008      8.5015461E-04
   5802.281      8.0692564E-04
   5805.555      7.5821410E-04
   5808.829      7.1118912E-04
   5812.103      6.7018875E-04
   5815.376      6.3422031E-04
   5818.650      6.0092448E-04
   5821.924      5.6659570E-04
   5825.198      5.2613619E-04
   5828.472      4.7682953E-04
   5831.747      4.1746418E-04
   5835.021      3.5057176E-04
   5838.295      2.8039954E-04
   5841.569      2.1400418E-04
   5844.844      1.6015719E-04
   5848.119      1.2644778E-04
   5851.393      1.1882804E-04
   5854.668      1.3918029E-04
   5857.942      1.8468269E-04
   5861.217      2.4791542E-04
   5864.492      3.2074261E-04
   5867.767      3.9241559E-04
   5871.042      4.5595760E-04
   5874.317      5.0517236E-04
   5877.592      5.3790153E-04
   5880.868      5.5427680E-04
   5884.143      5.5500312E-04
   5887.418      5.4450968E-04
   5890.693      5.2465982E-04
   5893.969      5.0142244E-04
   5897.244      4.7800431E-04
   5900.520      4.5932177E-04
   5903.796      4.4782856E-04
   5907.071      4.4334287E-04
   5910.347      4.4343874E-04
   5913.623      4.4293556E-04
   5916.899      4.3367586E-04
   5920.175      4.0746477E-04
   5923.451      3.5789251E-04
   5926.727      2.8206164E-04
   5930.003      1.8275237E-04
   5933.279      6.8296555E-05
   5936.556     -4.8536956E-05
   5939.832     -1.5225950E-04
   5943.108     -2.2909846E-04
   5946.385     -2.6845271E-04
   5949.662     -2.6490013E-04
   5952.938     -2.1988744E-04
   5956.215     -1.4103293E-04
   5959.492     -3.9537877E-05
   5962.769      7.0367096E-05
   5966.045      1.7439607E-04
   5969.323      2.6224079E-04
   5972.600      3.2724356E-04
   5975.877      3.6939056E-04
   5979.154      3.9361019E-04
   5982.431      4.0759976E-04
   5985.708      4.2043370E-04
   5988.986      4.3689669E-04
   5992.263      4.5920935E-04
   5995.541      4.8349245E-04
   5998.818      5.0151767E-04
   6002.096      5.0515903E-04
   6005.374      4.8653645E-04
   6008.652      4.4357189E-04
   6011.930      3.7836700E-04
   6015.208      2.9706600E-04
   6018.485      2.0937822E-04
   6021.764      1.2377274E-04
   6025.042      4.8152546E-05
   6028.320     -1.2517549E-05
   6031.598     -5.6132027E-05
   6034.876     -8.3021543E-05
   6038.155     -9.4967116E-05
   6041.434     -9.4869210E-05
   6044.712     -8.7112530E-05
   6047.991     -7.6106087E-05
   6051.270     -6.6113033E-05
   6054.548     -5.9469345E-05
   6057.827     -5.6470835E-05
   6061.106     -5.6253823E-05
   6064.385     -5.6077079E-05
   6067.664     -5.3389576E-05
   6070.943     -4.6121830E-05
   6074.222     -3.5490302E-05
   6077.501     -2.4820398E-05
   6080.781     -1.8814533E-05
   6084.060     -2.2046124E-05
   6087.339     -3.6946443E-05
   6090.619     -6.2217201E-05
   6093.898     -9.2276023E-05
   6097.178     -1.1926545E-04
   6100.458     -1.3199091E-04
   6103.738     -1.2352697E-04
   6107.018     -8.8728579E-05
   6110.298     -2.9525065E-05
   6113.578      4.8287624E-05
   6116.857      1.3476695E-04
   6120.138      2.1885347E-04
   6123.418      2.9213558E-04
   6126.698      3.4771231E-04
   6129.979      3.8406829E-04
   6133.259      4.0226697E-04
   6136.540      4.0564823E-04
   6139.820      3.9934381E-04
   6143.101      3.8739076E-04
   6146.381      3.7426277E-04
   6149.663      3.6281408E-04
   6152.943      3.5506996E-04
   6156.224      3.5150335E-04
   6159.505      3.5225489E-04
   6162.786      3.5610897E-04
   6166.067      3.6092193E-04
   6169.349      3.6399512E-04
   6172.630      3.6233512E-04
   6175.911      3.5480544E-04
   6179.192      3.4108490E-04
   6182.474      3.2183478E-04
   6185.756      2.9974070E-04
   6189.037      2.7718657E-04
   6192.319      2.5614092E-04
   6195.601      2.3706301E-04
   6198.883      2.2022155E-04
   6202.165      2.0344275E-04
   6205.447      1.8567452E-04
   6208.729      1.6582290E-04
   6212.011      1.4490951E-04
   6215.293      1.2496253E-04
   6218.575      1.0855881E-04
   6221.857      9.7552693E-05
   6225.140      9.2382928E-05
   6228.422      9.2896524E-05
   6231.705      9.6886572E-05
   6234.988      1.0169597E-04
   6238.271      1.0422745E-04
   6241.553      1.0109513E-04
   6244.836      9.0691421E-05
   6248.119      7.0255963E-05
   6251.402      3.8916518E-05
   6254.685     -4.4059752E-06
   6257.968     -5.9093392E-05
   6261.251     -1.2369583E-04
   6264.535     -1.9411114E-04
   6267.818     -2.6428665E-04
   6271.102     -3.2688663E-04
   6274.385     -3.7388055E-04
   6277.668     -3.9826680E-04
   6280.952     -3.9439049E-04
   6284.236     -3.6084215E-04
   6287.520     -3.0044731E-04
   6290.804     -2.1957254E-04
   6294.087     -1.2743323E-04
   6297.372     -3.5206220E-05
   6300.656      4.7011865E-05
   6303.940      1.1150964E-04
   6307.224      1.5293082E-04
   6310.508      1.7031647E-04
   6313.793      1.6556038E-04
   6317.077      1.4445515E-04
   6320.362      1.1524501E-04
   6323.646      8.6917004E-05
   6326.931      6.7928006E-05
   6330.216      6.4687913E-05
   6333.500      7.8732868E-05
   6336.786      1.0755947E-04
   6340.070      1.4591828E-04
   6343.355      1.8686077E-04
   6346.641      2.2352567E-04
   6349.926      2.5239534E-04
   6353.211      2.7203845E-04
   6356.497      2.8428007E-04
   6359.782      2.9136532E-04
   6363.067      2.9524291E-04
   6366.353      2.9693203E-04
   6369.639      2.9562390E-04
   6372.924      2.9004362E-04
   6376.210      2.7805415E-04
   6379.496      2.5914412E-04
   6382.782      2.3292672E-04
   6386.068      2.0084686E-04
   6389.354      1.6470319E-04
   6392.640      1.2640229E-04
   6395.926      8.7277185E-05
   6399.212      4.8282214E-05
   6402.499      9.8069113E-06
   6405.786     -2.9086559E-05
   6409.072     -6.7562549E-05
   6412.358     -1.0569264E-04
   6415.646     -1.4033413E-04
   6418.932     -1.6906593E-04
   6422.219     -1.8859749E-04
   6425.506     -1.9603649E-04
   6428.793     -1.9075925E-04
   6432.080     -1.7368259E-04
   6435.367     -1.4683747E-04
   6438.654     -1.1383661E-04
   6441.941     -7.8573416E-05
   6445.229     -4.4282551E-05
   6448.516     -1.2555707E-05
   6451.804      1.5608142E-05
   6455.091      4.0553365E-05
   6458.379      6.3685409E-05
   6461.667      8.6117136E-05
   6464.955      1.0907505E-04
   6468.243      1.3198055E-04
   6471.531      1.5364199E-04
   6474.818      1.6999921E-04
   6478.107      1.7691236E-04
   6481.395      1.6947172E-04
   6484.683      1.4521911E-04
   6487.972      1.0400871E-04
   6491.260      4.9264374E-05
   6494.548     -1.2059921E-05
   6497.837     -7.1656395E-05
   6501.125     -1.2116139E-04
   6504.415     -1.5433811E-04
   6507.703     -1.6721030E-04
   6510.992     -1.6020951E-04
   6514.281     -1.3564195E-04
   6517.570     -9.8343851E-05
   6520.859     -5.2502277E-05
   6524.148     -2.4719257E-06
   6527.438      4.7884554E-05
   6530.727      9.6556265E-05
   6534.017      1.4129349E-04
   6537.306      1.8050629E-04
   6540.596      2.1269947E-04
   6543.885      2.3684194E-04
   6547.175      2.5261712E-04
   6550.465      2.6085009E-04
   6553.755      2.6348711E-04
   6557.044      2.6298358E-04
   6560.334      2.6222886E-04
   6563.625      2.6366502E-04
   6566.915      2.6831141E-04
   6570.206      2.7654009E-04
   6573.496      2.8752611E-04
   6576.786      3.0126920E-04
   6580.077      3.1672555E-04
   6583.367      3.3405863E-04
   6586.658      3.5293834E-04
   6589.949      3.7393073E-04
   6593.239      3.9630488E-04
   6596.530      4.1854652E-04
   6599.821      4.4030862E-04
   6603.112      4.6080479E-04
   6606.403      4.8025965E-04
   6609.695      4.9989537E-04
   6612.986      5.2129105E-04
   6616.277      5.4611004E-04
   6619.569      5.7433237E-04
   6622.860      6.0459902E-04
   6626.152      6.3403224E-04
   6629.443      6.5783423E-04
   6632.735      6.7152001E-04
   6636.027      6.7191070E-04
   6639.319      6.5703026E-04
   6642.611      6.2701060E-04
   6645.903      5.8361952E-04
   6649.195      5.2963442E-04
   6652.488      4.6792204E-04
   6655.780      4.0141429E-04
   6659.072      3.3182523E-04
   6662.365      2.6014625E-04
   6665.657      1.8776607E-04
   6668.950      1.1525274E-04
   6672.243      4.3485656E-05
   6675.536     -2.5706066E-05
   6678.828     -9.0010610E-05
   6682.122     -1.4704608E-04
   6685.415     -1.9453037E-04
   6688.708     -2.3058086E-04
   6692.001     -2.5504970E-04
   6695.294     -2.6755221E-04
   6698.587     -2.6912341E-04
   6701.881     -2.6178165E-04
   6705.174     -2.4724702E-04
   6708.468     -2.2727691E-04
   6711.762     -2.0378739E-04
   6715.055     -1.7889294E-04
   6718.349     -1.5452989E-04
   6721.643     -1.3201489E-04
   6724.937     -1.1222409E-04
   6728.231     -9.4779243E-05
   6731.525     -7.7265417E-05
   6734.819     -5.7767254E-05
   6738.114     -3.3278164E-05
   6741.408     -2.2443476E-06
   6744.703      3.5584613E-05
   6747.998      7.7096636E-05
   6751.292      1.1774024E-04
   6754.587      1.5130675E-04
   6757.881      1.7216554E-04
   6761.176      1.7692079E-04
   6764.471      1.6458427E-04
   6767.766      1.3795975E-04
   6771.062      1.0223699E-04
   6774.357      6.4329724E-05
   6777.652      3.0905041E-05
   6780.947      7.5956209E-06
   6784.243     -1.6226521E-06
   6787.539      4.6915893E-06
   6790.834      2.6746116E-05
   6794.129      6.3834515E-05
   6797.425      1.1324412E-04
   6800.721      1.7181998E-04
   6804.018      2.3426872E-04
   6807.313      2.9474357E-04
   6810.609      3.4551704E-04
   6813.905      3.7947195E-04
   6817.202      3.9115088E-04
   6820.498      3.7683471E-04
   6823.794      3.3679110E-04
   6827.091      2.7420098E-04
   6830.388      1.9503754E-04
   6833.685      1.0665689E-04
   6836.981      1.7828850E-05
   6840.278     -6.3227817E-05
   6843.575     -1.2912850E-04
   6846.872     -1.7407631E-04
   6850.169     -1.9420069E-04
   6853.466     -1.8861523E-04
   6856.764     -1.5957019E-04
   6860.061     -1.1274985E-04
   6863.358     -5.5949127E-05
   6866.656      1.3441518E-06
   6869.954      5.0165465E-05
   6873.251      8.4345898E-05
   6876.549      1.0090055E-04
   6879.847      1.0117585E-04
   6883.145      8.9483539E-05
   6886.443      7.2889095E-05
   6889.741      5.7579582E-05
   6893.039      4.8849732E-05
   6896.337      4.9759990E-05
   6899.635      6.1144478E-05
   6902.934      8.1867722E-05
   6906.232      1.0917295E-04
   6909.531      1.3905962E-04
   6912.830      1.6753163E-04
   6916.128      1.9018528E-04
   6919.427      2.0278426E-04
   6922.726      2.0281080E-04
   6926.025      1.8853079E-04
   6929.324      1.6038341E-04
   6932.623      1.2060205E-04
   6935.923      7.2994095E-05
   6939.222      2.2496377E-05
   6942.521      3.0733645E-06
   6945.821      3.0733645E-06
   6949.121      3.0733645E-06
   6952.420      3.0733645E-06
   6955.720      3.0733645E-06
   6959.020      3.0733645E-06
   6962.320      3.0733645E-06
   6965.620      3.0733645E-06
   6968.920      3.0733645E-06
   6972.220      3.0733645E-06
   6975.520      3.0733645E-06
   6978.821      3.0733645E-06
   6982.121      3.0733645E-06
   6985.421      3.0733645E-06
   6988.722      3.0733645E-06
   6992.023      3.0733645E-06
   6995.324      3.0733645E-06
   6998.625      3.0733645E-06
   7001.925      3.0733645E-06
   7005.227      3.0733645E-06
   7008.528      3.0733645E-06
   7011.829      3.0733645E-06
   7015.130      3.0733645E-06
   7018.432      3.0733645E-06
   7021.733      3.0733645E-06
   7025.035      3.0733645E-06
   7028.336      3.0733645E-06
   7031.638      3.0733645E-06
   7034.940      3.0733645E-06
   7038.242      3.0733645E-06
   7041.543      3.0733645E-06
   7044.846      3.0733645E-06
