   7214.653      1.2563127E-02
   7214.916      1.2868906E-02
   7215.178      1.3239004E-02
   7215.441      1.3650107E-02
   7215.703      1.4072739E-02
   7215.966      1.4481245E-02
   7216.229      1.4861458E-02
   7216.491      1.5212978E-02
   7216.753      1.5544131E-02
   7217.016      1.5864048E-02
   7217.278      1.6176866E-02
   7217.541      1.6479634E-02
   7217.804      1.6765710E-02
   7218.066      1.7029000E-02
   7218.329      1.7268045E-02
   7218.591      1.7487982E-02
   7218.854      1.7701123E-02
   7219.116      1.7921900E-02
   7219.378      1.8162901E-02
   7219.641      1.8429723E-02
   7219.904      1.8719457E-02
   7220.166      1.9021899E-02
   7220.429      1.9324319E-02
   7220.691      1.9616200E-02
   7220.954      1.9892497E-02
   7221.216      2.0155022E-02
   7221.479      2.0409916E-02
   7221.741      2.0665215E-02
   7222.004      2.0927390E-02
   7222.266      2.1199934E-02
   7222.529      2.1484029E-02
   7222.792      2.1780163E-02
   7223.054      2.2089509E-02
   7223.316      2.2414848E-02
   7223.579      2.2758290E-02
   7223.841      2.3120109E-02
   7224.104      2.3496842E-02
   7224.366      2.3881432E-02
   7224.629      2.4265109E-02
   7224.891      2.4641600E-02
   7225.154      2.5008673E-02
   7225.417      2.5369639E-02
   7225.679      2.5731580E-02
   7225.941      2.6101725E-02
   7226.204      2.6484391E-02
   7226.466      2.6878824E-02
   7226.729      2.7280850E-02
   7226.991      2.7686376E-02
   7227.254      2.8093079E-02
   7227.516      2.8500371E-02
   7227.779      2.8907118E-02
   7228.041      2.9309850E-02
   7228.304      2.9704075E-02
   7228.566      3.0088512E-02
   7228.829      3.0468952E-02
   7229.091      3.0857192E-02
   7229.354      3.1266924E-02
   7229.616      3.1707499E-02
   7229.878      3.2180626E-02
   7230.141      3.2681353E-02
   7230.404      3.3203188E-02
   7230.666      3.3742443E-02
   7230.929      3.4299053E-02
   7231.191      3.4874253E-02
   7231.454      3.5466246E-02
   7231.716      3.6067713E-02
   7231.979      3.6667783E-02
   7232.241      3.7257578E-02
   7232.503      3.7832785E-02
   7232.766      3.8395073E-02
   7233.028      3.8951278E-02
   7233.291      3.9510578E-02
   7233.553      4.0082365E-02
   7233.816      4.0673465E-02
   7234.078      4.1286830E-02
   7234.341      4.1920777E-02
   7234.603      4.2571273E-02
   7234.866      4.3235727E-02
   7235.128      4.3913428E-02
   7235.391      4.4605531E-02
   7235.653      4.5313161E-02
   7235.916      4.6036255E-02
   7236.178      4.6773404E-02
   7236.440      4.7522087E-02
   7236.703      4.8280627E-02
   7236.965      4.9047552E-02
   7237.228      4.9822554E-02
   7237.490      5.0608154E-02
   7237.752      5.1409196E-02
   7238.015      5.2231383E-02
   7238.277      5.3078946E-02
   7238.540      5.3951934E-02
   7238.802      5.4844752E-02
   7239.065      5.5748880E-02
   7239.327      5.6657549E-02
   7239.590      5.7570010E-02
   7239.852      5.8491841E-02
   7240.115      5.9432935E-02
   7240.377      6.0401380E-02
   7240.639      6.1398245E-02
   7240.902      6.2417045E-02
   7241.164      6.3446701E-02
   7241.427      6.4479083E-02
   7241.689      6.5513715E-02
   7241.952      6.6559210E-02
   7242.214      6.7629717E-02
   7242.477      6.8736516E-02
   7242.739      6.9883168E-02
   7243.001      7.1064331E-02
   7243.264      7.2269097E-02
   7243.526      7.3488489E-02
   7243.789      7.4719138E-02
   7244.051      7.5963393E-02
   7244.313      7.7225544E-02
   7244.576      7.8507751E-02
   7244.838      7.9808928E-02
   7245.101      8.1125900E-02
   7245.363      8.2454696E-02
   7245.625      8.3792083E-02
   7245.888      8.5136391E-02
   7246.150      8.6488910E-02
   7246.413      8.7854952E-02
   7246.675      8.9243397E-02
   7246.938      9.0664513E-02
   7247.200      9.2125870E-02
   7247.462      9.3630604E-02
   7247.725      9.5176049E-02
   7247.987      9.6755207E-02
   7248.250      9.8360725E-02
   7248.512      9.9988356E-02
   7248.774      0.1016392    
   7249.037      0.1033179    
   7249.299      0.1050290    
   7249.562      0.1067736    
   7249.824      0.1085471    
   7250.086      0.1103418    
   7250.349      0.1121526    
   7250.611      0.1139795    
   7250.874      0.1158292    
   7251.136      0.1177089    
   7251.398      0.1196217    
   7251.661      0.1215629    
   7251.923      0.1235236    
   7252.186      0.1254987    
   7252.448      0.1274918    
   7252.710      0.1295161    
   7252.973      0.1315876    
   7253.235      0.1337188    
   7253.498      0.1359116    
   7253.760      0.1381587    
   7254.022      0.1404470    
   7254.285      0.1427643    
   7254.547      0.1451047    
   7254.810      0.1474717    
   7255.072      0.1498753    
   7255.334      0.1523244    
   7255.597      0.1548221    
   7255.859      0.1573621    
   7256.122      0.1599307    
   7256.384      0.1625127    
   7256.646      0.1650995    
   7256.909      0.1676930    
   7257.171      0.1703049    
   7257.434      0.1729521    
   7257.696      0.1756523    
   7257.958      0.1784169    
   7258.221      0.1812505    
   7258.483      0.1841494    
   7258.745      0.1871027    
   7259.008      0.1900938    
   7259.270      0.1931081    
   7259.532      0.1961375    
   7259.795      0.1991842    
   7260.057      0.2022591    
   7260.319      0.2053764    
   7260.582      0.2085465    
   7260.844      0.2117709    
   7261.106      0.2150432    
   7261.369      0.2183512    
   7261.631      0.2216837    
   7261.894      0.2250334    
   7262.156      0.2284025    
   7262.418      0.2317982    
   7262.681      0.2352309    
   7262.943      0.2387090    
   7263.206      0.2422360    
   7263.468      0.2458102    
   7263.730      0.2494257    
   7263.992      0.2530751    
   7264.255      0.2567490    
   7264.517      0.2604348    
   7264.779      0.2641198    
   7265.042      0.2677921    
   7265.304      0.2714463    
   7265.566      0.2750872    
   7265.829      0.2787310    
   7266.091      0.2823982    
   7266.354      0.2861061    
   7266.616      0.2898649    
   7266.878      0.2936771    
   7267.141      0.2975423    
   7267.403      0.3014621    
   7267.665      0.3054372    
   7267.928      0.3094619    
   7268.190      0.3135215    
   7268.452      0.3175930    
   7268.714      0.3216536    
   7268.977      0.3256911    
   7269.239      0.3297105    
   7269.501      0.3337314    
   7269.764      0.3377737    
   7270.026      0.3418453    
   7270.289      0.3459387    
   7270.551      0.3500363    
   7270.813      0.3541224    
   7271.075      0.3581901    
   7271.338      0.3622414    
   7271.600      0.3662799    
   7271.862      0.3703063    
   7272.125      0.3743183    
   7272.387      0.3783152    
   7272.649      0.3823015    
   7272.912      0.3862883    
   7273.174      0.3902892    
   7273.437      0.3943115    
   7273.699      0.3983498    
   7273.961      0.4023881    
   7274.223      0.4064103    
   7274.485      0.4104099    
   7274.748      0.4143957    
   7275.010      0.4183844    
   7275.272      0.4223883    
   7275.535      0.4264053    
   7275.797      0.4304206    
   7276.060      0.4344147    
   7276.322      0.4383760    
   7276.584      0.4423054    
   7276.846      0.4462092    
   7277.108      0.4500876    
   7277.371      0.4539295    
   7277.633      0.4577182    
   7277.896      0.4614429    
   7278.158      0.4651097    
   7278.420      0.4687425    
   7278.682      0.4723722    
   7278.945      0.4760169    
   7279.207      0.4796739    
   7279.469      0.4833198    
   7279.731      0.4869226    
   7279.994      0.4904588    
   7280.256      0.4939240    
   7280.519      0.4973316    
   7280.781      0.5007023    
   7281.043      0.5040517    
   7281.305      0.5073814    
   7281.567      0.5106766    
   7281.830      0.5139164    
   7282.092      0.5170865    
   7282.354      0.5201834    
   7282.617      0.5232142    
   7282.879      0.5261874    
   7283.141      0.5291101    
   7283.403      0.5319831    
   7283.666      0.5348080    
   7283.928      0.5375884    
   7284.190      0.5403286    
   7284.453      0.5430341    
   7284.715      0.5457104    
   7284.977      0.5483625    
   7285.239      0.5509915    
   7285.501      0.5535989    
   7285.764      0.5561860    
   7286.026      0.5587555    
   7286.289      0.5613093    
   7286.551      0.5638462    
   7286.813      0.5663562    
   7287.075      0.5688233    
   7287.337      0.5712305    
   7287.600      0.5735697    
   7287.862      0.5758428    
   7288.124      0.5780656    
   7288.387      0.5802546    
   7288.649      0.5824212    
   7288.911      0.5845585    
   7289.173      0.5866508    
   7289.436      0.5886769    
   7289.698      0.5906237    
   7289.960      0.5924895    
   7290.222      0.5942802    
   7290.484      0.5960072    
   7290.747      0.5976807    
   7291.009      0.5993163    
   7291.271      0.6009322    
   7291.534      0.6025463    
   7291.796      0.6041719    
   7292.058      0.6058125    
   7292.320      0.6074643    
   7292.583      0.6091191    
   7292.845      0.6107698    
   7293.107      0.6124129    
   7293.369      0.6140495    
   7293.631      0.6156799    
   7293.894      0.6172953    
   7294.156      0.6188752    
   7294.418      0.6203865    
   7294.680      0.6217999    
   7294.942      0.6230960    
   7295.205      0.6242794    
   7295.467      0.6253739    
   7295.729      0.6264187    
   7295.992      0.6274555    
   7296.254      0.6285136    
   7296.516      0.6296063    
   7296.778      0.6307257    
   7297.041      0.6318504    
   7297.303      0.6329608    
   7297.565      0.6340430    
   7297.827      0.6350976    
   7298.089      0.6361337    
   7298.352      0.6371675    
   7298.614      0.6382109    
   7298.876      0.6392706    
   7299.138      0.6403428    
   7299.400      0.6414139    
   7299.663      0.6424602    
   7299.925      0.6434564    
   7300.187      0.6443849    
   7300.449      0.6452459    
   7300.711      0.6460593    
   7300.974      0.6468533    
   7301.236      0.6476468    
   7301.498      0.6484373    
   7301.760      0.6492072    
   7302.022      0.6499411    
   7302.285      0.6506442    
   7302.547      0.6513458    
   7302.809      0.6520871    
   7303.071      0.6528997    
   7303.333      0.6537930    
   7303.596      0.6547502    
   7303.858      0.6557419    
   7304.120      0.6567341    
   7304.382      0.6576949    
   7304.645      0.6585910    
   7304.907      0.6593916    
   7305.169      0.6600762    
   7305.431      0.6606482    
   7305.693      0.6611410    
   7305.956      0.6616102    
   7306.218      0.6621125    
   7306.480      0.6626856    
   7306.742      0.6633378    
   7307.004      0.6640569    
   7307.266      0.6648206    
   7307.528      0.6656116    
   7307.791      0.6664156    
   7308.053      0.6672190    
   7308.315      0.6680039    
   7308.577      0.6687435    
   7308.839      0.6694127    
   7309.102      0.6699976    
   7309.364      0.6705055    
   7309.626      0.6709642    
   7309.888      0.6714117    
   7310.150      0.6718829    
   7310.413      0.6723999    
   7310.675      0.6729690    
   7310.937      0.6735842    
   7311.199      0.6742304    
   7311.461      0.6748917    
   7311.723      0.6755573    
   7311.985      0.6762294    
   7312.248      0.6769204    
   7312.510      0.6776392    
   7312.772      0.6783789    
   7313.034      0.6791130    
   7313.296      0.6798083    
   7313.559      0.6804453    
   7313.821      0.6810270    
   7314.083      0.6815730    
   7314.345      0.6821059    
   7314.607      0.6826361    
   7314.869      0.6831609    
   7315.131      0.6836731    
   7315.394      0.6841737    
   7315.656      0.6846740    
   7315.918      0.6851885    
   7316.180      0.6857240    
   7316.442      0.6862768    
   7316.704      0.6868351    
   7316.966      0.6873887    
   7317.229      0.6879350    
   7317.491      0.6884786    
   7317.753      0.6890250    
   7318.015      0.6895778    
   7318.277      0.6901369    
   7318.539      0.6907008    
   7318.801      0.6912684    
   7319.063      0.6918385    
   7319.326      0.6924134    
   7319.588      0.6930006    
   7319.850      0.6936114    
   7320.112      0.6942539    
   7320.374      0.6949235    
   7320.636      0.6955956    
   7320.898      0.6962337    
   7321.161      0.6968066    
   7321.423      0.6973062    
   7321.685      0.6977518    
   7321.947      0.6981821    
   7322.209      0.6986387    
   7322.471      0.6991541    
   7322.733      0.6997429    
   7322.996      0.7004005    
   7323.258      0.7011011    
   7323.520      0.7018061    
   7323.782      0.7024745    
   7324.044      0.7030773    
   7324.306      0.7036085    
   7324.568      0.7040832    
   7324.831      0.7045318    
   7325.092      0.7049876    
   7325.354      0.7054789    
   7325.617      0.7060252    
   7325.879      0.7066315    
   7326.141      0.7072836    
   7326.403      0.7079479    
   7326.665      0.7085814    
   7326.927      0.7091446    
   7327.189      0.7096202    
   7327.452      0.7100198    
   7327.713      0.7103758    
   7327.976      0.7107295    
   7328.238      0.7111158    
   7328.500      0.7115534    
   7328.762      0.7120427    
   7329.024      0.7125742    
   7329.286      0.7131280    
   7329.548      0.7136792    
   7329.811      0.7141993    
   7330.072      0.7146602    
   7330.334      0.7150431    
   7330.597      0.7153435    
   7330.859      0.7155762    
   7331.121      0.7157737    
   7331.383      0.7159764    
   7331.645      0.7162234    
   7331.907      0.7165406    
   7332.169      0.7169377    
   7332.431      0.7174071    
   7332.693      0.7179314    
   7332.956      0.7184883    
   7333.218      0.7190558    
   7333.479      0.7196136    
   7333.742      0.7201430    
   7334.004      0.7206275    
   7334.266      0.7210582    
   7334.528      0.7214348    
   7334.790      0.7217659    
   7335.052      0.7220684    
   7335.314      0.7223634    
   7335.576      0.7226716    
   7335.838      0.7230057    
   7336.101      0.7233682    
   7336.362      0.7237470    
   7336.625      0.7241195    
   7336.887      0.7244618    
   7337.149      0.7247642    
   7337.411      0.7250370    
   7337.673      0.7253029    
   7337.935      0.7255847    
   7338.197      0.7258882    
   7338.459      0.7262030    
   7338.721      0.7265086    
   7338.983      0.7267890    
   7339.245      0.7270437    
   7339.507      0.7272846    
   7339.770      0.7275309    
   7340.031      0.7277988    
   7340.293      0.7280979    
   7340.556      0.7284269    
   7340.817      0.7287744    
   7341.080      0.7291216    
   7341.342      0.7294488    
   7341.604      0.7297420    
   7341.866      0.7299960    
   7342.128      0.7302136    
   7342.390      0.7304044    
   7342.652      0.7305762    
   7342.914      0.7307383    
   7343.176      0.7309002    
   7343.438      0.7310712    
   7343.700      0.7312549    
   7343.962      0.7314398    
   7344.224      0.7315992    
   7344.486      0.7317031    
   7344.749      0.7317384    
   7345.010      0.7317224    
   7345.272      0.7317040    
   7345.535      0.7317409    
   7345.796      0.7318736    
   7346.059      0.7321060    
   7346.321      0.7324080    
   7346.583      0.7327304    
   7346.845      0.7330297    
   7347.106      0.7332790    
   7347.369      0.7334678    
   7347.631      0.7335964    
   7347.893      0.7336656    
   7348.155      0.7336800    
   7348.417      0.7336548    
   7348.679      0.7336146    
   7348.941      0.7335917    
   7349.203      0.7336141    
   7349.465      0.7336988    
   7349.727      0.7338474    
   7349.989      0.7340459    
   7350.251      0.7342686    
   7350.513      0.7344844    
   7350.775      0.7346632    
   7351.037      0.7347878    
   7351.299      0.7348589    
   7351.561      0.7348944    
   7351.823      0.7349187    
   7352.085      0.7349508    
   7352.347      0.7349982    
   7352.609      0.7350590    
   7352.871      0.7351272    
   7353.133      0.7351968    
   7353.395      0.7352582    
   7353.657      0.7353022    
   7353.919      0.7353182    
   7354.181      0.7353049    
   7354.443      0.7352729    
   7354.705      0.7352450    
   7354.967      0.7352465    
   7355.229      0.7352952    
   7355.491      0.7353916    
   7355.753      0.7355183    
   7356.015      0.7356454    
   7356.277      0.7357438    
   7356.539      0.7358010    
   7356.801      0.7358261    
   7357.063      0.7358448    
   7357.325      0.7358860    
   7357.587      0.7359669    
   7357.849      0.7360866    
   7358.111      0.7362314    
   7358.373      0.7363838    
   7358.635      0.7365342    
   7358.897      0.7366819    
   7359.159      0.7368332    
   7359.421      0.7369932    
   7359.683      0.7371644    
   7359.945      0.7373434    
   7360.207      0.7375221    
   7360.469      0.7376871    
   7360.731      0.7378254    
   7360.993      0.7379302    
   7361.255      0.7380053    
   7361.517      0.7380601    
   7361.779      0.7381023    
   7362.041      0.7381292    
   7362.303      0.7381248    
   7362.565      0.7380714    
   7362.827      0.7379633    
   7363.089      0.7378173    
   7363.351      0.7376687    
   7363.613      0.7375572    
   7363.875      0.7375107    
   7364.137      0.7375366    
   7364.398      0.7376235    
   7364.661      0.7377525    
   7364.922      0.7379060    
   7365.185      0.7380700    
   7365.446      0.7382340    
   7365.708      0.7383882    
   7365.970      0.7385232    
   7366.232      0.7386323    
   7366.494      0.7387139    
   7366.756      0.7387696    
   7367.018      0.7388063    
   7367.280      0.7388359    
   7367.542      0.7388757    
   7367.804      0.7389448    
   7368.066      0.7390507    
   7368.328      0.7391805    
   7368.590      0.7392986    
   7368.852      0.7393616    
   7369.114      0.7393441    
   7369.376      0.7392520    
   7369.638      0.7391206    
   7369.899      0.7389994    
   7370.162      0.7389296    
   7370.423      0.7389270    
   7370.686      0.7389815    
   7370.947      0.7390627    
   7371.209      0.7391348    
   7371.471      0.7391717    
   7371.733      0.7391620    
   7371.995      0.7391086    
   7372.257      0.7390190    
   7372.519      0.7388983    
   7372.781      0.7387475    
   7373.043      0.7385745    
   7373.305      0.7383959    
   7373.567      0.7382356    
   7373.829      0.7381174    
   7374.091      0.7380522    
   7374.353      0.7380354    
   7374.614      0.7380444    
   7374.876      0.7380486    
   7375.138      0.7380229    
   7375.400      0.7379532    
   7375.662      0.7378404    
   7375.924      0.7376915    
   7376.186      0.7375137    
   7376.448      0.7373096    
   7376.710      0.7370790    
   7376.972      0.7368250    
   7377.234      0.7365520    
   7377.496      0.7362634    
   7377.757      0.7359525    
   7378.020      0.7356066    
   7378.281      0.7352174    
   7378.543      0.7347942    
   7378.805      0.7343665    
   7379.067      0.7339765    
   7379.329      0.7336564    
   7379.591      0.7334069    
   7379.853      0.7331934    
   7380.115      0.7329538    
   7380.376      0.7326268    
   7380.639      0.7321739    
   7380.900      0.7315913    
   7381.162      0.7309061    
   7381.424      0.7301562    
   7381.686      0.7293762    
   7381.948      0.7285895    
   7382.210      0.7278097    
   7382.472      0.7270475    
   7382.734      0.7263119    
   7382.996      0.7256098    
   7383.257      0.7249420    
   7383.520      0.7242962    
   7383.781      0.7236428    
   7384.043      0.7229389    
   7384.305      0.7221382    
   7384.567      0.7212059    
   7384.829      0.7201318    
   7385.091      0.7189371    
   7385.353      0.7176610    
   7385.614      0.7163447    
   7385.876      0.7150154    
   7386.138      0.7136835    
   7386.400      0.7123473    
   7386.662      0.7109984    
   7386.924      0.7096233    
   7387.186      0.7082027    
   7387.448      0.7067127    
   7387.709      0.7051328    
   7387.971      0.7034575    
   7388.233      0.7017002    
   7388.495      0.6998865    
   7388.757      0.6980447    
   7389.019      0.6961949    
   7389.281      0.6943433    
   7389.542      0.6924836    
   7389.805      0.6906024    
   7390.066      0.6886839    
   7390.328      0.6867099    
   7390.590      0.6846623    
   7390.852      0.6825241    
   7391.114      0.6802856    
   7391.375      0.6779478    
   7391.638      0.6755281    
   7391.899      0.6730515    
   7392.161      0.6705447    
   7392.423      0.6680273    
   7392.685      0.6655041    
   7392.947      0.6629625    
   7393.208      0.6603717    
   7393.471      0.6576948    
   7393.732      0.6549025    
   7393.994      0.6519895    
   7394.256      0.6489801    
   7394.518      0.6459159    
   7394.780      0.6428332    
   7395.042      0.6397517    
   7395.304      0.6366702    
   7395.565      0.6335744    
   7395.827      0.6304433    
   7396.089      0.6272516    
   7396.351      0.6239704    
   7396.613      0.6205716    
   7396.875      0.6170409    
   7397.136      0.6133831    
   7397.398      0.6096230    
   7397.660      0.6057966    
   7397.922      0.6019378    
   7398.184      0.5980685    
   7398.446      0.5941978    
   7398.708      0.5903196    
   7398.969      0.5864226    
   7399.231      0.5824916    
   7399.493      0.5785133    
   7399.755      0.5744779    
   7400.017      0.5703777    
   7400.278      0.5662074    
   7400.541      0.5619649    
   7400.802      0.5576524    
   7401.064      0.5532790    
   7401.326      0.5488607    
   7401.587      0.5444149    
   7401.850      0.5399576    
   7402.111      0.5354989    
   7402.373      0.5310423    
   7402.635      0.5265817    
   7402.896      0.5221037    
   7403.159      0.5175946    
   7403.420      0.5130435    
   7403.682      0.5084483    
   7403.944      0.5038155    
   7404.206      0.4991565    
   7404.468      0.4944808    
   7404.729      0.4897918    
   7404.991      0.4850880    
   7405.253      0.4803677    
   7405.515      0.4756305    
   7405.777      0.4708798    
   7406.039      0.4661200    
   7406.300      0.4613564    
   7406.562      0.4565959    
   7406.824      0.4518507    
   7407.085      0.4471344    
   7407.348      0.4424527    
   7407.609      0.4377956    
   7407.871      0.4331375    
   7408.133      0.4284466    
   7408.395      0.4237008    
   7408.656      0.4189025    
   7408.918      0.4140729    
   7409.180      0.4092476    
   7409.442      0.4044587    
   7409.704      0.3997266    
   7409.965      0.3950566    
   7410.227      0.3904445    
   7410.489      0.3858786    
   7410.751      0.3813448    
   7411.013      0.3768270    
   7411.274      0.3723103    
   7411.536      0.3677844    
   7411.798      0.3632500    
   7412.060      0.3587182    
   7412.321      0.3542083    
   7412.583      0.3497405    
   7412.845      0.3453296    
   7413.107      0.3409824    
   7413.369      0.3366956    
   7413.630      0.3324574    
   7413.892      0.3282517    
   7414.154      0.3240622    
   7414.416      0.3198763    
   7414.678      0.3156925    
   7414.939      0.3115174    
   7415.201      0.3073631    
   7415.463      0.3032415    
   7415.725      0.2991590    
   7415.986      0.2951156    
   7416.248      0.2911083    
   7416.510      0.2871353    
   7416.771      0.2831967    
   7417.034      0.2792970    
   7417.295      0.2754439    
   7417.557      0.2716466    
   7417.819      0.2679116    
   7418.081      0.2642411    
   7418.342      0.2606290    
   7418.604      0.2570653    
   7418.866      0.2535378    
   7419.127      0.2500369    
   7419.389      0.2465542    
   7419.651      0.2430820    
   7419.913      0.2396127    
   7420.174      0.2361410    
   7420.437      0.2326687    
   7420.698      0.2292069    
   7420.960      0.2257743    
   7421.222      0.2223913    
   7421.483      0.2190716    
   7421.745      0.2158206    
   7422.007      0.2126360    
   7422.269      0.2095125    
   7422.530      0.2064473    
   7422.792      0.2034381    
   7423.054      0.2004826    
   7423.315      0.1975764    
   7423.577      0.1947130    
   7423.839      0.1918853    
   7424.101      0.1890894    
   7424.362      0.1863214    
   7424.624      0.1835796    
   7424.886      0.1808634    
   7425.147      0.1781759    
   7425.409      0.1755224    
   7425.671      0.1729114    
   7425.933      0.1703491    
   7426.195      0.1678351    
   7426.457      0.1653628    
   7426.718      0.1629244    
   7426.980      0.1605175    
   7427.242      0.1581471    
   7427.503      0.1558212    
   7427.765      0.1535450    
   7428.027      0.1513146    
   7428.289      0.1491192    
   7428.550      0.1469469    
   7428.812      0.1447909    
   7429.074      0.1426530    
   7429.335      0.1405426    
   7429.597      0.1384728    
   7429.859      0.1364533    
   7430.121      0.1344867    
   7430.382      0.1325649    
   7430.644      0.1306722    
   7430.906      0.1287908    
   7431.167      0.1269070    
   7431.429      0.1250165    
   7431.691      0.1231261    
   7431.952      0.1212521    
   7432.214      0.1194142    
   7432.476      0.1176295    
   7432.737      0.1159050    
   7432.999      0.1142350    
   7433.261      0.1126027    
   7433.522      0.1109867    
   7433.784      0.1093694    
   7434.046      0.1077418    
   7434.308      0.1061074    
   7434.569      0.1044791    
   7434.831      0.1028748    
   7435.093      0.1013119    
   7435.354      9.9802420E-02
   7435.616      9.8350003E-02
   7435.878      9.6950151E-02
   7436.140      9.5594436E-02
   7436.401      9.4273664E-02
   7436.663      9.2979863E-02
   7436.925      9.1707468E-02
   7437.187      9.0452231E-02
   7437.448      8.9209951E-02
   7437.710      8.7973803E-02
   7437.971      8.6735711E-02
   7438.233      8.5486755E-02
   7438.495      8.4221162E-02
   7438.756      8.2939669E-02
   7439.018      8.1651561E-02
   7439.280      8.0372438E-02
   7439.542      7.9119347E-02
   7439.803      7.7906184E-02
   7440.065      7.6740757E-02
   7440.327      7.5625710E-02
   7440.588      7.4558772E-02
   7440.850      7.3534079E-02
   7441.111      7.2542578E-02
   7441.373      7.1572997E-02
   7441.635      7.0615269E-02
   7441.896      6.9663092E-02
   7442.158      6.8716109E-02
   7442.420      6.7777932E-02
   7442.682      6.6852629E-02
   7442.943      6.5942772E-02
   7443.205      6.5048411E-02
   7443.467      6.4167745E-02
   7443.728      6.3297912E-02
   7443.990      6.2434893E-02
   7444.251      6.1574444E-02
   7444.513      6.0713258E-02
   7444.775      5.9850186E-02
   7445.037      5.8988184E-02
   7445.298      5.8133848E-02
   7445.560      5.7296045E-02
   7445.821      5.6482550E-02
   7446.083      5.5697266E-02
   7446.345      5.4938432E-02
   7446.606      5.4199111E-02
   7446.868      5.3469919E-02
   7447.130      5.2741710E-02
   7447.392      5.2009646E-02
   7447.653      5.1275078E-02
   7447.915      5.0545562E-02
   7448.176      4.9832232E-02
   7448.438      4.9147058E-02
   7448.700      4.8498522E-02
   7448.961      4.7889192E-02
   7449.223      4.7314364E-02
   7449.484      4.6763826E-02
   7449.746      4.6225727E-02
   7450.008      4.5689143E-02
   7450.270      4.5146648E-02
   7450.531      4.4593409E-02
   7450.793      4.4026159E-02
   7451.054      4.3442845E-02
   7451.316      4.2844024E-02
   7451.578      4.2233855E-02
   7451.839      4.1619882E-02
   7452.101      4.1012879E-02
   7452.362      4.0422335E-02
   7452.624      3.9855137E-02
   7452.886      3.9314952E-02
   7453.147      3.8801674E-02
   7453.409      3.8313780E-02
   7453.671      3.7848171E-02
   7453.932      3.7400305E-02
   7454.194      3.6963388E-02
   7454.456      3.6528733E-02
   7454.717      3.6087271E-02
   7454.979      3.5632040E-02
   7455.240      3.5160534E-02
   7455.502      3.4675576E-02
   7455.764      3.4184527E-02
   7456.025      3.3696722E-02
   7456.287      3.3221427E-02
   7456.548      3.2765687E-02
   7456.810      3.2334823E-02
   7457.072      3.1931579E-02
   7457.333      3.1555943E-02
   7457.595      3.1203566E-02
   7457.856      3.0865651E-02
   7458.118      3.0531682E-02
   7458.380      3.0191638E-02
   7458.641      2.9839905E-02
   7458.903      2.9476056E-02
   7459.165      2.9103516E-02
   7459.426      2.8727608E-02
   7459.688      2.8353920E-02
   7459.949      2.7986659E-02
   7460.211      2.7627908E-02
   7460.473      2.7277840E-02
   7460.734      2.6935810E-02
   7460.996      2.6601043E-02
   7461.257      2.6273627E-02
   7461.519      2.5954122E-02
   7461.781      2.5643973E-02
   7462.042      2.5344731E-02
   7462.304      2.5057519E-02
   7462.565      2.4781667E-02
   7462.827      2.4513805E-02
   7463.088      2.4247963E-02
   7463.350      2.3977889E-02
   7463.612      2.3699110E-02
   7463.873      2.3410467E-02
   7464.135      2.3114594E-02
   7464.396      2.2816390E-02
   7464.658      2.2522172E-02
   7464.919      2.2237860E-02
   7465.181      2.1967994E-02
   7465.443      2.1715511E-02
   7465.704      2.1481574E-02
   7465.966      2.1264626E-02
   7466.228      2.1060262E-02
   7466.489      2.0861320E-02
   7466.750      2.0659616E-02
   7467.012      2.0447653E-02
   7467.274      2.0221099E-02
   7467.535      1.9980298E-02
   7467.797      1.9730624E-02
   7468.059      1.9480512E-02
   7468.320      1.9239401E-02
   7468.582      1.9014465E-02
   7468.843      1.8807953E-02
   7469.105      1.8616814E-02
   7469.366      1.8433301E-02
   7469.628      1.8247344E-02
   7469.890      1.8049389E-02
   7470.151      1.7834025E-02
   7470.413      1.7601198E-02
   7470.674      1.7355850E-02
   7470.936      1.7105641E-02
   7471.197      1.6857792E-02
   7471.459      1.6618045E-02
   7471.720      1.6392009E-02
   7471.982      1.6185371E-02
   7472.244      1.6004261E-02
   7472.505      1.5852168E-02
   7472.767      1.5726434E-02
   7473.028      1.5617781E-02
   7473.290      1.5512272E-02
   7473.551      1.5396773E-02
   7473.813      1.5263161E-02
   7474.074      1.5110197E-02
   7474.336      1.4942881E-02
   7474.598      1.4768390E-02
   7474.859      1.4593601E-02
   7475.121      1.4424529E-02
   7475.382      1.4265890E-02
   7475.644      1.4121147E-02
   7475.905      1.3991664E-02
   7476.167      1.3875626E-02
   7476.428      1.3767825E-02
   7476.690      1.3661833E-02
   7476.951      1.3552593E-02
   7477.213      1.3438150E-02
   7477.474      1.3318721E-02
   7477.736      1.3194539E-02
   7477.998      1.3064380E-02
   7478.259      1.2925845E-02
   7478.521      1.2777399E-02
   7478.782      1.2619605E-02
   7479.043      1.2455598E-02
   7479.305      1.2289288E-02
   7479.566      1.2124573E-02
   7479.828      1.1964714E-02
   7480.090      1.1812138E-02
   7480.351      1.1669166E-02
   7480.613      1.1537738E-02
   7480.874      1.1420121E-02
   7481.136      1.1319677E-02
   7481.397      1.1240938E-02
   7481.659      1.1188934E-02
   7481.920      1.1167759E-02
   7482.182      1.1178106E-02
   7482.443      1.1215534E-02
   7482.705      1.1270640E-02
