 4.65023e+03  1.33565e-03
 4.65049e+03  1.46503e-03
 4.65075e+03  1.08931e-03
 4.65101e+03  1.31491e-03
 4.65127e+03  1.16853e-03
 4.65153e+03  1.84914e-03
 4.65179e+03  8.07414e-04
 4.65205e+03  1.27736e-03
 4.65231e+03  1.76519e-03
 4.65257e+03  1.45360e-03
 4.65283e+03  2.49612e-03
 4.65309e+03  1.23622e-03
 4.65335e+03  1.20064e-03
 4.65361e+03  1.21844e-03
 4.65387e+03  7.44863e-04
 4.65413e+03  2.44615e-03
 4.65439e+03  8.65159e-04
 4.65465e+03  1.66660e-03
 4.65491e+03  4.71228e-04
 4.65517e+03  1.79859e-03
 4.65543e+03  1.42831e-03
 4.65569e+03  1.61025e-03
 4.65595e+03  1.52747e-03
 4.65621e+03  1.41868e-03
 4.65646e+03  1.63433e-03
 4.65672e+03  1.53817e-03
 4.65698e+03  1.14865e-03
 4.65724e+03  1.39654e-03
 4.65750e+03  1.39508e-03
 4.65776e+03  1.70477e-03
 4.65802e+03  1.85640e-03
 4.65828e+03  1.70840e-03
 4.65854e+03  2.31768e-03
 4.65880e+03  1.34346e-03
 4.65906e+03  2.08890e-03
 4.65932e+03  1.53666e-03
 4.65958e+03  2.18526e-03
 4.65984e+03  1.94805e-03
 4.66010e+03  1.64556e-03
 4.66036e+03  1.76319e-03
 4.66062e+03  2.10331e-03
 4.66088e+03  1.42524e-03
 4.66114e+03  1.25913e-03
 4.66140e+03  1.80219e-03
 4.66166e+03  1.32959e-03
 4.66192e+03  1.96861e-03
 4.66218e+03  2.15094e-03
 4.66244e+03  1.74317e-03
 4.66269e+03  1.87287e-03
 4.66295e+03  2.21087e-03
 4.66321e+03  2.08745e-03
 4.66347e+03  2.28596e-03
 4.66373e+03  2.17384e-03
 4.66399e+03  1.75944e-03
 4.66425e+03  2.20909e-03
 4.66451e+03  1.48998e-03
 4.66477e+03  1.93826e-03
 4.66503e+03  1.65179e-03
 4.66529e+03  2.24201e-03
 4.66555e+03  1.34285e-03
 4.66581e+03  1.96970e-03
 4.66607e+03  1.83001e-03
 4.66633e+03  1.89758e-03
 4.66659e+03  2.23853e-03
 4.66685e+03  2.31150e-03
 4.66711e+03  1.64616e-03
 4.66737e+03  2.58127e-03
 4.66763e+03  1.85423e-03
 4.66789e+03  2.95281e-03
 4.66815e+03  1.86928e-03
 4.66841e+03  2.06337e-03
 4.66867e+03  1.79962e-03
 4.66893e+03  1.93285e-03
 4.66919e+03  2.60756e-03
 4.66944e+03  1.98332e-03
 4.66970e+03  2.18868e-03
 4.66996e+03  1.86280e-03
 4.67022e+03  2.81978e-03
 4.67048e+03  2.81581e-03
 4.67074e+03  2.43091e-03
 4.67100e+03  2.47397e-03
 4.67126e+03  1.84138e-03
 4.67152e+03  1.91438e-03
 4.67178e+03  1.90362e-03
 4.67204e+03  1.83396e-03
 4.67230e+03  2.63227e-03
 4.67256e+03  2.61770e-03
 4.67282e+03  2.39745e-03
 4.67308e+03  2.22142e-03
 4.67334e+03  2.41280e-03
 4.67360e+03  2.12483e-03
 4.67386e+03  2.52592e-03
 4.67412e+03  2.80549e-03
 4.67438e+03  2.70906e-03
 4.67464e+03  2.15594e-03
 4.67490e+03  2.62011e-03
 4.67516e+03  2.49523e-03
 4.67542e+03  3.07747e-03
 4.67567e+03  1.67140e-03
 4.67593e+03  1.96564e-03
 4.67619e+03  1.09097e-03
 4.67645e+03  3.11261e-03
 4.67671e+03  1.92154e-03
 4.67697e+03  3.52973e-03
 4.67723e+03  2.65114e-03
 4.67749e+03  2.21893e-03
 4.67775e+03  2.51127e-03
 4.67801e+03  2.71882e-03
 4.67827e+03  2.65835e-03
 4.67853e+03  2.74941e-03
 4.67879e+03  3.11191e-03
 4.67905e+03  3.10463e-03
 4.67931e+03  3.14268e-03
 4.67957e+03  2.13953e-03
 4.67983e+03  2.33150e-03
 4.68009e+03  3.00955e-03
 4.68035e+03  3.01601e-03
 4.68061e+03  3.19068e-03
 4.68087e+03  2.50009e-03
 4.68113e+03  3.13557e-03
 4.68139e+03  3.67018e-03
 4.68165e+03  3.05602e-03
 4.68191e+03  3.34745e-03
 4.68217e+03  3.60896e-03
 4.68242e+03  2.56409e-03
 4.68268e+03  2.41968e-03
 4.68294e+03  2.93783e-03
 4.68320e+03  2.81471e-03
 4.68346e+03  3.17570e-03
 4.68372e+03  3.19978e-03
 4.68398e+03  2.61425e-03
 4.68424e+03  2.76648e-03
 4.68450e+03  2.71837e-03
 4.68476e+03  4.15957e-03
 4.68502e+03  2.99746e-03
 4.68528e+03  3.15358e-03
 4.68554e+03  3.75365e-03
 4.68580e+03  4.02408e-03
 4.68606e+03  3.51495e-03
 4.68632e+03  4.38184e-03
 4.68658e+03  3.52705e-03
 4.68684e+03  4.24462e-03
 4.68710e+03  3.25954e-03
 4.68736e+03  3.72103e-03
 4.68762e+03  2.85964e-03
 4.68788e+03  4.53440e-03
 4.68814e+03  3.94730e-03
 4.68840e+03  3.98637e-03
 4.68865e+03  3.68083e-03
 4.68891e+03  4.81736e-03
 4.68917e+03  3.39637e-03
 4.68943e+03  3.84329e-03
 4.68969e+03  3.90697e-03
 4.68995e+03  4.54868e-03
 4.69021e+03  3.85275e-03
 4.69047e+03  4.16438e-03
 4.69073e+03  3.87572e-03
 4.69099e+03  3.74210e-03
 4.69125e+03  4.33692e-03
 4.69151e+03  4.25685e-03
 4.69177e+03  3.80935e-03
 4.69203e+03  4.23211e-03
 4.69229e+03  3.75977e-03
 4.69255e+03  3.97303e-03
 4.69281e+03  4.90624e-03
 4.69307e+03  4.36266e-03
 4.69333e+03  4.69794e-03
 4.69359e+03  4.80023e-03
 4.69385e+03  4.57742e-03
 4.69411e+03  4.65662e-03
 4.69437e+03  4.86948e-03
 4.69463e+03  4.89447e-03
 4.69489e+03  4.40998e-03
 4.69515e+03  5.12808e-03
 4.69540e+03  5.40984e-03
 4.69566e+03  4.63914e-03
 4.69592e+03  5.47324e-03
 4.69618e+03  5.52486e-03
 4.69644e+03  5.39000e-03
 4.69670e+03  5.53368e-03
 4.69696e+03  4.76107e-03
 4.69722e+03  5.23660e-03
 4.69748e+03  4.99554e-03
 4.69774e+03  5.02991e-03
 4.69800e+03  5.17607e-03
 4.69826e+03  4.82161e-03
 4.69852e+03  5.93952e-03
 4.69878e+03  5.15919e-03
 4.69904e+03  5.84301e-03
 4.69930e+03  5.62851e-03
 4.69956e+03  6.26332e-03
 4.69982e+03  6.26248e-03
 4.70008e+03  6.05444e-03
 4.70034e+03  6.12506e-03
 4.70060e+03  5.24281e-03
 4.70086e+03  5.85009e-03
 4.70112e+03  5.52660e-03
 4.70138e+03  6.39974e-03
 4.70163e+03  6.12573e-03
 4.70189e+03  5.86850e-03
 4.70215e+03  6.82607e-03
 4.70241e+03  6.20219e-03
 4.70267e+03  6.90269e-03
 4.70293e+03  5.95774e-03
 4.70319e+03  6.45314e-03
 4.70345e+03  7.08331e-03
 4.70371e+03  6.09287e-03
 4.70397e+03  6.86694e-03
 4.70423e+03  7.11878e-03
 4.70449e+03  7.14797e-03
 4.70475e+03  6.92239e-03
 4.70501e+03  6.80405e-03
 4.70527e+03  7.12665e-03
 4.70553e+03  7.47889e-03
 4.70579e+03  7.31598e-03
 4.70605e+03  7.39804e-03
 4.70631e+03  7.25177e-03
 4.70657e+03  8.14822e-03
 4.70683e+03  7.89156e-03
 4.70709e+03  8.28126e-03
 4.70735e+03  8.20947e-03
 4.70761e+03  7.65621e-03
 4.70787e+03  8.82969e-03
 4.70812e+03  8.12732e-03
 4.70838e+03  8.73585e-03
 4.70864e+03  8.57291e-03
 4.70890e+03  9.36799e-03
 4.70916e+03  9.01677e-03
 4.70942e+03  8.95339e-03
 4.70968e+03  8.92740e-03
 4.70994e+03  8.81438e-03
 4.71020e+03  9.44186e-03
 4.71046e+03  9.57847e-03
 4.71072e+03  9.53067e-03
 4.71098e+03  8.96387e-03
 4.71124e+03  9.81309e-03
 4.71150e+03  1.00375e-02
 4.71176e+03  9.74514e-03
 4.71202e+03  1.01690e-02
 4.71228e+03  9.44170e-03
 4.71254e+03  1.07730e-02
 4.71280e+03  1.04280e-02
 4.71306e+03  1.13962e-02
 4.71332e+03  1.06040e-02
 4.71358e+03  1.08431e-02
 4.71384e+03  1.14763e-02
 4.71410e+03  1.09301e-02
 4.71436e+03  1.18141e-02
 4.71462e+03  1.10647e-02
 4.71487e+03  1.18572e-02
 4.71513e+03  1.21096e-02
 4.71539e+03  1.09491e-02
 4.71565e+03  1.33873e-02
 4.71591e+03  1.26618e-02
 4.71617e+03  1.23086e-02
 4.71643e+03  1.22136e-02
 4.71669e+03  1.38251e-02
 4.71695e+03  1.37886e-02
 4.71721e+03  1.39979e-02
 4.71747e+03  1.32014e-02
 4.71773e+03  1.32525e-02
 4.71799e+03  1.38808e-02
 4.71825e+03  1.46494e-02
 4.71851e+03  1.39383e-02
 4.71877e+03  1.46565e-02
 4.71903e+03  1.50278e-02
 4.71929e+03  1.56383e-02
 4.71955e+03  1.53558e-02
 4.71981e+03  1.49055e-02
 4.72007e+03  1.55716e-02
 4.72033e+03  1.71069e-02
 4.72059e+03  1.59859e-02
 4.72085e+03  1.70915e-02
 4.72110e+03  1.69639e-02
 4.72136e+03  1.74837e-02
 4.72162e+03  1.82202e-02
 4.72188e+03  1.77279e-02
 4.72214e+03  1.75277e-02
 4.72240e+03  1.75813e-02
 4.72266e+03  1.91504e-02
 4.72292e+03  1.92554e-02
 4.72318e+03  1.89526e-02
 4.72344e+03  2.00285e-02
 4.72370e+03  2.04662e-02
 4.72396e+03  2.03940e-02
 4.72422e+03  2.06081e-02
 4.72448e+03  2.04955e-02
 4.72474e+03  2.20295e-02
 4.72500e+03  2.22121e-02
 4.72526e+03  2.27889e-02
 4.72552e+03  2.32134e-02
 4.72578e+03  2.37461e-02
 4.72604e+03  2.23324e-02
 4.72630e+03  2.39663e-02
 4.72656e+03  2.35463e-02
 4.72682e+03  2.43027e-02
 4.72708e+03  2.42656e-02
 4.72734e+03  2.50296e-02
 4.72760e+03  2.62151e-02
 4.72785e+03  2.67713e-02
 4.72811e+03  2.68448e-02
 4.72837e+03  2.79821e-02
 4.72863e+03  2.84543e-02
 4.72889e+03  2.91297e-02
 4.72915e+03  2.91338e-02
 4.72941e+03  2.96975e-02
 4.72967e+03  3.01252e-02
 4.72993e+03  3.05301e-02
 4.73019e+03  3.13806e-02
 4.73045e+03  3.23498e-02
 4.73071e+03  3.26901e-02
 4.73097e+03  3.43971e-02
 4.73123e+03  3.28327e-02
 4.73149e+03  3.38979e-02
 4.73175e+03  3.50619e-02
 4.73201e+03  3.54037e-02
 4.73227e+03  3.50240e-02
 4.73253e+03  3.69923e-02
 4.73279e+03  3.94833e-02
 4.73305e+03  3.96081e-02
 4.73331e+03  3.94145e-02
 4.73357e+03  4.14301e-02
 4.73383e+03  4.09326e-02
 4.73408e+03  4.20201e-02
 4.73434e+03  4.38711e-02
 4.73460e+03  4.41248e-02
 4.73486e+03  4.37067e-02
 4.73512e+03  4.62434e-02
 4.73538e+03  4.83949e-02
 4.73564e+03  4.73276e-02
 4.73590e+03  4.94724e-02
 4.73616e+03  5.02016e-02
 4.73642e+03  4.97774e-02
 4.73668e+03  5.18731e-02
 4.73694e+03  5.24421e-02
 4.73720e+03  5.47094e-02
 4.73746e+03  5.76691e-02
 4.73772e+03  5.59920e-02
 4.73798e+03  5.67396e-02
 4.73824e+03  5.82159e-02
 4.73850e+03  5.99954e-02
 4.73876e+03  6.25007e-02
 4.73902e+03  6.32980e-02
 4.73928e+03  6.65876e-02
 4.73954e+03  6.63881e-02
 4.73980e+03  6.89277e-02
 4.74006e+03  6.80881e-02
 4.74032e+03  6.95750e-02
 4.74058e+03  7.16330e-02
 4.74083e+03  7.38589e-02
 4.74109e+03  7.64907e-02
 4.74135e+03  7.80639e-02
 4.74161e+03  7.90636e-02
 4.74187e+03  7.97007e-02
 4.74213e+03  8.09846e-02
 4.74239e+03  8.57842e-02
 4.74265e+03  8.70339e-02
 4.74291e+03  7.60348e-02
 4.74317e+03  9.05250e-02
 4.74343e+03  9.42220e-02
 4.74369e+03  9.58553e-02
 4.74395e+03  9.62992e-02
 4.74421e+03  9.91176e-02
 4.74447e+03  1.00517e-01
 4.74473e+03  1.02714e-01
 4.74499e+03  1.05142e-01
 4.74525e+03  1.10264e-01
 4.74551e+03  1.12205e-01
 4.74577e+03  1.14617e-01
 4.74603e+03  1.15155e-01
 4.74629e+03  1.22066e-01
 4.74655e+03  1.22383e-01
 4.74681e+03  1.24517e-01
 4.74706e+03  1.28148e-01
 4.74732e+03  1.30531e-01
 4.74758e+03  1.35092e-01
 4.74784e+03  1.36318e-01
 4.74810e+03  1.40652e-01
 4.74836e+03  1.41095e-01
 4.74862e+03  1.46898e-01
 4.74888e+03  1.51702e-01
 4.74914e+03  1.55338e-01
 4.74940e+03  1.58019e-01
 4.74966e+03  1.59145e-01
 4.74992e+03  1.65879e-01
 4.75018e+03  1.68552e-01
 4.75044e+03  1.75231e-01
 4.75070e+03  1.78371e-01
 4.75096e+03  1.82637e-01
 4.75122e+03  1.83186e-01
 4.75148e+03  1.90495e-01
 4.75174e+03  1.93228e-01
 4.75200e+03  1.97297e-01
 4.75226e+03  2.00931e-01
 4.75252e+03  2.06466e-01
 4.75278e+03  2.09028e-01
 4.75304e+03  2.15177e-01
 4.75330e+03  2.18877e-01
 4.75356e+03  2.23869e-01
 4.75381e+03  2.30106e-01
 4.75407e+03  2.32721e-01
 4.75433e+03  2.40126e-01
 4.75459e+03  2.43731e-01
 4.75485e+03  2.46549e-01
 4.75511e+03  2.57689e-01
 4.75537e+03  2.59114e-01
 4.75563e+03  2.63283e-01
 4.75589e+03  2.67707e-01
 4.75615e+03  2.72863e-01
 4.75641e+03  2.78635e-01
 4.75667e+03  2.83962e-01
 4.75693e+03  2.92362e-01
 4.75719e+03  2.94541e-01
 4.75745e+03  3.02469e-01
 4.75771e+03  3.08879e-01
 4.75797e+03  3.12116e-01
 4.75823e+03  3.21170e-01
 4.75849e+03  3.23431e-01
 4.75875e+03  3.30007e-01
 4.75901e+03  3.35323e-01
 4.75927e+03  3.40045e-01
 4.75953e+03  3.45262e-01
 4.75979e+03  3.53798e-01
 4.76004e+03  3.54021e-01
 4.76030e+03  3.66689e-01
 4.76056e+03  3.66673e-01
 4.76082e+03  3.70668e-01
 4.76108e+03  3.81021e-01
 4.76134e+03  3.82864e-01
 4.76160e+03  3.90810e-01
 4.76186e+03  3.92932e-01
 4.76212e+03  3.94200e-01
 4.76238e+03  4.04623e-01
 4.76264e+03  4.05711e-01
 4.76290e+03  4.13701e-01
 4.76316e+03  4.22716e-01
 4.76342e+03  4.23877e-01
 4.76368e+03  4.28731e-01
 4.76394e+03  4.33514e-01
 4.76420e+03  4.35740e-01
 4.76446e+03  4.41767e-01
 4.76472e+03  4.45917e-01
 4.76498e+03  4.49726e-01
 4.76524e+03  4.58023e-01
 4.76550e+03  4.59253e-01
 4.76576e+03  4.61953e-01
 4.76602e+03  4.62574e-01
 4.76628e+03  4.72201e-01
 4.76654e+03  4.74496e-01
 4.76679e+03  4.77816e-01
 4.76705e+03  4.82497e-01
 4.76731e+03  4.84829e-01
 4.76757e+03  4.87407e-01
 4.76783e+03  4.88838e-01
 4.76809e+03  4.97260e-01
 4.76835e+03  5.00435e-01
 4.76861e+03  5.05715e-01
 4.76887e+03  5.06713e-01
 4.76913e+03  5.06862e-01
 4.76939e+03  5.08607e-01
 4.76965e+03  5.08952e-01
 4.76991e+03  5.17050e-01
 4.77017e+03  5.12861e-01
 4.77043e+03  5.25806e-01
 4.77069e+03  5.16388e-01
 4.77095e+03  5.27521e-01
 4.77121e+03  5.26111e-01
 4.77147e+03  5.32576e-01
 4.77173e+03  5.28780e-01
 4.77199e+03  5.30020e-01
 4.77225e+03  5.29546e-01
 4.77251e+03  5.35611e-01
 4.77277e+03  5.35401e-01
 4.77302e+03  5.45875e-01
 4.77328e+03  5.42527e-01
 4.77354e+03  5.42059e-01
 4.77380e+03  5.47330e-01
 4.77406e+03  5.48364e-01
 4.77432e+03  5.45236e-01
 4.77458e+03  5.51037e-01
 4.77484e+03  5.53326e-01
 4.77510e+03  5.45125e-01
 4.77536e+03  5.54279e-01
 4.77562e+03  5.45478e-01
 4.77588e+03  5.52599e-01
 4.77614e+03  5.51226e-01
 4.77640e+03  5.53572e-01
 4.77666e+03  5.51857e-01
 4.77692e+03  5.53106e-01
 4.77718e+03  5.52330e-01
 4.77744e+03  5.49788e-01
 4.77770e+03  5.53869e-01
 4.77796e+03  5.62524e-01
 4.77822e+03  5.65398e-01
 4.77848e+03  5.56485e-01
 4.77874e+03  5.61504e-01
 4.77900e+03  5.61497e-01
 4.77926e+03  5.61195e-01
 4.77952e+03  5.58617e-01
 4.77977e+03  5.60524e-01
 4.78003e+03  5.64155e-01
 4.78029e+03  5.59181e-01
 4.78055e+03  5.60115e-01
 4.78081e+03  5.57476e-01
 4.78107e+03  5.63892e-01
 4.78133e+03  5.62201e-01
 4.78159e+03  5.57713e-01
 4.78185e+03  5.59815e-01
 4.78211e+03  5.70429e-01
 4.78237e+03  5.57636e-01
 4.78263e+03  5.71354e-01
 4.78289e+03  5.66263e-01
 4.78315e+03  5.61291e-01
 4.78341e+03  5.62236e-01
 4.78367e+03  5.68087e-01
 4.78393e+03  5.66717e-01
 4.78419e+03  5.65404e-01
 4.78445e+03  5.65110e-01
 4.78471e+03  5.67203e-01
 4.78497e+03  5.70138e-01
 4.78523e+03  5.67059e-01
 4.78549e+03  5.68130e-01
 4.78575e+03  5.61550e-01
 4.78600e+03  5.68218e-01
 4.78626e+03  5.68299e-01
 4.78652e+03  5.61979e-01
 4.78678e+03  5.68909e-01
 4.78704e+03  5.68477e-01
 4.78730e+03  5.65695e-01
 4.78756e+03  5.66232e-01
 4.78782e+03  5.73097e-01
 4.78808e+03  5.66999e-01
 4.78834e+03  5.65534e-01
 4.78860e+03  5.66407e-01
 4.78886e+03  5.71210e-01
 4.78912e+03  5.70165e-01
 4.78938e+03  5.69064e-01
 4.78964e+03  5.65997e-01
 4.78990e+03  5.67518e-01
 4.79016e+03  5.65165e-01
 4.79042e+03  5.71075e-01
 4.79068e+03  5.72944e-01
 4.79094e+03  5.63553e-01
 4.79120e+03  5.68611e-01
 4.79146e+03  5.67454e-01
 4.79172e+03  5.68879e-01
 4.79198e+03  5.66133e-01
 4.79224e+03  5.67217e-01
 4.79250e+03  5.69218e-01
 4.79275e+03  5.70370e-01
 4.79301e+03  5.67842e-01
 4.79327e+03  5.72930e-01
 4.79353e+03  5.68854e-01
 4.79379e+03  5.70857e-01
 4.79405e+03  5.73375e-01
 4.79431e+03  5.75006e-01
 4.79457e+03  5.72440e-01
 4.79483e+03  5.73430e-01
 4.79509e+03  5.68632e-01
 4.79535e+03  5.67479e-01
 4.79561e+03  5.71219e-01
 4.79587e+03  5.71148e-01
 4.79613e+03  5.73401e-01
 4.79639e+03  5.67895e-01
 4.79665e+03  5.72283e-01
 4.79691e+03  5.67000e-01
 4.79717e+03  5.63440e-01
 4.79743e+03  5.71179e-01
 4.79769e+03  5.68511e-01
 4.79795e+03  5.72354e-01
 4.79821e+03  5.70806e-01
 4.79847e+03  5.67092e-01
 4.79873e+03  5.68701e-01
 4.79898e+03  5.76716e-01
 4.79924e+03  5.67381e-01
 4.79950e+03  5.72770e-01
 4.79976e+03  5.63560e-01
 4.80002e+03  5.72137e-01
 4.80028e+03  5.69124e-01
 4.80054e+03  5.71527e-01
 4.80080e+03  5.65435e-01
 4.80106e+03  5.67714e-01
 4.80132e+03  5.70363e-01
 4.80158e+03  5.66422e-01
 4.80184e+03  5.67682e-01
 4.80210e+03  5.64353e-01
 4.80236e+03  5.67867e-01
 4.80262e+03  5.65157e-01
 4.80288e+03  5.71537e-01
 4.80314e+03  5.70488e-01
 4.80340e+03  5.66911e-01
 4.80366e+03  5.72383e-01
 4.80392e+03  5.68550e-01
 4.80418e+03  5.66192e-01
 4.80444e+03  5.66424e-01
 4.80470e+03  5.63792e-01
 4.80496e+03  5.64263e-01
 4.80522e+03  5.63833e-01
 4.80548e+03  5.63388e-01
 4.80573e+03  5.65593e-01
 4.80599e+03  5.68178e-01
 4.80625e+03  5.66104e-01
 4.80651e+03  5.66988e-01
 4.80677e+03  5.66010e-01
 4.80703e+03  5.62248e-01
 4.80729e+03  5.64795e-01
 4.80755e+03  5.61434e-01
 4.80781e+03  5.62032e-01
 4.80807e+03  5.69651e-01
 4.80833e+03  5.61161e-01
 4.80859e+03  5.69479e-01
 4.80885e+03  5.60245e-01
 4.80911e+03  5.59288e-01
 4.80937e+03  5.64645e-01
 4.80963e+03  5.60287e-01
 4.80989e+03  5.61922e-01
 4.81015e+03  5.58570e-01
 4.81041e+03  5.62984e-01
 4.81067e+03  5.61099e-01
 4.81093e+03  5.65331e-01
 4.81119e+03  5.59441e-01
 4.81145e+03  5.56984e-01
 4.81171e+03  5.59873e-01
 4.81196e+03  5.60173e-01
 4.81222e+03  5.56036e-01
 4.81248e+03  5.57707e-01
 4.81274e+03  5.55143e-01
 4.81300e+03  5.54775e-01
 4.81326e+03  5.57997e-01
 4.81352e+03  5.56283e-01
 4.81378e+03  5.53456e-01
 4.81404e+03  5.53350e-01
 4.81430e+03  5.54055e-01
 4.81456e+03  5.57525e-01
 4.81482e+03  5.52431e-01
 4.81508e+03  5.52866e-01
 4.81534e+03  5.52929e-01
 4.81560e+03  5.49014e-01
 4.81586e+03  5.58766e-01
 4.81612e+03  5.50817e-01
 4.81638e+03  5.51766e-01
 4.81664e+03  5.53940e-01
 4.81690e+03  5.51656e-01
 4.81716e+03  5.54107e-01
 4.81742e+03  5.47433e-01
 4.81768e+03  5.53076e-01
 4.81794e+03  5.53384e-01
 4.81820e+03  5.53715e-01
 4.81846e+03  5.48140e-01
 4.81871e+03  5.52707e-01
 4.81897e+03  5.52366e-01
 4.81923e+03  5.51351e-01
 4.81949e+03  5.47584e-01
 4.81975e+03  5.46134e-01
 4.82001e+03  5.57562e-01
 4.82027e+03  5.45928e-01
 4.82053e+03  5.45696e-01
 4.82079e+03  5.50046e-01
 4.82105e+03  5.47144e-01
 4.82131e+03  5.56588e-01
 4.82157e+03  5.54635e-01
 4.82183e+03  5.49553e-01
 4.82209e+03  5.50740e-01
 4.82235e+03  5.51403e-01
 4.82261e+03  5.47284e-01
 4.82287e+03  5.47301e-01
 4.82313e+03  5.50567e-01
 4.82339e+03  5.46783e-01
 4.82365e+03  5.44953e-01
 4.82391e+03  5.47629e-01
 4.82417e+03  5.50635e-01
 4.82443e+03  5.50139e-01
 4.82469e+03  5.50834e-01
 4.82494e+03  5.47970e-01
 4.82520e+03  5.48838e-01
 4.82546e+03  5.45011e-01
 4.82572e+03  5.49692e-01
 4.82598e+03  5.47578e-01
 4.82624e+03  5.49962e-01
 4.82650e+03  5.48440e-01
 4.82676e+03  5.47260e-01
 4.82702e+03  5.46027e-01
 4.82728e+03  5.48350e-01
 4.82754e+03  5.50635e-01
 4.82780e+03  5.48387e-01
 4.82806e+03  5.46636e-01
 4.82832e+03  5.47725e-01
 4.82858e+03  5.48611e-01
 4.82884e+03  5.50699e-01
 4.82910e+03  5.46538e-01
 4.82936e+03  5.46548e-01
 4.82962e+03  5.50524e-01
 4.82988e+03  5.41138e-01
 4.83014e+03  5.49828e-01
 4.83040e+03  5.42686e-01
 4.83066e+03  5.50501e-01
 4.83092e+03  5.49740e-01
 4.83118e+03  5.49968e-01
 4.83144e+03  5.47600e-01
 4.83169e+03  5.48563e-01
 4.83195e+03  5.46540e-01
 4.83221e+03  5.43471e-01
 4.83247e+03  5.46267e-01
 4.83273e+03  5.48093e-01
 4.83299e+03  5.45435e-01
 4.83325e+03  5.44624e-01
 4.83351e+03  5.44253e-01
 4.83377e+03  5.49942e-01
 4.83403e+03  5.45910e-01
 4.83429e+03  5.43487e-01
 4.83455e+03  5.40867e-01
 4.83481e+03  5.39375e-01
 4.83507e+03  5.40547e-01
 4.83533e+03  5.38949e-01
 4.83559e+03  5.40155e-01
 4.83585e+03  5.36566e-01
 4.83611e+03  5.34753e-01
 4.83637e+03  5.33660e-01
 4.83663e+03  5.36836e-01
 4.83689e+03  5.37214e-01
 4.83715e+03  5.34190e-01
 4.83741e+03  5.25649e-01
 4.83767e+03  5.32339e-01
 4.83792e+03  5.29200e-01
 4.83818e+03  5.26680e-01
 4.83844e+03  5.24514e-01
 4.83870e+03  5.20955e-01
 4.83896e+03  5.21643e-01
 4.83922e+03  5.22921e-01
 4.83948e+03  5.19115e-01
 4.83974e+03  5.12513e-01
 4.84000e+03  5.10180e-01
 4.84026e+03  5.09819e-01
 4.84052e+03  5.06853e-01
 4.84078e+03  5.02905e-01
 4.84104e+03  5.07030e-01
 4.84130e+03  4.97559e-01
 4.84156e+03  5.01083e-01
 4.84182e+03  4.94718e-01
 4.84208e+03  4.98157e-01
 4.84234e+03  4.87023e-01
 4.84260e+03  4.84089e-01
 4.84286e+03  4.86876e-01
 4.84312e+03  4.78203e-01
 4.84338e+03  4.73148e-01
 4.84364e+03  4.70130e-01
 4.84390e+03  4.67691e-01
 4.84416e+03  4.64470e-01
 4.84442e+03  4.57692e-01
 4.84467e+03  4.54404e-01
 4.84493e+03  4.50553e-01
 4.84519e+03  4.45901e-01
 4.84545e+03  4.43225e-01
 4.84571e+03  4.37222e-01
 4.84597e+03  4.32766e-01
 4.84623e+03  4.28234e-01
 4.84649e+03  4.26668e-01
 4.84675e+03  4.21329e-01
 4.84701e+03  4.13788e-01
 4.84727e+03  4.03620e-01
 4.84753e+03  4.04105e-01
 4.84779e+03  3.97924e-01
 4.84805e+03  3.93036e-01
 4.84831e+03  3.86458e-01
 4.84857e+03  3.83196e-01
 4.84883e+03  3.75672e-01
 4.84909e+03  3.74625e-01
 4.84935e+03  3.64690e-01
 4.84961e+03  3.65317e-01
 4.84987e+03  3.55551e-01
 4.85013e+03  3.55099e-01
 4.85039e+03  3.42571e-01
 4.85065e+03  3.47688e-01
 4.85090e+03  3.39307e-01
 4.85116e+03  3.30108e-01
 4.85142e+03  3.25562e-01
 4.85168e+03  3.20180e-01
 4.85194e+03  3.12214e-01
 4.85220e+03  3.09056e-01
 4.85246e+03  3.00985e-01
 4.85272e+03  3.01036e-01
 4.85298e+03  2.94272e-01
 4.85324e+03  2.87051e-01
 4.85350e+03  2.82727e-01
 4.85376e+03  2.76347e-01
 4.85402e+03  2.73514e-01
 4.85428e+03  2.65130e-01
 4.85454e+03  2.61109e-01
 4.85480e+03  2.59607e-01
 4.85506e+03  2.52401e-01
 4.85532e+03  2.46468e-01
 4.85558e+03  2.41615e-01
 4.85584e+03  2.34258e-01
 4.85610e+03  2.31161e-01
 4.85636e+03  2.28100e-01
 4.85662e+03  2.22041e-01
 4.85688e+03  2.17150e-01
 4.85714e+03  2.14286e-01
 4.85740e+03  2.07779e-01
 4.85765e+03  2.05201e-01
 4.85791e+03  2.00422e-01
 4.85817e+03  1.94922e-01
 4.85843e+03  1.92578e-01
 4.85869e+03  1.90554e-01
 4.85895e+03  1.83690e-01
 4.85921e+03  1.80025e-01
 4.85947e+03  1.74725e-01
 4.85973e+03  1.72796e-01
 4.85999e+03  1.70195e-01
 4.86025e+03  1.63927e-01
 4.86051e+03  1.59990e-01
 4.86077e+03  1.57298e-01
 4.86103e+03  1.53179e-01
 4.86129e+03  1.50830e-01
 4.86155e+03  1.46440e-01
 4.86181e+03  1.44316e-01
 4.86207e+03  1.42972e-01
 4.86233e+03  1.39068e-01
 4.86259e+03  1.33343e-01
 4.86285e+03  1.33786e-01
 4.86311e+03  1.29613e-01
 4.86337e+03  1.24779e-01
 4.86363e+03  1.24549e-01
 4.86388e+03  1.20810e-01
 4.86414e+03  1.18080e-01
 4.86440e+03  1.15491e-01
 4.86466e+03  1.13926e-01
 4.86492e+03  1.10168e-01
 4.86518e+03  1.08018e-01
 4.86544e+03  1.08109e-01
 4.86570e+03  1.03149e-01
 4.86596e+03  1.02576e-01
 4.86622e+03  9.97522e-02
 4.86648e+03  9.63176e-02
 4.86674e+03  9.39313e-02
 4.86700e+03  9.35926e-02
 4.86726e+03  9.15886e-02
 4.86752e+03  8.77457e-02
 4.86778e+03  8.62685e-02
 4.86804e+03  8.64492e-02
 4.86830e+03  8.28159e-02
 4.86856e+03  8.02666e-02
 4.86882e+03  8.04224e-02
 4.86908e+03  7.66621e-02
 4.86934e+03  7.62122e-02
 4.86960e+03  7.29051e-02
 4.86986e+03  7.25590e-02
 4.87012e+03  7.19932e-02
 4.87038e+03  7.00401e-02
 4.87063e+03  6.82528e-02
 4.87089e+03  6.85680e-02
 4.87115e+03  6.53661e-02
 4.87141e+03  6.45217e-02
 4.87167e+03  6.23862e-02
 4.87193e+03  6.02123e-02
 4.87219e+03  6.12466e-02
 4.87245e+03  5.88245e-02
 4.87271e+03  5.71191e-02
 4.87297e+03  5.53179e-02
 4.87323e+03  5.46836e-02
 4.87349e+03  5.42635e-02
 4.87375e+03  5.36121e-02
 4.87401e+03  5.23548e-02
 4.87427e+03  5.03866e-02
 4.87453e+03  4.96324e-02
 4.87479e+03  4.93934e-02
 4.87505e+03  4.88044e-02
 4.87531e+03  4.67388e-02
 4.87557e+03  4.53086e-02
 4.87583e+03  4.60479e-02
 4.87609e+03  4.49071e-02
 4.87635e+03  4.23922e-02
 4.87661e+03  4.26631e-02
 4.87687e+03  3.99419e-02
 4.87712e+03  4.03994e-02
 4.87738e+03  4.05848e-02
 4.87764e+03  3.86381e-02
 4.87790e+03  3.85116e-02
 4.87816e+03  3.86603e-02
 4.87842e+03  3.79371e-02
 4.87868e+03  3.63087e-02
 4.87894e+03  3.63577e-02
 4.87920e+03  3.54222e-02
 4.87946e+03  3.42539e-02
 4.87972e+03  3.33834e-02
 4.87998e+03  3.28350e-02
 4.88024e+03  3.20239e-02
 4.88050e+03  3.26656e-02
 4.88076e+03  3.17441e-02
 4.88102e+03  3.13329e-02
 4.88128e+03  3.00122e-02
 4.88154e+03  2.95798e-02
 4.88180e+03  2.91092e-02
 4.88206e+03  2.82946e-02
 4.88232e+03  2.72053e-02
 4.88258e+03  2.77327e-02
 4.88284e+03  2.72608e-02
 4.88310e+03  2.62516e-02
 4.88335e+03  2.57281e-02
 4.88361e+03  2.63123e-02
 4.88387e+03  2.51133e-02
 4.88413e+03  2.44601e-02
 4.88439e+03  2.42257e-02
 4.88465e+03  2.38796e-02
 4.88491e+03  2.25212e-02
 4.88517e+03  2.30829e-02
 4.88543e+03  2.20268e-02
 4.88569e+03  2.25387e-02
 4.88595e+03  2.24748e-02
 4.88621e+03  2.18653e-02
 4.88647e+03  2.07983e-02
 4.88673e+03  2.03341e-02
 4.88699e+03  2.02219e-02
 4.88725e+03  2.00228e-02
 4.88751e+03  1.97993e-02
 4.88777e+03  1.92097e-02
 4.88803e+03  1.95229e-02
 4.88829e+03  1.93005e-02
 4.88855e+03  1.83161e-02
 4.88881e+03  1.84795e-02
 4.88907e+03  1.84418e-02
 4.88933e+03  1.74478e-02
 4.88959e+03  1.73735e-02
 4.88985e+03  1.74245e-02
 4.89010e+03  1.61380e-02
 4.89036e+03  1.68075e-02
 4.89062e+03  1.59805e-02
 4.89088e+03  1.61007e-02
 4.89114e+03  1.58599e-02
 4.89140e+03  1.49303e-02
 4.89166e+03  1.55232e-02
 4.89192e+03  1.55917e-02
 4.89218e+03  1.45947e-02
 4.89244e+03  1.43641e-02
 4.89270e+03  1.33535e-02
 4.89296e+03  1.53583e-02
 4.89322e+03  1.42113e-02
 4.89348e+03  1.30978e-02
 4.89374e+03  1.37518e-02
 4.89400e+03  1.38164e-02
 4.89426e+03  1.34540e-02
 4.89452e+03  1.34865e-02
 4.89478e+03  1.29666e-02
 4.89504e+03  1.28470e-02
 4.89530e+03  1.17353e-02
 4.89556e+03  1.18635e-02
 4.89582e+03  1.21018e-02
 4.89608e+03  1.24789e-02
 4.89633e+03  1.20002e-02
 4.89659e+03  1.19890e-02
 4.89685e+03  1.15386e-02
 4.89711e+03  1.10559e-02
 4.89737e+03  1.07159e-02
 4.89763e+03  1.10080e-02
 4.89789e+03  1.06023e-02
 4.89815e+03  1.07412e-02
 4.89841e+03  1.02405e-02
 4.89867e+03  1.00604e-02
 4.89893e+03  9.88403e-03
 4.89919e+03  9.60805e-03
 4.89945e+03  9.75704e-03
 4.89971e+03  8.78905e-03
 4.89997e+03  9.60276e-03
 4.90023e+03  9.66704e-03
 4.90049e+03  9.37895e-03
 4.90075e+03  8.84647e-03
 4.90101e+03  8.89659e-03
 4.90127e+03  8.84945e-03
 4.90153e+03  8.65768e-03
 4.90179e+03  8.33618e-03
 4.90205e+03  9.33011e-03
 4.90231e+03  9.16898e-03
 4.90257e+03  8.41946e-03
 4.90283e+03  7.95078e-03
 4.90308e+03  8.23240e-03
 4.90334e+03  7.82253e-03
 4.90360e+03  7.56718e-03
 4.90386e+03  8.18484e-03
 4.90412e+03  7.09506e-03
 4.90438e+03  7.47171e-03
 4.90464e+03  7.59375e-03
 4.90490e+03  8.04710e-03
 4.90516e+03  7.60633e-03
 4.90542e+03  7.53545e-03
 4.90568e+03  7.32330e-03
 4.90594e+03  7.30032e-03
 4.90620e+03  7.20066e-03
 4.90646e+03  6.89642e-03
 4.90672e+03  6.59125e-03
 4.90698e+03  6.64527e-03
 4.90724e+03  6.55137e-03
 4.90750e+03  6.84239e-03
 4.90776e+03  7.07734e-03
 4.90802e+03  6.80637e-03
 4.90828e+03  6.52186e-03
 4.90854e+03  6.42310e-03
 4.90880e+03  6.03877e-03
 4.90906e+03  5.87433e-03
 4.90931e+03  6.30031e-03
 4.90957e+03  6.38730e-03
 4.90983e+03  5.60247e-03
 4.91009e+03  5.90119e-03
 4.91035e+03  5.49144e-03
 4.91061e+03  6.47227e-03
 4.91087e+03  5.42023e-03
 4.91113e+03  5.53311e-03
 4.91139e+03  5.82853e-03
 4.91165e+03  5.13079e-03
 4.91191e+03  5.79403e-03
 4.91217e+03  5.34890e-03
 4.91243e+03  5.20818e-03
 4.91269e+03  5.11380e-03
 4.91295e+03  5.07752e-03
 4.91321e+03  4.53398e-03
 4.91347e+03  5.27941e-03
 4.91373e+03  5.43703e-03
 4.91399e+03  5.00851e-03
 4.91425e+03  4.97930e-03
 4.91451e+03  4.74205e-03
 4.91477e+03  5.02337e-03
 4.91503e+03  4.42249e-03
 4.91529e+03  4.50128e-03
 4.91555e+03  4.69792e-03
 4.91581e+03  4.93325e-03
 4.91606e+03  4.69008e-03
 4.91632e+03  4.26248e-03
 4.91658e+03  4.56304e-03
 4.91684e+03  4.65359e-03
 4.91710e+03  4.75267e-03
 4.91736e+03  4.47977e-03
 4.91762e+03  4.38290e-03
 4.91788e+03  4.04701e-03
 4.91814e+03  4.06655e-03
 4.91840e+03  4.54530e-03
 4.91866e+03  4.32270e-03
 4.91892e+03  3.91366e-03
 4.91918e+03  4.13048e-03
 4.91944e+03  4.13760e-03
 4.91970e+03  3.70369e-03
 4.91996e+03  3.42013e-03
 4.92022e+03  3.89151e-03
 4.92048e+03  4.10281e-03
 4.92074e+03  4.03598e-03
 4.92100e+03  3.54107e-03
 4.92126e+03  3.42739e-03
 4.92152e+03  4.06879e-03
 4.92178e+03  3.73385e-03
 4.92204e+03  3.80705e-03
 4.92229e+03  3.41951e-03
 4.92255e+03  2.99079e-03
 4.92281e+03  3.95241e-03
 4.92307e+03  3.16456e-03
 4.92333e+03  3.50453e-03
 4.92359e+03  3.53861e-03
 4.92385e+03  3.60555e-03
 4.92411e+03  3.65760e-03
 4.92437e+03  3.78100e-03
 4.92463e+03  3.05939e-03
 4.92489e+03  3.23297e-03
 4.92515e+03  2.96318e-03
 4.92541e+03  3.38384e-03
 4.92567e+03  3.25032e-03
 4.92593e+03  3.44056e-03
 4.92619e+03  2.37699e-03
 4.92645e+03  2.88069e-03
 4.92671e+03  2.89402e-03
 4.92697e+03  3.03932e-03
 4.92723e+03  2.69026e-03
 4.92749e+03  2.35702e-03
 4.92775e+03  2.43745e-03
 4.92801e+03  2.85055e-03
 4.92827e+03  2.49920e-03
 4.92853e+03  2.19751e-03
 4.92879e+03  3.08241e-03
 4.92904e+03  3.26914e-03
 4.92930e+03  3.03213e-03
 4.92956e+03  2.19384e-03
 4.92982e+03  3.00359e-03
 4.93008e+03  2.83566e-03
 4.93034e+03  2.50773e-03
 4.93060e+03  2.48752e-03
 4.93086e+03  2.44508e-03
 4.93112e+03  2.64166e-03
 4.93138e+03  2.92923e-03
 4.93164e+03  2.93658e-03
 4.93190e+03  2.80975e-03
 4.93216e+03  2.60426e-03
 4.93242e+03  2.39050e-03
 4.93268e+03  3.01422e-03
 4.93294e+03  2.31316e-03
 4.93320e+03  2.41148e-03
 4.93346e+03  2.51467e-03
 4.93372e+03  3.03119e-03
 4.93398e+03  1.99013e-03
 4.93424e+03  2.45539e-03
 4.93450e+03  2.11922e-03
 4.93476e+03  2.56266e-03
 4.93502e+03  1.80590e-03
 4.93527e+03  2.14751e-03
 4.93553e+03  2.03584e-03
 4.93579e+03  2.79519e-03
 4.93605e+03  2.02435e-03
 4.93631e+03  2.55249e-03
 4.93657e+03  2.28069e-03
 4.93683e+03  1.75641e-03
 4.93709e+03  1.98926e-03
 4.93735e+03  2.28009e-03
 4.93761e+03  2.40091e-03
 4.93787e+03  2.23295e-03
 4.93813e+03  2.31739e-03
 4.93839e+03  2.14294e-03
 4.93865e+03  1.92268e-03
 4.93891e+03  1.95409e-03
 4.93917e+03  1.79206e-03
 4.93943e+03  1.82169e-03
 4.93969e+03  1.93370e-03
 4.93995e+03  1.68240e-03
 4.94021e+03  2.32233e-03
 4.94047e+03  1.36917e-03
 4.94073e+03  1.94549e-03
 4.94099e+03  1.82064e-03
 4.94125e+03  1.84592e-03
 4.94151e+03  1.66532e-03
 4.94177e+03  1.41667e-03
 4.94202e+03  2.12602e-03
 4.94228e+03  2.09805e-03
 4.94254e+03  1.73559e-03
 4.94280e+03  1.84649e-03
 4.94306e+03  1.68186e-03
 4.94332e+03  1.96229e-03
 4.94358e+03  2.34751e-03
 4.94384e+03  2.02529e-03
 4.94410e+03  1.73464e-03
 4.94436e+03  1.67754e-03
 4.94462e+03  1.82020e-03
 4.94488e+03  1.59188e-03
 4.94514e+03  2.02915e-03
 4.94540e+03  1.52574e-03
 4.94566e+03  1.54690e-03
 4.94592e+03  1.86242e-03
 4.94618e+03  1.47377e-03
 4.94644e+03  1.52179e-03
 4.94670e+03  1.88815e-03
 4.94696e+03  1.36994e-03
 4.94722e+03  1.41245e-03
 4.94748e+03  1.75065e-03
 4.94774e+03  1.74170e-03
 4.94800e+03  1.47849e-03
 4.94825e+03  2.11738e-03
 4.94851e+03  1.82485e-03
 4.94877e+03  1.51282e-03
 4.94903e+03  1.68332e-03
 4.94929e+03  1.15643e-03
 4.94955e+03  1.51246e-03
 4.94981e+03  1.67504e-03
 4.95007e+03  1.50853e-03
