   3891.306     -3.9749779E-05
   3896.371     -3.9749779E-05
   3901.436     -3.9749779E-05
   3906.501     -3.9749779E-05
   3911.567     -3.9749779E-05
   3916.633     -3.9749779E-05
   3921.699     -3.9749779E-05
   3926.765     -3.9749779E-05
   3931.832     -3.9749779E-05
   3936.898     -3.9749779E-05
   3941.965     -3.9749779E-05
   3947.032     -3.9749779E-05
   3952.100     -3.9749779E-05
   3957.167     -3.9749779E-05
   3962.235     -3.9749779E-05
   3967.303     -3.9749779E-05
   3972.371     -3.9749779E-05
   3977.440     -3.9749779E-05
   3982.508     -3.9749779E-05
   3987.577     -3.9749779E-05
   3992.646     -3.9749779E-05
   3997.716     -3.9749779E-05
   4002.785     -3.9749779E-05
   4007.855     -3.9749779E-05
   4012.925     -3.9749779E-05
   4017.995     -3.9749779E-05
   4023.065     -3.9749779E-05
   4028.136     -3.9749779E-05
   4033.207     -3.9749779E-05
   4038.278     -3.9749779E-05
   4043.349     -3.9749779E-05
   4048.421     -3.9749779E-05
   4053.493     -3.9749779E-05
   4058.565     -3.9749779E-05
   4063.637     -3.9749779E-05
   4068.709     -3.9749779E-05
   4073.782     -3.9749779E-05
   4078.855     -3.9749779E-05
   4083.928     -3.9749779E-05
   4089.001     -3.9749779E-05
   4094.074     -3.9749779E-05
   4099.148     -3.9749779E-05
   4104.222     -3.9749779E-05
   4109.296     -3.9749779E-05
   4114.371     -3.9749779E-05
   4119.445     -3.9749779E-05
   4124.520     -3.9749779E-05
   4129.595     -3.9749779E-05
   4134.670     -3.9749779E-05
   4139.746     -3.9749779E-05
   4144.822     -3.9749779E-05
   4149.897     -3.9749779E-05
   4154.974     -3.9749779E-05
   4160.050     -3.9749779E-05
   4165.126     -3.9749779E-05
   4170.204     -3.9749779E-05
   4175.280     -3.9749779E-05
   4180.358     -3.9749779E-05
   4185.435     -3.9749779E-05
   4190.513     -3.9749779E-05
   4195.591     -3.9749779E-05
   4200.669     -3.9749779E-05
   4205.747     -3.9749779E-05
   4210.826     -3.9749779E-05
   4215.904     -3.9749779E-05
   4220.983     -3.9749779E-05
   4226.063     -3.9749779E-05
   4231.142     -3.9749779E-05
   4236.222     -3.9749779E-05
   4241.302     -3.9749779E-05
   4246.382     -3.9749779E-05
   4251.462     -3.9749779E-05
   4256.542     -3.9749779E-05
   4261.624     -3.9749779E-05
   4266.705     -3.9749779E-05
   4271.786     -3.9749779E-05
   4276.867     -3.9749779E-05
   4281.949     -3.9749779E-05
   4287.030     -3.9749779E-05
   4292.112     -3.9749779E-05
   4297.195     -3.9749779E-05
   4302.277     -3.9749779E-05
   4307.360     -3.9749779E-05
   4312.443     -3.9749779E-05
   4317.526     -3.9749779E-05
   4322.609     -3.9749779E-05
   4327.693     -3.9749779E-05
   4332.777     -3.9749779E-05
   4337.861     -3.9749779E-05
   4342.945     -3.9749779E-05
   4348.030     -3.9749779E-05
   4353.115     -3.9749779E-05
   4358.200     -3.9749779E-05
   4363.285     -3.9749779E-05
   4368.370     -3.9749779E-05
   4373.456     -3.9749779E-05
   4378.542     -3.9749779E-05
   4383.627     -3.9749779E-05
   4388.714     -3.9749779E-05
   4393.800     -3.9749779E-05
   4398.887     -3.9749779E-05
   4403.974     -3.9749779E-05
   4409.061     -3.9749779E-05
   4414.148     -3.9749779E-05
   4419.236     -3.9749779E-05
   4424.324     -3.9749779E-05
   4429.412     -3.9749779E-05
   4434.500     -3.9749779E-05
   4439.588     -3.9749779E-05
   4444.677     -3.9749779E-05
   4449.766     -3.9749779E-05
   4454.855     -3.9749779E-05
   4459.944     -3.9749779E-05
   4465.034     -3.9749779E-05
   4470.124     -3.9749779E-05
   4475.213     -3.9749779E-05
   4480.304     -3.9749779E-05
   4485.394     -3.9749779E-05
   4490.485     -3.9749779E-05
   4495.576     -3.9749779E-05
   4500.667     -3.9749779E-05
   4505.758     -3.9749779E-05
   4510.850     -3.9749779E-05
   4515.941     -3.9749779E-05
   4521.033     -3.9749779E-05
   4526.125     -3.9749779E-05
   4531.218     -3.9749779E-05
   4536.311     -3.9749779E-05
   4541.403     -3.9749779E-05
   4546.497     -3.9749779E-05
   4551.590     -3.9749779E-05
   4556.683     -3.9749779E-05
   4561.777     -3.9749779E-05
   4566.871     -3.9749779E-05
   4571.965     -3.9749779E-05
   4577.060     -3.9749779E-05
   4582.154     -3.9749779E-05
   4587.249     -3.9749779E-05
   4592.344     -3.9749779E-05
   4597.439     -3.9749779E-05
   4602.535     -3.9749779E-05
   4607.630     -3.9749779E-05
   4612.726     -3.9749779E-05
   4617.822     -3.9749779E-05
   4622.919     -3.9749779E-05
   4628.015     -3.9749779E-05
   4633.112     -3.9749779E-05
   4638.209     -3.9749779E-05
   4643.306     -3.9749779E-05
   4648.404     -3.9749779E-05
   4653.501     -3.9749779E-05
   4658.600     -3.9749779E-05
   4663.698     -3.9749779E-05
   4668.796     -3.9749779E-05
   4673.895     -3.9749779E-05
   4678.993     -3.9749779E-05
   4684.092     -3.9749779E-05
   4689.191     -3.9749779E-05
   4694.291     -3.9749779E-05
   4699.391     -3.9749779E-05
   4704.490     -3.9749779E-05
   4709.590     -3.9749779E-05
   4714.691     -3.9749779E-05
   4719.792     -3.9749779E-05
   4724.892     -3.9749779E-05
   4729.993     -3.9749779E-05
   4735.094     -3.9749779E-05
   4740.196     -3.9749779E-05
   4745.297     -3.9749779E-05
   4750.399     -3.9749779E-05
   4755.501     -3.9749779E-05
   4760.604     -3.9749779E-05
   4765.706     -3.9749779E-05
   4770.809     -3.9749779E-05
   4775.912     -3.9749779E-05
   4781.015     -3.9749779E-05
   4786.118     -3.9749779E-05
   4791.222     -3.9749779E-05
   4796.326     -3.9749779E-05
   4801.430     -3.9749779E-05
   4806.534     -3.9749779E-05
   4811.639     -3.9749779E-05
   4816.743     -3.9749779E-05
   4821.848     -3.9749779E-05
   4826.953     -3.9749779E-05
   4832.059     -3.9749779E-05
   4837.164     -3.9749779E-05
   4842.270     -3.9749779E-05
   4847.376     -3.9749779E-05
   4852.482     -3.9749779E-05
   4857.589     -3.9749779E-05
   4862.696     -3.9749779E-05
   4867.802     -3.9749779E-05
   4872.910     -3.9749779E-05
   4878.017     -3.9749779E-05
   4883.125     -3.9749779E-05
   4888.232     -3.9749779E-05
   4893.340     -3.9749779E-05
   4898.449     -3.9749779E-05
   4903.557      4.4643879E-05
   4908.666      4.4003129E-05
   4913.774      4.9948692E-05
   4918.884      6.2465668E-05
   4923.993      8.1583858E-05
   4929.103      1.0730326E-04
   4934.212      1.3960898E-04
   4939.322      1.7848611E-04
   4944.433      2.2396445E-04
   4949.543      2.7602911E-04
   4954.653      3.3469498E-04
   4959.764      3.9993227E-04
   4964.875      4.7177076E-04
   4969.987      5.5018067E-04
   4975.098      6.3520670E-04
   4980.210      7.2680414E-04
   4985.322      8.2500279E-04
   4990.434      9.2977285E-04
   4995.547      1.0411441E-03
   5000.659      1.1591017E-03
   5005.772      1.2836456E-03
   5010.885      1.4147907E-03
   5015.999      1.5525222E-03
   5021.112      1.6968399E-03
   5026.226      1.8477440E-03
   5031.340      2.0052344E-03
   5036.454      2.1693110E-03
   5041.568      2.3399889E-03
   5046.683      2.5172383E-03
   5051.797      2.7011037E-03
   5056.913      2.8915405E-03
   5062.028      3.0885786E-03
   5067.144      3.2921880E-03
   5072.259      3.5023987E-03
   5077.375      3.7191957E-03
   5082.491      3.9425790E-03
   5087.607      4.1725487E-03
   5092.724      4.4091344E-03
   5097.841      4.6522766E-03
   5102.958      4.9020201E-03
   5108.075      5.1583499E-03
   5113.192      5.7174340E-03
   5118.310      5.9861732E-03
   5123.428      6.2382105E-03
   5128.546      6.4712279E-03
   5133.665      6.6957907E-03
   5138.783      6.9297636E-03
   5143.902      7.1936632E-03
   5149.021      7.5031468E-03
   5154.140      7.8580109E-03
   5159.259      8.2452968E-03
   5164.379      8.6579565E-03
   5169.499      9.1039268E-03
   5174.619      9.5907953E-03
   5179.739      1.0112183E-02
   5184.860      1.0655966E-02
   5189.981      1.1220716E-02
   5195.102      1.1818345E-02
   5200.223      1.2470112E-02
   5205.344      1.3204644E-02
   5210.466      1.4053613E-02
   5215.588      1.5036347E-02
   5220.710      1.6145293E-02
   5225.832      1.7353693E-02
   5230.955      1.8643126E-02
   5236.078      2.0024579E-02
   5241.201      2.1531437E-02
   5246.324      2.3203690E-02
   5251.447      2.5084296E-02
   5256.571      2.7219499E-02
   5261.694      2.9648738E-02
   5266.818      3.2397583E-02
   5271.943      3.5479244E-02
   5277.067      3.8904835E-02
   5282.192      4.2687424E-02
   5287.317      4.6855696E-02
   5292.442      5.1481567E-02
   5297.567      5.6696724E-02
   5302.693      6.2675707E-02
   5307.819      6.9601618E-02
   5312.945      7.7632658E-02
   5318.071      8.6889789E-02
   5323.198      9.7477481E-02
   5328.324      0.1095262    
   5333.451      0.1232140    
   5338.578      0.1387278    
   5343.706      0.1562023    
   5348.833      0.1757146    
   5353.961      0.1973434    
   5359.089      0.2212086    
   5364.217      0.2474365    
   5369.346      0.2760381    
   5374.475      0.3067824    
   5379.603      0.3391330    
   5384.732      0.3722961    
   5389.862      0.4053623    
   5394.991      0.4374715    
   5400.121      0.4679198    
   5405.251      0.4961636    
   5410.381      0.5217685    
   5415.512      0.5443721    
   5420.642      0.5637020    
   5425.773      0.5796245    
   5430.904      0.5921959    
   5436.036      0.6016917    
   5441.167      0.6085468    
   5446.299      0.6132067    
   5451.431      0.6160085    
   5456.563      0.6172051    
   5461.695      0.6170799    
   5466.828      0.6159669    
   5471.961      0.6141692    
   5477.094      0.6118818    
   5482.227      0.6091581    
   5487.361      0.6058623    
   5492.495      0.6016233    
   5497.628      0.5958849    
   5502.762      0.5880502    
   5507.897      0.5776439    
   5513.031      0.5644410    
   5518.167      0.5485113    
   5523.301      0.5301083    
   5528.437      0.5094478    
   5533.572      0.4865789    
   5538.708      0.4614725    
   5543.844      0.4342554    
   5548.980      0.4053836    
   5554.116      0.3755933    
   5559.253      0.3456822    
   5564.390      0.3162783    
   5569.526      0.2877861    
   5574.664      0.2604926    
   5579.801      0.2346932    
   5584.939      0.2106937    
   5590.077      0.1887113    
   5595.215      0.1687980    
   5600.354      0.1508729    
   5605.492      0.1348046    
   5610.631      0.1204522    
   5615.770      0.1076609    
   5620.909      9.6272461E-02
   5626.048      8.6169839E-02
   5631.188      7.7289768E-02
   5636.328      6.9576725E-02
   5641.468      6.2921047E-02
   5646.608      5.7149258E-02
   5651.749      5.2057903E-02
   5656.890      4.7473159E-02
   5662.031      4.3296434E-02
   5667.172      3.9502658E-02
   5672.313      3.6095694E-02
   5677.455      3.3066612E-02
   5682.597      3.0385183E-02
   5687.739      2.8012160E-02
   5692.881      2.5905730E-02
   5698.023      2.4023522E-02
   5703.166      2.2332465E-02
   5708.309      2.0817991E-02
   5713.452      1.9474829E-02
   5718.596      1.8286023E-02
   5723.739      1.7207075E-02
   5728.883      1.6181085E-02
   5734.027      1.5171775E-02
   5739.171      1.4183727E-02
   5744.316      1.3249712E-02
   5749.461      1.2401663E-02
   5754.605      1.1652068E-02
   5759.751      1.0992673E-02
   5764.896      1.0402337E-02
   5770.042      9.8584332E-03
   5775.188      9.3494076E-03
   5780.333      8.8822311E-03
   5785.480      8.4746312E-03
   5790.626      8.1355721E-03
   5795.773      7.8481147E-03
   5800.920      7.5723622E-03
   5806.067      7.2731068E-03
   5811.214      6.9466848E-03
   5816.362      6.6250544E-03
   5821.510      5.5732131E-03
   5826.658      5.2735209E-03
   5831.806      4.9817562E-03
   5836.955      4.6977997E-03
   5842.103      4.4216514E-03
   5847.252      4.1534305E-03
   5852.401      3.8930178E-03
   5857.550      3.6404729E-03
   5862.700      3.3957362E-03
   5867.850      3.1588674E-03
   5873.000      2.9298663E-03
   5878.150      2.7086735E-03
   5883.300      2.4953485E-03
   5888.451      2.2898912E-03
   5893.602      2.0921826E-03
   5898.753      1.9024014E-03
   5903.904      1.7204881E-03
   5909.056      1.5463829E-03
   5914.208      1.3801455E-03
   5919.359      1.2217760E-03
   5924.512      1.0712147E-03
   5929.664      9.2846155E-04
   5934.817      7.9363585E-04
   5939.970      6.6661835E-04
   5945.123      5.4746866E-04
   5950.276      4.3618679E-04
   5955.430      3.3265352E-04
   5960.583      2.3704767E-04
   5965.737      1.4925003E-04
   5970.891      6.9320202E-05
   5976.046     -3.9749779E-05
   5981.200     -3.9749779E-05
   5986.355     -3.9749779E-05
   5991.510     -3.9749779E-05
   5996.666     -3.9749779E-05
   6001.821     -3.9749779E-05
   6006.977     -3.9749779E-05
   6012.132     -3.9749779E-05
   6017.289     -3.9749779E-05
   6022.445     -3.9749779E-05
   6027.602     -3.9749779E-05
   6032.758     -3.9749779E-05
   6037.916     -3.9749779E-05
   6043.073     -3.9749779E-05
   6048.230     -3.9749779E-05
   6053.388     -3.9749779E-05
   6058.545     -3.9749779E-05
   6063.704     -3.9749779E-05
   6068.862     -3.9749779E-05
   6074.021     -3.9749779E-05
   6079.180     -3.9749779E-05
   6084.338     -3.9749779E-05
   6089.498     -3.9749779E-05
   6094.657     -3.9749779E-05
   6099.817     -3.9749779E-05
   6104.977     -3.9749779E-05
   6110.137     -3.9749779E-05
   6115.297     -3.9749779E-05
   6120.458     -3.9749779E-05
   6125.618     -3.9749779E-05
   6130.779     -3.9749779E-05
   6135.940     -3.9749779E-05
   6141.102     -3.9749779E-05
   6146.264     -3.9749779E-05
   6151.426     -3.9749779E-05
   6156.587     -3.9749779E-05
   6161.750     -3.9749779E-05
   6166.913     -3.9749779E-05
   6172.075     -3.9749779E-05
   6177.238     -3.9749779E-05
   6182.401     -3.9749779E-05
   6187.564     -3.9749779E-05
   6192.728     -3.9749779E-05
   6197.892     -3.9749779E-05
   6203.056     -3.9749779E-05
   6208.220     -3.9749779E-05
   6213.385     -3.9749779E-05
   6218.550     -3.9749779E-05
   6223.714     -3.9749779E-05
   6228.880     -3.9749779E-05
   6234.045     -3.9749779E-05
   6239.210     -3.9749779E-05
   6244.376     -3.9749779E-05
   6249.542     -3.9749779E-05
   6254.709     -3.9749779E-05
   6259.875     -3.9749779E-05
   6265.042     -3.9749779E-05
   6270.209     -3.9749779E-05
   6275.376     -3.9749779E-05
   6280.543     -3.9749779E-05
   6285.711     -3.9749779E-05
   6290.878     -3.9749779E-05
   6296.047     -3.9749779E-05
   6301.215     -3.9749779E-05
   6306.383     -3.9749779E-05
   6311.552     -3.9749779E-05
   6316.721     -3.9749779E-05
   6321.890     -3.9749779E-05
   6327.059     -3.9749779E-05
   6332.229     -3.9749779E-05
   6337.398     -3.9749779E-05
   6342.569     -3.9749779E-05
   6347.739     -3.9749779E-05
   6352.909     -3.9749779E-05
   6358.080     -3.9749779E-05
   6363.251     -3.9749779E-05
   6368.422     -3.9749779E-05
   6373.593     -3.9749779E-05
   6378.765     -3.9749779E-05
   6383.937     -3.9749779E-05
   6389.108     -3.9749779E-05
   6394.280     -3.9749779E-05
   6399.453     -3.9749779E-05
   6404.625     -3.9749779E-05
   6409.798     -3.9749779E-05
   6414.972     -3.9749779E-05
   6420.145     -3.9749779E-05
   6425.318     -3.9749779E-05
   6430.492     -3.9749779E-05
   6435.666     -3.9749779E-05
   6440.840     -3.9749779E-05
   6446.015     -3.9749779E-05
   6451.189     -3.9749779E-05
   6456.364     -3.9749779E-05
   6461.539     -3.9749779E-05
   6466.714     -3.9749779E-05
   6471.890     -3.9749779E-05
   6477.065     -3.9749779E-05
   6482.241     -3.9749779E-05
   6487.417     -3.9749779E-05
   6492.594     -3.9749779E-05
   6497.771     -3.9749779E-05
   6502.947     -3.9749779E-05
   6508.125     -3.9749779E-05
   6513.302     -3.9749779E-05
   6518.479     -3.9749779E-05
   6523.657     -3.9749779E-05
   6528.834     -3.9749779E-05
   6534.013     -3.9749779E-05
   6539.191     -3.9749779E-05
   6544.370     -3.9749779E-05
   6549.548     -3.9749779E-05
   6554.728     -3.9749779E-05
   6559.907     -3.9749779E-05
   6565.086     -3.9749779E-05
   6570.266     -3.9749779E-05
   6575.446     -3.9749779E-05
   6580.625     -3.9749779E-05
   6585.806     -3.9749779E-05
   6590.986     -3.9749779E-05
   6596.167     -3.9749779E-05
   6601.348     -3.9749779E-05
   6606.529     -3.9749779E-05
   6611.711     -3.9749779E-05
   6616.893     -3.9749779E-05
   6622.074     -3.9749779E-05
   6627.256     -3.9749779E-05
   6632.439     -3.9749779E-05
   6637.621     -3.9749779E-05
   6642.804     -3.9749779E-05
   6647.987     -3.9749779E-05
   6653.170     -3.9749779E-05
   6658.354     -3.9749779E-05
   6663.537     -3.9749779E-05
   6668.721     -3.9749779E-05
   6673.905     -3.9749779E-05
   6679.089     -3.9749779E-05
   6684.273     -3.9749779E-05
   6689.458     -3.9749779E-05
   6694.644     -3.9749779E-05
   6699.829     -3.9749779E-05
   6705.014     -3.9749779E-05
   6710.200     -3.9749779E-05
   6715.385     -3.9749779E-05
   6720.571     -3.9749779E-05
   6725.758     -3.9749779E-05
   6730.944     -3.9749779E-05
   6736.131     -3.9749779E-05
   6741.317     -3.9749779E-05
   6746.505     -3.9749779E-05
   6751.692     -3.9749779E-05
   6756.880     -3.9749779E-05
   6762.067     -3.9749779E-05
   6767.256     -3.9749779E-05
   6772.444     -3.9749779E-05
   6777.632     -3.9749779E-05
   6782.821     -3.9749779E-05
   6788.010     -3.9749779E-05
   6793.199     -3.9749779E-05
   6798.388     -3.9749779E-05
   6803.578     -3.9749779E-05
   6808.768     -3.9749779E-05
   6813.958     -3.9749779E-05
   6819.147     -3.9749779E-05
   6824.338     -3.9749779E-05
   6829.529     -3.9749779E-05
   6834.720     -3.9749779E-05
   6839.911     -3.9749779E-05
   6845.102     -3.9749779E-05
   6850.293     -3.9749779E-05
   6855.485     -3.9749779E-05
   6860.677     -3.9749779E-05
   6865.869     -3.9749779E-05
   6871.062     -3.9749779E-05
   6876.254     -3.9749779E-05
   6881.447     -3.9749779E-05
   6886.640     -3.9749779E-05
   6891.834     -3.9749779E-05
   6897.027     -3.9749779E-05
   6902.221     -3.9749779E-05
   6907.415     -3.9749779E-05
   6912.609     -3.9749779E-05
   6917.803     -3.9749779E-05
   6922.998     -3.9749779E-05
   6928.193     -3.9749779E-05
   6933.388     -3.9749779E-05
   6938.583     -3.9749779E-05
   6943.778     -3.9749779E-05
   6948.975     -3.9749779E-05
   6954.170     -3.9749779E-05
   6959.367     -3.9749779E-05
   6964.563     -3.9749779E-05
   6969.759     -3.9749779E-05
   6974.956     -3.9749779E-05
   6980.153     -3.9749779E-05
   6985.351     -3.9749779E-05
   6990.548     -3.9749779E-05
   6995.746     -3.9749779E-05
   7000.943     -3.9749779E-05
   7006.142     -3.9749779E-05
   7011.340     -3.9749779E-05
   7016.539     -3.9749779E-05
   7021.737     -3.9749779E-05
   7026.937     -3.9749779E-05
   7032.135     -3.9749779E-05
   7037.335     -3.9749779E-05
   7042.535     -3.9749779E-05
   7047.734     -3.9749779E-05
   7052.935     -3.9749779E-05
   7058.135     -3.9749779E-05
   7063.335     -3.9749779E-05
   7068.536     -3.9749779E-05
   7073.737     -3.9749779E-05
   7078.938     -3.9749779E-05
   7084.140     -3.9749779E-05
   7089.341     -3.9749779E-05
   7094.543     -3.9749779E-05
   7099.745     -3.9749779E-05
   7104.948     -3.9749779E-05
   7110.150     -3.9749779E-05
   7115.353     -3.9749779E-05
   7120.556     -3.9749779E-05
   7125.759     -3.9749779E-05
   7130.962     -3.9749779E-05
   7136.166     -3.9749779E-05
   7141.370     -3.9749779E-05
   7146.574     -3.9749779E-05
   7151.778     -3.9749779E-05
   7156.982     -3.9749779E-05
   7162.188     -3.9749779E-05
   7167.392     -3.9749779E-05
   7172.598     -3.9749779E-05
   7177.803     -3.9749779E-05
   7183.008     -3.9749779E-05
   7188.214     -3.9749779E-05
   7193.420     -3.9749779E-05
   7198.626     -3.9749779E-05
   7203.833     -3.9749779E-05
   7209.040     -3.9749779E-05
   7214.247     -3.9749779E-05
   7219.454     -3.9749779E-05
   7224.661     -3.9749779E-05
   7229.869     -3.9749779E-05
   7235.076     -3.9749779E-05
   7240.285     -3.9749779E-05
   7245.493     -3.9749779E-05
   7250.701     -3.9749779E-05
   7255.910     -3.9749779E-05
   7261.119     -3.9749779E-05
   7266.328     -3.9749779E-05
   7271.537     -3.9749779E-05
   7276.747     -3.9749779E-05
   7281.956     -3.9749779E-05
   7287.167     -3.9749779E-05
   7292.376     -3.9749779E-05
   7297.587     -3.9749779E-05
   7302.798     -3.9749779E-05
   7308.009     -3.9749779E-05
   7313.220     -3.9749779E-05
   7318.431     -3.9749779E-05
   7323.643     -3.9749779E-05
   7328.854     -3.9749779E-05
   7334.066     -3.9749779E-05
   7339.278     -3.9749779E-05
   7344.491     -3.9749779E-05
   7349.703     -3.9749779E-05
   7354.917     -3.9749779E-05
   7360.129     -3.9749779E-05
   7365.343     -3.9749779E-05
   7370.556     -3.9749779E-05
   7375.770     -3.9749779E-05
   7380.984     -3.9749779E-05
   7386.198     -3.9749779E-05
   7391.412     -3.9749779E-05
   7396.627     -3.9749779E-05
   7401.842     -3.9749779E-05
   7407.057     -3.9749779E-05
   7412.272     -3.9749779E-05
   7417.487     -3.9749779E-05
   7422.703     -3.9749779E-05
   7427.919     -3.9749779E-05
   7433.135     -3.9749779E-05
   7438.352     -3.9749779E-05
   7443.568     -3.9749779E-05
   7448.785     -3.9749779E-05
   7454.002     -3.9749779E-05
   7459.219     -3.9749779E-05
   7464.437     -3.9749779E-05
   7469.654     -3.9749779E-05
   7474.872     -3.9749779E-05
   7480.090     -3.9749779E-05
   7485.309     -3.9749779E-05
   7490.527     -3.9749779E-05
   7495.746     -3.9749779E-05
   7500.965     -3.9749779E-05
   7506.184     -3.9749779E-05
   7511.404     -3.9749779E-05
   7516.624     -3.9749779E-05
   7521.843     -3.9749779E-05
   7527.063     -3.9749779E-05
   7532.284     -3.9749779E-05
   7537.504     -3.9749779E-05
   7542.725     -3.9749779E-05
   7547.946     -3.9749779E-05
   7553.167     -3.9749779E-05
   7558.389     -3.9749779E-05
   7563.610     -3.9749779E-05
   7568.832     -3.9749779E-05
   7574.054     -3.9749779E-05
   7579.277     -3.9749779E-05
   7584.499     -3.9749779E-05
   7589.722     -3.9749779E-05
   7594.945     -3.9749779E-05
   7600.168     -3.9749779E-05
   7605.391     -3.9749779E-05
   7610.615     -3.9749779E-05
   7615.839     -3.9749779E-05
   7621.063     -3.9749779E-05
   7626.287     -3.9749779E-05
   7631.511     -3.9749779E-05
   7636.736     -3.9749779E-05
   7641.961     -3.9749779E-05
   7647.187     -3.9749779E-05
   7652.412     -3.9749779E-05
   7657.638     -3.9749779E-05
   7662.863     -3.9749779E-05
   7668.089     -3.9749779E-05
   7673.315     -3.9749779E-05
   7678.542     -3.9749779E-05
   7683.769     -3.9749779E-05
   7688.996     -3.9749779E-05
   7694.223     -3.9749779E-05
   7699.450     -3.9749779E-05
   7704.678     -3.9749779E-05
   7709.905     -3.9749779E-05
   7715.133     -3.9749779E-05
   7720.361     -3.9749779E-05
   7725.590     -3.9749779E-05
   7730.819     -3.9749779E-05
   7736.048     -3.9749779E-05
   7741.277     -3.9749779E-05
   7746.506     -3.9749779E-05
   7751.736     -3.9749779E-05
   7756.965     -3.9749779E-05
   7762.195     -3.9749779E-05
   7767.425     -3.9749779E-05
   7772.656     -3.9749779E-05
   7777.887     -3.9749779E-05
   7783.118     -3.9749779E-05
   7788.349     -3.9749779E-05
   7793.580     -3.9749779E-05
   7798.812     -3.9749779E-05
   7804.043     -3.9749779E-05
   7809.275     -3.9749779E-05
   7814.507     -3.9749779E-05
   7819.740     -3.9749779E-05
   7824.972     -3.9749779E-05
   7830.205     -3.9749779E-05
   7835.438     -3.9749779E-05
   7840.672     -3.9749779E-05
   7845.905     -3.9749779E-05
   7851.139     -3.9749779E-05
   7856.373     -3.9749779E-05
   7861.607     -3.9749779E-05
   7866.841     -3.9749779E-05
   7872.076     -3.9749779E-05
   7877.311     -3.9749779E-05
   7882.545     -3.9749779E-05
   7887.781     -3.9749779E-05
   7893.016     -3.9749779E-05
   7898.252     -3.9749779E-05
   7903.488     -3.9749779E-05
   7908.724     -3.9749779E-05
   7913.960     -3.9749779E-05
   7919.197     -3.9749779E-05
   7924.434     -3.9749779E-05
   7929.671     -3.9749779E-05
   7934.908     -3.9749779E-05
   7940.146     -3.9749779E-05
   7945.383     -3.9749779E-05
   7950.621     -3.9749779E-05
   7955.859     -3.9749779E-05
   7961.098     -3.9749779E-05
   7966.336     -3.9749779E-05
   7971.575     -3.9749779E-05
   7976.814     -3.9749779E-05
   7982.053     -3.9749779E-05
   7987.293     -3.9749779E-05
   7992.532     -3.9749779E-05
   7997.772     -3.9749779E-05
   8003.012     -3.9749779E-05
   8008.253     -3.9749779E-05
   8013.493     -3.9749779E-05
   8018.734     -3.9749779E-05
   8023.975     -3.9749779E-05
   8029.216     -3.9749779E-05
   8034.458     -3.9749779E-05
   8039.699     -3.9749779E-05
   8044.941     -3.9749779E-05
   8050.183     -3.9749779E-05
   8055.425     -3.9749779E-05
   8060.668     -3.9749779E-05
   8065.911     -3.9749779E-05
   8071.153     -3.9749779E-05
   8076.397     -3.9749779E-05
   8081.640     -3.9749779E-05
   8086.884     -3.9749779E-05
   8092.127     -3.9749779E-05
   8097.372     -3.9749779E-05
   8102.616     -3.9749779E-05
   8107.860     -3.9749779E-05
   8113.105     -3.9749779E-05
   8118.350     -3.9749779E-05
   8123.595     -3.9749779E-05
   8128.840     -3.9749779E-05
   8134.086     -3.9749779E-05
   8139.332     -3.9749779E-05
   8144.578     -3.9749779E-05
   8149.824     -3.9749779E-05
   8155.071     -3.9749779E-05
   8160.317     -3.9749779E-05
   8165.564     -3.9749779E-05
   8170.812     -3.9749779E-05
   8176.059     -3.9749779E-05
   8181.307     -3.9749779E-05
   8186.554     -3.9749779E-05
   8191.802     -3.9749779E-05
   8197.051     -3.9749779E-05
   8202.299     -3.9749779E-05
   8207.548     -3.9749779E-05
   8212.797     -3.9749779E-05
   8218.046     -3.9749779E-05
   8223.295     -3.9749779E-05
   8228.545     -3.9749779E-05
   8233.794     -3.9749779E-05
   8239.045     -3.9749779E-05
   8244.295     -3.9749779E-05
   8249.545     -3.9749779E-05
   8254.796     -3.9749779E-05
   8260.047     -3.9749779E-05
   8265.298     -3.9749779E-05
   8270.549     -3.9749779E-05
   8275.801     -3.9749779E-05
   8281.053     -3.9749779E-05
   8286.305     -3.9749779E-05
   8291.557     -3.9749779E-05
   8296.809     -3.9749779E-05
   8302.062     -3.9749779E-05
   8307.314     -3.9749779E-05
   8312.567     -3.9749779E-05
   8317.820     -3.9749779E-05
   8323.074     -3.9749779E-05
   8328.328     -3.9749779E-05
   8333.582     -3.9749779E-05
   8338.836     -3.9749779E-05
   8344.091     -3.9749779E-05
   8349.345     -3.9749779E-05
   8354.600     -3.9749779E-05
   8359.855     -3.9749779E-05
   8365.110     -3.9749779E-05
   8370.365     -3.9749779E-05
   8375.621     -3.9749779E-05
   8380.877     -3.9749779E-05
   8386.134     -3.9749779E-05
   8391.390     -3.9749779E-05
   8396.646     -3.9749779E-05
   8401.903     -3.9749779E-05
   8407.160     -3.9749779E-05
   8412.417     -3.9749779E-05
   8417.675     -3.9749779E-05
   8422.933     -3.9749779E-05
   8428.190     -3.9749779E-05
   8433.448     -3.9749779E-05
   8438.707     -3.9749779E-05
   8443.966     -3.9749779E-05
   8449.224     -3.9749779E-05
   8454.483     -3.9749779E-05
   8459.742     -3.9749779E-05
   8465.002     -3.9749779E-05
   8470.262     -3.9749779E-05
   8475.521     -3.9749779E-05
   8480.781     -3.9749779E-05
   8486.042     -3.9749779E-05
   8491.303     -3.9749779E-05
   8496.563     -3.9749779E-05
   8501.824     -3.9749779E-05
   8507.085     -3.9749779E-05
   8512.347     -3.9749779E-05
   8517.608     -3.9749779E-05
   8522.870     -3.9749779E-05
   8528.132     -3.9749779E-05
   8533.395     -3.9749779E-05
   8538.657     -3.9749779E-05
   8543.920     -3.9749779E-05
   8549.183     -3.9749779E-05
   8554.446     -3.9749779E-05
   8559.709     -3.9749779E-05
   8564.974     -3.9749779E-05
   8570.237     -3.9749779E-05
   8575.501     -3.9749779E-05
   8580.766     -3.9749779E-05
   8586.029     -3.9749779E-05
   8591.295     -3.9749779E-05
   8596.560     -3.9749779E-05
   8601.824     -3.9749779E-05
   8607.090     -3.9749779E-05
   8612.355     -3.9749779E-05
   8617.621     -3.9749779E-05
   8622.888     -3.9749779E-05
   8628.153     -3.9749779E-05
   8633.420     -3.9749779E-05
   8638.687     -3.9749779E-05
   8643.953     -3.9749779E-05
   8649.221     -3.9749779E-05
   8654.488     -3.9749779E-05
   8659.756     -3.9749779E-05
   8665.023     -3.9749779E-05
   8670.292     -3.9749779E-05
   8675.560     -3.9749779E-05
   8680.828     -3.9749779E-05
   8686.097     -3.9749779E-05
   8691.366     -3.9749779E-05
   8696.635     -3.9749779E-05
   8701.904     -3.9749779E-05
   8707.174     -3.9749779E-05
   8712.443     -3.9749779E-05
   8717.714     -3.9749779E-05
   8722.983     -3.9749779E-05
   8728.254     -3.9749779E-05
   8733.524     -3.9749779E-05
   8738.796     -3.9749779E-05
   8744.066     -3.9749779E-05
   8749.338     -3.9749779E-05
   8754.609     -3.9749779E-05
   8759.882     -3.9749779E-05
   8765.153     -3.9749779E-05
   8770.426     -3.9749779E-05
   8775.698     -3.9749779E-05
   8780.971     -3.9749779E-05
   8786.243     -3.9749779E-05
   8791.517     -3.9749779E-05
   8796.790     -3.9749779E-05
   8802.063     -3.9749779E-05
   8807.337     -3.9749779E-05
   8812.610     -3.9749779E-05
   8817.885     -3.9749779E-05
   8823.159     -3.9749779E-05
   8828.435     -3.9749779E-05
   8833.709     -3.9749779E-05
   8838.984     -3.9749779E-05
   8844.259     -3.9749779E-05
   8849.534     -3.9749779E-05
   8854.811     -3.9749779E-05
   8860.086     -3.9749779E-05
   8865.362     -3.9749779E-05
   8870.639     -3.9749779E-05
   8875.915     -3.9749779E-05
   8881.192     -3.9749779E-05
   8886.470     -3.9749779E-05
   8891.746     -3.9749779E-05
   8897.024     -3.9749779E-05
   8902.302     -3.9749779E-05
   8907.580     -3.9749779E-05
   8912.857     -3.9749779E-05
   8918.136     -3.9749779E-05
   8923.415     -3.9749779E-05
   8928.693     -3.9749779E-05
   8933.973     -3.9749779E-05
   8939.251     -3.9749779E-05
   8944.531     -3.9749779E-05
   8949.811     -3.9749779E-05
   8955.091     -3.9749779E-05
   8960.370     -3.9749779E-05
   8965.651     -3.9749779E-05
   8970.932     -3.9749779E-05
   8976.213     -3.9749779E-05
   8981.493     -3.9749779E-05
   8986.774     -3.9749779E-05
   8992.056     -3.9749779E-05
   8997.337     -3.9749779E-05
   9002.619     -3.9749779E-05
   9007.901     -3.9749779E-05
   9013.184     -3.9749779E-05
   9018.466     -3.9749779E-05
   9023.749     -3.9749779E-05
   9029.032     -3.9749779E-05
   9034.315     -3.9749779E-05
   9039.599     -3.9749779E-05
   9044.882     -3.9749779E-05
   9050.166     -3.9749779E-05
   9055.450     -3.9749779E-05
   9060.734     -3.9749779E-05
   9066.019     -3.9749779E-05
   9071.304     -3.9749779E-05
   9076.588     -3.9749779E-05
   9081.874     -3.9749779E-05
   9087.159     -3.9749779E-05
   9092.444     -3.9749779E-05
   9097.730     -3.9749779E-05
   9103.017     -3.9749779E-05
   9108.303     -3.9749779E-05
   9113.589     -3.9749779E-05
   9118.876     -3.9749779E-05
   9124.162     -3.9749779E-05
   9129.450     -3.9749779E-05
   9134.737     -3.9749779E-05
   9140.024     -3.9749779E-05
   9145.313     -3.9749779E-05
   9150.601     -3.9749779E-05
   9155.889     -3.9749779E-05
   9161.178     -3.9749779E-05
   9166.466     -3.9749779E-05
   9171.755     -3.9749779E-05
   9177.044     -3.9749779E-05
   9182.333     -3.9749779E-05
   9187.623     -3.9749779E-05
