 6.35015e+03  3.41413e-03
 6.35041e+03  3.49906e-03
 6.35067e+03  3.51137e-03
 6.35093e+03  3.56160e-03
 6.35119e+03  3.47268e-03
 6.35145e+03  3.53381e-03
 6.35171e+03  3.49826e-03
 6.35197e+03  3.68648e-03
 6.35223e+03  3.63989e-03
 6.35250e+03  3.68249e-03
 6.35276e+03  3.65627e-03
 6.35302e+03  3.69620e-03
 6.35328e+03  3.75405e-03
 6.35354e+03  3.68740e-03
 6.35380e+03  3.76332e-03
 6.35406e+03  3.70613e-03
 6.35432e+03  3.90057e-03
 6.35458e+03  3.89083e-03
 6.35485e+03  3.78778e-03
 6.35511e+03  3.86605e-03
 6.35537e+03  3.88574e-03
 6.35563e+03  3.99677e-03
 6.35589e+03  3.98267e-03
 6.35615e+03  3.81698e-03
 6.35641e+03  3.97380e-03
 6.35667e+03  3.88303e-03
 6.35694e+03  3.97656e-03
 6.35720e+03  4.11778e-03
 6.35746e+03  4.05909e-03
 6.35772e+03  4.16354e-03
 6.35798e+03  4.17712e-03
 6.35824e+03  4.11613e-03
 6.35850e+03  4.16900e-03
 6.35876e+03  4.25210e-03
 6.35903e+03  4.32292e-03
 6.35929e+03  4.13176e-03
 6.35955e+03  4.26357e-03
 6.35981e+03  4.32027e-03
 6.36007e+03  4.25010e-03
 6.36033e+03  4.37732e-03
 6.36059e+03  4.29730e-03
 6.36085e+03  4.43457e-03
 6.36112e+03  4.49395e-03
 6.36138e+03  4.35015e-03
 6.36164e+03  4.41531e-03
 6.36190e+03  4.59027e-03
 6.36216e+03  4.65803e-03
 6.36242e+03  4.64409e-03
 6.36268e+03  4.54669e-03
 6.36294e+03  4.78440e-03
 6.36320e+03  4.75388e-03
 6.36347e+03  4.76953e-03
 6.36373e+03  4.82831e-03
 6.36399e+03  4.91272e-03
 6.36425e+03  4.92656e-03
 6.36451e+03  4.83972e-03
 6.36477e+03  4.96795e-03
 6.36503e+03  4.98064e-03
 6.36529e+03  5.07535e-03
 6.36556e+03  5.11277e-03
 6.36582e+03  5.18487e-03
 6.36608e+03  5.24742e-03
 6.36634e+03  5.24611e-03
 6.36660e+03  5.12003e-03
 6.36686e+03  5.37370e-03
 6.36712e+03  5.41291e-03
 6.36738e+03  5.70211e-03
 6.36765e+03  5.60662e-03
 6.36791e+03  5.51805e-03
 6.36817e+03  5.61116e-03
 6.36843e+03  5.83725e-03
 6.36869e+03  5.75978e-03
 6.36895e+03  5.85659e-03
 6.36921e+03  5.92468e-03
 6.36947e+03  6.12111e-03
 6.36973e+03  6.10630e-03
 6.37000e+03  6.11333e-03
 6.37026e+03  6.15857e-03
 6.37052e+03  6.29261e-03
 6.37078e+03  6.25931e-03
 6.37104e+03  6.28399e-03
 6.37130e+03  6.54855e-03
 6.37156e+03  6.48809e-03
 6.37182e+03  6.64482e-03
 6.37209e+03  6.58587e-03
 6.37235e+03  6.72886e-03
 6.37261e+03  6.77608e-03
 6.37287e+03  6.96142e-03
 6.37313e+03  7.02105e-03
 6.37339e+03  7.00179e-03
 6.37365e+03  7.42835e-03
 6.37391e+03  7.39163e-03
 6.37418e+03  7.46751e-03
 6.37444e+03  7.39095e-03
 6.37470e+03  7.74994e-03
 6.37496e+03  7.78280e-03
 6.37522e+03  7.77367e-03
 6.37548e+03  7.98185e-03
 6.37574e+03  8.19897e-03
 6.37600e+03  8.27480e-03
 6.37626e+03  8.31721e-03
 6.37653e+03  8.39698e-03
 6.37679e+03  8.78181e-03
 6.37705e+03  8.84572e-03
 6.37731e+03  8.82893e-03
 6.37757e+03  9.14119e-03
 6.37783e+03  8.92504e-03
 6.37809e+03  9.47346e-03
 6.37835e+03  9.46538e-03
 6.37862e+03  9.68567e-03
 6.37888e+03  9.75159e-03
 6.37914e+03  9.94715e-03
 6.37940e+03  1.00948e-02
 6.37966e+03  1.05444e-02
 6.37992e+03  1.03651e-02
 6.38018e+03  1.07749e-02
 6.38044e+03  1.09454e-02
 6.38071e+03  1.10046e-02
 6.38097e+03  1.12947e-02
 6.38123e+03  1.15759e-02
 6.38149e+03  1.16634e-02
 6.38175e+03  1.21403e-02
 6.38201e+03  1.23222e-02
 6.38227e+03  1.27109e-02
 6.38253e+03  1.29156e-02
 6.38279e+03  1.30249e-02
 6.38306e+03  1.33439e-02
 6.38332e+03  1.36655e-02
 6.38358e+03  1.40295e-02
 6.38384e+03  1.44588e-02
 6.38410e+03  1.47100e-02
 6.38436e+03  1.51521e-02
 6.38462e+03  1.53205e-02
 6.38488e+03  1.56490e-02
 6.38515e+03  1.56909e-02
 6.38541e+03  1.64345e-02
 6.38567e+03  1.66403e-02
 6.38593e+03  1.70678e-02
 6.38619e+03  1.75569e-02
 6.38645e+03  1.82051e-02
 6.38671e+03  1.87828e-02
 6.38697e+03  1.90536e-02
 6.38724e+03  1.94914e-02
 6.38750e+03  1.97586e-02
 6.38776e+03  2.05617e-02
 6.38802e+03  2.07382e-02
 6.38828e+03  2.16988e-02
 6.38854e+03  2.21434e-02
 6.38880e+03  2.25295e-02
 6.38906e+03  2.31522e-02
 6.38932e+03  2.39815e-02
 6.38959e+03  2.42923e-02
 6.38985e+03  2.51612e-02
 6.39011e+03  2.59651e-02
 6.39037e+03  2.69355e-02
 6.39063e+03  2.73646e-02
 6.39089e+03  2.82571e-02
 6.39115e+03  2.92537e-02
 6.39141e+03  3.01576e-02
 6.39168e+03  3.12015e-02
 6.39194e+03  3.19925e-02
 6.39220e+03  3.30228e-02
 6.39246e+03  3.41303e-02
 6.39272e+03  3.49420e-02
 6.39298e+03  3.61534e-02
 6.39324e+03  3.71716e-02
 6.39350e+03  3.86340e-02
 6.39377e+03  3.97344e-02
 6.39403e+03  4.11998e-02
 6.39429e+03  4.24723e-02
 6.39455e+03  4.42221e-02
 6.39481e+03  4.56447e-02
 6.39507e+03  4.72516e-02
 6.39533e+03  4.87948e-02
 6.39559e+03  5.06441e-02
 6.39585e+03  5.22170e-02
 6.39612e+03  5.41881e-02
 6.39638e+03  5.60831e-02
 6.39664e+03  5.78293e-02
 6.39690e+03  6.01180e-02
 6.39716e+03  6.25910e-02
 6.39742e+03  6.44756e-02
 6.39768e+03  6.70814e-02
 6.39794e+03  6.94693e-02
 6.39821e+03  7.20719e-02
 6.39847e+03  7.46183e-02
 6.39873e+03  7.77235e-02
 6.39899e+03  8.05013e-02
 6.39925e+03  8.32853e-02
 6.39951e+03  8.70756e-02
 6.39977e+03  9.06548e-02
 6.40003e+03  9.36936e-02
 6.40030e+03  9.72566e-02
 6.40056e+03  1.01646e-01
 6.40082e+03  1.06002e-01
 6.40108e+03  1.09825e-01
 6.40134e+03  1.14379e-01
 6.40160e+03  1.18912e-01
 6.40186e+03  1.23005e-01
 6.40212e+03  1.28590e-01
 6.40238e+03  1.33399e-01
 6.40265e+03  1.38793e-01
 6.40291e+03  1.44956e-01
 6.40317e+03  1.50979e-01
 6.40343e+03  1.57077e-01
 6.40369e+03  1.63307e-01
 6.40395e+03  1.69454e-01
 6.40421e+03  1.76943e-01
 6.40447e+03  1.84269e-01
 6.40474e+03  1.91865e-01
 6.40500e+03  2.00245e-01
 6.40526e+03  2.08491e-01
 6.40552e+03  2.16625e-01
 6.40578e+03  2.24979e-01
 6.40604e+03  2.34391e-01
 6.40630e+03  2.43803e-01
 6.40656e+03  2.52996e-01
 6.40683e+03  2.63095e-01
 6.40709e+03  2.73929e-01
 6.40735e+03  2.84884e-01
 6.40761e+03  2.96646e-01
 6.40787e+03  3.07201e-01
 6.40813e+03  3.19290e-01
 6.40839e+03  3.30707e-01
 6.40865e+03  3.42819e-01
 6.40892e+03  3.55993e-01
 6.40918e+03  3.67681e-01
 6.40944e+03  3.81943e-01
 6.40970e+03  3.95670e-01
 6.40996e+03  4.08998e-01
 6.41022e+03  4.21688e-01
 6.41048e+03  4.35286e-01
 6.41074e+03  4.48520e-01
 6.41100e+03  4.63437e-01
 6.41127e+03  4.77397e-01
 6.41153e+03  4.91643e-01
 6.41179e+03  5.06672e-01
 6.41205e+03  5.21868e-01
 6.41231e+03  5.34368e-01
 6.41257e+03  5.47818e-01
 6.41283e+03  5.60711e-01
 6.41309e+03  5.74608e-01
 6.41335e+03  5.84937e-01
 6.41362e+03  5.99779e-01
 6.41388e+03  6.12608e-01
 6.41414e+03  6.25087e-01
 6.41440e+03  6.36031e-01
 6.41466e+03  6.48430e-01
 6.41492e+03  6.58454e-01
 6.41518e+03  6.71675e-01
 6.41544e+03  6.80327e-01
 6.41571e+03  6.87395e-01
 6.41597e+03  6.97879e-01
 6.41623e+03  7.07763e-01
 6.41649e+03  7.14861e-01
 6.41675e+03  7.22647e-01
 6.41701e+03  7.30931e-01
 6.41727e+03  7.34256e-01
 6.41753e+03  7.41252e-01
 6.41780e+03  7.47560e-01
 6.41806e+03  7.51707e-01
 6.41832e+03  7.56427e-01
 6.41858e+03  7.61095e-01
 6.41884e+03  7.64402e-01
 6.41910e+03  7.68654e-01
 6.41936e+03  7.71531e-01
 6.41962e+03  7.73417e-01
 6.41989e+03  7.73302e-01
 6.42015e+03  7.77070e-01
 6.42041e+03  7.77736e-01
 6.42067e+03  7.78003e-01
 6.42093e+03  7.79267e-01
 6.42119e+03  7.82620e-01
 6.42145e+03  7.82152e-01
 6.42171e+03  7.80640e-01
 6.42197e+03  7.80942e-01
 6.42224e+03  7.80229e-01
 6.42250e+03  7.80547e-01
 6.42276e+03  7.81177e-01
 6.42302e+03  7.81372e-01
 6.42328e+03  7.79046e-01
 6.42354e+03  7.79212e-01
 6.42380e+03  7.76730e-01
 6.42406e+03  7.76907e-01
 6.42433e+03  7.79386e-01
 6.42459e+03  7.75011e-01
 6.42485e+03  7.74696e-01
 6.42511e+03  7.76750e-01
 6.42537e+03  7.73883e-01
 6.42563e+03  7.73174e-01
 6.42589e+03  7.71328e-01
 6.42615e+03  7.70589e-01
 6.42642e+03  7.67443e-01
 6.42668e+03  7.67692e-01
 6.42694e+03  7.66339e-01
 6.42720e+03  7.64874e-01
 6.42746e+03  7.64102e-01
 6.42772e+03  7.65474e-01
 6.42798e+03  7.63437e-01
 6.42824e+03  7.62427e-01
 6.42850e+03  7.61303e-01
 6.42877e+03  7.62745e-01
 6.42903e+03  7.61349e-01
 6.42929e+03  7.59526e-01
 6.42955e+03  7.58829e-01
 6.42981e+03  7.58235e-01
 6.43007e+03  7.57482e-01
 6.43033e+03  7.58487e-01
 6.43059e+03  7.56100e-01
 6.43086e+03  7.56829e-01
 6.43112e+03  7.57259e-01
 6.43138e+03  7.56634e-01
 6.43164e+03  7.56927e-01
 6.43190e+03  7.54778e-01
 6.43216e+03  7.56244e-01
 6.43242e+03  7.56405e-01
 6.43268e+03  7.57143e-01
 6.43295e+03  7.53981e-01
 6.43321e+03  7.54736e-01
 6.43347e+03  7.56175e-01
 6.43373e+03  7.54447e-01
 6.43399e+03  7.55670e-01
 6.43425e+03  7.55121e-01
 6.43451e+03  7.55639e-01
 6.43477e+03  7.55293e-01
 6.43503e+03  7.55771e-01
 6.43530e+03  7.54843e-01
 6.43556e+03  7.56382e-01
 6.43582e+03  7.59877e-01
 6.43608e+03  7.58310e-01
 6.43634e+03  7.59761e-01
 6.43660e+03  7.59382e-01
 6.43686e+03  7.58659e-01
 6.43712e+03  7.61177e-01
 6.43739e+03  7.59332e-01
 6.43765e+03  7.60376e-01
 6.43791e+03  7.62026e-01
 6.43817e+03  7.63142e-01
 6.43843e+03  7.62320e-01
 6.43869e+03  7.63436e-01
 6.43895e+03  7.66075e-01
 6.43921e+03  7.67274e-01
 6.43948e+03  7.66416e-01
 6.43974e+03  7.68893e-01
 6.44000e+03  7.67231e-01
 6.44026e+03  7.68493e-01
 6.44052e+03  7.68523e-01
 6.44078e+03  7.68716e-01
 6.44104e+03  7.71195e-01
 6.44130e+03  7.71468e-01
 6.44156e+03  7.71494e-01
 6.44183e+03  7.74096e-01
 6.44209e+03  7.75129e-01
 6.44235e+03  7.75510e-01
 6.44261e+03  7.73250e-01
 6.44287e+03  7.76554e-01
 6.44313e+03  7.77096e-01
 6.44339e+03  7.79331e-01
 6.44365e+03  7.77438e-01
 6.44392e+03  7.78457e-01
 6.44418e+03  7.81024e-01
 6.44444e+03  7.81436e-01
 6.44470e+03  7.81013e-01
 6.44496e+03  7.82028e-01
 6.44522e+03  7.80965e-01
 6.44548e+03  7.82631e-01
 6.44574e+03  7.83643e-01
 6.44601e+03  7.83337e-01
 6.44627e+03  7.85862e-01
 6.44653e+03  7.86717e-01
 6.44679e+03  7.87279e-01
 6.44705e+03  7.85770e-01
 6.44731e+03  7.85177e-01
 6.44757e+03  7.87882e-01
 6.44783e+03  7.86543e-01
 6.44809e+03  7.87951e-01
 6.44836e+03  7.90475e-01
 6.44862e+03  7.91401e-01
 6.44888e+03  7.90507e-01
 6.44914e+03  7.88931e-01
 6.44940e+03  7.90460e-01
 6.44966e+03  7.93162e-01
 6.44992e+03  7.92949e-01
 6.45018e+03  7.93240e-01
 6.45045e+03  7.93244e-01
 6.45071e+03  7.94516e-01
 6.45097e+03  7.91851e-01
 6.45123e+03  7.93896e-01
 6.45149e+03  7.95017e-01
 6.45175e+03  7.95252e-01
 6.45201e+03  7.94254e-01
 6.45227e+03  7.96185e-01
 6.45254e+03  7.97233e-01
 6.45280e+03  7.96149e-01
 6.45306e+03  7.94684e-01
 6.45332e+03  7.95860e-01
 6.45358e+03  7.97590e-01
 6.45384e+03  7.97522e-01
 6.45410e+03  7.98321e-01
 6.45436e+03  8.00681e-01
 6.45462e+03  7.99172e-01
 6.45489e+03  8.00417e-01
 6.45515e+03  7.99729e-01
 6.45541e+03  7.98953e-01
 6.45567e+03  7.98388e-01
 6.45593e+03  7.98700e-01
 6.45619e+03  7.99068e-01
 6.45645e+03  7.98807e-01
 6.45671e+03  7.99934e-01
 6.45698e+03  7.98757e-01
 6.45724e+03  7.98940e-01
 6.45750e+03  7.98625e-01
 6.45776e+03  7.98783e-01
 6.45802e+03  7.96821e-01
 6.45828e+03  7.97639e-01
 6.45854e+03  7.97300e-01
 6.45880e+03  7.98361e-01
 6.45907e+03  7.97276e-01
 6.45933e+03  7.97435e-01
 6.45959e+03  7.97950e-01
 6.45985e+03  7.97341e-01
 6.46011e+03  7.98433e-01
 6.46037e+03  7.94871e-01
 6.46063e+03  7.95139e-01
 6.46089e+03  7.97515e-01
 6.46115e+03  7.96086e-01
 6.46142e+03  7.94127e-01
 6.46168e+03  7.94034e-01
 6.46194e+03  7.94032e-01
 6.46220e+03  7.93660e-01
 6.46246e+03  7.93546e-01
 6.46272e+03  7.91684e-01
 6.46298e+03  7.90417e-01
 6.46324e+03  7.92592e-01
 6.46351e+03  7.91714e-01
 6.46377e+03  7.90443e-01
 6.46403e+03  7.89561e-01
 6.46429e+03  7.91880e-01
 6.46455e+03  7.89152e-01
 6.46481e+03  7.89046e-01
 6.46507e+03  7.89228e-01
 6.46533e+03  7.87216e-01
 6.46560e+03  7.86370e-01
 6.46586e+03  7.84154e-01
 6.46612e+03  7.83867e-01
 6.46638e+03  7.82826e-01
 6.46664e+03  7.84189e-01
 6.46690e+03  7.81585e-01
 6.46716e+03  7.82358e-01
 6.46742e+03  7.79280e-01
 6.46768e+03  7.76679e-01
 6.46795e+03  7.77120e-01
 6.46821e+03  7.76988e-01
 6.46847e+03  7.76661e-01
 6.46873e+03  7.76577e-01
 6.46899e+03  7.73273e-01
 6.46925e+03  7.71765e-01
 6.46951e+03  7.70633e-01
 6.46977e+03  7.70203e-01
 6.47004e+03  7.68725e-01
 6.47030e+03  7.67890e-01
 6.47056e+03  7.66434e-01
 6.47082e+03  7.65877e-01
 6.47108e+03  7.64783e-01
 6.47134e+03  7.64051e-01
 6.47160e+03  7.61816e-01
 6.47186e+03  7.60388e-01
 6.47212e+03  7.57932e-01
 6.47239e+03  7.57147e-01
 6.47265e+03  7.54856e-01
 6.47291e+03  7.56129e-01
 6.47317e+03  7.53876e-01
 6.47343e+03  7.53653e-01
 6.47369e+03  7.48781e-01
 6.47395e+03  7.49319e-01
 6.47421e+03  7.47699e-01
 6.47448e+03  7.47373e-01
 6.47474e+03  7.45270e-01
 6.47500e+03  7.43831e-01
 6.47526e+03  7.45086e-01
 6.47552e+03  7.41809e-01
 6.47578e+03  7.39960e-01
 6.47604e+03  7.40201e-01
 6.47630e+03  7.34801e-01
 6.47657e+03  7.34904e-01
 6.47683e+03  7.34502e-01
 6.47709e+03  7.32682e-01
 6.47735e+03  7.30387e-01
 6.47761e+03  7.29620e-01
 6.47787e+03  7.28469e-01
 6.47813e+03  7.26187e-01
 6.47839e+03  7.26131e-01
 6.47866e+03  7.25133e-01
 6.47892e+03  7.24500e-01
 6.47918e+03  7.21784e-01
 6.47944e+03  7.21025e-01
 6.47970e+03  7.18212e-01
 6.47996e+03  7.16857e-01
 6.48022e+03  7.16861e-01
 6.48048e+03  7.14909e-01
 6.48074e+03  7.13296e-01
 6.48101e+03  7.11404e-01
 6.48127e+03  7.11484e-01
 6.48153e+03  7.10372e-01
 6.48179e+03  7.09953e-01
 6.48205e+03  7.09527e-01
 6.48231e+03  7.07207e-01
 6.48257e+03  7.06725e-01
 6.48283e+03  7.06983e-01
 6.48310e+03  7.04587e-01
 6.48336e+03  7.04560e-01
 6.48362e+03  7.04048e-01
 6.48388e+03  7.01510e-01
 6.48414e+03  7.02079e-01
 6.48440e+03  7.00788e-01
 6.48466e+03  6.99691e-01
 6.48492e+03  7.01382e-01
 6.48519e+03  7.00331e-01
 6.48545e+03  7.00450e-01
 6.48571e+03  6.99912e-01
 6.48597e+03  6.98871e-01
 6.48623e+03  6.99732e-01
 6.48649e+03  6.99175e-01
 6.48675e+03  7.00018e-01
 6.48701e+03  6.99502e-01
 6.48727e+03  6.99580e-01
 6.48754e+03  6.99158e-01
 6.48780e+03  7.00544e-01
 6.48806e+03  6.99823e-01
 6.48832e+03  7.00733e-01
 6.48858e+03  7.03111e-01
 6.48884e+03  7.02156e-01
 6.48910e+03  7.02174e-01
 6.48936e+03  7.02006e-01
 6.48963e+03  7.04915e-01
 6.48989e+03  7.06612e-01
 6.49015e+03  7.05835e-01
 6.49041e+03  7.07359e-01
 6.49067e+03  7.08654e-01
 6.49093e+03  7.07984e-01
 6.49119e+03  7.09699e-01
 6.49145e+03  7.10501e-01
 6.49172e+03  7.13110e-01
 6.49198e+03  7.13399e-01
 6.49224e+03  7.16750e-01
 6.49250e+03  7.18003e-01
 6.49276e+03  7.21062e-01
 6.49302e+03  7.20755e-01
 6.49328e+03  7.23750e-01
 6.49354e+03  7.23439e-01
 6.49380e+03  7.27238e-01
 6.49407e+03  7.28041e-01
 6.49433e+03  7.30934e-01
 6.49459e+03  7.32246e-01
 6.49485e+03  7.34784e-01
 6.49511e+03  7.37909e-01
 6.49537e+03  7.39746e-01
 6.49563e+03  7.39385e-01
 6.49589e+03  7.43878e-01
 6.49616e+03  7.45553e-01
 6.49642e+03  7.47497e-01
 6.49668e+03  7.48250e-01
 6.49694e+03  7.47951e-01
 6.49720e+03  7.49002e-01
 6.49746e+03  7.50353e-01
 6.49772e+03  7.52676e-01
 6.49798e+03  7.52461e-01
 6.49825e+03  7.53649e-01
 6.49851e+03  7.56614e-01
 6.49877e+03  7.54237e-01
 6.49903e+03  7.55391e-01
 6.49929e+03  7.54936e-01
 6.49955e+03  7.55674e-01
 6.49981e+03  7.53713e-01
 6.50007e+03  7.52480e-01
 6.50033e+03  7.50826e-01
 6.50060e+03  7.50635e-01
 6.50086e+03  7.49211e-01
 6.50112e+03  7.45915e-01
 6.50138e+03  7.41872e-01
 6.50164e+03  7.36893e-01
 6.50190e+03  7.33074e-01
 6.50216e+03  7.28022e-01
 6.50242e+03  7.22288e-01
 6.50269e+03  7.17478e-01
 6.50295e+03  7.10921e-01
 6.50321e+03  7.02320e-01
 6.50347e+03  6.96013e-01
 6.50373e+03  6.87416e-01
 6.50399e+03  6.77057e-01
 6.50425e+03  6.68702e-01
 6.50451e+03  6.57405e-01
 6.50478e+03  6.47449e-01
 6.50504e+03  6.36525e-01
 6.50530e+03  6.24950e-01
 6.50556e+03  6.11845e-01
 6.50582e+03  6.00344e-01
 6.50608e+03  5.88468e-01
 6.50634e+03  5.75103e-01
 6.50660e+03  5.61942e-01
 6.50686e+03  5.49330e-01
 6.50713e+03  5.35132e-01
 6.50739e+03  5.19826e-01
 6.50765e+03  5.06489e-01
 6.50791e+03  4.90733e-01
 6.50817e+03  4.76785e-01
 6.50843e+03  4.62814e-01
 6.50869e+03  4.48902e-01
 6.50895e+03  4.35453e-01
 6.50922e+03  4.21062e-01
 6.50948e+03  4.07610e-01
 6.50974e+03  3.93642e-01
 6.51000e+03  3.79335e-01
 6.51026e+03  3.67628e-01
 6.51052e+03  3.53443e-01
 6.51078e+03  3.40458e-01
 6.51104e+03  3.29359e-01
 6.51131e+03  3.17138e-01
 6.51157e+03  3.05266e-01
 6.51183e+03  2.93813e-01
 6.51209e+03  2.82737e-01
 6.51235e+03  2.71931e-01
 6.51261e+03  2.60476e-01
 6.51287e+03  2.51333e-01
 6.51313e+03  2.41264e-01
 6.51340e+03  2.31958e-01
 6.51366e+03  2.23230e-01
 6.51392e+03  2.13858e-01
 6.51418e+03  2.05353e-01
 6.51444e+03  1.96859e-01
 6.51470e+03  1.89249e-01
 6.51496e+03  1.82116e-01
 6.51522e+03  1.74904e-01
 6.51548e+03  1.69057e-01
 6.51575e+03  1.60882e-01
 6.51601e+03  1.54824e-01
 6.51627e+03  1.48666e-01
 6.51653e+03  1.44063e-01
 6.51679e+03  1.37295e-01
 6.51705e+03  1.32885e-01
 6.51731e+03  1.27233e-01
 6.51757e+03  1.22374e-01
 6.51783e+03  1.17456e-01
 6.51810e+03  1.13336e-01
 6.51836e+03  1.08614e-01
 6.51862e+03  1.03938e-01
 6.51888e+03  1.00400e-01
 6.51914e+03  9.63883e-02
 6.51940e+03  9.30924e-02
 6.51966e+03  8.98810e-02
 6.51992e+03  8.58545e-02
 6.52019e+03  8.33462e-02
 6.52045e+03  8.04132e-02
 6.52071e+03  7.74388e-02
 6.52097e+03  7.46057e-02
 6.52123e+03  7.19824e-02
 6.52149e+03  6.92059e-02
 6.52175e+03  6.67128e-02
 6.52201e+03  6.42901e-02
 6.52228e+03  6.21701e-02
 6.52254e+03  6.01301e-02
 6.52280e+03  5.83151e-02
 6.52306e+03  5.57137e-02
 6.52332e+03  5.37214e-02
 6.52358e+03  5.22566e-02
 6.52384e+03  5.07414e-02
 6.52410e+03  4.86760e-02
 6.52437e+03  4.71901e-02
 6.52463e+03  4.54906e-02
 6.52489e+03  4.43710e-02
 6.52515e+03  4.28518e-02
 6.52541e+03  4.16831e-02
 6.52567e+03  4.07806e-02
 6.52593e+03  3.88325e-02
 6.52619e+03  3.76540e-02
 6.52645e+03  3.63875e-02
 6.52672e+03  3.54674e-02
 6.52698e+03  3.45032e-02
 6.52724e+03  3.36981e-02
 6.52750e+03  3.24689e-02
 6.52776e+03  3.12099e-02
 6.52802e+03  3.05035e-02
 6.52828e+03  2.95497e-02
 6.52854e+03  2.86493e-02
 6.52881e+03  2.76948e-02
 6.52907e+03  2.69696e-02
 6.52933e+03  2.60677e-02
 6.52959e+03  2.58042e-02
 6.52985e+03  2.48115e-02
 6.53011e+03  2.42362e-02
 6.53037e+03  2.36979e-02
 6.53063e+03  2.31638e-02
 6.53090e+03  2.27310e-02
 6.53116e+03  2.20610e-02
 6.53142e+03  2.13079e-02
 6.53168e+03  2.07192e-02
 6.53194e+03  2.03391e-02
 6.53220e+03  1.96911e-02
 6.53246e+03  1.92450e-02
 6.53272e+03  1.89173e-02
 6.53298e+03  1.84249e-02
 6.53325e+03  1.76851e-02
 6.53351e+03  1.72382e-02
 6.53377e+03  1.69828e-02
 6.53403e+03  1.65146e-02
 6.53429e+03  1.63785e-02
 6.53455e+03  1.60500e-02
 6.53481e+03  1.55944e-02
 6.53507e+03  1.51118e-02
 6.53534e+03  1.48707e-02
 6.53560e+03  1.45973e-02
 6.53586e+03  1.42912e-02
 6.53612e+03  1.38645e-02
 6.53638e+03  1.36481e-02
 6.53664e+03  1.32465e-02
 6.53690e+03  1.29642e-02
 6.53716e+03  1.27186e-02
 6.53743e+03  1.24486e-02
 6.53769e+03  1.22806e-02
 6.53795e+03  1.20766e-02
 6.53821e+03  1.18543e-02
 6.53847e+03  1.14975e-02
 6.53873e+03  1.11847e-02
 6.53899e+03  1.12166e-02
 6.53925e+03  1.09214e-02
 6.53951e+03  1.06709e-02
 6.53978e+03  1.07280e-02
 6.54004e+03  1.04783e-02
 6.54030e+03  1.01023e-02
 6.54056e+03  1.00081e-02
 6.54082e+03  1.00091e-02
 6.54108e+03  9.65415e-03
 6.54134e+03  9.53162e-03
 6.54160e+03  9.36304e-03
 6.54187e+03  9.23449e-03
 6.54213e+03  8.90269e-03
 6.54239e+03  8.75693e-03
 6.54265e+03  8.61716e-03
 6.54291e+03  8.66192e-03
 6.54317e+03  8.38935e-03
 6.54343e+03  8.28242e-03
 6.54369e+03  8.01851e-03
 6.54396e+03  8.07081e-03
 6.54422e+03  7.92237e-03
 6.54448e+03  7.67571e-03
 6.54474e+03  7.72152e-03
 6.54500e+03  7.60617e-03
 6.54526e+03  7.50136e-03
 6.54552e+03  7.43425e-03
 6.54578e+03  7.24096e-03
 6.54604e+03  7.23678e-03
 6.54631e+03  7.01837e-03
 6.54657e+03  6.91210e-03
 6.54683e+03  7.05889e-03
 6.54709e+03  6.86589e-03
 6.54735e+03  6.75872e-03
 6.54761e+03  6.55055e-03
 6.54787e+03  6.62912e-03
 6.54813e+03  6.49463e-03
 6.54840e+03  6.38486e-03
 6.54866e+03  6.29768e-03
 6.54892e+03  6.24176e-03
 6.54918e+03  6.16668e-03
 6.54944e+03  5.85898e-03
 6.54970e+03  6.06414e-03
 6.54996e+03  5.93949e-03
 6.55022e+03  5.81278e-03
 6.55049e+03  5.87872e-03
 6.55075e+03  5.83930e-03
 6.55101e+03  5.68408e-03
 6.55127e+03  5.74881e-03
 6.55153e+03  5.53396e-03
 6.55179e+03  5.49833e-03
 6.55205e+03  5.49147e-03
 6.55231e+03  5.49602e-03
 6.55257e+03  5.34534e-03
 6.55284e+03  5.38236e-03
 6.55310e+03  5.20233e-03
 6.55336e+03  5.23750e-03
 6.55362e+03  5.12855e-03
 6.55388e+03  5.12790e-03
 6.55414e+03  5.03833e-03
 6.55440e+03  5.08748e-03
 6.55466e+03  5.02312e-03
 6.55493e+03  5.03053e-03
 6.55519e+03  4.88296e-03
 6.55545e+03  4.90205e-03
 6.55571e+03  4.73562e-03
 6.55597e+03  4.82086e-03
 6.55623e+03  4.73050e-03
 6.55649e+03  4.66900e-03
 6.55675e+03  4.62104e-03
 6.55702e+03  4.55470e-03
 6.55728e+03  4.67292e-03
 6.55754e+03  4.51340e-03
 6.55780e+03  4.55940e-03
 6.55806e+03  4.48546e-03
 6.55832e+03  4.45481e-03
 6.55858e+03  4.27374e-03
 6.55884e+03  4.30319e-03
 6.55910e+03  4.37548e-03
 6.55937e+03  4.23439e-03
 6.55963e+03  4.22140e-03
 6.55989e+03  4.11431e-03
 6.56015e+03  4.20948e-03
 6.56041e+03  4.12323e-03
 6.56067e+03  4.15827e-03
 6.56093e+03  4.05019e-03
 6.56119e+03  3.98588e-03
 6.56146e+03  4.13490e-03
 6.56172e+03  4.08545e-03
 6.56198e+03  4.09152e-03
 6.56224e+03  4.12890e-03
 6.56250e+03  3.92862e-03
 6.56276e+03  3.89782e-03
 6.56302e+03  3.86517e-03
 6.56328e+03  3.85977e-03
 6.56355e+03  3.81248e-03
 6.56381e+03  3.85073e-03
 6.56407e+03  3.74858e-03
 6.56433e+03  3.86559e-03
 6.56459e+03  3.72677e-03
 6.56485e+03  3.91029e-03
 6.56511e+03  3.67498e-03
 6.56537e+03  3.71351e-03
 6.56563e+03  3.57004e-03
 6.56590e+03  3.60023e-03
 6.56616e+03  3.74676e-03
 6.56642e+03  3.68974e-03
 6.56668e+03  3.46623e-03
 6.56694e+03  3.64821e-03
 6.56720e+03  3.52888e-03
 6.56746e+03  3.70259e-03
 6.56772e+03  3.44441e-03
 6.56799e+03  3.48131e-03
 6.56825e+03  3.56551e-03
 6.56851e+03  3.50459e-03
 6.56877e+03  3.40673e-03
 6.56903e+03  3.48873e-03
 6.56929e+03  3.48804e-03
 6.56955e+03  3.42979e-03
 6.56981e+03  3.34641e-03
 6.57008e+03  3.32112e-03
 6.57034e+03  3.39565e-03
 6.57060e+03  3.36548e-03
 6.57086e+03  3.30890e-03
 6.57112e+03  3.33165e-03
 6.57138e+03  3.30956e-03
 6.57164e+03  3.25730e-03
 6.57190e+03  3.22998e-03
 6.57217e+03  3.23966e-03
 6.57243e+03  3.14749e-03
 6.57269e+03  3.21729e-03
 6.57295e+03  3.19038e-03
 6.57321e+03  3.14468e-03
 6.57347e+03  3.21920e-03
 6.57373e+03  3.09435e-03
 6.57399e+03  3.13300e-03
 6.57425e+03  3.19142e-03
 6.57452e+03  3.21904e-03
 6.57478e+03  3.13674e-03
 6.57504e+03  3.19132e-03
 6.57530e+03  3.04702e-03
 6.57556e+03  3.01954e-03
 6.57582e+03  3.06592e-03
 6.57608e+03  3.05754e-03
 6.57634e+03  2.99632e-03
 6.57660e+03  3.06643e-03
 6.57687e+03  3.00859e-03
 6.57713e+03  3.12315e-03
 6.57739e+03  2.92318e-03
 6.57765e+03  2.97369e-03
 6.57791e+03  2.93202e-03
 6.57817e+03  2.94016e-03
 6.57843e+03  2.94062e-03
 6.57869e+03  2.90049e-03
 6.57896e+03  2.98174e-03
 6.57922e+03  2.95003e-03
 6.57948e+03  2.90339e-03
 6.57974e+03  2.87486e-03
 6.58000e+03  2.95908e-03
 6.58026e+03  2.85709e-03
 6.58052e+03  2.78845e-03
 6.58078e+03  2.86299e-03
 6.58105e+03  2.83921e-03
 6.58131e+03  2.78776e-03
 6.58157e+03  2.80036e-03
 6.58183e+03  2.86199e-03
 6.58209e+03  2.84288e-03
 6.58235e+03  2.73866e-03
 6.58261e+03  2.79338e-03
 6.58287e+03  2.72374e-03
 6.58314e+03  2.73713e-03
 6.58340e+03  2.77661e-03
 6.58366e+03  2.82316e-03
 6.58392e+03  2.68757e-03
 6.58418e+03  2.77623e-03
 6.58444e+03  2.77719e-03
 6.58470e+03  2.71054e-03
 6.58496e+03  2.61534e-03
 6.58522e+03  2.63034e-03
 6.58549e+03  2.68875e-03
 6.58575e+03  2.62073e-03
 6.58601e+03  2.62557e-03
 6.58627e+03  2.71168e-03
 6.58653e+03  2.64567e-03
 6.58679e+03  2.59121e-03
 6.58705e+03  2.58554e-03
 6.58731e+03  2.62479e-03
 6.58758e+03  2.57527e-03
 6.58784e+03  2.59138e-03
 6.58810e+03  2.62428e-03
 6.58836e+03  2.68422e-03
 6.58862e+03  2.59343e-03
 6.58888e+03  2.57469e-03
 6.58914e+03  2.59635e-03
 6.58940e+03  2.57354e-03
 6.58967e+03  2.60055e-03
 6.58993e+03  2.54569e-03
 6.59019e+03  2.46753e-03
 6.59045e+03  2.54554e-03
 6.59071e+03  2.47864e-03
 6.59097e+03  2.46118e-03
 6.59123e+03  2.51240e-03
 6.59149e+03  2.58056e-03
 6.59175e+03  2.54195e-03
 6.59202e+03  2.54688e-03
 6.59228e+03  2.52861e-03
 6.59254e+03  2.37853e-03
 6.59280e+03  2.46880e-03
 6.59306e+03  2.42163e-03
 6.59332e+03  2.44037e-03
 6.59358e+03  2.54924e-03
 6.59384e+03  2.40176e-03
 6.59411e+03  2.58522e-03
 6.59437e+03  2.40711e-03
 6.59463e+03  2.35619e-03
 6.59489e+03  2.36522e-03
 6.59515e+03  2.42450e-03
 6.59541e+03  2.50597e-03
 6.59567e+03  2.38217e-03
 6.59593e+03  2.44985e-03
 6.59620e+03  2.39166e-03
 6.59646e+03  2.37147e-03
 6.59672e+03  2.37440e-03
 6.59698e+03  2.29238e-03
 6.59724e+03  2.26517e-03
 6.59750e+03  2.31715e-03
 6.59776e+03  2.35812e-03
 6.59802e+03  2.33135e-03
 6.59828e+03  2.42249e-03
 6.59855e+03  2.41137e-03
 6.59881e+03  2.31533e-03
 6.59907e+03  2.28833e-03
 6.59933e+03  2.28927e-03
 6.59959e+03  2.33100e-03
 6.59985e+03  2.33515e-03
 6.60011e+03  2.30577e-03
