650		0.001438472
649.5		0.001528745
649		0.001564985
648.5		0.001552068
648		0.001611068
647.5		0.001664014
647		0.001670133
646.5		0.001619483
646		0.001763659
645.5		0.001748241
645		0.001758666
644.5		0.001870118
644		0.001965948
643.5		0.001969893
643		0.002035306
642.5		0.002258181
642		0.002234491
641.5		0.002263749
641		0.002411078
640.5		0.002580322
640		0.002571584
639.5		0.002795928
639		0.002874676
638.5		0.003018384
638		0.003130195
637.5		0.003314545
637		0.003383401
636.5		0.00371211
636		0.003949719
635.5		0.004075479
635		0.00424735
634.5		0.004584084
634		0.00475095
633.5		0.005049062
633		0.005327458
632.5		0.005602848
632		0.005848826
631.5		0.006126825
631		0.006403141
630.5		0.00685572
630		0.007175685
629.5		0.007466941
629		0.007898237
628.5		0.008192064
628		0.008536651
627.5		0.00898953
627		0.009412634
626.5		0.009781318
626		0.010263974
625.5		0.010685135
625		0.011041983
624.5		0.011534793
624		0.011871168
623.5		0.012352364
623		0.012714998
622.5		0.0134184
622		0.013587452
621.5		0.014234246
621		0.014654627
620.5		0.015017921
620		0.015432489
619.5		0.015932007
619		0.016276624
618.5		0.016797906
618		0.017081952
617.5		0.017565573
617		0.017902976
616.5		0.018356331
616		0.018800739
615.5		0.019212473
615		0.019488199
614.5		0.019916901
614		0.020214755
613.5		0.020611564
613		0.020980356
612.5		0.021265326
612		0.021671642
611.5		0.021972403
611		0.022310648
610.5		0.02254067
610		0.022926431
609.5		0.023145664
609		0.023455169
608.5		0.023668636
608		0.023910832
607.5		0.024233684
607		0.024354883
606.5		0.024537206
606		0.024600767
605.5		0.024926487
605		0.024966354
604.5		0.025073417
604		0.02522908
603.5		0.025223698
603		0.025358034
602.5		0.025408462
602		0.025297878
601.5		0.025235819
601		0.025357569
600.5		0.025237978
600		0.025197776
599.5		0.024924878
599		0.025084278
598.5		0.025005406
598		0.024765115
597.5		0.024975961
597		0.024890589
596.5		0.024899572
596		0.025101446
595.5		0.025223248
595		0.025477616
594.5		0.025781855
594		0.026360841
593.5		0.026826112
593		0.02744036
592.5		0.028253289
592		0.029347673
591.5		0.03052293
591		0.032073472
590.5		0.03375867
590		0.035650987
589.5		0.037998199
589		0.040639944
588.5		0.043699987
588		0.047292646
587.5		0.051229469
587		0.055923086
586.5		0.061124325
586		0.067186788
585.5		0.073862836
585		0.081586242
584.5		0.090086758
584		0.099781528
583.5		0.110778086
583		0.122566812
582.5		0.135782704
582		0.150708467
581.5		0.166822955
581		0.18491514
580.5		0.204067856
580		0.225082338
579.5		0.248272151
579		0.273134083
578.5		0.299227923
578		0.328203738
577.5		0.35927546
577		0.391441494
576.5		0.425120533
576		0.46167475
575.5		0.499867141
575		0.539106607
574.5		0.580921412
574		0.624287188
573.5		0.667832732
573		0.713620126
572.5		0.760433197
572		0.807348609
571.5		0.855356813
571		0.904552817
570.5		0.953398645
570		1.001270771
569.5		1.04862082
569		1.097652078
568.5		1.144634247
568		1.189807415
567.5		1.234280467
567		1.276176572
566.5		1.316845417
566		1.355315685
565.5		1.390093923
565		1.423098803
564.5		1.453356504
564		1.479964852
563.5		1.503397703
563		1.523717284
562.5		1.540261507
562		1.554067016
561.5		1.563613534
561		1.56966722
560.5		1.571598649
560		1.5695678
559.5		1.56377387
559		1.554429173
558.5		1.540799022
558		1.522935748
557.5		1.501403093
557		1.477411509
556.5		1.448797822
556		1.418269038
555.5		1.384210825
555		1.348470569
554.5		1.311393499
554		1.273375511
553.5		1.234339714
553		1.195110083
552.5		1.156556129
552		1.117839098
551.5		1.079994798
551		1.044201136
550.5		1.008703232
550		0.975434661
549.5		0.944178343
549		0.914094031
548.5		0.88626647
548		0.861386657
547.5		0.837602258
547		0.816203296
546.5		0.796956122
546		0.779563785
545.5		0.764638484
545		0.750927568
544.5		0.739853561
544		0.729974389
543.5		0.722308457
543		0.716944397
542.5		0.712757349
542		0.710364461
541.5		0.70938319
541		0.710088313
540.5		0.712161958
540		0.716178477
539.5		0.72124517
539		0.728324831
538.5		0.736531735
538		0.746198237
537.5		0.757292807
537		0.770984173
536.5		0.786067843
536		0.803402185
535.5		0.822859466
535		0.844233096
534.5		0.867954552
534		0.893839896
533.5		0.922649384
533		0.954353511
532.5		0.988939524
532		1.026841879
531.5		1.067263961
531		1.112386227
530.5		1.160569668
530		1.212994456
529.5		1.269472718
529		1.33151114
528.5		1.397386074
528		1.46799624
527.5		1.543106556
527		1.62387228
526.5		1.710082531
526		1.80320406
525.5		1.900473237
525		2.002971888
524.5		2.112042189
524		2.227291584
523.5		2.346183777
523		2.473597765
522.5		2.605983734
522		2.744583845
521.5		2.887222528
521		3.037242889
520.5		3.19137907
520		3.352077007
519.5		3.518820524
519		3.691938162
518.5		3.8664608
518		4.050733566
517.5		4.236650467
517		4.426397324
516.5		4.62531662
516		4.828941345
515.5		5.033936024
515		5.244153976
514.5		5.460085869
514		5.681553841
513.5		5.909184933
513		6.143444538
512.5		6.380686283
512		6.625646591
511.5		6.880888939
511		7.144219398
510.5		7.416643143
510		7.706455231
509.5		8.009489059
509		8.321743965
508.5		8.647460938
508		8.993432045
507.5		9.348882675
507		9.725072861
506.5		10.11119747
506		10.5096674
505.5		10.91279125
505		11.32436848
504.5		11.74073792
504		12.15998936
503.5		12.57974815
503		12.99748421
502.5		13.40579224
502		13.81035042
501.5		14.2101202
501		14.60001945
500.5		14.98865223
500		15.36555767
499.5		15.74400806
499		16.11494064
498.5		16.49168968
498		16.86570358
497.5		17.24598312
497		17.64266205
496.5		18.04667473
496		18.44882393
495.5		18.87494469
495		19.32305908
494.5		19.78303337
494		20.26016998
493.5		20.76039314
493		21.27236938
492.5		21.80216599
492		22.34759521
491.5		22.91060448
491		23.49028397
490.5		24.09163857
490		24.70213699
489.5		25.31925964
489		25.96061516
488.5		26.61487389
488		27.28179359
487.5		27.96627808
487		28.66281319
486.5		29.36234474
486		30.07655525
485.5		30.80361557
485		31.53784561
484.5		32.27903366
484		33.03538132
483.5		33.8019371
483		34.54442596
482.5		35.31920624
482		36.09093857
481.5		36.85468292
481		37.62509537
480.5		38.40404129
480		39.17248535
479.5		39.9393959
479		40.70707703
478.5		41.4698143
478		42.22849655
477.5		42.98950577
477		43.74423218
476.5		44.47780228
476		45.23033524
475.5		45.97538757
475		46.70878983
474.5		47.44759369
474		48.19227219
473.5		48.91788101
473		49.64075851
472.5		50.37166595
472		51.08876801
471.5		51.80768204
471		52.51528549
470.5		53.21955872
470		53.90201187
469.5		54.59222031
469		55.25836182
468.5		55.91041946
468		56.54349518
467.5		57.18118668
467		57.76782608
466.5		58.34698486
466		58.90551758
465.5		59.44501114
465		59.9730072
464.5		60.47552872
464		60.94752502
463.5		61.41202545
463		61.850811
462.5		62.27780533
462		62.68091202
461.5		63.0768013
461		63.45903397
460.5		63.82212067
460		64.17010498
459.5		64.51448059
459		64.83030701
458.5		65.13493347
458		65.42407227
457.5		65.74694824
457		66.03276825
456.5		66.29598999
456		66.55847168
455.5		66.79452515
455		67.0317688
454.5		67.25715637
454		67.47395325
453.5		67.68453979
453		67.89427185
452.5		68.09770203
452		68.26915741
451.5		68.49603271
451		68.7037735
450.5		68.91306305
450		69.11712646
449.5		69.32421112
449		69.53201294
448.5		69.73977661
448		69.9385376
447.5		70.10644531
447		70.31867218
446.5		70.50966644
446		70.67173004
445.5		70.82915497
445		70.98558807
444.5		71.11351013
444		71.23318481
443.5		71.32330322
443		71.45983887
442.5		71.55979156
442		71.66120911
441.5		71.74827576
441		71.83395386
440.5		71.89616394
440		71.94694519
439.5		72.03736115
439		72.11336517
438.5		72.16376495
438		72.22768402
437.5		72.28237152
437		72.31240082
436.5		72.394104
436		72.45547485
435.5		72.50969696
435		72.56942749
434.5		72.62028503
434		72.63951874
433.5		72.71278381
433		72.77263641
432.5		72.81014252
432		72.85991669
431.5		72.85836792
431		72.91213989
430.5		72.93786621
430		72.96035004
429.5		72.97033691
429		72.96697998
428.5		72.96253204
428		72.96530914
427.5		72.96167755
427		72.92497253
426.5		72.93874359
426		72.93035126
425.5		72.92414856
425		72.91056824
424.5		72.89956665
424		72.8745575
423.5		72.85688782
423		72.81868744
422.5		72.74326324
422		72.7252121
421.5		72.66220093
421		72.59489441
420.5		72.51573181
420		72.38769531
419.5		72.3140564
419		72.21429443
418.5		72.10766602
418		72.00471497
417.5		71.887146
417		71.75952148
416.5		71.63593292
416		71.51695251
415.5		71.39312744
415		71.23445892
414.5		71.13026428
414		70.99966431
413.5		70.86569977
413		70.71865845
412.5		70.5774765
412		70.39834595
411.5		70.27131653
411		70.10066986
410.5		69.94003296
410		69.76412201
409.5		69.58609772
409		69.356987
408.5		69.17365265
408		68.98233032
407.5		68.75905609
407		68.52648926
406.5		68.29893494
406		68.06356812
405.5		67.82178497
405		67.54846191
404.5		67.31166077
404		67.06383514
403.5		66.7878952
403		66.50097656
402.5		66.22325897
402		65.929039
401.5		65.62882996
401		65.28879547
400.5		64.97885895
400		64.65155792
399.5		64.30102539
399		63.94461823
398.5		63.5737915
398		63.18305206
397.5		62.79603958
397		62.38114166
396.5		61.932724
396		61.52593994
395.5		61.07035828
395		60.59457779
394.5		60.12075043
394		59.62399292
393.5		59.10865021
393		58.58197784
392.5		58.03142166
392		57.4640274
391.5		56.85541153
391		56.27130127
390.5		55.65542603
390		55.01379395
389.5		54.36076355
389		53.67509842
388.5		52.98482132
388		52.259655
387.5		51.52458954
387		50.75806427
386.5		49.9661293
386		49.18526077
385.5		48.36420822
385		47.5327301
384.5		46.66192627
384		45.77553177
383.5		44.86922455
383		43.9405365
382.5		42.98680115
382		42.01727676
381.5		41.04193878
381		39.9954834
380.5		38.96388245
380		37.92320251
379.5		36.83679199
379		35.72736359
378.5		34.60989761
378		33.46403885
377.5		32.29280853
377		31.11040878
376.5		29.91114616
376		28.6922245
375.5		27.45587158
375		26.24646759
374.5		24.9926815
374		23.73591423
373.5		22.5075798
373		21.25671959
372.5		20.01007271
372		18.79269981
371.5		17.56207657
371		16.34104156
370.5		15.15913868
370		14.00057411
369.5		12.86450958
369		11.76124763
368.5		10.69347477
368		9.660085678
367.5		8.677425385
367		7.748047352
366.5		6.865118504
366		6.040600777
365.5		5.285321712
365		4.568548679
364.5		3.913505793
364		3.330533504
363.5		2.806791782
363		2.335044861
362.5		1.922955751
362		1.561680198
361.5		1.250637412
361		0.989913225
360.5		0.773777664
360		0.5935992
359.5		0.448283196
359		0.333380729
358.5		0.241384089
358		0.172744215
357.5		0.1212328
357		0.0828944
356.5		0.05540888
356		0.036332645
355.5		0.023236761
355		0.014474442
354.5		0.008969262
354		0.005133559
353.5		0.003245392
353		0.002004188
352.5		0.001271134
352		0.000936303
351.5		0.000789468
351		0.000390441
350.5		0.000584665
350		0.000539953
349.5		-0.000351401
349		0.000557051
348.5		0.000390417
348		0.000423411
347.5		0.000317814
347		0.000523828
346.5		0.000389808
346		0.000562982
345.5		0.000377813
345		0.00041411
344.5		0.000444062
344		0.000456404
343.5		0.000440132
343		0.000503486
342.5		0.00044217
342		0.000483805
341.5		0.000475858
341		0.000431598
340.5		0.000399957
340		0.000300245
339.5		0.000497504
339		0.00046987
338.5		0.000533878
338		0.000486884
337.5		0.000491134
337		0.00050059
336.5		0.000483691
336		0.000575446
335.5		0.000406246
335		0.000379674
334.5		0.00047795
334		0.00043619
333.5		0.000466552
333		0.00039157
332.5		0.000478009
332		0.000576245
331.5		0.000466064
331		0.000407402
330.5		0.000387772
330		0.000292611
329.5		0.000395098
329		0.000580139
328.5		0.000372275
328		0.000466682
327.5		0.000439856
327		0.000338109
326.5		0.000433016
326		0.000457892
325.5		0.000483072
325		0.000384589
324.5		0.00034936
324		0.000367947
323.5		0.000510662
323		0.000375042
322.5		0.000346799
322		0.000413479
321.5		0.000331542
321		0.000434766
320.5		0.000455997
320		0.000388034
319.5		0.000453876
319		0.000369022
318.5		0.000363398
318		0.000317737
317.5		0.000394318
317		0.000442171
316.5		0.000379975
316		0.000567723
315.5		0.000368611
315		0.000514635
314.5		0.000380817
314		0.000461755
313.5		0.000471722
313		0.000412045
312.5		0.000332958
312		0.000517221
311.5		0.00045358
311		0.000442247
310.5		0.000540557
310		0.000301088
309.5		0.000350852
309		0.00039848
308.5		0.000546438
308		0.000428335
307.5		0.000454592
307		0.00040384
306.5		0.000560489
306		0.000327278
305.5		0.000527414
305		0.000401436
304.5		0.000328217
304		0.000463242
303.5		0.000516874
303		0.000395647
302.5		0.000400732
302		0.000349114
301.5		0.000404679
301		0.000506074
300.5		0.00033477
300		0.000440879
