1200		0.222659141
1199.5		0.228205815
1199		0.232757017
1198.5		0.238107026
1198		0.243417591
1197.5		0.248424247
1197		0.25478071
1196.5		0.259916782
1196		0.265173495
1195.5		0.271610797
1195		0.277016163
1194.5		0.282746166
1194		0.288986147
1193.5		0.295797795
1193		0.302477121
1192.5		0.309205234
1192		0.316185743
1191.5		0.323505998
1191		0.330540329
1190.5		0.337864935
1190		0.346086681
1189.5		0.353949726
1189		0.361740917
1188.5		0.369296789
1188		0.377484411
1187.5		0.385849744
1187		0.394977272
1186.5		0.403787792
1186		0.412966132
1185.5		0.422318757
1185		0.431524634
1184.5		0.441223711
1184		0.451778472
1183.5		0.462596029
1183		0.472541213
1182.5		0.483342499
1182		0.49375245
1181.5		0.505553961
1181		0.517197788
1180.5		0.528661609
1180		0.541028261
1179.5		0.553335369
1179		0.565771163
1178.5		0.577981949
1178		0.591410518
1177.5		0.604700923
1177		0.619443536
1176.5		0.632993877
1176		0.647174954
1175.5		0.661814928
1175		0.676296771
1174.5		0.691996396
1174		0.707660496
1173.5		0.724184871
1173		0.740112066
1172.5		0.756799161
1172		0.773475111
1171.5		0.791065753
1171		0.809463561
1170.5		0.828065455
1170		0.846611261
1169.5		0.866255462
1169		0.8845402
1168.5		0.90424943
1168		0.924768686
1167.5		0.946315765
1167		0.967749834
1166.5		0.988593876
1166		1.010642648
1165.5		1.033117294
1165		1.05597353
1164.5		1.081093073
1164		1.105018139
1163.5		1.128334761
1163		1.153900146
1162.5		1.179583669
1162		1.205001354
1161.5		1.232596755
1161		1.260605812
1160.5		1.288113594
1160		1.316110134
1159.5		1.344394326
1159		1.373961806
1158.5		1.403921008
1158		1.435745358
1157.5		1.467245221
1157		1.498818159
1156.5		1.53238368
1156		1.564996481
1155.5		1.597614169
1155		1.63403821
1154.5		1.669431686
1154		1.705064058
1153.5		1.741698027
1153		1.778712273
1152.5		1.816670656
1152		1.855300903
1151.5		1.896074057
1151		1.936427474
1150.5		1.977839112
1150		2.019192934
1149.5		2.061567307
1149		2.105134487
1148.5		2.150786161
1148		2.196294308
1147.5		2.241385698
1147		2.289026499
1146.5		2.336564541
1146		2.384969473
1145.5		2.435770273
1145		2.487664938
1144.5		2.539933443
1144		2.588930845
1143.5		2.644199133
1143		2.697331667
1142.5		2.751513481
1142		2.811066151
1141.5		2.867470026
1141		2.926780701
1140.5		2.984698772
1140		3.045397758
1139.5		3.10485816
1139		3.168010712
1138.5		3.23320365
1138		3.296369314
1137.5		3.363931894
1137		3.42938447
1136.5		3.49461174
1136		3.565321207
1135.5		3.636015892
1135		3.712686539
1134.5		3.781772852
1134		3.854970932
1133.5		3.928970098
1133		4.003026962
1132.5		4.085414886
1132		4.163507938
1131.5		4.240749836
1131		4.324185848
1130.5		4.403757095
1130		4.488658428
1129.5		4.572538853
1129		4.659142017
1128.5		4.749781609
1128		4.83975172
1127.5		4.928245544
1127		5.017561913
1126.5		5.106771946
1126		5.205950737
1125.5		5.309026241
1125		5.398523808
1124.5		5.497754574
1124		5.59590292
1123.5		5.696968079
1123		5.795666695
1122.5		5.909753323
1122		6.009791851
1121.5		6.114615917
1121		6.226438046
1120.5		6.333045006
1120		6.440059185
1119.5		6.560522079
1119		6.674480438
1118.5		6.79323101
1118		6.902884007
1117.5		7.022395611
1117		7.144779682
1116.5		7.261271954
1116		7.393690109
1115.5		7.516708374
1115		7.642258644
1114.5		7.769034863
1114		7.895685673
1113.5		8.030174255
1113		8.166245461
1112.5		8.29830265
1112		8.439522743
1111.5		8.574204445
1111		8.710982323
1110.5		8.856309891
1110		8.993927002
1109.5		9.145129204
1109		9.289904594
1108.5		9.432071686
1108		9.59119606
1107.5		9.730360031
1107		9.882101059
1106.5		10.0479269
1106		10.2002039
1105.5		10.35878181
1105		10.51584339
1104.5		10.67383099
1104		10.83838367
1103.5		11.00139141
1103		11.16919899
1102.5		11.3409214
1102		11.50300312
1101.5		11.67691994
1101		11.84660816
1100.5		12.01594448
1100		12.20416927
1099.5		12.38005638
1099		12.55283546
1098.5		12.73920059
1098		12.91239452
1097.5		13.09735584
1097		13.2912159
1096.5		13.47494698
1096		13.66694832
1095.5		13.8566885
1095		14.0415535
1094.5		14.2393961
1094		14.43285179
1093.5		14.63033676
1093		14.83590126
1092.5		15.02669144
1092		15.22730446
1091.5		15.42918968
1091		15.63491821
1090.5		15.84627819
1090		16.05614662
1089.5		16.2609787
1089		16.47816086
1088.5		16.68391609
1088		16.8962841
1087.5		17.1158905
1087		17.33306313
1086.5		17.55246162
1086		17.76455498
1085.5		17.99063301
1085		18.20771027
1084.5		18.43200684
1084		18.67035866
1083.5		18.89735985
1083		19.1261425
1082.5		19.35788345
1082		19.58208847
1081.5		19.8148098
1081		20.05852318
1080.5		20.29480743
1080		20.53163147
1079.5		20.77779388
1079		21.00500298
1078.5		21.25070763
1078		21.49665451
1077.5		21.74255753
1077		21.98871422
1076.5		22.23868561
1076		22.4797821
1075.5		22.73116112
1075		22.9903717
1074.5		23.23558044
1074		23.49692345
1073.5		23.75959206
1073		23.99669647
1072.5		24.26242828
1072		24.51966476
1071.5		24.76955032
1071		25.04176712
1070.5		25.30895424
1070		25.5612545
1069.5		25.82772636
1069		26.09117317
1068.5		26.34915924
1068		26.62929535
1067.5		26.90185928
1067		27.15781975
1066.5		27.4333992
1066		27.69942284
1065.5		27.95110703
1065		28.24122238
1064.5		28.52107048
1064		28.7872963
1063.5		29.05170059
1063		29.33726311
1062.5		29.60611534
1062		29.87756157
1061.5		30.17308807
1061		30.44718742
1060.5		30.72338104
1060		31.00594902
1059.5		31.28289795
1059		31.55921745
1058.5		31.85338593
1058		32.1324234
1057.5		32.41446686
1057		32.70026779
1056.5		32.97826004
1056		33.26330948
1055.5		33.54265976
1055		33.83524704
1054.5		34.12747192
1054		34.40605927
1053.5		34.6906662
1053		34.97517014
1052.5		35.25930786
1052		35.54775238
1051.5		35.84462738
1051		36.134758
1050.5		36.4111557
1050		36.69689178
1049.5		37.00366974
1049		37.2788887
1048.5		37.56937027
1048		37.87852478
1047.5		38.15771484
1047		38.43367004
1046.5		38.73373795
1046		39.02194977
1045.5		39.30747986
1045		39.59845734
1044.5		39.90598679
1044		40.17611313
1043.5		40.45135117
1043		40.75838089
1042.5		41.04386139
1042		41.3225708
1041.5		41.62284851
1041		41.91577911
1040.5		42.18980789
1040		42.47295761
1039.5		42.7755127
1039		43.06229401
1038.5		43.334095
1038		43.63180542
1037.5		43.92687607
1037		44.18746567
1036.5		44.46587372
1036		44.78298187
1035.5		45.05421448
1035		45.31785583
1034.5		45.62576294
1034		45.91047287
1033.5		46.16954041
1033		46.45537567
1032.5		46.76922989
1032		47.04078293
1031.5		47.29776001
1031		47.59267426
1030.5		47.88193512
1030		48.12763977
1029.5		48.40703583
1029		48.72156525
1028.5		48.99107361
1028		49.23771286
1027.5		49.52129745
1027		49.81665802
1026.5		50.06797791
1026		50.33456039
1025.5		50.63019943
1025		50.91725159
1024.5		51.15141296
1024		51.42279816
1023.5		51.71137619
1023		51.97926712
1022.5		52.23289108
1022		52.49179459
1021.5		52.79887772
1021		53.03501511
1020.5		53.27333069
1020		53.56103897
1019.5		53.84687805
1019		54.09321213
1018.5		54.330616
1018		54.61187363
1017.5		54.88212204
1017		55.10939407
1016.5		55.37185669
1016		55.64646912
1015.5		55.90502167
1015		56.13275909
1014.5		56.3748436
1014		56.64554214
1013.5		56.89879608
1013		57.15053177
1012.5		57.37885666
1012		57.65327072
1011.5		57.89142227
1011		58.12225342
1010.5		58.36137009
1010		58.63045883
1009.5		58.87878418
1009		59.09745789
1008.5		59.33448029
1008		59.56875229
1007.5		59.79537201
1007		60.03926849
1006.5		60.2728653
1006		60.50912857
1005.5		60.7337532
1005		60.96367264
1004.5		61.19655228
1004		61.42160416
1003.5		61.66055679
1003		61.88654327
1002.5		62.11701202
1002		62.32991028
1001.5		62.54642487
1001		62.77213669
1000.5		63.00830841
1000		63.23205185
999.5		63.41072845
999		63.64001083
998.5		63.86523438
998		64.088974
997.5		64.26938629
997		64.50323486
996.5		64.72492218
996		64.94267273
995.5		65.12640381
995		65.32502747
994.5		65.54328156
994		65.77843475
993.5		65.97579956
993		66.15141296
992.5		66.34860992
992		66.57277679
991.5		66.78165436
991		66.95343781
990.5		67.14421844
990		67.35227966
989.5		67.57290649
989		67.75522614
988.5		67.91862488
988		68.10916901
987.5		68.32906342
987		68.53691864
986.5		68.70133972
986		68.86467743
985.5		69.05529785
985		69.26953888
984.5		69.46282196
984		69.62554169
983.5		69.78025055
983		69.9701767
982.5		70.17359924
982		70.35070038
981.5		70.50783539
981		70.66921234
980.5		70.85406494
980		71.05710602
979.5		71.2279129
979		71.36226654
978.5		71.5198822
978		71.70514679
977.5		71.89316559
977		72.04949951
976.5		72.20545197
976		72.3501358
975.5		72.52973175
975		72.70263672
974.5		72.86055756
974		73.01027679
973.5		73.15672302
973		73.315979
972.5		73.48756409
972		73.64315033
971.5		73.78886414
971		73.94404602
970.5		74.09445953
970		74.24320221
969.5		74.38831329
969		74.53609467
968.5		74.6907196
968		74.85474396
967.5		74.98763275
967		75.12075806
966.5		75.26622772
966		75.40784454
965.5		75.56074524
965		75.6996994
964.5		75.8277359
964		75.94911957
963.5		76.09461975
963		76.24505615
962.5		76.38883972
962		76.51771545
961.5		76.6366272
961		76.75366211
960.5		76.89195251
960		77.04053497
959.5		77.1831665
959		77.3113327
958.5		77.42836761
958		77.52748108
957.5		77.65608978
957		77.80164337
956.5		77.9496994
956		78.06378937
955.5		78.16184998
955		78.26689148
954.5		78.37875366
954		78.52227783
953.5		78.66811371
953		78.77719879
952.5		78.87062073
952		78.97373199
951.5		79.07505035
951		79.20580292
950.5		79.35282135
950		79.47940826
949.5		79.58992004
949		79.66691589
948.5		79.76812744
948		79.86437225
947.5		79.99217224
947		80.12374878
946.5		80.24636841
946		80.34468842
945.5		80.43052673
945		80.50034332
944.5		80.61945343
944		80.72925568
943.5		80.85244751
943		80.95785522
942.5		81.0566864
942		81.14007568
941.5		81.21753693
941		81.31511688
940.5		81.41531372
940		81.5353241
939.5		81.64782715
939		81.74277496
938.5		81.83238983
938		81.88064575
937.5		81.98027039
937		82.076828
936.5		82.193573
936		82.29167175
935.5		82.38744354
935		82.49047089
934.5		82.54309082
934		82.61325073
933.5		82.68450928
933		82.78583527
932.5		82.89455414
932		82.98483276
931.5		83.08264923
931		83.15483093
930.5		83.24181366
930		83.31491089
929.5		83.37958527
929		83.46389771
928.5		83.53820038
928		83.63119507
927.5		83.72572327
927		83.81681824
926.5		83.89678955
926		83.98433685
925.5		84.03795624
925		84.10680389
924.5		84.16894531
924		84.25335693
923.5		84.33635712
923		84.41819763
922.5		84.5034256
922		84.57756042
921.5		84.64904022
921		84.71656036
920.5		84.78412628
920		84.85157776
919.5		84.92575073
919		84.98751831
918.5		85.0656662
918		85.14121246
917.5		85.20876312
917		85.29623413
916.5		85.36328125
916		85.42707825
915.5		85.49204254
915		85.55157471
914.5		85.6138916
914		85.68759918
913.5		85.7582016
913		85.82187653
912.5		85.89149475
912		85.94871521
911.5		86.01541901
911		86.08007813
910.5		86.14496613
910		86.21102905
909.5		86.27183533
909		86.3266449
908.5		86.39469147
908		86.44644928
907.5		86.52096558
907		86.57381439
906.5		86.64102173
906		86.68762207
905.5		86.75628662
905		86.80764771
904.5		86.87432861
904		86.92998505
903.5		86.99188232
903		87.04803467
902.5		87.10681152
902		87.1627655
901.5		87.2255249
901		87.28044891
900.5		87.34017944
900		87.39138031
899.5		87.44458771
899		87.50319672
898.5		87.55317688
898		87.61309052
897.5		87.67025757
897		87.71911621
896.5		87.76563263
896		87.82142639
895.5		87.87731171
895		87.93118286
894.5		87.98268127
894		88.03663635
893.5		88.08472443
893		88.13113403
892.5		88.1844101
892		88.23522186
891.5		88.29303741
891		88.34439087
890.5		88.39414978
890		88.43734741
889.5		88.48357391
889		88.53549957
888.5		88.58441162
888		88.63710022
887.5		88.67865753
887		88.72357941
886.5		88.76595306
886		88.81929016
885.5		88.8658371
885		88.91461182
884.5		88.9614563
884		89.00541687
883.5		89.05010986
883		89.09457397
882.5		89.14128876
882		89.18854523
881.5		89.23739624
881		89.28191376
880.5		89.32376862
880		89.36908722
879.5		89.40953064
879		89.4556427
878.5		89.49588776
878		89.54398346
877.5		89.59111023
877		89.6300354
876.5		89.66886139
876		89.71398163
875.5		89.75213623
875		89.79392242
874.5		89.83210754
874		89.87555695
873.5		89.92259216
873		89.96250916
872.5		90.00028992
872		90.04152679
871.5		90.07539368
871		90.12284088
870.5		90.15587616
870		90.19658661
869.5		90.23643494
869		90.27934265
868.5		90.31871796
868		90.35817719
867.5		90.39467621
867		90.43418121
866.5		90.47299957
866		90.51236725
865.5		90.55071259
865		90.58480835
864.5		90.62192535
864		90.65842438
863.5		90.70027161
863		90.74185944
862.5		90.77101135
862		90.80799866
861.5		90.85123444
861		90.88877106
860.5		90.92256165
860		90.957901
859.5		90.98596191
859		91.02613831
858.5		91.05680847
858		91.09325409
857.5		91.13019562
857		91.16754913
856.5		91.19786072
856		91.23005676
855.5		91.25735474
855		91.2971344
854.5		91.32646942
854		91.36323547
853.5		91.3914032
853		91.42951965
852.5		91.46478271
852		91.49341583
851.5		91.5235672
851		91.55929565
850.5		91.59162903
850		91.62116241
849.5		91.61765289
849		91.60281372
848.5		91.61522675
848		91.68170166
847.5		91.67801666
847		91.68995667
846.5		91.74039459
846		91.76833344
845.5		91.79675293
845		91.80034637
844.5		91.83737946
844		91.87525177
843.5		91.90013123
843		91.91228485
842.5		91.92356873
842		91.97527313
841.5		91.98165131
841		92.00926208
840.5		92.04969788
840		92.05477142
839.5		92.08259583
839		92.09786987
838.5		92.15258789
838		92.16572571
837.5		92.18996429
837		92.21430206
836.5		92.23374176
836		92.25611115
835.5		92.28240967
835		92.30222321
834.5		92.35882568
834		92.35829926
833.5		92.36604309
833		92.40116882
832.5		92.44221497
832		92.45038605
831.5		92.46466827
831		92.5198822
830.5		92.52451324
830		92.55257416
829.5		92.57089233
829		92.59868622
828.5		92.62107086
828		92.64315033
827.5		92.68000031
827		92.69078064
826.5		92.71080017
826		92.73860931
825.5		92.77097321
825		92.79265594
824.5		92.80693817
824		92.84697723
823.5		92.86428833
823		92.87530518
822.5		92.90061951
822		92.95172119
821.5		92.95178986
821		92.9732132
820.5		92.99018097
820		93.0291748
819.5		93.04391479
819		93.07314301
818.5		93.10227966
818		93.09168243
817.5		93.10571289
817		93.15644836
816.5		93.18829346
816		93.18398285
815.5		93.20440674
815		93.22916412
814.5		93.24691772
814		93.26829529
813.5		93.30423737
813		93.31378937
812.5		93.34343719
812		93.33390045
811.5		93.36714935
811		93.38339233
810.5		93.41323853
810		93.42557526
809.5		93.43548584
809		93.46269226
808.5		93.48155975
808		93.4964447
807.5		93.52527618
807		93.52720642
806.5		93.55139923
806		93.57064056
805.5		93.59728241
805		93.60718536
804.5		93.62375641
804		93.63670349
803.5		93.66617584
803		93.68215179
802.5		93.6785202
802		93.72560883
801.5		93.72111511
801		93.72637939
800.5		93.74789429
800		93.7623291
799.5		93.76448059
799		93.77835846
798.5		93.8045578
798		93.82335663
797.5		93.80185699
797		93.82820129
796.5		93.84358215
796		93.85923004
795.5		93.86726379
795		93.88137817
794.5		93.9066925
794		93.91249084
793.5		93.9151001
793		93.93577576
792.5		93.94018555
792		93.94412994
791.5		93.96881104
791		93.98394775
790.5		93.99707794
790		94.00137329
789.5		94.0068512
789		94.02066803
788.5		94.02033234
788		94.02973175
787.5		94.03513336
787		94.05352783
786.5		94.05706787
786		94.04598999
785.5		94.06576538
785		94.05905914
784.5		94.07289886
784		94.0591507
783.5		94.07154083
783		94.0717392
782.5		94.08706665
782		94.07349396
781.5		94.06878662
781		94.06829834
780.5		94.08421326
780		94.08477783
779.5		94.08826447
779		94.06807709
778.5		94.0711441
778		94.05910492
777.5		94.05027771
777		94.05254364
776.5		94.03265381
776		94.0213089
775.5		94.01573944
775		94.0008316
774.5		93.99362183
774		93.97050476
773.5		93.97538757
773		93.93426514
772.5		93.92704773
772		93.90142822
771.5		93.88411713
771		93.85959625
770.5		93.83747101
770		93.8045578
769.5		93.77296448
769		93.73230743
768.5		93.71389008
768		93.6785965
767.5		93.63752747
767		93.59516907
766.5		93.56109619
766		93.5094986
765.5		93.45715332
765		93.3864212
764.5		93.33454132
764		93.27735901
763.5		93.22507477
763		93.14984894
762.5		93.07148743
762		93.00748444
761.5		92.93225098
761		92.83435059
760.5		92.7564621
760		92.66678619
759.5		92.56402588
759		92.4723053
758.5		92.35749054
758		92.25370026
757.5		92.11031342
757		91.99110413
756.5		91.86868286
756		91.73126984
755.5		91.58485413
755		91.4388504
754.5		91.27050781
754		91.09630585
753.5		90.90757751
753		90.71969604
752.5		90.53968048
752		90.33657837
751.5		90.12186432
751		89.8932724
750.5		89.66742706
750		89.41392517
749.5		89.15325165
749		88.89074707
748.5		88.61916351
748		88.3214035
747.5		88.01616669
747		87.68972778
746.5		87.35625458
746		87.01206207
745.5		86.64427185
745		86.25405121
744.5		85.87263489
744		85.45825195
743.5		85.02698517
743		84.57912445
742.5		84.11252594
742		83.62091064
741.5		83.11753845
741		82.59454346
740.5		82.04589844
740		81.45765686
739.5		80.87794495
739		80.27828979
738.5		79.64064789
738		78.97986603
737.5		78.28301239
737		77.57228851
736.5		76.83016968
736		76.08021545
735.5		75.29647827
735		74.47367096
734.5		73.64322662
734		72.75925446
733.5		71.85424042
733		70.941185
732.5		69.99269867
732		69.00461578
731.5		68.00179291
731		66.96098328
730.5		65.86241913
730		64.77462769
729.5		63.65943527
729		62.50339127
728.5		61.31307983
728		60.12319183
727.5		58.85987854
727		57.59458542
726.5		56.32272339
726		55.0033226
725.5		53.66856003
725		52.30482864
724.5		50.90848923
724		49.49797821
723.5		48.06910706
723		46.63282013
722.5		45.17536926
722		43.6795845
721.5		42.21473312
721		40.7121315
720.5		39.19440842
720		37.70539474
719.5		36.20426178
719		34.69420242
718.5		33.18632126
718		31.69179916
717.5		30.19634438
717		28.71391106
716.5		27.26681519
716		25.81727219
715.5		24.39276123
715		23.0063343
714.5		21.6179409
714		20.25797272
713.5		18.96295166
713		17.69718742
712.5		16.46122551
712		15.26598644
711.5		14.11523247
711		12.9970026
710.5		11.93789864
710		10.94600487
709.5		9.972468376
709		9.065561295
708.5		8.215363503
708		7.406722546
707.5		6.644687653
707		5.947747231
706.5		5.299279213
706		4.69989872
705.5		4.146178246
705		3.638802528
704.5		3.177960873
704		2.759722233
703.5		2.388783216
703		2.053628206
702.5		1.753286481
702		1.493269444
701.5		1.260500193
701		1.056392789
700.5		0.882000744
700		0.731032729
699.5		0.602052629
699		0.491471678
698.5		0.398313999
698		0.320102483
697.5		0.25548622
697		0.202878073
696.5		0.159297541
696		0.123999931
695.5		0.09623827
695		0.073604412
694.5		0.055774953
694		0.04213278
693.5		0.031593528
693		0.023333862
692.5		0.017090423
692		0.012516223
691.5		0.008996638
691		0.006510466
690.5		0.004516731
690		0.003095014
689.5		0.002263602
689		0.00163027
688.5		0.001022501
688		0.000675669
687.5		0.000505849
687		0.000249886
686.5		0.000217541
686		0.000155335
685.5		5.03E-05
685		5.70E-05
684.5		0.000111144
684		0.000131947
683.5		2.36E-05
683		-1.74E-05
682.5		0.00010428
682		-6.12E-06
681.5		7.02E-05
681		-0.000136478
680.5		3.07E-05
680		6.88E-05
679.5		7.75E-05
679		9.18E-05
678.5		-4.07E-05
678		0.000147196
677.5		7.28E-05
677		0.000194919
676.5		7.73E-05
676		1.84E-05
675.5		0.000134839
675		2.33E-05
674.5		-1.20E-05
674		7.75E-06
673.5		6.41E-05
673		5.13E-05
672.5		0.000100809
672		5.42E-05
671.5		9.33E-05
671		-4.40E-06
670.5		-3.79E-05
670		1.60E-05
669.5		-7.24E-05
669		0.000111392
668.5		3.96E-05
668		5.44E-05
667.5		-4.61E-06
667		3.45E-05
666.5		-6.15E-05
666		-4.69E-05
665.5		-7.63E-07
665		0.000111827
664.5		9.13E-05
664		4.52E-05
663.5		9.47E-06
663		-2.45E-05
662.5		2.66E-05
662		5.53E-05
661.5		6.06E-05
661		-3.86E-05
660.5		-1.36E-06
660		3.27E-05
659.5		-5.89E-06
659		-3.17E-05
658.5		-2.66E-05
658		7.64E-05
657.5		5.98E-05
657		3.92E-05
656.5		-5.66E-06
656		5.28E-07
655.5		7.11E-05
655		6.36E-05
654.5		2.09E-05
654		3.38E-05
653.5		-8.49E-06
653		-1.95E-05
652.5		1.60E-05
652		0.000156259
651.5		3.89E-05
651		6.75E-05
650.5		-6.40E-05
650		-3.95E-05
649.5		4.34E-05
649		5.32E-05
648.5		2.70E-05
648		4.53E-05
647.5		-3.90E-05
647		5.52E-05
646.5		-7.12E-05
646		-4.51E-05
645.5		3.83E-05
645		6.89E-05
644.5		0.000125372
644		-3.89E-06
643.5		3.49E-06
643		-9.49E-06
642.5		-1.49E-05
642		4.09E-05
641.5		1.23E-05
641		0.000156661
640.5		6.34E-05
640		0.000126475
639.5		-2.37E-05
639		6.32E-05
638.5		1.98E-05
638		-1.21E-05
637.5		-3.84E-05
637		3.72E-05
636.5		-7.33E-06
636		6.53E-05
635.5		6.45E-05
635		9.54E-05
634.5		-1.12E-05
634		3.38E-05
633.5		0.000125295
633		-1.29E-06
632.5		2.89E-05
632		2.29E-05
631.5		5.29E-05
631		0.00012398
630.5		5.59E-05
630		-7.03E-06
629.5		3.21E-05
629		0.000149113
628.5		7.75E-05
628		5.58E-05
627.5		-2.65E-05
627		3.04E-05
626.5		2.48E-05
626		0.000100433
625.5		-3.27E-07
625		-2.66E-05
624.5		-2.95E-05
624		-1.86E-05
623.5		7.12E-05
623		7.93E-05
622.5		4.60E-05
622		0.000136353
621.5		-3.98E-05
621		2.50E-05
620.5		-1.96E-05
620		-5.28E-06
619.5		-2.36E-05
619		3.45E-05
618.5		5.82E-05
618		-5.76E-05
617.5		2.06E-05
617		1.62E-05
616.5		2.91E-05
616		0.000123973
615.5		1.30E-05
615		5.08E-05
614.5		9.70E-05
614		8.18E-06
613.5		6.81E-05
613		8.90E-05
612.5		-5.92E-05
612		2.59E-05
611.5		7.87E-05
611		7.75E-05
610.5		3.63E-05
610		9.87E-06
609.5		-5.61E-06
609		0.000155219
608.5		4.01E-05
608		-1.46E-05
607.5		8.12E-05
607		4.69E-05
606.5		7.38E-05
606		-1.84E-05
605.5		8.51E-05
605		4.42E-05
604.5		-7.50E-05
604		7.28E-05
603.5		2.59E-05
603		0.000122392
602.5		7.05E-05
602		0.000120495
601.5		-0.000126887
601		2.97E-05
600.5		4.92E-05
600		2.66E-05
