 5.30000e+03  1.46023e-03
 5.30026e+03  1.50631e-03
 5.30052e+03  1.51663e-03
 5.30079e+03  1.31187e-03
 5.30105e+03  1.35209e-03
 5.30131e+03  1.46798e-03
 5.30157e+03  1.52613e-03
 5.30183e+03  1.47838e-03
 5.30209e+03  1.46150e-03
 5.30235e+03  1.64471e-03
 5.30261e+03  1.37096e-03
 5.30288e+03  1.41511e-03
 5.30314e+03  1.52262e-03
 5.30340e+03  1.71035e-03
 5.30366e+03  1.43623e-03
 5.30392e+03  1.69192e-03
 5.30418e+03  1.53220e-03
 5.30444e+03  1.48106e-03
 5.30470e+03  1.50472e-03
 5.30496e+03  1.70612e-03
 5.30523e+03  1.70631e-03
 5.30549e+03  1.48215e-03
 5.30575e+03  1.70413e-03
 5.30601e+03  1.54645e-03
 5.30627e+03  1.56356e-03
 5.30653e+03  1.50928e-03
 5.30679e+03  1.58677e-03
 5.30705e+03  1.55425e-03
 5.30732e+03  1.70619e-03
 5.30758e+03  1.71793e-03
 5.30784e+03  1.69868e-03
 5.30810e+03  1.58363e-03
 5.30836e+03  1.61891e-03
 5.30862e+03  1.72258e-03
 5.30888e+03  1.47469e-03
 5.30914e+03  1.88341e-03
 5.30941e+03  1.68813e-03
 5.30967e+03  1.75228e-03
 5.30993e+03  1.48841e-03
 5.31019e+03  1.79204e-03
 5.31045e+03  1.86151e-03
 5.31071e+03  1.60955e-03
 5.31097e+03  1.56031e-03
 5.31123e+03  1.82080e-03
 5.31149e+03  1.54476e-03
 5.31176e+03  1.69868e-03
 5.31202e+03  1.73325e-03
 5.31228e+03  2.05354e-03
 5.31254e+03  1.63028e-03
 5.31280e+03  1.88643e-03
 5.31306e+03  1.94647e-03
 5.31332e+03  1.77695e-03
 5.31358e+03  1.90633e-03
 5.31385e+03  1.77794e-03
 5.31411e+03  1.97110e-03
 5.31437e+03  1.86522e-03
 5.31463e+03  1.65105e-03
 5.31489e+03  1.82004e-03
 5.31515e+03  1.66596e-03
 5.31541e+03  1.98030e-03
 5.31567e+03  1.96502e-03
 5.31594e+03  1.87076e-03
 5.31620e+03  1.93528e-03
 5.31646e+03  1.82194e-03
 5.31672e+03  2.07454e-03
 5.31698e+03  2.06774e-03
 5.31724e+03  1.90409e-03
 5.31750e+03  1.92472e-03
 5.31776e+03  1.98657e-03
 5.31802e+03  2.07902e-03
 5.31829e+03  1.82482e-03
 5.31855e+03  2.18064e-03
 5.31881e+03  1.90574e-03
 5.31907e+03  2.04752e-03
 5.31933e+03  2.05205e-03
 5.31959e+03  2.04573e-03
 5.31985e+03  2.00133e-03
 5.32011e+03  1.98290e-03
 5.32038e+03  2.22155e-03
 5.32064e+03  2.16209e-03
 5.32090e+03  2.11779e-03
 5.32116e+03  2.20240e-03
 5.32142e+03  2.24377e-03
 5.32168e+03  2.11932e-03
 5.32194e+03  1.90723e-03
 5.32220e+03  2.06567e-03
 5.32247e+03  2.11604e-03
 5.32273e+03  2.24198e-03
 5.32299e+03  2.32540e-03
 5.32325e+03  2.13324e-03
 5.32351e+03  2.19250e-03
 5.32377e+03  2.12991e-03
 5.32403e+03  2.12547e-03
 5.32429e+03  2.21437e-03
 5.32455e+03  2.13590e-03
 5.32482e+03  2.32000e-03
 5.32508e+03  2.28810e-03
 5.32534e+03  2.04833e-03
 5.32560e+03  2.45251e-03
 5.32586e+03  2.27150e-03
 5.32612e+03  2.26648e-03
 5.32638e+03  2.45120e-03
 5.32664e+03  2.39053e-03
 5.32691e+03  2.33598e-03
 5.32717e+03  2.46492e-03
 5.32743e+03  2.62023e-03
 5.32769e+03  2.39036e-03
 5.32795e+03  2.22553e-03
 5.32821e+03  2.58272e-03
 5.32847e+03  2.32826e-03
 5.32873e+03  2.62199e-03
 5.32900e+03  2.52984e-03
 5.32926e+03  2.44501e-03
 5.32952e+03  2.63806e-03
 5.32978e+03  2.53013e-03
 5.33004e+03  2.57377e-03
 5.33030e+03  2.39990e-03
 5.33056e+03  2.52313e-03
 5.33082e+03  2.77475e-03
 5.33108e+03  2.44993e-03
 5.33135e+03  2.65001e-03
 5.33161e+03  2.84480e-03
 5.33187e+03  2.72128e-03
 5.33213e+03  2.81317e-03
 5.33239e+03  2.76850e-03
 5.33265e+03  2.73944e-03
 5.33291e+03  2.73675e-03
 5.33317e+03  2.64836e-03
 5.33344e+03  2.89080e-03
 5.33370e+03  2.73288e-03
 5.33396e+03  2.86278e-03
 5.33422e+03  2.86743e-03
 5.33448e+03  2.96605e-03
 5.33474e+03  3.01344e-03
 5.33500e+03  2.87383e-03
 5.33526e+03  2.72110e-03
 5.33553e+03  2.91774e-03
 5.33579e+03  3.02791e-03
 5.33605e+03  2.83498e-03
 5.33631e+03  3.02173e-03
 5.33657e+03  3.06425e-03
 5.33683e+03  2.86077e-03
 5.33709e+03  3.05048e-03
 5.33735e+03  2.82661e-03
 5.33761e+03  3.09595e-03
 5.33788e+03  2.87816e-03
 5.33814e+03  3.10703e-03
 5.33840e+03  3.11346e-03
 5.33866e+03  3.37023e-03
 5.33892e+03  2.98308e-03
 5.33918e+03  3.32357e-03
 5.33944e+03  3.01569e-03
 5.33970e+03  3.35391e-03
 5.33997e+03  3.31715e-03
 5.34023e+03  3.21348e-03
 5.34049e+03  3.27458e-03
 5.34075e+03  3.16444e-03
 5.34101e+03  3.24339e-03
 5.34127e+03  3.33993e-03
 5.34153e+03  3.47653e-03
 5.34179e+03  3.55944e-03
 5.34206e+03  3.37775e-03
 5.34232e+03  3.39202e-03
 5.34258e+03  3.65520e-03
 5.34284e+03  3.73761e-03
 5.34310e+03  3.47819e-03
 5.34336e+03  3.88049e-03
 5.34362e+03  3.59727e-03
 5.34388e+03  3.68667e-03
 5.34415e+03  3.83097e-03
 5.34441e+03  3.69281e-03
 5.34467e+03  3.66723e-03
 5.34493e+03  3.74451e-03
 5.34519e+03  3.79669e-03
 5.34545e+03  4.06052e-03
 5.34571e+03  3.64182e-03
 5.34597e+03  3.89159e-03
 5.34623e+03  4.20645e-03
 5.34650e+03  4.03580e-03
 5.34676e+03  3.88669e-03
 5.34702e+03  3.95422e-03
 5.34728e+03  3.72211e-03
 5.34754e+03  4.13857e-03
 5.34780e+03  4.19778e-03
 5.34806e+03  4.27363e-03
 5.34832e+03  4.11957e-03
 5.34858e+03  4.30338e-03
 5.34885e+03  4.33484e-03
 5.34911e+03  4.31316e-03
 5.34937e+03  4.54709e-03
 5.34963e+03  4.63475e-03
 5.34989e+03  4.26418e-03
 5.35015e+03  4.56492e-03
 5.35041e+03  4.66688e-03
 5.35067e+03  4.32313e-03
 5.35094e+03  4.64841e-03
 5.35120e+03  4.51707e-03
 5.35146e+03  4.38501e-03
 5.35172e+03  4.39542e-03
 5.35198e+03  4.78921e-03
 5.35224e+03  4.91228e-03
 5.35250e+03  4.79676e-03
 5.35276e+03  4.88240e-03
 5.35303e+03  5.05908e-03
 5.35329e+03  4.69424e-03
 5.35355e+03  4.96697e-03
 5.35381e+03  5.10965e-03
 5.35407e+03  5.02196e-03
 5.35433e+03  5.08357e-03
 5.35459e+03  5.53336e-03
 5.35485e+03  5.45540e-03
 5.35512e+03  5.06850e-03
 5.35538e+03  5.04677e-03
 5.35564e+03  5.25974e-03
 5.35590e+03  5.23197e-03
 5.35616e+03  5.45773e-03
 5.35642e+03  5.48451e-03
 5.35668e+03  5.80317e-03
 5.35694e+03  5.48701e-03
 5.35720e+03  5.84394e-03
 5.35747e+03  5.72123e-03
 5.35773e+03  6.06254e-03
 5.35799e+03  5.93527e-03
 5.35825e+03  6.10317e-03
 5.35851e+03  6.40069e-03
 5.35877e+03  6.16726e-03
 5.35903e+03  6.12428e-03
 5.35929e+03  6.29828e-03
 5.35956e+03  6.16345e-03
 5.35982e+03  6.50360e-03
 5.36008e+03  6.29522e-03
 5.36034e+03  6.28707e-03
 5.36060e+03  6.65643e-03
 5.36086e+03  6.64249e-03
 5.36112e+03  6.76890e-03
 5.36138e+03  6.74137e-03
 5.36165e+03  6.94453e-03
 5.36191e+03  6.67919e-03
 5.36217e+03  6.88233e-03
 5.36243e+03  6.95748e-03
 5.36269e+03  7.10205e-03
 5.36295e+03  7.24004e-03
 5.36321e+03  7.47959e-03
 5.36347e+03  7.24916e-03
 5.36373e+03  7.51505e-03
 5.36400e+03  7.49468e-03
 5.36426e+03  7.77692e-03
 5.36452e+03  7.89121e-03
 5.36478e+03  7.74310e-03
 5.36504e+03  7.64328e-03
 5.36530e+03  8.06141e-03
 5.36556e+03  7.68872e-03
 5.36582e+03  8.03210e-03
 5.36609e+03  8.14985e-03
 5.36635e+03  8.27337e-03
 5.36661e+03  8.17199e-03
 5.36687e+03  8.45503e-03
 5.36713e+03  8.57244e-03
 5.36739e+03  8.71946e-03
 5.36765e+03  8.83820e-03
 5.36791e+03  8.91264e-03
 5.36818e+03  9.26483e-03
 5.36844e+03  8.96121e-03
 5.36870e+03  9.27081e-03
 5.36896e+03  9.35549e-03
 5.36922e+03  9.31741e-03
 5.36948e+03  9.26101e-03
 5.36974e+03  9.60089e-03
 5.37000e+03  9.79357e-03
 5.37026e+03  1.01095e-02
 5.37053e+03  1.01324e-02
 5.37079e+03  1.00012e-02
 5.37105e+03  1.01935e-02
 5.37131e+03  1.01021e-02
 5.37157e+03  1.04207e-02
 5.37183e+03  1.04846e-02
 5.37209e+03  1.06463e-02
 5.37235e+03  1.08551e-02
 5.37262e+03  1.09188e-02
 5.37288e+03  1.14196e-02
 5.37314e+03  1.13560e-02
 5.37340e+03  1.13580e-02
 5.37366e+03  1.16297e-02
 5.37392e+03  1.16951e-02
 5.37418e+03  1.19352e-02
 5.37444e+03  1.20815e-02
 5.37471e+03  1.24367e-02
 5.37497e+03  1.23914e-02
 5.37523e+03  1.22821e-02
 5.37549e+03  1.29153e-02
 5.37575e+03  1.29022e-02
 5.37601e+03  1.31377e-02
 5.37627e+03  1.33304e-02
 5.37653e+03  1.34571e-02
 5.37679e+03  1.41908e-02
 5.37706e+03  1.41274e-02
 5.37732e+03  1.41700e-02
 5.37758e+03  1.42539e-02
 5.37784e+03  1.46268e-02
 5.37810e+03  1.42032e-02
 5.37836e+03  1.44237e-02
 5.37862e+03  1.49280e-02
 5.37888e+03  1.50304e-02
 5.37915e+03  1.54725e-02
 5.37941e+03  1.54743e-02
 5.37967e+03  1.58000e-02
 5.37993e+03  1.61734e-02
 5.38019e+03  1.65536e-02
 5.38045e+03  1.64534e-02
 5.38071e+03  1.68464e-02
 5.38097e+03  1.68811e-02
 5.38124e+03  1.73287e-02
 5.38150e+03  1.74780e-02
 5.38176e+03  1.76436e-02
 5.38202e+03  1.83423e-02
 5.38228e+03  1.84914e-02
 5.38254e+03  1.86444e-02
 5.38280e+03  1.91215e-02
 5.38306e+03  1.89867e-02
 5.38332e+03  1.97276e-02
 5.38359e+03  1.95344e-02
 5.38385e+03  1.98801e-02
 5.38411e+03  2.00469e-02
 5.38437e+03  2.07309e-02
 5.38463e+03  2.09911e-02
 5.38489e+03  2.14401e-02
 5.38515e+03  2.14990e-02
 5.38541e+03  2.16431e-02
 5.38568e+03  2.27000e-02
 5.38594e+03  2.30502e-02
 5.38620e+03  2.31167e-02
 5.38646e+03  2.32958e-02
 5.38672e+03  2.39202e-02
 5.38698e+03  2.43899e-02
 5.38724e+03  2.47644e-02
 5.38750e+03  2.51579e-02
 5.38777e+03  2.51156e-02
 5.38803e+03  2.52652e-02
 5.38829e+03  2.67215e-02
 5.38855e+03  2.65388e-02
 5.38881e+03  2.63608e-02
 5.38907e+03  2.71136e-02
 5.38933e+03  2.72294e-02
 5.38959e+03  2.79691e-02
 5.38985e+03  2.83526e-02
 5.39012e+03  2.94109e-02
 5.39038e+03  3.06571e-02
 5.39064e+03  3.07119e-02
 5.39090e+03  3.09878e-02
 5.39116e+03  3.13044e-02
 5.39142e+03  3.20923e-02
 5.39168e+03  3.25234e-02
 5.39194e+03  3.26739e-02
 5.39221e+03  3.36058e-02
 5.39247e+03  3.42700e-02
 5.39273e+03  3.42466e-02
 5.39299e+03  3.52709e-02
 5.39325e+03  3.56223e-02
 5.39351e+03  3.65585e-02
 5.39377e+03  3.69554e-02
 5.39403e+03  3.76768e-02
 5.39430e+03  3.83906e-02
 5.39456e+03  3.92126e-02
 5.39482e+03  3.95410e-02
 5.39508e+03  4.06523e-02
 5.39534e+03  4.14150e-02
 5.39560e+03  4.19485e-02
 5.39586e+03  4.23975e-02
 5.39612e+03  4.36271e-02
 5.39638e+03  4.43741e-02
 5.39665e+03  4.45023e-02
 5.39691e+03  4.55462e-02
 5.39717e+03  4.72403e-02
 5.39743e+03  4.82183e-02
 5.39769e+03  4.85290e-02
 5.39795e+03  4.96758e-02
 5.39821e+03  5.06390e-02
 5.39847e+03  5.02655e-02
 5.39874e+03  5.13769e-02
 5.39900e+03  5.30901e-02
 5.39926e+03  5.38194e-02
 5.39952e+03  5.55145e-02
 5.39978e+03  5.66551e-02
 5.40004e+03  5.65189e-02
 5.40030e+03  5.80208e-02
 5.40056e+03  5.86967e-02
 5.40083e+03  6.00584e-02
 5.40109e+03  6.09493e-02
 5.40135e+03  6.29700e-02
 5.40161e+03  6.39892e-02
 5.40187e+03  6.47985e-02
 5.40213e+03  6.59643e-02
 5.40239e+03  6.78578e-02
 5.40265e+03  6.95955e-02
 5.40292e+03  7.05360e-02
 5.40318e+03  7.19093e-02
 5.40344e+03  7.36172e-02
 5.40370e+03  7.46475e-02
 5.40396e+03  7.52479e-02
 5.40422e+03  7.65999e-02
 5.40448e+03  7.83930e-02
 5.40474e+03  8.07362e-02
 5.40500e+03  8.12400e-02
 5.40527e+03  8.28626e-02
 5.40553e+03  8.59609e-02
 5.40579e+03  8.70228e-02
 5.40605e+03  8.96470e-02
 5.40631e+03  9.04849e-02
 5.40657e+03  9.20488e-02
 5.40683e+03  9.28259e-02
 5.40709e+03  9.63732e-02
 5.40735e+03  9.72311e-02
 5.40762e+03  9.92747e-02
 5.40788e+03  1.01282e-01
 5.40814e+03  1.02299e-01
 5.40840e+03  1.05729e-01
 5.40866e+03  1.07565e-01
 5.40892e+03  1.10938e-01
 5.40918e+03  1.12217e-01
 5.40944e+03  1.12477e-01
 5.40971e+03  1.15618e-01
 5.40997e+03  1.19081e-01
 5.41023e+03  1.21325e-01
 5.41049e+03  1.22742e-01
 5.41075e+03  1.24583e-01
 5.41101e+03  1.28968e-01
 5.41127e+03  1.30875e-01
 5.41153e+03  1.32672e-01
 5.41180e+03  1.34706e-01
 5.41206e+03  1.36869e-01
 5.41232e+03  1.40994e-01
 5.41258e+03  1.41988e-01
 5.41284e+03  1.46739e-01
 5.41310e+03  1.47561e-01
 5.41336e+03  1.52877e-01
 5.41362e+03  1.54610e-01
 5.41389e+03  1.58355e-01
 5.41415e+03  1.60799e-01
 5.41441e+03  1.64284e-01
 5.41467e+03  1.66744e-01
 5.41493e+03  1.70834e-01
 5.41519e+03  1.74141e-01
 5.41545e+03  1.77426e-01
 5.41571e+03  1.81202e-01
 5.41597e+03  1.83234e-01
 5.41624e+03  1.86530e-01
 5.41650e+03  1.90576e-01
 5.41676e+03  1.94063e-01
 5.41702e+03  1.97065e-01
 5.41728e+03  2.01168e-01
 5.41754e+03  2.05801e-01
 5.41780e+03  2.09801e-01
 5.41806e+03  2.12016e-01
 5.41833e+03  2.15940e-01
 5.41859e+03  2.21145e-01
 5.41885e+03  2.24195e-01
 5.41911e+03  2.28218e-01
 5.41937e+03  2.31626e-01
 5.41963e+03  2.37249e-01
 5.41989e+03  2.39611e-01
 5.42015e+03  2.45060e-01
 5.42042e+03  2.47597e-01
 5.42068e+03  2.52072e-01
 5.42094e+03  2.56136e-01
 5.42120e+03  2.60727e-01
 5.42146e+03  2.64803e-01
 5.42172e+03  2.69257e-01
 5.42198e+03  2.73103e-01
 5.42224e+03  2.77304e-01
 5.42250e+03  2.82236e-01
 5.42277e+03  2.86798e-01
 5.42303e+03  2.91030e-01
 5.42329e+03  2.96467e-01
 5.42355e+03  2.99256e-01
 5.42381e+03  3.03958e-01
 5.42407e+03  3.07214e-01
 5.42433e+03  3.12146e-01
 5.42459e+03  3.17269e-01
 5.42486e+03  3.22457e-01
 5.42512e+03  3.25861e-01
 5.42538e+03  3.31248e-01
 5.42564e+03  3.34687e-01
 5.42590e+03  3.41071e-01
 5.42616e+03  3.46250e-01
 5.42642e+03  3.51111e-01
 5.42668e+03  3.52580e-01
 5.42695e+03  3.57171e-01
 5.42721e+03  3.63524e-01
 5.42747e+03  3.68804e-01
 5.42773e+03  3.72245e-01
 5.42799e+03  3.75327e-01
 5.42825e+03  3.82644e-01
 5.42851e+03  3.83822e-01
 5.42877e+03  3.86380e-01
 5.42903e+03  3.93674e-01
 5.42930e+03  3.96102e-01
 5.42956e+03  4.02290e-01
 5.42982e+03  4.04796e-01
 5.43008e+03  4.09500e-01
 5.43034e+03  4.13328e-01
 5.43060e+03  4.17630e-01
 5.43086e+03  4.18722e-01
 5.43112e+03  4.26068e-01
 5.43139e+03  4.27322e-01
 5.43165e+03  4.33676e-01
 5.43191e+03  4.35304e-01
 5.43217e+03  4.40740e-01
 5.43243e+03  4.44150e-01
 5.43269e+03  4.46634e-01
 5.43295e+03  4.50741e-01
 5.43321e+03  4.53533e-01
 5.43348e+03  4.56210e-01
 5.43374e+03  4.60673e-01
 5.43400e+03  4.65665e-01
 5.43426e+03  4.66629e-01
 5.43452e+03  4.70809e-01
 5.43478e+03  4.71597e-01
 5.43504e+03  4.78010e-01
 5.43530e+03  4.80082e-01
 5.43556e+03  4.82107e-01
 5.43583e+03  4.86372e-01
 5.43609e+03  4.85940e-01
 5.43635e+03  4.89488e-01
 5.43661e+03  4.90725e-01
 5.43687e+03  4.95080e-01
 5.43713e+03  4.96609e-01
 5.43739e+03  5.00217e-01
 5.43765e+03  5.01284e-01
 5.43792e+03  5.01672e-01
 5.43818e+03  5.05972e-01
 5.43844e+03  5.04366e-01
 5.43870e+03  5.09769e-01
 5.43896e+03  5.12849e-01
 5.43922e+03  5.12036e-01
 5.43948e+03  5.16295e-01
 5.43974e+03  5.16838e-01
 5.44001e+03  5.18599e-01
 5.44027e+03  5.23605e-01
 5.44053e+03  5.22247e-01
 5.44079e+03  5.22754e-01
 5.44105e+03  5.25440e-01
 5.44131e+03  5.25511e-01
 5.44157e+03  5.28329e-01
 5.44183e+03  5.27415e-01
 5.44209e+03  5.31416e-01
 5.44236e+03  5.29585e-01
 5.44262e+03  5.31811e-01
 5.44288e+03  5.32818e-01
 5.44314e+03  5.31806e-01
 5.44340e+03  5.38449e-01
 5.44366e+03  5.36866e-01
 5.44392e+03  5.36849e-01
 5.44418e+03  5.36590e-01
 5.44445e+03  5.37248e-01
 5.44471e+03  5.39053e-01
 5.44497e+03  5.40983e-01
 5.44523e+03  5.42373e-01
 5.44549e+03  5.40956e-01
 5.44575e+03  5.40547e-01
 5.44601e+03  5.39697e-01
 5.44627e+03  5.41586e-01
 5.44654e+03  5.43321e-01
 5.44680e+03  5.42956e-01
 5.44706e+03  5.44218e-01
 5.44732e+03  5.44941e-01
 5.44758e+03  5.45145e-01
 5.44784e+03  5.45648e-01
 5.44810e+03  5.47261e-01
 5.44836e+03  5.44580e-01
 5.44862e+03  5.42652e-01
 5.44889e+03  5.45311e-01
 5.44915e+03  5.46064e-01
 5.44941e+03  5.44875e-01
 5.44967e+03  5.45256e-01
 5.44993e+03  5.44163e-01
 5.45019e+03  5.47771e-01
 5.45045e+03  5.44069e-01
 5.45071e+03  5.43966e-01
 5.45098e+03  5.44632e-01
 5.45124e+03  5.49459e-01
 5.45150e+03  5.47164e-01
 5.45176e+03  5.47132e-01
 5.45202e+03  5.47988e-01
 5.45228e+03  5.45266e-01
 5.45254e+03  5.42010e-01
 5.45280e+03  5.45836e-01
 5.45307e+03  5.46155e-01
 5.45333e+03  5.46542e-01
 5.45359e+03  5.47620e-01
 5.45385e+03  5.46094e-01
 5.45411e+03  5.47572e-01
 5.45437e+03  5.48677e-01
 5.45463e+03  5.43493e-01
 5.45489e+03  5.46139e-01
 5.45515e+03  5.46127e-01
 5.45542e+03  5.46315e-01
 5.45568e+03  5.47700e-01
 5.45594e+03  5.44361e-01
 5.45620e+03  5.46383e-01
 5.45646e+03  5.43858e-01
 5.45672e+03  5.44811e-01
 5.45698e+03  5.45766e-01
 5.45724e+03  5.41643e-01
 5.45751e+03  5.45548e-01
 5.45777e+03  5.44366e-01
 5.45803e+03  5.45264e-01
 5.45829e+03  5.44889e-01
 5.45855e+03  5.45555e-01
 5.45881e+03  5.45343e-01
 5.45907e+03  5.45674e-01
 5.45933e+03  5.44529e-01
 5.45960e+03  5.45279e-01
 5.45986e+03  5.45114e-01
 5.46012e+03  5.43290e-01
 5.46038e+03  5.41536e-01
 5.46064e+03  5.43638e-01
 5.46090e+03  5.43386e-01
 5.46116e+03  5.43047e-01
 5.46142e+03  5.42360e-01
 5.46168e+03  5.42161e-01
 5.46195e+03  5.41527e-01
 5.46221e+03  5.42129e-01
 5.46247e+03  5.41238e-01
 5.46273e+03  5.41746e-01
 5.46299e+03  5.44098e-01
 5.46325e+03  5.40948e-01
 5.46351e+03  5.43651e-01
 5.46377e+03  5.41428e-01
 5.46404e+03  5.39737e-01
 5.46430e+03  5.39366e-01
 5.46456e+03  5.40288e-01
 5.46482e+03  5.41855e-01
 5.46508e+03  5.42758e-01
 5.46534e+03  5.41383e-01
 5.46560e+03  5.41509e-01
 5.46586e+03  5.41647e-01
 5.46612e+03  5.41376e-01
 5.46639e+03  5.40858e-01
 5.46665e+03  5.38073e-01
 5.46691e+03  5.40849e-01
 5.46717e+03  5.40156e-01
 5.46743e+03  5.40739e-01
 5.46769e+03  5.37899e-01
 5.46795e+03  5.39946e-01
 5.46821e+03  5.39410e-01
 5.46848e+03  5.41134e-01
 5.46874e+03  5.35257e-01
 5.46900e+03  5.37822e-01
 5.46926e+03  5.39609e-01
 5.46952e+03  5.39690e-01
 5.46978e+03  5.40108e-01
 5.47004e+03  5.36478e-01
 5.47030e+03  5.40291e-01
 5.47057e+03  5.40738e-01
 5.47083e+03  5.36952e-01
 5.47109e+03  5.37353e-01
 5.47135e+03  5.37965e-01
 5.47161e+03  5.35993e-01
 5.47187e+03  5.38341e-01
 5.47213e+03  5.37112e-01
 5.47239e+03  5.37493e-01
 5.47266e+03  5.36711e-01
 5.47292e+03  5.37760e-01
 5.47318e+03  5.36896e-01
 5.47344e+03  5.37409e-01
 5.47370e+03  5.38852e-01
 5.47396e+03  5.37657e-01
 5.47422e+03  5.39582e-01
 5.47448e+03  5.36585e-01
 5.47474e+03  5.36037e-01
 5.47501e+03  5.36618e-01
 5.47527e+03  5.34760e-01
 5.47553e+03  5.36176e-01
 5.47579e+03  5.37621e-01
 5.47605e+03  5.38125e-01
 5.47631e+03  5.35808e-01
 5.47657e+03  5.35080e-01
 5.47683e+03  5.35266e-01
 5.47710e+03  5.35469e-01
 5.47736e+03  5.34965e-01
 5.47762e+03  5.34803e-01
 5.47788e+03  5.36111e-01
 5.47814e+03  5.34813e-01
 5.47840e+03  5.36603e-01
 5.47866e+03  5.34022e-01
 5.47892e+03  5.36744e-01
 5.47919e+03  5.33923e-01
 5.47945e+03  5.34978e-01
 5.47971e+03  5.36680e-01
 5.47997e+03  5.34711e-01
 5.48023e+03  5.34426e-01
 5.48049e+03  5.32265e-01
 5.48075e+03  5.32588e-01
 5.48101e+03  5.32214e-01
 5.48127e+03  5.31245e-01
 5.48154e+03  5.33322e-01
 5.48180e+03  5.32653e-01
 5.48206e+03  5.33582e-01
 5.48232e+03  5.31022e-01
 5.48258e+03  5.32280e-01
 5.48284e+03  5.31036e-01
 5.48310e+03  5.30998e-01
 5.48336e+03  5.30677e-01
 5.48363e+03  5.31834e-01
 5.48389e+03  5.27861e-01
 5.48415e+03  5.29800e-01
 5.48441e+03  5.31867e-01
 5.48467e+03  5.30753e-01
 5.48493e+03  5.31017e-01
 5.48519e+03  5.28516e-01
 5.48545e+03  5.32498e-01
 5.48572e+03  5.27530e-01
 5.48598e+03  5.28031e-01
 5.48624e+03  5.25911e-01
 5.48650e+03  5.26818e-01
 5.48676e+03  5.26493e-01
 5.48702e+03  5.27657e-01
 5.48728e+03  5.27122e-01
 5.48754e+03  5.26578e-01
 5.48780e+03  5.27066e-01
 5.48807e+03  5.28337e-01
 5.48833e+03  5.20458e-01
 5.48859e+03  5.26916e-01
 5.48885e+03  5.23707e-01
 5.48911e+03  5.24891e-01
 5.48937e+03  5.21410e-01
 5.48963e+03  5.22527e-01
 5.48989e+03  5.19292e-01
 5.49016e+03  5.25704e-01
 5.49042e+03  5.22489e-01
 5.49068e+03  5.21052e-01
 5.49094e+03  5.21720e-01
 5.49120e+03  5.21253e-01
 5.49146e+03  5.21762e-01
 5.49172e+03  5.20947e-01
 5.49198e+03  5.17127e-01
 5.49225e+03  5.18744e-01
 5.49251e+03  5.15186e-01
 5.49277e+03  5.15612e-01
 5.49303e+03  5.16367e-01
 5.49329e+03  5.17119e-01
 5.49355e+03  5.14523e-01
 5.49381e+03  5.17266e-01
 5.49407e+03  5.12554e-01
 5.49433e+03  5.15169e-01
 5.49460e+03  5.13318e-01
 5.49486e+03  5.13433e-01
 5.49512e+03  5.11118e-01
 5.49538e+03  5.12850e-01
 5.49564e+03  5.09002e-01
 5.49590e+03  5.06438e-01
 5.49616e+03  5.07952e-01
 5.49642e+03  5.07042e-01
 5.49669e+03  5.07575e-01
 5.49695e+03  5.05551e-01
 5.49721e+03  5.04994e-01
 5.49747e+03  5.05334e-01
 5.49773e+03  5.04457e-01
 5.49799e+03  5.02958e-01
 5.49825e+03  5.02212e-01
 5.49851e+03  4.96563e-01
 5.49878e+03  4.97961e-01
 5.49904e+03  4.97690e-01
 5.49930e+03  4.94960e-01
 5.49956e+03  4.95475e-01
 5.49982e+03  4.94363e-01
 5.50008e+03  4.93309e-01
 5.50034e+03  4.90530e-01
 5.50060e+03  4.89683e-01
 5.50086e+03  4.89833e-01
 5.50113e+03  4.87904e-01
 5.50139e+03  4.88951e-01
 5.50165e+03  4.84205e-01
 5.50191e+03  4.83388e-01
 5.50217e+03  4.81521e-01
 5.50243e+03  4.82661e-01
 5.50269e+03  4.80218e-01
 5.50295e+03  4.73861e-01
 5.50322e+03  4.75748e-01
 5.50348e+03  4.74636e-01
 5.50374e+03  4.72768e-01
 5.50400e+03  4.70675e-01
 5.50426e+03  4.69149e-01
 5.50452e+03  4.67997e-01
 5.50478e+03  4.67174e-01
 5.50504e+03  4.64031e-01
 5.50531e+03  4.62217e-01
 5.50557e+03  4.59895e-01
 5.50583e+03  4.58899e-01
 5.50609e+03  4.57880e-01
 5.50635e+03  4.55506e-01
 5.50661e+03  4.52878e-01
 5.50687e+03  4.49126e-01
 5.50713e+03  4.48954e-01
 5.50740e+03  4.46548e-01
 5.50766e+03  4.42792e-01
 5.50792e+03  4.41096e-01
 5.50818e+03  4.38462e-01
 5.50844e+03  4.34436e-01
 5.50870e+03  4.37077e-01
 5.50896e+03  4.32446e-01
 5.50922e+03  4.29781e-01
 5.50948e+03  4.25506e-01
 5.50975e+03  4.25343e-01
 5.51001e+03  4.21962e-01
 5.51027e+03  4.20323e-01
 5.51053e+03  4.17386e-01
 5.51079e+03  4.14236e-01
 5.51105e+03  4.11259e-01
 5.51131e+03  4.09597e-01
 5.51157e+03  4.07355e-01
 5.51183e+03  4.02547e-01
 5.51210e+03  4.00469e-01
 5.51236e+03  3.95490e-01
 5.51262e+03  3.95701e-01
 5.51288e+03  3.90997e-01
 5.51314e+03  3.88397e-01
 5.51340e+03  3.84561e-01
 5.51366e+03  3.84727e-01
 5.51392e+03  3.80705e-01
 5.51419e+03  3.75111e-01
 5.51445e+03  3.75132e-01
 5.51471e+03  3.69626e-01
 5.51497e+03  3.66118e-01
 5.51523e+03  3.61836e-01
 5.51549e+03  3.58393e-01
 5.51575e+03  3.57233e-01
 5.51601e+03  3.52493e-01
 5.51628e+03  3.50446e-01
 5.51654e+03  3.47436e-01
 5.51680e+03  3.43855e-01
 5.51706e+03  3.40774e-01
 5.51732e+03  3.36437e-01
 5.51758e+03  3.30871e-01
 5.51784e+03  3.29259e-01
 5.51810e+03  3.24345e-01
 5.51837e+03  3.23098e-01
 5.51863e+03  3.19190e-01
 5.51889e+03  3.14207e-01
 5.51915e+03  3.10844e-01
 5.51941e+03  3.08337e-01
 5.51967e+03  3.03739e-01
 5.51993e+03  3.00977e-01
 5.52019e+03  2.98063e-01
 5.52045e+03  2.93323e-01
 5.52072e+03  2.89537e-01
 5.52098e+03  2.87642e-01
 5.52124e+03  2.82471e-01
 5.52150e+03  2.79404e-01
 5.52176e+03  2.76802e-01
 5.52202e+03  2.73189e-01
 5.52228e+03  2.68677e-01
 5.52254e+03  2.64127e-01
 5.52281e+03  2.62793e-01
 5.52307e+03  2.60793e-01
 5.52333e+03  2.54954e-01
 5.52359e+03  2.49297e-01
 5.52385e+03  2.47923e-01
 5.52411e+03  2.45221e-01
 5.52437e+03  2.41541e-01
 5.52463e+03  2.39009e-01
 5.52490e+03  2.34653e-01
 5.52516e+03  2.32818e-01
 5.52542e+03  2.27403e-01
 5.52568e+03  2.25143e-01
 5.52594e+03  2.20824e-01
 5.52620e+03  2.18817e-01
 5.52646e+03  2.14627e-01
 5.52672e+03  2.03513e-01
 5.52698e+03  2.05811e-01
 5.52725e+03  2.06284e-01
 5.52751e+03  2.02689e-01
 5.52777e+03  2.00702e-01
 5.52803e+03  1.97319e-01
 5.52829e+03  1.92826e-01
 5.52855e+03  1.89947e-01
 5.52881e+03  1.87335e-01
 5.52907e+03  1.85535e-01
 5.52934e+03  1.82013e-01
 5.52960e+03  1.77634e-01
 5.52986e+03  1.76500e-01
 5.53012e+03  1.74200e-01
 5.53038e+03  1.71087e-01
 5.53064e+03  1.68829e-01
 5.53090e+03  1.65334e-01
 5.53116e+03  1.63122e-01
 5.53143e+03  1.58800e-01
 5.53169e+03  1.57165e-01
 5.53195e+03  1.53322e-01
 5.53221e+03  1.51901e-01
 5.53247e+03  1.50126e-01
 5.53273e+03  1.45940e-01
 5.53299e+03  1.43529e-01
 5.53325e+03  1.40813e-01
 5.53351e+03  1.38144e-01
 5.53378e+03  1.37122e-01
 5.53404e+03  1.34478e-01
 5.53430e+03  1.31100e-01
 5.53456e+03  1.29645e-01
 5.53482e+03  1.27239e-01
 5.53508e+03  1.25701e-01
 5.53534e+03  1.23726e-01
 5.53560e+03  1.20396e-01
 5.53587e+03  1.19427e-01
 5.53613e+03  1.17539e-01
 5.53639e+03  1.14664e-01
 5.53665e+03  1.13316e-01
 5.53691e+03  1.10705e-01
 5.53717e+03  1.09039e-01
 5.53743e+03  1.06677e-01
 5.53769e+03  1.04909e-01
 5.53796e+03  1.03106e-01
 5.53822e+03  1.00980e-01
 5.53848e+03  9.93763e-02
 5.53874e+03  9.76161e-02
 5.53900e+03  9.52073e-02
 5.53926e+03  9.44650e-02
 5.53952e+03  9.21554e-02
 5.53978e+03  9.10541e-02
 5.54004e+03  8.93757e-02
 5.54031e+03  8.79317e-02
 5.54057e+03  8.66653e-02
 5.54083e+03  8.47595e-02
 5.54109e+03  8.35654e-02
 5.54135e+03  8.18731e-02
 5.54161e+03  8.03549e-02
 5.54187e+03  7.95733e-02
 5.54213e+03  7.81093e-02
 5.54240e+03  7.65137e-02
 5.54266e+03  7.47401e-02
 5.54292e+03  7.40127e-02
 5.54318e+03  7.38399e-02
 5.54344e+03  7.10563e-02
 5.54370e+03  7.05056e-02
 5.54396e+03  6.85650e-02
 5.54422e+03  6.76380e-02
 5.54449e+03  6.63558e-02
 5.54475e+03  6.59489e-02
 5.54501e+03  6.46870e-02
 5.54527e+03  6.26458e-02
 5.54553e+03  6.18341e-02
 5.54579e+03  6.06297e-02
 5.54605e+03  5.95432e-02
 5.54631e+03  5.90870e-02
 5.54657e+03  5.73616e-02
 5.54684e+03  5.72123e-02
 5.54710e+03  5.51039e-02
 5.54736e+03  5.45228e-02
 5.54762e+03  5.36150e-02
 5.54788e+03  5.33556e-02
 5.54814e+03  5.15309e-02
 5.54840e+03  5.06385e-02
 5.54866e+03  5.06836e-02
 5.54893e+03  4.86986e-02
 5.54919e+03  4.84647e-02
 5.54945e+03  4.73948e-02
 5.54971e+03  4.72712e-02
 5.54997e+03  4.60854e-02
 5.55023e+03  4.51196e-02
 5.55049e+03  4.48110e-02
 5.55075e+03  4.38492e-02
 5.55102e+03  4.28208e-02
 5.55128e+03  4.26418e-02
 5.55154e+03  4.17346e-02
 5.55180e+03  4.15195e-02
 5.55206e+03  3.98929e-02
 5.55232e+03  3.99879e-02
 5.55258e+03  3.87356e-02
 5.55284e+03  3.84129e-02
 5.55310e+03  3.75560e-02
 5.55337e+03  3.68099e-02
 5.55363e+03  3.66663e-02
 5.55389e+03  3.61354e-02
 5.55415e+03  3.51853e-02
 5.55441e+03  3.48030e-02
 5.55467e+03  3.40568e-02
 5.55493e+03  3.34057e-02
 5.55519e+03  3.28824e-02
 5.55546e+03  3.28141e-02
 5.55572e+03  3.26520e-02
 5.55598e+03  3.14662e-02
 5.55624e+03  3.05714e-02
 5.55650e+03  3.07552e-02
 5.55676e+03  3.02077e-02
 5.55702e+03  2.94287e-02
 5.55728e+03  2.91603e-02
 5.55755e+03  2.85376e-02
 5.55781e+03  2.82622e-02
 5.55807e+03  2.77862e-02
 5.55833e+03  2.74141e-02
 5.55859e+03  2.68061e-02
 5.55885e+03  2.63080e-02
 5.55911e+03  2.61662e-02
 5.55937e+03  2.54555e-02
 5.55963e+03  2.50005e-02
 5.55990e+03  2.51586e-02
 5.56016e+03  2.43511e-02
 5.56042e+03  2.42188e-02
 5.56068e+03  2.35702e-02
 5.56094e+03  2.33264e-02
 5.56120e+03  2.29501e-02
 5.56146e+03  2.27250e-02
 5.56172e+03  2.22023e-02
 5.56199e+03  2.19474e-02
 5.56225e+03  2.16963e-02
 5.56251e+03  2.14846e-02
 5.56277e+03  2.09276e-02
 5.56303e+03  2.00147e-02
 5.56329e+03  2.00636e-02
 5.56355e+03  2.05118e-02
 5.56381e+03  1.97847e-02
 5.56408e+03  1.97640e-02
 5.56434e+03  1.93922e-02
 5.56460e+03  1.91742e-02
 5.56486e+03  1.86710e-02
 5.56512e+03  1.82921e-02
 5.56538e+03  1.79892e-02
 5.56564e+03  1.76478e-02
 5.56590e+03  1.71896e-02
 5.56617e+03  1.73377e-02
 5.56643e+03  1.66689e-02
 5.56669e+03  1.66978e-02
 5.56695e+03  1.61849e-02
 5.56721e+03  1.61579e-02
 5.56747e+03  1.60214e-02
 5.56773e+03  1.58727e-02
 5.56799e+03  1.55842e-02
 5.56825e+03  1.52497e-02
 5.56852e+03  1.50272e-02
 5.56878e+03  1.51427e-02
 5.56904e+03  1.48996e-02
 5.56930e+03  1.44390e-02
 5.56956e+03  1.46292e-02
 5.56982e+03  1.39557e-02
 5.57008e+03  1.39045e-02
 5.57034e+03  1.38341e-02
 5.57060e+03  1.37113e-02
 5.57087e+03  1.33440e-02
 5.57113e+03  1.31761e-02
 5.57139e+03  1.31378e-02
 5.57165e+03  1.30772e-02
 5.57191e+03  1.25235e-02
 5.57217e+03  1.24977e-02
 5.57243e+03  1.23652e-02
 5.57269e+03  1.21563e-02
 5.57296e+03  1.21876e-02
 5.57322e+03  1.19381e-02
 5.57348e+03  1.16269e-02
 5.57374e+03  1.16909e-02
 5.57400e+03  1.16588e-02
 5.57426e+03  1.13136e-02
 5.57452e+03  1.13135e-02
 5.57478e+03  1.10072e-02
 5.57505e+03  1.12212e-02
 5.57531e+03  1.06338e-02
 5.57557e+03  1.07289e-02
 5.57583e+03  1.04194e-02
 5.57609e+03  1.03524e-02
 5.57635e+03  1.01442e-02
 5.57661e+03  1.00625e-02
 5.57687e+03  1.01573e-02
 5.57714e+03  9.65235e-03
 5.57740e+03  9.87228e-03
 5.57766e+03  9.57614e-03
 5.57792e+03  9.53574e-03
 5.57818e+03  9.47172e-03
 5.57844e+03  9.13108e-03
 5.57870e+03  8.84977e-03
 5.57896e+03  9.02568e-03
 5.57922e+03  8.95032e-03
 5.57949e+03  8.59748e-03
 5.57975e+03  9.07234e-03
 5.58001e+03  8.54990e-03
 5.58027e+03  8.45706e-03
 5.58053e+03  8.43317e-03
 5.58079e+03  8.20802e-03
 5.58105e+03  8.02064e-03
 5.58131e+03  8.15378e-03
 5.58158e+03  8.06819e-03
 5.58184e+03  7.56444e-03
 5.58210e+03  7.83691e-03
 5.58236e+03  7.81424e-03
 5.58262e+03  7.52001e-03
 5.58288e+03  7.45557e-03
 5.58314e+03  7.38112e-03
 5.58340e+03  7.53144e-03
 5.58367e+03  7.26569e-03
 5.58393e+03  7.13706e-03
 5.58419e+03  7.16579e-03
 5.58445e+03  6.93096e-03
 5.58471e+03  7.12437e-03
 5.58497e+03  6.74889e-03
 5.58523e+03  6.78304e-03
 5.58549e+03  6.56550e-03
 5.58575e+03  6.51544e-03
 5.58602e+03  6.38815e-03
 5.58628e+03  6.57910e-03
 5.58654e+03  6.36124e-03
 5.58680e+03  6.32358e-03
 5.58706e+03  6.31263e-03
 5.58732e+03  6.09620e-03
 5.58758e+03  6.23956e-03
 5.58784e+03  6.34648e-03
 5.58811e+03  5.90993e-03
 5.58837e+03  6.07478e-03
 5.58863e+03  5.96062e-03
 5.58889e+03  5.67958e-03
 5.58915e+03  5.68380e-03
 5.58941e+03  5.72991e-03
 5.58967e+03  5.68870e-03
 5.58993e+03  5.58857e-03
 5.59020e+03  5.55939e-03
 5.59046e+03  5.42533e-03
 5.59072e+03  5.45495e-03
 5.59098e+03  5.43477e-03
 5.59124e+03  5.45070e-03
 5.59150e+03  5.11109e-03
 5.59176e+03  5.17479e-03
 5.59202e+03  5.20064e-03
 5.59228e+03  5.08514e-03
 5.59255e+03  5.00950e-03
 5.59281e+03  5.21170e-03
 5.59307e+03  4.73577e-03
 5.59333e+03  4.87921e-03
 5.59359e+03  4.69808e-03
 5.59385e+03  4.72997e-03
 5.59411e+03  4.71007e-03
 5.59437e+03  4.62895e-03
 5.59464e+03  4.73234e-03
 5.59490e+03  4.63500e-03
 5.59516e+03  4.66133e-03
 5.59542e+03  4.32857e-03
 5.59568e+03  4.41873e-03
 5.59594e+03  4.49770e-03
 5.59620e+03  4.49305e-03
 5.59646e+03  4.58169e-03
 5.59673e+03  4.23408e-03
 5.59699e+03  4.18892e-03
 5.59725e+03  4.22614e-03
 5.59751e+03  4.26215e-03
 5.59777e+03  4.22129e-03
 5.59803e+03  4.22630e-03
 5.59829e+03  4.01268e-03
 5.59855e+03  4.16433e-03
 5.59881e+03  4.07681e-03
 5.59908e+03  3.89486e-03
 5.59934e+03  3.83881e-03
 5.59960e+03  4.10519e-03
 5.59986e+03  3.88220e-03
 5.60012e+03  3.78862e-03
 5.60038e+03  3.75297e-03
 5.60064e+03  3.81197e-03
 5.60090e+03  3.80074e-03
 5.60117e+03  3.82474e-03
 5.60143e+03  3.70080e-03
 5.60169e+03  3.81141e-03
 5.60195e+03  3.45687e-03
 5.60221e+03  3.26781e-03
 5.60247e+03  3.68154e-03
 5.60273e+03  3.59574e-03
 5.60299e+03  3.34352e-03
 5.60326e+03  3.46027e-03
 5.60352e+03  3.51985e-03
 5.60378e+03  3.50175e-03
 5.60404e+03  3.35306e-03
 5.60430e+03  3.34212e-03
 5.60456e+03  3.40623e-03
 5.60482e+03  3.23997e-03
 5.60508e+03  3.31030e-03
 5.60534e+03  3.25843e-03
 5.60561e+03  2.99944e-03
 5.60587e+03  3.05449e-03
 5.60613e+03  3.15006e-03
 5.60639e+03  3.24916e-03
 5.60665e+03  2.96986e-03
 5.60691e+03  3.20102e-03
 5.60717e+03  2.96104e-03
 5.60743e+03  2.95871e-03
 5.60770e+03  3.10628e-03
 5.60796e+03  2.86867e-03
 5.60822e+03  2.87917e-03
 5.60848e+03  2.85216e-03
 5.60874e+03  3.02345e-03
 5.60900e+03  2.84174e-03
 5.60926e+03  2.90587e-03
 5.60952e+03  2.79409e-03
 5.60979e+03  2.65009e-03
 5.61005e+03  2.67527e-03
 5.61031e+03  2.84219e-03
 5.61057e+03  2.69357e-03
 5.61083e+03  2.69867e-03
 5.61109e+03  2.69773e-03
 5.61135e+03  2.61486e-03
 5.61161e+03  2.74564e-03
 5.61188e+03  2.57786e-03
 5.61214e+03  2.48659e-03
 5.61240e+03  2.58236e-03
 5.61266e+03  2.50145e-03
 5.61292e+03  2.57481e-03
 5.61318e+03  2.38683e-03
 5.61344e+03  2.28472e-03
 5.61370e+03  2.43352e-03
 5.61396e+03  2.55108e-03
 5.61423e+03  2.44921e-03
 5.61449e+03  2.34239e-03
 5.61475e+03  2.52153e-03
 5.61501e+03  2.46927e-03
 5.61527e+03  2.44775e-03
 5.61553e+03  2.41226e-03
 5.61579e+03  2.41767e-03
 5.61605e+03  2.34498e-03
 5.61632e+03  2.27508e-03
 5.61658e+03  2.18208e-03
 5.61684e+03  2.31551e-03
 5.61710e+03  2.18730e-03
 5.61736e+03  2.27802e-03
 5.61762e+03  2.17717e-03
 5.61788e+03  2.22601e-03
 5.61814e+03  2.29177e-03
 5.61840e+03  2.18890e-03
 5.61867e+03  2.15070e-03
 5.61893e+03  2.25043e-03
 5.61919e+03  2.29915e-03
 5.61945e+03  2.10793e-03
 5.61971e+03  2.10248e-03
 5.61997e+03  2.05826e-03
 5.62023e+03  2.00319e-03
 5.62049e+03  2.14262e-03
 5.62076e+03  2.10448e-03
 5.62102e+03  2.00618e-03
 5.62128e+03  1.97378e-03
 5.62154e+03  2.06903e-03
 5.62180e+03  2.04824e-03
 5.62206e+03  2.24814e-03
 5.62232e+03  2.02804e-03
 5.62258e+03  1.94985e-03
 5.62285e+03  2.02292e-03
 5.62311e+03  1.91382e-03
 5.62337e+03  1.77718e-03
 5.62363e+03  2.00473e-03
 5.62389e+03  1.84616e-03
 5.62415e+03  1.69040e-03
 5.62441e+03  1.93174e-03
 5.62467e+03  1.93447e-03
 5.62493e+03  1.92864e-03
 5.62520e+03  1.95222e-03
 5.62546e+03  1.82099e-03
 5.62572e+03  1.98500e-03
 5.62598e+03  1.78575e-03
 5.62624e+03  1.85015e-03
 5.62650e+03  1.78607e-03
 5.62676e+03  1.75548e-03
 5.62702e+03  1.80222e-03
 5.62729e+03  1.72877e-03
 5.62755e+03  1.70097e-03
 5.62781e+03  1.63739e-03
 5.62807e+03  1.72160e-03
 5.62833e+03  1.57686e-03
 5.62859e+03  1.74308e-03
 5.62885e+03  1.54122e-03
 5.62911e+03  1.65722e-03
 5.62938e+03  1.64117e-03
 5.62964e+03  1.66409e-03
 5.62990e+03  1.69313e-03
 5.63016e+03  1.74344e-03
 5.63042e+03  1.42542e-03
 5.63068e+03  1.59861e-03
 5.63094e+03  1.59730e-03
 5.63120e+03  1.72483e-03
 5.63146e+03  1.55609e-03
 5.63173e+03  1.52932e-03
 5.63199e+03  1.49929e-03
 5.63225e+03  1.61268e-03
 5.63251e+03  1.45665e-03
 5.63277e+03  1.49713e-03
 5.63303e+03  1.63946e-03
 5.63329e+03  1.46377e-03
 5.63355e+03  1.58724e-03
 5.63382e+03  1.52491e-03
 5.63408e+03  1.52677e-03
 5.63434e+03  1.53564e-03
 5.63460e+03  1.38935e-03
 5.63486e+03  1.44745e-03
 5.63512e+03  1.47785e-03
 5.63538e+03  1.48434e-03
 5.63564e+03  1.42674e-03
 5.63591e+03  1.38283e-03
 5.63617e+03  1.40876e-03
 5.63643e+03  1.53647e-03
 5.63669e+03  1.47325e-03
 5.63695e+03  1.45511e-03
 5.63721e+03  1.42586e-03
 5.63747e+03  1.34728e-03
 5.63773e+03  1.50564e-03
 5.63799e+03  1.37293e-03
 5.63826e+03  1.37291e-03
 5.63852e+03  1.36458e-03
 5.63878e+03  1.33934e-03
 5.63904e+03  1.30953e-03
 5.63930e+03  1.32329e-03
 5.63956e+03  1.37596e-03
 5.63982e+03  1.22405e-03
 5.64008e+03  1.28768e-03
 5.64035e+03  1.33835e-03
 5.64061e+03  1.35180e-03
 5.64087e+03  1.23120e-03
 5.64113e+03  1.33888e-03
 5.64139e+03  1.26532e-03
 5.64165e+03  1.42401e-03
 5.64191e+03  1.32134e-03
 5.64217e+03  1.39354e-03
 5.64244e+03  1.24647e-03
 5.64270e+03  1.35988e-03
 5.64296e+03  1.35170e-03
 5.64322e+03  1.23667e-03
 5.64348e+03  1.28007e-03
 5.64374e+03  1.18348e-03
 5.64400e+03  1.27928e-03
 5.64426e+03  1.25696e-03
 5.64452e+03  1.19221e-03
 5.64479e+03  1.38856e-03
 5.64505e+03  1.31719e-03
 5.64531e+03  1.16932e-03
 5.64557e+03  1.17980e-03
 5.64583e+03  1.23802e-03
 5.64609e+03  1.04138e-03
 5.64635e+03  1.22498e-03
 5.64661e+03  1.12883e-03
 5.64688e+03  1.14044e-03
 5.64714e+03  1.22161e-03
 5.64740e+03  1.20180e-03
 5.64766e+03  1.20465e-03
 5.64792e+03  1.22128e-03
 5.64818e+03  1.21615e-03
 5.64844e+03  1.21851e-03
 5.64870e+03  1.25785e-03
 5.64897e+03  1.04001e-03
 5.64923e+03  1.07842e-03
 5.64949e+03  1.14700e-03
 5.64975e+03  1.12377e-03
 5.65001e+03  1.24601e-03
 5.65027e+03  1.12340e-03
 5.65053e+03  1.13706e-03
