 5.95003e+03  1.40544e-03
 5.95029e+03  1.48280e-03
 5.95055e+03  1.71445e-03
 5.95081e+03  1.52697e-03
 5.95107e+03  1.57508e-03
 5.95133e+03  1.56347e-03
 5.95159e+03  1.65907e-03
 5.95185e+03  1.48269e-03
 5.95211e+03  1.55930e-03
 5.95237e+03  1.46999e-03
 5.95263e+03  1.53900e-03
 5.95290e+03  1.48464e-03
 5.95316e+03  1.71336e-03
 5.95342e+03  1.52025e-03
 5.95368e+03  1.62259e-03
 5.95394e+03  1.57864e-03
 5.95420e+03  1.57325e-03
 5.95446e+03  1.52997e-03
 5.95472e+03  1.75105e-03
 5.95498e+03  1.74158e-03
 5.95524e+03  1.43712e-03
 5.95550e+03  1.70382e-03
 5.95576e+03  1.82045e-03
 5.95602e+03  1.62634e-03
 5.95628e+03  1.77159e-03
 5.95654e+03  1.65804e-03
 5.95680e+03  1.83186e-03
 5.95706e+03  1.82006e-03
 5.95732e+03  1.62937e-03
 5.95758e+03  1.66863e-03
 5.95784e+03  1.73899e-03
 5.95810e+03  1.65855e-03
 5.95837e+03  1.60836e-03
 5.95863e+03  1.71269e-03
 5.95889e+03  1.72389e-03
 5.95915e+03  1.53445e-03
 5.95941e+03  1.79191e-03
 5.95967e+03  1.77330e-03
 5.95993e+03  1.88810e-03
 5.96019e+03  1.73261e-03
 5.96045e+03  1.80351e-03
 5.96071e+03  1.67065e-03
 5.96097e+03  1.76084e-03
 5.96123e+03  1.91411e-03
 5.96149e+03  1.78376e-03
 5.96175e+03  1.72174e-03
 5.96201e+03  1.86499e-03
 5.96227e+03  2.04803e-03
 5.96253e+03  1.81363e-03
 5.96279e+03  1.76994e-03
 5.96305e+03  1.95784e-03
 5.96331e+03  1.81391e-03
 5.96358e+03  1.94099e-03
 5.96384e+03  1.98291e-03
 5.96410e+03  1.92630e-03
 5.96436e+03  1.99933e-03
 5.96462e+03  1.93284e-03
 5.96488e+03  2.03634e-03
 5.96514e+03  2.08680e-03
 5.96540e+03  2.06505e-03
 5.96566e+03  2.08331e-03
 5.96592e+03  2.02845e-03
 5.96618e+03  1.98521e-03
 5.96644e+03  2.00014e-03
 5.96670e+03  1.92072e-03
 5.96696e+03  2.09979e-03
 5.96722e+03  2.05661e-03
 5.96748e+03  2.06029e-03
 5.96774e+03  2.08789e-03
 5.96800e+03  2.18833e-03
 5.96826e+03  2.17017e-03
 5.96852e+03  2.15153e-03
 5.96879e+03  2.17332e-03
 5.96905e+03  2.19205e-03
 5.96931e+03  2.22064e-03
 5.96957e+03  2.24403e-03
 5.96983e+03  2.11180e-03
 5.97009e+03  2.24415e-03
 5.97035e+03  2.31886e-03
 5.97061e+03  2.19633e-03
 5.97087e+03  2.36709e-03
 5.97113e+03  2.23407e-03
 5.97139e+03  2.36484e-03
 5.97165e+03  2.30634e-03
 5.97191e+03  2.27341e-03
 5.97217e+03  2.31374e-03
 5.97243e+03  2.41912e-03
 5.97269e+03  2.33082e-03
 5.97295e+03  2.48756e-03
 5.97321e+03  2.37765e-03
 5.97347e+03  2.30008e-03
 5.97373e+03  2.47317e-03
 5.97400e+03  2.47567e-03
 5.97426e+03  2.36008e-03
 5.97452e+03  2.35546e-03
 5.97478e+03  2.58667e-03
 5.97504e+03  2.50388e-03
 5.97530e+03  2.50275e-03
 5.97556e+03  2.50855e-03
 5.97582e+03  2.53470e-03
 5.97608e+03  2.43680e-03
 5.97634e+03  2.68487e-03
 5.97660e+03  2.69186e-03
 5.97686e+03  2.74287e-03
 5.97712e+03  2.60472e-03
 5.97738e+03  2.68774e-03
 5.97764e+03  2.68027e-03
 5.97790e+03  2.73056e-03
 5.97816e+03  2.62404e-03
 5.97842e+03  2.65753e-03
 5.97868e+03  2.74142e-03
 5.97894e+03  2.70507e-03
 5.97921e+03  2.75827e-03
 5.97947e+03  2.82546e-03
 5.97973e+03  2.81609e-03
 5.97999e+03  2.80573e-03
 5.98025e+03  2.81241e-03
 5.98051e+03  2.79198e-03
 5.98077e+03  3.03763e-03
 5.98103e+03  2.86721e-03
 5.98129e+03  2.90978e-03
 5.98155e+03  2.99761e-03
 5.98181e+03  2.99419e-03
 5.98207e+03  2.92146e-03
 5.98233e+03  3.04751e-03
 5.98259e+03  2.96954e-03
 5.98285e+03  3.07533e-03
 5.98311e+03  3.05215e-03
 5.98337e+03  2.92168e-03
 5.98363e+03  3.18933e-03
 5.98389e+03  3.13451e-03
 5.98415e+03  3.18594e-03
 5.98442e+03  3.32518e-03
 5.98468e+03  3.19431e-03
 5.98494e+03  3.24492e-03
 5.98520e+03  3.19341e-03
 5.98546e+03  3.48790e-03
 5.98572e+03  3.22559e-03
 5.98598e+03  3.54191e-03
 5.98624e+03  3.32128e-03
 5.98650e+03  3.38560e-03
 5.98676e+03  3.54618e-03
 5.98702e+03  3.44404e-03
 5.98728e+03  3.64984e-03
 5.98754e+03  3.70046e-03
 5.98780e+03  3.62077e-03
 5.98806e+03  3.73217e-03
 5.98832e+03  3.65005e-03
 5.98858e+03  3.61462e-03
 5.98884e+03  3.62840e-03
 5.98910e+03  3.75159e-03
 5.98937e+03  3.75103e-03
 5.98963e+03  3.90151e-03
 5.98989e+03  3.79346e-03
 5.99015e+03  3.78705e-03
 5.99041e+03  3.92059e-03
 5.99067e+03  3.82352e-03
 5.99093e+03  4.04764e-03
 5.99119e+03  4.00918e-03
 5.99145e+03  4.02941e-03
 5.99171e+03  3.97077e-03
 5.99197e+03  4.14149e-03
 5.99223e+03  4.16665e-03
 5.99249e+03  4.06958e-03
 5.99275e+03  4.27774e-03
 5.99301e+03  4.41571e-03
 5.99327e+03  4.31976e-03
 5.99353e+03  4.35572e-03
 5.99379e+03  4.46094e-03
 5.99405e+03  4.40163e-03
 5.99431e+03  4.33125e-03
 5.99458e+03  4.54524e-03
 5.99484e+03  4.44244e-03
 5.99510e+03  4.70435e-03
 5.99536e+03  4.45524e-03
 5.99562e+03  4.72012e-03
 5.99588e+03  4.48101e-03
 5.99614e+03  4.65361e-03
 5.99640e+03  4.71070e-03
 5.99666e+03  4.84800e-03
 5.99692e+03  4.90549e-03
 5.99718e+03  4.90756e-03
 5.99744e+03  4.95782e-03
 5.99770e+03  4.89162e-03
 5.99796e+03  5.16924e-03
 5.99822e+03  5.12843e-03
 5.99848e+03  5.01110e-03
 5.99874e+03  5.08683e-03
 5.99900e+03  5.18404e-03
 5.99926e+03  5.20474e-03
 5.99952e+03  5.38105e-03
 5.99979e+03  5.49012e-03
 6.00005e+03  5.53824e-03
 6.00031e+03  5.58281e-03
 6.00057e+03  5.58197e-03
 6.00083e+03  5.69374e-03
 6.00109e+03  5.62675e-03
 6.00135e+03  5.77663e-03
 6.00161e+03  5.72473e-03
 6.00187e+03  5.77399e-03
 6.00213e+03  5.94627e-03
 6.00239e+03  6.18369e-03
 6.00265e+03  5.83947e-03
 6.00291e+03  5.95154e-03
 6.00317e+03  6.05797e-03
 6.00343e+03  6.18948e-03
 6.00369e+03  6.25444e-03
 6.00395e+03  6.51537e-03
 6.00421e+03  6.42492e-03
 6.00447e+03  6.38926e-03
 6.00473e+03  6.62848e-03
 6.00500e+03  6.59049e-03
 6.00526e+03  6.62693e-03
 6.00552e+03  6.76924e-03
 6.00578e+03  6.81941e-03
 6.00604e+03  6.86187e-03
 6.00630e+03  7.05429e-03
 6.00656e+03  7.03978e-03
 6.00682e+03  6.87898e-03
 6.00708e+03  7.38879e-03
 6.00734e+03  7.46947e-03
 6.00760e+03  7.38188e-03
 6.00786e+03  7.44888e-03
 6.00812e+03  7.63009e-03
 6.00838e+03  7.93902e-03
 6.00864e+03  7.67547e-03
 6.00890e+03  7.94564e-03
 6.00916e+03  7.97718e-03
 6.00942e+03  8.22843e-03
 6.00968e+03  7.96998e-03
 6.00994e+03  8.12588e-03
 6.01021e+03  8.22671e-03
 6.01047e+03  8.21770e-03
 6.01073e+03  8.45481e-03
 6.01099e+03  8.43605e-03
 6.01125e+03  8.74227e-03
 6.01151e+03  8.69477e-03
 6.01177e+03  8.83487e-03
 6.01203e+03  8.98905e-03
 6.01229e+03  9.05133e-03
 6.01255e+03  9.40334e-03
 6.01281e+03  9.44683e-03
 6.01307e+03  9.45893e-03
 6.01333e+03  9.66886e-03
 6.01359e+03  9.63295e-03
 6.01385e+03  9.86017e-03
 6.01411e+03  1.00004e-02
 6.01437e+03  1.01600e-02
 6.01463e+03  1.01414e-02
 6.01489e+03  1.04184e-02
 6.01515e+03  1.06025e-02
 6.01542e+03  1.06458e-02
 6.01568e+03  1.08652e-02
 6.01594e+03  1.07924e-02
 6.01620e+03  1.09659e-02
 6.01646e+03  1.13145e-02
 6.01672e+03  1.10989e-02
 6.01698e+03  1.17087e-02
 6.01724e+03  1.15796e-02
 6.01750e+03  1.16742e-02
 6.01776e+03  1.18396e-02
 6.01802e+03  1.23164e-02
 6.01828e+03  1.23349e-02
 6.01854e+03  1.27400e-02
 6.01880e+03  1.24785e-02
 6.01906e+03  1.29177e-02
 6.01932e+03  1.34018e-02
 6.01958e+03  1.33350e-02
 6.01984e+03  1.33549e-02
 6.02010e+03  1.34505e-02
 6.02036e+03  1.40498e-02
 6.02062e+03  1.40839e-02
 6.02089e+03  1.41962e-02
 6.02115e+03  1.41816e-02
 6.02141e+03  1.44810e-02
 6.02167e+03  1.47346e-02
 6.02193e+03  1.48817e-02
 6.02219e+03  1.48926e-02
 6.02245e+03  1.53062e-02
 6.02271e+03  1.56273e-02
 6.02297e+03  1.57226e-02
 6.02323e+03  1.61956e-02
 6.02349e+03  1.65420e-02
 6.02375e+03  1.69225e-02
 6.02401e+03  1.67300e-02
 6.02427e+03  1.71305e-02
 6.02453e+03  1.69251e-02
 6.02479e+03  1.80737e-02
 6.02505e+03  1.79328e-02
 6.02531e+03  1.78695e-02
 6.02557e+03  1.85853e-02
 6.02583e+03  1.87689e-02
 6.02610e+03  1.87607e-02
 6.02636e+03  1.92576e-02
 6.02662e+03  1.98162e-02
 6.02688e+03  1.99456e-02
 6.02714e+03  2.00907e-02
 6.02740e+03  2.02214e-02
 6.02766e+03  2.07537e-02
 6.02792e+03  2.14117e-02
 6.02818e+03  2.11943e-02
 6.02844e+03  2.16924e-02
 6.02870e+03  2.19219e-02
 6.02896e+03  2.23845e-02
 6.02922e+03  2.27930e-02
 6.02948e+03  2.33268e-02
 6.02974e+03  2.34485e-02
 6.03000e+03  2.39529e-02
 6.03026e+03  2.48589e-02
 6.03052e+03  2.50255e-02
 6.03078e+03  2.52295e-02
 6.03104e+03  2.58221e-02
 6.03131e+03  2.61683e-02
 6.03157e+03  2.63567e-02
 6.03183e+03  2.71894e-02
 6.03209e+03  2.72807e-02
 6.03235e+03  2.79166e-02
 6.03261e+03  2.84712e-02
 6.03287e+03  2.89953e-02
 6.03313e+03  2.96207e-02
 6.03339e+03  3.03588e-02
 6.03365e+03  3.07106e-02
 6.03391e+03  3.06904e-02
 6.03417e+03  3.16800e-02
 6.03443e+03  3.23065e-02
 6.03469e+03  3.27214e-02
 6.03495e+03  3.34792e-02
 6.03521e+03  3.38643e-02
 6.03547e+03  3.43112e-02
 6.03573e+03  3.55734e-02
 6.03599e+03  3.60933e-02
 6.03625e+03  3.70104e-02
 6.03652e+03  3.73833e-02
 6.03678e+03  3.81407e-02
 6.03704e+03  3.86688e-02
 6.03730e+03  3.94443e-02
 6.03756e+03  4.01834e-02
 6.03782e+03  4.03881e-02
 6.03808e+03  4.20075e-02
 6.03834e+03  4.26047e-02
 6.03860e+03  4.34978e-02
 6.03886e+03  4.35358e-02
 6.03912e+03  4.52059e-02
 6.03938e+03  4.54444e-02
 6.03964e+03  4.65938e-02
 6.03990e+03  4.74949e-02
 6.04016e+03  4.85047e-02
 6.04042e+03  4.93926e-02
 6.04068e+03  5.06377e-02
 6.04094e+03  5.18090e-02
 6.04120e+03  5.22451e-02
 6.04146e+03  5.36340e-02
 6.04173e+03  5.44355e-02
 6.04199e+03  5.63780e-02
 6.04225e+03  5.60980e-02
 6.04251e+03  5.77845e-02
 6.04277e+03  5.90319e-02
 6.04303e+03  6.05577e-02
 6.04329e+03  6.19019e-02
 6.04355e+03  6.33328e-02
 6.04381e+03  6.43232e-02
 6.04407e+03  6.51933e-02
 6.04433e+03  6.68818e-02
 6.04459e+03  6.80400e-02
 6.04485e+03  6.99312e-02
 6.04511e+03  7.10865e-02
 6.04537e+03  7.27617e-02
 6.04563e+03  7.44757e-02
 6.04589e+03  7.64660e-02
 6.04615e+03  7.69973e-02
 6.04641e+03  7.93308e-02
 6.04667e+03  8.03935e-02
 6.04694e+03  8.30551e-02
 6.04720e+03  8.40553e-02
 6.04746e+03  8.55903e-02
 6.04772e+03  8.76865e-02
 6.04798e+03  9.01732e-02
 6.04824e+03  9.11184e-02
 6.04850e+03  9.42521e-02
 6.04876e+03  9.65782e-02
 6.04902e+03  9.78695e-02
 6.04928e+03  9.98811e-02
 6.04954e+03  1.02765e-01
 6.04980e+03  1.04458e-01
 6.05006e+03  1.06489e-01
 6.05032e+03  1.09569e-01
 6.05058e+03  1.12283e-01
 6.05084e+03  1.13997e-01
 6.05110e+03  1.17243e-01
 6.05136e+03  1.19925e-01
 6.05162e+03  1.21871e-01
 6.05188e+03  1.24327e-01
 6.05215e+03  1.27468e-01
 6.05241e+03  1.30541e-01
 6.05267e+03  1.33687e-01
 6.05293e+03  1.37184e-01
 6.05319e+03  1.38871e-01
 6.05345e+03  1.43193e-01
 6.05371e+03  1.45887e-01
 6.05397e+03  1.49070e-01
 6.05423e+03  1.52837e-01
 6.05449e+03  1.56492e-01
 6.05475e+03  1.60729e-01
 6.05501e+03  1.62672e-01
 6.05527e+03  1.67446e-01
 6.05553e+03  1.71244e-01
 6.05579e+03  1.74545e-01
 6.05605e+03  1.78620e-01
 6.05631e+03  1.82370e-01
 6.05657e+03  1.86929e-01
 6.05683e+03  1.92012e-01
 6.05710e+03  1.94426e-01
 6.05736e+03  2.00356e-01
 6.05762e+03  2.03442e-01
 6.05788e+03  2.08278e-01
 6.05814e+03  2.13445e-01
 6.05840e+03  2.16700e-01
 6.05866e+03  2.21992e-01
 6.05892e+03  2.27087e-01
 6.05918e+03  2.32805e-01
 6.05944e+03  2.39191e-01
 6.05970e+03  2.43912e-01
 6.05996e+03  2.48880e-01
 6.06022e+03  2.53870e-01
 6.06048e+03  2.58490e-01
 6.06074e+03  2.66032e-01
 6.06100e+03  2.71604e-01
 6.06126e+03  2.75955e-01
 6.06152e+03  2.82420e-01
 6.06178e+03  2.88637e-01
 6.06204e+03  2.94460e-01
 6.06231e+03  3.01937e-01
 6.06257e+03  3.05780e-01
 6.06283e+03  3.14369e-01
 6.06309e+03  3.20084e-01
 6.06335e+03  3.24464e-01
 6.06361e+03  3.31671e-01
 6.06387e+03  3.38290e-01
 6.06413e+03  3.45253e-01
 6.06439e+03  3.52403e-01
 6.06465e+03  3.59945e-01
 6.06491e+03  3.66179e-01
 6.06517e+03  3.74876e-01
 6.06543e+03  3.80275e-01
 6.06569e+03  3.88332e-01
 6.06595e+03  3.94396e-01
 6.06621e+03  4.00500e-01
 6.06647e+03  4.08008e-01
 6.06673e+03  4.16549e-01
 6.06699e+03  4.24626e-01
 6.06725e+03  4.31220e-01
 6.06752e+03  4.36375e-01
 6.06778e+03  4.45396e-01
 6.06804e+03  4.51754e-01
 6.06830e+03  4.58638e-01
 6.06856e+03  4.66099e-01
 6.06882e+03  4.72732e-01
 6.06908e+03  4.78407e-01
 6.06934e+03  4.86520e-01
 6.06960e+03  4.94939e-01
 6.06986e+03  5.02946e-01
 6.07012e+03  5.06955e-01
 6.07038e+03  5.14640e-01
 6.07064e+03  5.19440e-01
 6.07090e+03  5.28114e-01
 6.07116e+03  5.35687e-01
 6.07142e+03  5.41240e-01
 6.07168e+03  5.49057e-01
 6.07194e+03  5.54365e-01
 6.07220e+03  5.60675e-01
 6.07246e+03  5.64972e-01
 6.07273e+03  5.71756e-01
 6.07299e+03  5.79565e-01
 6.07325e+03  5.83634e-01
 6.07351e+03  5.87696e-01
 6.07377e+03  5.94075e-01
 6.07403e+03  6.00973e-01
 6.07429e+03  6.07069e-01
 6.07455e+03  6.09861e-01
 6.07481e+03  6.13832e-01
 6.07507e+03  6.18320e-01
 6.07533e+03  6.23625e-01
 6.07559e+03  6.28203e-01
 6.07585e+03  6.34168e-01
 6.07611e+03  6.37324e-01
 6.07637e+03  6.41228e-01
 6.07663e+03  6.46183e-01
 6.07689e+03  6.49409e-01
 6.07715e+03  6.52595e-01
 6.07741e+03  6.57469e-01
 6.07767e+03  6.58156e-01
 6.07794e+03  6.64643e-01
 6.07820e+03  6.63041e-01
 6.07846e+03  6.71055e-01
 6.07872e+03  6.72291e-01
 6.07898e+03  6.72725e-01
 6.07924e+03  6.75961e-01
 6.07950e+03  6.81014e-01
 6.07976e+03  6.80508e-01
 6.08002e+03  6.84311e-01
 6.08028e+03  6.85075e-01
 6.08054e+03  6.85817e-01
 6.08080e+03  6.89007e-01
 6.08106e+03  6.92536e-01
 6.08132e+03  6.91837e-01
 6.08158e+03  6.90663e-01
 6.08184e+03  6.94294e-01
 6.08210e+03  6.94533e-01
 6.08236e+03  6.96113e-01
 6.08262e+03  6.94610e-01
 6.08288e+03  6.98687e-01
 6.08315e+03  6.97447e-01
 6.08341e+03  6.97522e-01
 6.08367e+03  7.01627e-01
 6.08393e+03  7.01843e-01
 6.08419e+03  7.01690e-01
 6.08445e+03  7.04102e-01
 6.08471e+03  7.00072e-01
 6.08497e+03  7.03898e-01
 6.08523e+03  7.02801e-01
 6.08549e+03  7.01787e-01
 6.08575e+03  7.02970e-01
 6.08601e+03  7.02832e-01
 6.08627e+03  7.00458e-01
 6.08653e+03  7.05153e-01
 6.08679e+03  7.03063e-01
 6.08705e+03  7.01860e-01
 6.08731e+03  7.03679e-01
 6.08757e+03  7.01461e-01
 6.08783e+03  7.00227e-01
 6.08809e+03  7.01413e-01
 6.08835e+03  7.02681e-01
 6.08862e+03  7.02254e-01
 6.08888e+03  6.99710e-01
 6.08914e+03  7.00013e-01
 6.08940e+03  6.99969e-01
 6.08966e+03  6.96433e-01
 6.08992e+03  6.98502e-01
 6.09018e+03  6.95821e-01
 6.09044e+03  6.97972e-01
 6.09070e+03  6.96601e-01
 6.09096e+03  6.96633e-01
 6.09122e+03  6.97159e-01
 6.09148e+03  6.98504e-01
 6.09174e+03  6.96719e-01
 6.09200e+03  6.98530e-01
 6.09226e+03  6.97773e-01
 6.09252e+03  6.95337e-01
 6.09278e+03  6.95903e-01
 6.09304e+03  6.94894e-01
 6.09330e+03  6.95955e-01
 6.09356e+03  6.94080e-01
 6.09383e+03  6.93755e-01
 6.09409e+03  6.91801e-01
 6.09435e+03  6.93117e-01
 6.09461e+03  6.93421e-01
 6.09487e+03  6.90553e-01
 6.09513e+03  6.94214e-01
 6.09539e+03  6.91355e-01
 6.09565e+03  6.91950e-01
 6.09591e+03  6.93624e-01
 6.09617e+03  6.90919e-01
 6.09643e+03  6.92405e-01
 6.09669e+03  6.93007e-01
 6.09695e+03  6.90921e-01
 6.09721e+03  6.91544e-01
 6.09747e+03  6.90369e-01
 6.09773e+03  6.91520e-01
 6.09799e+03  6.90544e-01
 6.09825e+03  6.87679e-01
 6.09851e+03  6.89309e-01
 6.09877e+03  6.90785e-01
 6.09904e+03  6.87749e-01
 6.09930e+03  6.91444e-01
 6.09956e+03  6.89098e-01
 6.09982e+03  6.90157e-01
 6.10008e+03  6.91244e-01
 6.10034e+03  6.90433e-01
 6.10060e+03  6.90072e-01
 6.10086e+03  6.89561e-01
 6.10112e+03  6.90228e-01
 6.10138e+03  6.91361e-01
 6.10164e+03  6.89536e-01
 6.10190e+03  6.90703e-01
 6.10216e+03  6.90778e-01
 6.10242e+03  6.92799e-01
 6.10268e+03  6.92940e-01
 6.10294e+03  6.90879e-01
 6.10320e+03  6.90738e-01
 6.10346e+03  6.88880e-01
 6.10372e+03  6.91817e-01
 6.10398e+03  6.90579e-01
 6.10425e+03  6.93785e-01
 6.10451e+03  6.92458e-01
 6.10477e+03  6.92658e-01
 6.10503e+03  6.91725e-01
 6.10529e+03  6.92614e-01
 6.10555e+03  6.90980e-01
 6.10581e+03  6.94822e-01
 6.10607e+03  6.93637e-01
 6.10633e+03  6.92710e-01
 6.10659e+03  6.94771e-01
 6.10685e+03  6.95652e-01
 6.10711e+03  6.95841e-01
 6.10737e+03  6.96061e-01
 6.10763e+03  6.97531e-01
 6.10789e+03  6.95235e-01
 6.10815e+03  6.96307e-01
 6.10841e+03  6.97221e-01
 6.10867e+03  6.97385e-01
 6.10893e+03  6.96874e-01
 6.10919e+03  6.95496e-01
 6.10946e+03  6.97680e-01
 6.10972e+03  6.98473e-01
 6.10998e+03  6.99540e-01
 6.11024e+03  7.00890e-01
 6.11050e+03  7.01198e-01
 6.11076e+03  6.99317e-01
 6.11102e+03  6.99701e-01
 6.11128e+03  7.01029e-01
 6.11154e+03  7.03714e-01
 6.11180e+03  7.01361e-01
 6.11206e+03  7.00430e-01
 6.11232e+03  7.02732e-01
 6.11258e+03  7.00795e-01
 6.11284e+03  7.00851e-01
 6.11310e+03  7.04150e-01
 6.11336e+03  7.04205e-01
 6.11362e+03  7.04816e-01
 6.11388e+03  7.05186e-01
 6.11414e+03  7.04495e-01
 6.11440e+03  7.04556e-01
 6.11467e+03  7.06349e-01
 6.11493e+03  7.06507e-01
 6.11519e+03  7.06929e-01
 6.11545e+03  7.05875e-01
 6.11571e+03  7.05438e-01
 6.11597e+03  7.04770e-01
 6.11623e+03  7.06089e-01
 6.11649e+03  7.09508e-01
 6.11675e+03  7.07414e-01
 6.11701e+03  7.09744e-01
 6.11727e+03  7.06918e-01
 6.11753e+03  7.10070e-01
 6.11779e+03  7.07613e-01
 6.11805e+03  7.08396e-01
 6.11831e+03  7.07852e-01
 6.11857e+03  7.08878e-01
 6.11883e+03  7.08836e-01
 6.11909e+03  7.08598e-01
 6.11935e+03  7.06892e-01
 6.11962e+03  7.12023e-01
 6.11988e+03  7.11774e-01
 6.12014e+03  7.08964e-01
 6.12040e+03  7.10690e-01
 6.12066e+03  7.06771e-01
 6.12092e+03  7.10781e-01
 6.12118e+03  7.09908e-01
 6.12144e+03  7.09944e-01
 6.12170e+03  7.09343e-01
 6.12196e+03  7.06639e-01
 6.12222e+03  7.08439e-01
 6.12248e+03  7.10274e-01
 6.12274e+03  7.11389e-01
 6.12300e+03  7.07000e-01
 6.12326e+03  7.06201e-01
 6.12352e+03  7.07616e-01
 6.12378e+03  7.10027e-01
 6.12404e+03  7.09089e-01
 6.12430e+03  7.09224e-01
 6.12456e+03  7.08184e-01
 6.12483e+03  7.05675e-01
 6.12509e+03  7.07064e-01
 6.12535e+03  7.06820e-01
 6.12561e+03  7.07772e-01
 6.12587e+03  7.07950e-01
 6.12613e+03  7.04829e-01
 6.12639e+03  7.08173e-01
 6.12665e+03  7.06517e-01
 6.12691e+03  7.07283e-01
 6.12717e+03  7.06461e-01
 6.12743e+03  7.04895e-01
 6.12769e+03  7.04137e-01
 6.12795e+03  7.04694e-01
 6.12821e+03  7.05269e-01
 6.12847e+03  7.07290e-01
 6.12873e+03  7.04556e-01
 6.12899e+03  7.03975e-01
 6.12925e+03  7.02080e-01
 6.12951e+03  7.01579e-01
 6.12977e+03  7.02789e-01
 6.13004e+03  7.00843e-01
 6.13030e+03  7.04179e-01
 6.13056e+03  7.02881e-01
 6.13082e+03  7.04969e-01
 6.13108e+03  7.01335e-01
 6.13134e+03  7.00932e-01
 6.13160e+03  6.98770e-01
 6.13186e+03  6.99458e-01
 6.13212e+03  6.99275e-01
 6.13238e+03  6.98596e-01
 6.13264e+03  7.01047e-01
 6.13290e+03  7.00372e-01
 6.13316e+03  6.98286e-01
 6.13342e+03  6.99455e-01
 6.13368e+03  6.97911e-01
 6.13394e+03  6.98733e-01
 6.13420e+03  6.96287e-01
 6.13446e+03  6.97699e-01
 6.13472e+03  6.95834e-01
 6.13498e+03  6.96084e-01
 6.13525e+03  6.97185e-01
 6.13551e+03  6.94998e-01
 6.13577e+03  6.94357e-01
 6.13603e+03  6.94554e-01
 6.13629e+03  6.94928e-01
 6.13655e+03  6.96995e-01
 6.13681e+03  6.93261e-01
 6.13707e+03  6.93566e-01
 6.13733e+03  6.93899e-01
 6.13759e+03  6.92668e-01
 6.13785e+03  6.92070e-01
 6.13811e+03  6.91603e-01
 6.13837e+03  6.91190e-01
 6.13863e+03  6.92749e-01
 6.13889e+03  6.90987e-01
 6.13915e+03  6.89865e-01
 6.13941e+03  6.90671e-01
 6.13967e+03  6.90301e-01
 6.13993e+03  6.91347e-01
 6.14019e+03  6.88914e-01
 6.14046e+03  6.89935e-01
 6.14072e+03  6.89529e-01
 6.14098e+03  6.90556e-01
 6.14124e+03  6.89351e-01
 6.14150e+03  6.89806e-01
 6.14176e+03  6.91119e-01
 6.14202e+03  6.87799e-01
 6.14228e+03  6.87279e-01
 6.14254e+03  6.87612e-01
 6.14280e+03  6.87025e-01
 6.14306e+03  6.89712e-01
 6.14332e+03  6.91043e-01
 6.14358e+03  6.89218e-01
 6.14384e+03  6.87247e-01
 6.14410e+03  6.87546e-01
 6.14436e+03  6.91621e-01
 6.14462e+03  6.91174e-01
 6.14488e+03  6.88186e-01
 6.14514e+03  6.88721e-01
 6.14540e+03  6.90944e-01
 6.14567e+03  6.89516e-01
 6.14593e+03  6.87727e-01
 6.14619e+03  6.90034e-01
 6.14645e+03  6.89197e-01
 6.14671e+03  6.91023e-01
 6.14697e+03  6.90495e-01
 6.14723e+03  6.90268e-01
 6.14749e+03  6.90345e-01
 6.14775e+03  6.91544e-01
 6.14801e+03  6.92601e-01
 6.14827e+03  6.92683e-01
 6.14853e+03  6.92037e-01
 6.14879e+03  6.92013e-01
 6.14905e+03  6.93584e-01
 6.14931e+03  6.93644e-01
 6.14957e+03  6.94283e-01
 6.14983e+03  6.93937e-01
 6.15009e+03  6.95569e-01
 6.15035e+03  6.97339e-01
 6.15061e+03  6.97978e-01
 6.15088e+03  6.97009e-01
 6.15114e+03  6.96263e-01
 6.15140e+03  6.98839e-01
 6.15166e+03  6.99138e-01
 6.15192e+03  6.99464e-01
 6.15218e+03  6.98373e-01
 6.15244e+03  6.97412e-01
 6.15270e+03  6.99832e-01
 6.15296e+03  6.99128e-01
 6.15322e+03  7.02013e-01
 6.15348e+03  7.01618e-01
 6.15374e+03  7.03773e-01
 6.15400e+03  7.02389e-01
 6.15426e+03  7.05404e-01
 6.15452e+03  7.06151e-01
 6.15478e+03  7.06968e-01
 6.15504e+03  7.06973e-01
 6.15530e+03  7.11427e-01
 6.15556e+03  7.09645e-01
 6.15582e+03  7.08577e-01
 6.15608e+03  7.07911e-01
 6.15635e+03  7.12026e-01
 6.15661e+03  7.11474e-01
 6.15687e+03  7.12415e-01
 6.15713e+03  7.11200e-01
 6.15739e+03  7.12051e-01
 6.15765e+03  7.13337e-01
 6.15791e+03  7.14647e-01
 6.15817e+03  7.16140e-01
 6.15843e+03  7.17096e-01
 6.15869e+03  7.14771e-01
 6.15895e+03  7.17568e-01
 6.15921e+03  7.20221e-01
 6.15947e+03  7.19924e-01
 6.15973e+03  7.18474e-01
 6.15999e+03  7.19816e-01
 6.16025e+03  7.18301e-01
 6.16051e+03  7.19131e-01
 6.16077e+03  7.18920e-01
 6.16103e+03  7.21646e-01
 6.16129e+03  7.22035e-01
 6.16156e+03  7.18661e-01
 6.16182e+03  7.19146e-01
 6.16208e+03  7.21311e-01
 6.16234e+03  7.21098e-01
 6.16260e+03  7.20619e-01
 6.16286e+03  7.19628e-01
 6.16312e+03  7.18834e-01
 6.16338e+03  7.20447e-01
 6.16364e+03  7.19290e-01
 6.16390e+03  7.19011e-01
 6.16416e+03  7.15997e-01
 6.16442e+03  7.16611e-01
 6.16468e+03  7.15899e-01
 6.16494e+03  7.14360e-01
 6.16520e+03  7.15489e-01
 6.16546e+03  7.12895e-01
 6.16572e+03  7.09860e-01
 6.16598e+03  7.07996e-01
 6.16624e+03  7.08957e-01
 6.16650e+03  7.06260e-01
 6.16677e+03  7.07207e-01
 6.16703e+03  7.01936e-01
 6.16729e+03  7.01370e-01
 6.16755e+03  6.98050e-01
 6.16781e+03  6.94099e-01
 6.16807e+03  6.92709e-01
 6.16833e+03  6.91708e-01
 6.16859e+03  6.88274e-01
 6.16885e+03  6.87700e-01
 6.16911e+03  6.82108e-01
 6.16937e+03  6.79130e-01
 6.16963e+03  6.76325e-01
 6.16989e+03  6.70520e-01
 6.17015e+03  6.67281e-01
 6.17041e+03  6.67213e-01
 6.17067e+03  6.58397e-01
 6.17093e+03  6.55687e-01
 6.17119e+03  6.54245e-01
 6.17145e+03  6.46656e-01
 6.17171e+03  6.41344e-01
 6.17198e+03  6.40141e-01
 6.17224e+03  6.32945e-01
 6.17250e+03  6.26943e-01
 6.17276e+03  6.22760e-01
 6.17302e+03  6.17530e-01
 6.17328e+03  6.13160e-01
 6.17354e+03  6.05068e-01
 6.17380e+03  5.99868e-01
 6.17406e+03  5.92336e-01
 6.17432e+03  5.87964e-01
 6.17458e+03  5.80212e-01
 6.17484e+03  5.77293e-01
 6.17510e+03  5.69903e-01
 6.17536e+03  5.64729e-01
 6.17562e+03  5.53838e-01
 6.17588e+03  5.48841e-01
 6.17614e+03  5.44768e-01
 6.17640e+03  5.34668e-01
 6.17666e+03  5.29416e-01
 6.17692e+03  5.22735e-01
 6.17719e+03  5.16894e-01
 6.17745e+03  5.06734e-01
 6.17771e+03  5.02897e-01
 6.17797e+03  4.94143e-01
 6.17823e+03  4.87343e-01
 6.17849e+03  4.78604e-01
 6.17875e+03  4.73091e-01
 6.17901e+03  4.65780e-01
 6.17927e+03  4.56904e-01
 6.17953e+03  4.49943e-01
 6.17979e+03  4.45748e-01
 6.18005e+03  4.37295e-01
 6.18031e+03  4.30287e-01
 6.18057e+03  4.21990e-01
 6.18083e+03  4.15552e-01
 6.18109e+03  4.08309e-01
 6.18135e+03  4.02038e-01
 6.18161e+03  3.94164e-01
 6.18187e+03  3.87802e-01
 6.18213e+03  3.79975e-01
 6.18240e+03  3.73201e-01
 6.18266e+03  3.66253e-01
 6.18292e+03  3.60268e-01
 6.18318e+03  3.52911e-01
 6.18344e+03  3.47234e-01
 6.18370e+03  3.38825e-01
 6.18396e+03  3.33369e-01
 6.18422e+03  3.26907e-01
 6.18448e+03  3.21642e-01
 6.18474e+03  3.15405e-01
 6.18500e+03  3.08446e-01
 6.18526e+03  3.02946e-01
 6.18552e+03  2.95896e-01
 6.18578e+03  2.91090e-01
 6.18604e+03  2.85047e-01
 6.18630e+03  2.78596e-01
 6.18656e+03  2.75291e-01
 6.18682e+03  2.68278e-01
 6.18708e+03  2.61920e-01
 6.18735e+03  2.57415e-01
 6.18761e+03  2.50710e-01
 6.18787e+03  2.47144e-01
 6.18813e+03  2.42613e-01
 6.18839e+03  2.36702e-01
 6.18865e+03  2.31169e-01
 6.18891e+03  2.27508e-01
 6.18917e+03  2.23512e-01
 6.18943e+03  2.18173e-01
 6.18969e+03  2.13620e-01
 6.18995e+03  2.09471e-01
 6.19021e+03  2.04218e-01
 6.19047e+03  1.99716e-01
 6.19073e+03  1.95892e-01
 6.19099e+03  1.91762e-01
 6.19125e+03  1.87919e-01
 6.19151e+03  1.83520e-01
 6.19177e+03  1.79323e-01
 6.19203e+03  1.75620e-01
 6.19229e+03  1.72176e-01
 6.19256e+03  1.68694e-01
 6.19282e+03  1.65025e-01
 6.19308e+03  1.60919e-01
 6.19334e+03  1.58339e-01
 6.19360e+03  1.54862e-01
 6.19386e+03  1.52424e-01
 6.19412e+03  1.48104e-01
 6.19438e+03  1.44482e-01
 6.19464e+03  1.42170e-01
 6.19490e+03  1.40105e-01
 6.19516e+03  1.36540e-01
 6.19542e+03  1.32940e-01
 6.19568e+03  1.30582e-01
 6.19594e+03  1.27892e-01
 6.19620e+03  1.25060e-01
 6.19646e+03  1.22557e-01
 6.19672e+03  1.19945e-01
 6.19698e+03  1.17874e-01
 6.19724e+03  1.15251e-01
 6.19750e+03  1.13347e-01
 6.19777e+03  1.10896e-01
 6.19803e+03  1.08918e-01
 6.19829e+03  1.06171e-01
 6.19855e+03  1.04275e-01
 6.19881e+03  1.01570e-01
 6.19907e+03  9.99559e-02
 6.19933e+03  9.73106e-02
 6.19959e+03  9.54248e-02
 6.19985e+03  9.35789e-02
 6.20011e+03  9.21465e-02
 6.20037e+03  9.06550e-02
 6.20063e+03  8.85329e-02
 6.20089e+03  8.62677e-02
 6.20115e+03  8.50656e-02
 6.20141e+03  8.37067e-02
 6.20167e+03  8.17453e-02
 6.20193e+03  8.02087e-02
 6.20219e+03  7.86663e-02
 6.20245e+03  7.59543e-02
 6.20271e+03  7.51381e-02
 6.20298e+03  7.47199e-02
 6.20324e+03  7.21237e-02
 6.20350e+03  7.09326e-02
 6.20376e+03  6.95294e-02
 6.20402e+03  6.79966e-02
 6.20428e+03  6.71546e-02
 6.20454e+03  6.59640e-02
 6.20480e+03  6.44201e-02
 6.20506e+03  6.33361e-02
 6.20532e+03  6.24153e-02
 6.20558e+03  6.02246e-02
 6.20584e+03  6.00041e-02
 6.20610e+03  5.85399e-02
 6.20636e+03  5.78130e-02
 6.20662e+03  5.64494e-02
 6.20688e+03  5.57399e-02
 6.20714e+03  5.45368e-02
 6.20740e+03  5.33571e-02
 6.20766e+03  5.29692e-02
 6.20792e+03  5.13684e-02
 6.20819e+03  5.03051e-02
 6.20845e+03  4.97186e-02
 6.20871e+03  4.89415e-02
 6.20897e+03  4.80995e-02
 6.20923e+03  4.69115e-02
 6.20949e+03  4.63365e-02
 6.20975e+03  4.53242e-02
 6.21001e+03  4.45557e-02
 6.21027e+03  4.40746e-02
 6.21053e+03  4.25494e-02
 6.21079e+03  4.24364e-02
 6.21105e+03  4.16656e-02
 6.21131e+03  4.08046e-02
 6.21157e+03  3.94933e-02
 6.21183e+03  3.97073e-02
 6.21209e+03  3.91214e-02
 6.21235e+03  3.79868e-02
 6.21261e+03  3.75040e-02
 6.21287e+03  3.66692e-02
 6.21313e+03  3.61294e-02
 6.21340e+03  3.55662e-02
 6.21366e+03  3.50656e-02
 6.21392e+03  3.43113e-02
 6.21418e+03  3.41085e-02
 6.21444e+03  3.36565e-02
 6.21470e+03  3.26124e-02
 6.21496e+03  3.20930e-02
 6.21522e+03  3.16412e-02
 6.21548e+03  3.13708e-02
 6.21574e+03  3.03225e-02
 6.21600e+03  3.00893e-02
 6.21626e+03  2.98176e-02
 6.21652e+03  2.93239e-02
 6.21678e+03  2.87060e-02
 6.21704e+03  2.83190e-02
 6.21730e+03  2.78713e-02
 6.21756e+03  2.73610e-02
 6.21782e+03  2.69654e-02
 6.21808e+03  2.69497e-02
 6.21834e+03  2.62358e-02
 6.21860e+03  2.57435e-02
 6.21887e+03  2.55538e-02
 6.21913e+03  2.50817e-02
 6.21939e+03  2.46747e-02
 6.21965e+03  2.40776e-02
 6.21991e+03  2.36745e-02
 6.22017e+03  2.34235e-02
 6.22043e+03  2.30642e-02
 6.22069e+03  2.26699e-02
 6.22095e+03  2.21362e-02
 6.22121e+03  2.19408e-02
 6.22147e+03  2.16292e-02
 6.22173e+03  2.14426e-02
 6.22199e+03  2.09085e-02
 6.22225e+03  2.07108e-02
 6.22251e+03  2.05802e-02
 6.22277e+03  2.02891e-02
 6.22303e+03  2.00355e-02
 6.22329e+03  1.94706e-02
 6.22355e+03  1.92197e-02
 6.22381e+03  1.91692e-02
 6.22408e+03  1.87353e-02
 6.22434e+03  1.86636e-02
 6.22460e+03  1.85490e-02
 6.22486e+03  1.77732e-02
 6.22512e+03  1.79608e-02
 6.22538e+03  1.74927e-02
 6.22564e+03  1.71584e-02
 6.22590e+03  1.69041e-02
 6.22616e+03  1.66868e-02
 6.22642e+03  1.63767e-02
 6.22668e+03  1.63995e-02
 6.22694e+03  1.61956e-02
 6.22720e+03  1.58313e-02
 6.22746e+03  1.56037e-02
 6.22772e+03  1.54728e-02
 6.22798e+03  1.51194e-02
 6.22824e+03  1.52714e-02
 6.22850e+03  1.50152e-02
 6.22876e+03  1.45901e-02
 6.22902e+03  1.43876e-02
 6.22929e+03  1.39785e-02
 6.22955e+03  1.41342e-02
 6.22981e+03  1.38533e-02
 6.23007e+03  1.37938e-02
 6.23033e+03  1.37210e-02
 6.23059e+03  1.34882e-02
 6.23085e+03  1.31511e-02
 6.23111e+03  1.28947e-02
 6.23137e+03  1.27073e-02
 6.23163e+03  1.28004e-02
 6.23189e+03  1.26008e-02
 6.23215e+03  1.21041e-02
 6.23241e+03  1.21350e-02
 6.23267e+03  1.21508e-02
 6.23293e+03  1.20816e-02
 6.23319e+03  1.15766e-02
 6.23345e+03  1.15261e-02
 6.23371e+03  1.14368e-02
 6.23397e+03  1.11349e-02
 6.23423e+03  1.11453e-02
 6.23450e+03  1.10585e-02
 6.23476e+03  1.07766e-02
 6.23502e+03  1.08238e-02
 6.23528e+03  1.05013e-02
 6.23554e+03  1.05799e-02
 6.23580e+03  1.05111e-02
 6.23606e+03  1.02184e-02
 6.23632e+03  1.02793e-02
 6.23658e+03  1.00544e-02
 6.23684e+03  9.90424e-03
 6.23710e+03  9.63597e-03
 6.23736e+03  9.53510e-03
 6.23762e+03  9.43540e-03
 6.23788e+03  9.47442e-03
 6.23814e+03  9.23740e-03
 6.23840e+03  9.14213e-03
 6.23866e+03  9.00104e-03
 6.23892e+03  8.98824e-03
 6.23918e+03  8.98121e-03
 6.23944e+03  8.77421e-03
 6.23971e+03  8.65213e-03
 6.23997e+03  8.45470e-03
 6.24023e+03  8.65235e-03
 6.24049e+03  8.23331e-03
 6.24075e+03  8.47607e-03
 6.24101e+03  8.14815e-03
 6.24127e+03  8.23339e-03
 6.24153e+03  8.06067e-03
 6.24179e+03  8.06099e-03
 6.24205e+03  7.85886e-03
 6.24231e+03  7.74776e-03
 6.24257e+03  7.72781e-03
 6.24283e+03  7.66542e-03
 6.24309e+03  7.73493e-03
 6.24335e+03  7.19294e-03
 6.24361e+03  7.26764e-03
 6.24387e+03  7.17343e-03
 6.24413e+03  7.48786e-03
 6.24439e+03  7.11979e-03
 6.24465e+03  7.10493e-03
 6.24492e+03  6.97487e-03
 6.24518e+03  6.80022e-03
 6.24544e+03  6.48772e-03
 6.24570e+03  6.77192e-03
 6.24596e+03  6.64765e-03
 6.24622e+03  6.73171e-03
 6.24648e+03  6.55880e-03
 6.24674e+03  6.38687e-03
 6.24700e+03  6.43629e-03
 6.24726e+03  6.34798e-03
 6.24752e+03  6.31813e-03
 6.24778e+03  6.19602e-03
 6.24804e+03  6.31963e-03
 6.24830e+03  6.01131e-03
 6.24856e+03  5.91036e-03
 6.24882e+03  5.97154e-03
 6.24908e+03  5.94781e-03
 6.24934e+03  5.95725e-03
 6.24960e+03  5.98074e-03
 6.24987e+03  5.81472e-03
 6.25013e+03  5.87884e-03
 6.25039e+03  5.83451e-03
 6.25065e+03  5.69852e-03
 6.25091e+03  5.54234e-03
 6.25117e+03  5.41280e-03
 6.25143e+03  5.56756e-03
 6.25169e+03  5.31042e-03
 6.25195e+03  5.19696e-03
 6.25221e+03  5.23168e-03
 6.25247e+03  5.18645e-03
 6.25273e+03  5.34551e-03
 6.25299e+03  5.27190e-03
 6.25325e+03  5.14575e-03
 6.25351e+03  5.09839e-03
 6.25377e+03  5.20220e-03
 6.25403e+03  5.01958e-03
 6.25429e+03  4.87660e-03
 6.25455e+03  4.91220e-03
 6.25481e+03  4.74103e-03
 6.25508e+03  4.72417e-03
 6.25534e+03  4.90980e-03
 6.25560e+03  4.71920e-03
 6.25586e+03  4.71132e-03
 6.25612e+03  4.41813e-03
 6.25638e+03  4.68358e-03
 6.25664e+03  4.49672e-03
 6.25690e+03  4.45909e-03
 6.25716e+03  4.29805e-03
 6.25742e+03  4.39860e-03
 6.25768e+03  4.41476e-03
 6.25794e+03  4.36560e-03
 6.25820e+03  4.17207e-03
 6.25846e+03  4.32680e-03
 6.25872e+03  4.12575e-03
 6.25898e+03  4.17227e-03
 6.25924e+03  4.12504e-03
 6.25950e+03  4.25754e-03
 6.25976e+03  4.03509e-03
 6.26002e+03  3.98866e-03
 6.26029e+03  4.03183e-03
 6.26055e+03  4.03375e-03
 6.26081e+03  3.91677e-03
 6.26107e+03  3.76909e-03
 6.26133e+03  3.91412e-03
 6.26159e+03  3.91203e-03
 6.26185e+03  3.96069e-03
 6.26211e+03  3.77632e-03
 6.26237e+03  3.71052e-03
 6.26263e+03  3.72580e-03
 6.26289e+03  3.83159e-03
 6.26315e+03  3.69855e-03
 6.26341e+03  3.64439e-03
 6.26367e+03  3.66702e-03
 6.26393e+03  3.55985e-03
 6.26419e+03  3.72498e-03
 6.26445e+03  3.54259e-03
 6.26471e+03  3.64772e-03
 6.26497e+03  3.35886e-03
 6.26523e+03  3.25698e-03
 6.26550e+03  3.13527e-03
 6.26576e+03  3.43527e-03
 6.26602e+03  3.23260e-03
 6.26628e+03  3.40786e-03
 6.26654e+03  3.42735e-03
 6.26680e+03  3.19040e-03
 6.26706e+03  3.35734e-03
 6.26732e+03  3.32182e-03
 6.26758e+03  3.18275e-03
 6.26784e+03  3.29973e-03
 6.26810e+03  3.08397e-03
 6.26836e+03  3.11542e-03
 6.26862e+03  3.06580e-03
 6.26888e+03  3.05889e-03
 6.26914e+03  3.02951e-03
 6.26940e+03  3.14677e-03
 6.26966e+03  2.99168e-03
 6.26992e+03  2.96894e-03
 6.27018e+03  2.89428e-03
 6.27044e+03  2.89084e-03
 6.27071e+03  2.83650e-03
 6.27097e+03  2.82890e-03
 6.27123e+03  2.97950e-03
 6.27149e+03  2.85868e-03
 6.27175e+03  2.75643e-03
 6.27201e+03  2.67183e-03
 6.27227e+03  2.67174e-03
 6.27253e+03  2.83855e-03
 6.27279e+03  2.71394e-03
 6.27305e+03  2.75226e-03
 6.27331e+03  2.85802e-03
 6.27357e+03  2.78248e-03
 6.27383e+03  2.67794e-03
 6.27409e+03  2.53463e-03
 6.27435e+03  2.58142e-03
 6.27461e+03  2.61762e-03
 6.27487e+03  2.55154e-03
 6.27513e+03  2.60774e-03
 6.27539e+03  2.42623e-03
 6.27565e+03  2.42352e-03
 6.27592e+03  2.38326e-03
 6.27618e+03  2.37939e-03
 6.27644e+03  2.32743e-03
 6.27670e+03  2.40201e-03
 6.27696e+03  2.41806e-03
 6.27722e+03  2.38532e-03
 6.27748e+03  2.43873e-03
 6.27774e+03  2.45573e-03
 6.27800e+03  2.32363e-03
 6.27826e+03  2.32812e-03
 6.27852e+03  2.22057e-03
 6.27878e+03  2.23243e-03
 6.27904e+03  2.41185e-03
 6.27930e+03  2.34398e-03
 6.27956e+03  2.13965e-03
 6.27982e+03  2.18056e-03
 6.28008e+03  2.17741e-03
 6.28034e+03  2.09470e-03
 6.28060e+03  2.02089e-03
 6.28086e+03  2.26650e-03
 6.28112e+03  2.00933e-03
 6.28139e+03  2.06992e-03
 6.28165e+03  1.97893e-03
 6.28191e+03  2.10585e-03
 6.28217e+03  2.08574e-03
 6.28243e+03  2.07612e-03
 6.28269e+03  2.10624e-03
 6.28295e+03  2.07128e-03
 6.28321e+03  2.08263e-03
 6.28347e+03  1.95667e-03
 6.28373e+03  2.03816e-03
 6.28399e+03  1.92275e-03
 6.28425e+03  2.04657e-03
 6.28451e+03  2.03211e-03
 6.28477e+03  2.03178e-03
 6.28503e+03  1.89130e-03
 6.28529e+03  2.02503e-03
 6.28555e+03  2.01416e-03
 6.28581e+03  1.86174e-03
 6.28607e+03  1.85965e-03
 6.28633e+03  1.90875e-03
 6.28660e+03  1.93227e-03
 6.28686e+03  1.71576e-03
 6.28712e+03  1.91961e-03
 6.28738e+03  1.84987e-03
 6.28764e+03  1.69786e-03
 6.28790e+03  1.90007e-03
 6.28816e+03  1.80606e-03
 6.28842e+03  1.76579e-03
 6.28868e+03  1.76321e-03
 6.28894e+03  1.74697e-03
 6.28920e+03  1.64333e-03
 6.28946e+03  1.62512e-03
 6.28972e+03  1.70917e-03
 6.28998e+03  1.64938e-03
 6.29024e+03  1.69772e-03
 6.29050e+03  1.70272e-03
 6.29076e+03  1.58270e-03
 6.29102e+03  1.63666e-03
 6.29128e+03  1.73404e-03
 6.29154e+03  1.74045e-03
 6.29181e+03  1.70565e-03
 6.29207e+03  1.78174e-03
 6.29233e+03  1.57055e-03
 6.29259e+03  1.55753e-03
 6.29285e+03  1.62943e-03
 6.29311e+03  1.61857e-03
 6.29337e+03  1.46064e-03
 6.29363e+03  1.67021e-03
 6.29389e+03  1.52409e-03
 6.29415e+03  1.55800e-03
 6.29441e+03  1.52678e-03
 6.29467e+03  1.54430e-03
 6.29493e+03  1.51933e-03
 6.29519e+03  1.51627e-03
 6.29545e+03  1.49703e-03
 6.29571e+03  1.64341e-03
 6.29597e+03  1.52518e-03
 6.29623e+03  1.44332e-03
 6.29649e+03  1.43920e-03
 6.29675e+03  1.55026e-03
 6.29702e+03  1.48163e-03
 6.29728e+03  1.45694e-03
 6.29754e+03  1.37707e-03
 6.29780e+03  1.56018e-03
 6.29806e+03  1.41610e-03
 6.29832e+03  1.48027e-03
 6.29858e+03  1.36711e-03
 6.29884e+03  1.36202e-03
 6.29910e+03  1.43976e-03
 6.29936e+03  1.34063e-03
 6.29962e+03  1.27350e-03
 6.29988e+03  1.40022e-03
 6.30014e+03  1.38646e-03
