 6.60012e+03  2.13669e-03
 6.60038e+03  2.08614e-03
 6.60064e+03  2.13481e-03
 6.60090e+03  2.09979e-03
 6.60116e+03  2.17728e-03
 6.60143e+03  2.20085e-03
 6.60169e+03  2.16938e-03
 6.60195e+03  2.27364e-03
 6.60221e+03  2.16214e-03
 6.60247e+03  2.09204e-03
 6.60273e+03  2.23821e-03
 6.60299e+03  2.21331e-03
 6.60325e+03  2.28854e-03
 6.60352e+03  2.26062e-03
 6.60378e+03  2.25547e-03
 6.60404e+03  2.23873e-03
 6.60430e+03  2.29027e-03
 6.60456e+03  2.30165e-03
 6.60482e+03  2.34376e-03
 6.60508e+03  2.27857e-03
 6.60534e+03  2.36236e-03
 6.60561e+03  2.41377e-03
 6.60587e+03  2.43596e-03
 6.60613e+03  2.44863e-03
 6.60639e+03  2.44651e-03
 6.60665e+03  2.46943e-03
 6.60691e+03  2.52492e-03
 6.60717e+03  2.48279e-03
 6.60744e+03  2.48552e-03
 6.60770e+03  2.50196e-03
 6.60796e+03  2.40381e-03
 6.60822e+03  2.55339e-03
 6.60848e+03  2.71193e-03
 6.60874e+03  2.56784e-03
 6.60900e+03  2.63701e-03
 6.60926e+03  2.55050e-03
 6.60953e+03  2.59755e-03
 6.60979e+03  2.52552e-03
 6.61005e+03  2.70232e-03
 6.61031e+03  2.67603e-03
 6.61057e+03  2.62362e-03
 6.61083e+03  2.80662e-03
 6.61109e+03  2.72526e-03
 6.61135e+03  2.74377e-03
 6.61162e+03  2.77841e-03
 6.61188e+03  2.87535e-03
 6.61214e+03  2.81902e-03
 6.61240e+03  2.84051e-03
 6.61266e+03  2.90914e-03
 6.61292e+03  3.00003e-03
 6.61318e+03  2.84862e-03
 6.61344e+03  2.98911e-03
 6.61371e+03  2.93797e-03
 6.61397e+03  2.90548e-03
 6.61423e+03  2.87421e-03
 6.61449e+03  2.98170e-03
 6.61475e+03  3.12207e-03
 6.61501e+03  3.08386e-03
 6.61527e+03  3.10633e-03
 6.61554e+03  3.15081e-03
 6.61580e+03  3.17783e-03
 6.61606e+03  3.08301e-03
 6.61632e+03  3.19955e-03
 6.61658e+03  3.13153e-03
 6.61684e+03  3.30357e-03
 6.61710e+03  3.23742e-03
 6.61736e+03  3.24618e-03
 6.61763e+03  3.47409e-03
 6.61789e+03  3.27922e-03
 6.61815e+03  3.37214e-03
 6.61841e+03  3.36778e-03
 6.61867e+03  3.42480e-03
 6.61893e+03  3.38197e-03
 6.61919e+03  3.38224e-03
 6.61945e+03  3.41767e-03
 6.61972e+03  3.45179e-03
 6.61998e+03  3.58087e-03
 6.62024e+03  3.48542e-03
 6.62050e+03  3.66409e-03
 6.62076e+03  3.54462e-03
 6.62102e+03  3.68577e-03
 6.62128e+03  3.64372e-03
 6.62155e+03  3.70570e-03
 6.62181e+03  3.70870e-03
 6.62207e+03  3.70324e-03
 6.62233e+03  3.76646e-03
 6.62259e+03  3.86134e-03
 6.62285e+03  3.89812e-03
 6.62311e+03  3.93710e-03
 6.62337e+03  3.81468e-03
 6.62364e+03  4.02314e-03
 6.62390e+03  4.07017e-03
 6.62416e+03  3.99704e-03
 6.62442e+03  4.17379e-03
 6.62468e+03  4.09361e-03
 6.62494e+03  4.15450e-03
 6.62520e+03  4.07692e-03
 6.62546e+03  4.20201e-03
 6.62573e+03  4.24116e-03
 6.62599e+03  4.31371e-03
 6.62625e+03  4.34932e-03
 6.62651e+03  4.36750e-03
 6.62677e+03  4.40066e-03
 6.62703e+03  4.44388e-03
 6.62729e+03  4.53941e-03
 6.62756e+03  4.56841e-03
 6.62782e+03  4.70865e-03
 6.62808e+03  4.59736e-03
 6.62834e+03  4.68826e-03
 6.62860e+03  4.82873e-03
 6.62886e+03  4.81799e-03
 6.62912e+03  4.77051e-03
 6.62938e+03  4.99750e-03
 6.62965e+03  4.89821e-03
 6.62991e+03  5.06555e-03
 6.63017e+03  5.02031e-03
 6.63043e+03  5.02862e-03
 6.63069e+03  4.95742e-03
 6.63095e+03  5.16454e-03
 6.63121e+03  5.16888e-03
 6.63147e+03  5.28331e-03
 6.63174e+03  5.30267e-03
 6.63200e+03  5.39425e-03
 6.63226e+03  5.41207e-03
 6.63252e+03  5.62590e-03
 6.63278e+03  5.52225e-03
 6.63304e+03  5.59969e-03
 6.63330e+03  5.73298e-03
 6.63356e+03  5.72298e-03
 6.63383e+03  5.78813e-03
 6.63409e+03  5.89828e-03
 6.63435e+03  5.82309e-03
 6.63461e+03  5.92643e-03
 6.63487e+03  5.96953e-03
 6.63513e+03  6.00961e-03
 6.63539e+03  6.11933e-03
 6.63566e+03  6.24506e-03
 6.63592e+03  6.22945e-03
 6.63618e+03  6.53043e-03
 6.63644e+03  6.44710e-03
 6.63670e+03  6.56148e-03
 6.63696e+03  6.57813e-03
 6.63722e+03  6.79982e-03
 6.63748e+03  6.77237e-03
 6.63775e+03  6.80432e-03
 6.63801e+03  6.91979e-03
 6.63827e+03  7.04909e-03
 6.63853e+03  7.00630e-03
 6.63879e+03  7.19975e-03
 6.63905e+03  7.30520e-03
 6.63931e+03  7.21784e-03
 6.63957e+03  7.50366e-03
 6.63984e+03  7.49989e-03
 6.64010e+03  7.52385e-03
 6.64036e+03  7.65170e-03
 6.64062e+03  7.83757e-03
 6.64088e+03  7.84662e-03
 6.64114e+03  7.86303e-03
 6.64140e+03  8.03602e-03
 6.64167e+03  8.00751e-03
 6.64193e+03  8.18165e-03
 6.64219e+03  8.39481e-03
 6.64245e+03  8.37962e-03
 6.64271e+03  8.63089e-03
 6.64297e+03  8.64918e-03
 6.64323e+03  8.74694e-03
 6.64349e+03  8.96719e-03
 6.64376e+03  9.06135e-03
 6.64402e+03  9.03311e-03
 6.64428e+03  9.34611e-03
 6.64454e+03  9.37783e-03
 6.64480e+03  9.50226e-03
 6.64506e+03  9.71836e-03
 6.64532e+03  9.76526e-03
 6.64558e+03  9.90834e-03
 6.64585e+03  9.92300e-03
 6.64611e+03  1.01991e-02
 6.64637e+03  1.01778e-02
 6.64663e+03  1.04939e-02
 6.64689e+03  1.06046e-02
 6.64715e+03  1.05395e-02
 6.64741e+03  1.07003e-02
 6.64768e+03  1.11125e-02
 6.64794e+03  1.12549e-02
 6.64820e+03  1.12797e-02
 6.64846e+03  1.13536e-02
 6.64872e+03  1.16138e-02
 6.64898e+03  1.17262e-02
 6.64924e+03  1.19831e-02
 6.64950e+03  1.20398e-02
 6.64977e+03  1.24242e-02
 6.65003e+03  1.23545e-02
 6.65029e+03  1.26944e-02
 6.65055e+03  1.27929e-02
 6.65081e+03  1.30290e-02
 6.65107e+03  1.31648e-02
 6.65133e+03  1.36798e-02
 6.65159e+03  1.36551e-02
 6.65186e+03  1.36904e-02
 6.65212e+03  1.40886e-02
 6.65238e+03  1.42304e-02
 6.65264e+03  1.42648e-02
 6.65290e+03  1.47067e-02
 6.65316e+03  1.49413e-02
 6.65342e+03  1.51989e-02
 6.65369e+03  1.52500e-02
 6.65395e+03  1.52721e-02
 6.65421e+03  1.60400e-02
 6.65447e+03  1.60424e-02
 6.65473e+03  1.63758e-02
 6.65499e+03  1.65804e-02
 6.65525e+03  1.66436e-02
 6.65551e+03  1.70540e-02
 6.65578e+03  1.72424e-02
 6.65604e+03  1.79659e-02
 6.65630e+03  1.78323e-02
 6.65656e+03  1.81885e-02
 6.65682e+03  1.84486e-02
 6.65708e+03  1.90104e-02
 6.65734e+03  1.89595e-02
 6.65760e+03  1.94483e-02
 6.65787e+03  1.97364e-02
 6.65813e+03  2.00927e-02
 6.65839e+03  2.04380e-02
 6.65865e+03  2.07450e-02
 6.65891e+03  2.08397e-02
 6.65917e+03  2.15135e-02
 6.65943e+03  2.17862e-02
 6.65969e+03  2.20479e-02
 6.65996e+03  2.24323e-02
 6.66022e+03  2.32888e-02
 6.66048e+03  2.37696e-02
 6.66074e+03  2.36941e-02
 6.66100e+03  2.39361e-02
 6.66126e+03  2.44589e-02
 6.66152e+03  2.53316e-02
 6.66179e+03  2.53755e-02
 6.66205e+03  2.61907e-02
 6.66231e+03  2.63599e-02
 6.66257e+03  2.65856e-02
 6.66283e+03  2.72945e-02
 6.66309e+03  2.76913e-02
 6.66335e+03  2.82746e-02
 6.66361e+03  2.90024e-02
 6.66388e+03  2.93129e-02
 6.66414e+03  3.00345e-02
 6.66440e+03  3.05489e-02
 6.66466e+03  3.08390e-02
 6.66492e+03  3.17223e-02
 6.66518e+03  3.17595e-02
 6.66544e+03  3.26626e-02
 6.66571e+03  3.31845e-02
 6.66597e+03  3.38374e-02
 6.66623e+03  3.42724e-02
 6.66649e+03  3.52466e-02
 6.66675e+03  3.60995e-02
 6.66701e+03  3.65190e-02
 6.66727e+03  3.73982e-02
 6.66753e+03  3.85405e-02
 6.66780e+03  3.87840e-02
 6.66806e+03  3.93645e-02
 6.66832e+03  4.03276e-02
 6.66858e+03  4.11604e-02
 6.66884e+03  4.21321e-02
 6.66910e+03  4.29984e-02
 6.66936e+03  4.37155e-02
 6.66962e+03  4.44757e-02
 6.66989e+03  4.56524e-02
 6.67015e+03  4.63606e-02
 6.67041e+03  4.74803e-02
 6.67067e+03  4.82961e-02
 6.67093e+03  4.90963e-02
 6.67119e+03  5.02193e-02
 6.67145e+03  5.13106e-02
 6.67171e+03  5.24351e-02
 6.67198e+03  5.31363e-02
 6.67224e+03  5.44169e-02
 6.67250e+03  5.58163e-02
 6.67276e+03  5.71628e-02
 6.67302e+03  5.81083e-02
 6.67328e+03  5.91092e-02
 6.67354e+03  6.05579e-02
 6.67381e+03  6.11663e-02
 6.67407e+03  6.26756e-02
 6.67433e+03  6.40572e-02
 6.67459e+03  6.61873e-02
 6.67485e+03  6.72885e-02
 6.67511e+03  6.82563e-02
 6.67537e+03  6.99667e-02
 6.67563e+03  7.18359e-02
 6.67590e+03  7.28194e-02
 6.67616e+03  7.47913e-02
 6.67642e+03  7.63520e-02
 6.67668e+03  7.82489e-02
 6.67694e+03  7.96678e-02
 6.67720e+03  8.16371e-02
 6.67746e+03  8.32720e-02
 6.67772e+03  8.55354e-02
 6.67799e+03  8.66537e-02
 6.67825e+03  8.88994e-02
 6.67851e+03  9.13290e-02
 6.67877e+03  9.34044e-02
 6.67903e+03  9.47713e-02
 6.67929e+03  9.72174e-02
 6.67955e+03  9.94425e-02
 6.67981e+03  1.01081e-01
 6.68008e+03  1.04009e-01
 6.68034e+03  1.06572e-01
 6.68060e+03  1.08641e-01
 6.68086e+03  1.11207e-01
 6.68112e+03  1.13959e-01
 6.68138e+03  1.16628e-01
 6.68164e+03  1.18513e-01
 6.68191e+03  1.21558e-01
 6.68217e+03  1.24304e-01
 6.68243e+03  1.27200e-01
 6.68269e+03  1.30368e-01
 6.68295e+03  1.33409e-01
 6.68321e+03  1.36664e-01
 6.68347e+03  1.39378e-01
 6.68373e+03  1.42843e-01
 6.68400e+03  1.46538e-01
 6.68426e+03  1.49773e-01
 6.68452e+03  1.54056e-01
 6.68478e+03  1.57431e-01
 6.68504e+03  1.60864e-01
 6.68530e+03  1.63741e-01
 6.68556e+03  1.68407e-01
 6.68583e+03  1.72152e-01
 6.68609e+03  1.75617e-01
 6.68635e+03  1.80013e-01
 6.68661e+03  1.83783e-01
 6.68687e+03  1.89259e-01
 6.68713e+03  1.92832e-01
 6.68739e+03  1.96946e-01
 6.68765e+03  2.02227e-01
 6.68792e+03  2.06293e-01
 6.68818e+03  2.11792e-01
 6.68844e+03  2.16400e-01
 6.68870e+03  2.21636e-01
 6.68896e+03  2.26128e-01
 6.68922e+03  2.31977e-01
 6.68948e+03  2.36789e-01
 6.68974e+03  2.42487e-01
 6.69001e+03  2.48694e-01
 6.69027e+03  2.53498e-01
 6.69053e+03  2.59233e-01
 6.69079e+03  2.64674e-01
 6.69105e+03  2.70206e-01
 6.69131e+03  2.77336e-01
 6.69157e+03  2.82862e-01
 6.69183e+03  2.89544e-01
 6.69210e+03  2.97224e-01
 6.69236e+03  3.01103e-01
 6.69262e+03  3.07734e-01
 6.69288e+03  3.15406e-01
 6.69314e+03  3.22955e-01
 6.69340e+03  3.29294e-01
 6.69366e+03  3.36367e-01
 6.69393e+03  3.41368e-01
 6.69419e+03  3.49687e-01
 6.69445e+03  3.57896e-01
 6.69471e+03  3.63768e-01
 6.69497e+03  3.73183e-01
 6.69523e+03  3.78652e-01
 6.69549e+03  3.87302e-01
 6.69575e+03  3.93777e-01
 6.69602e+03  4.04410e-01
 6.69628e+03  4.09403e-01
 6.69654e+03  4.17530e-01
 6.69680e+03  4.25834e-01
 6.69706e+03  4.34871e-01
 6.69732e+03  4.43557e-01
 6.69758e+03  4.51413e-01
 6.69784e+03  4.57334e-01
 6.69811e+03  4.65685e-01
 6.69837e+03  4.72971e-01
 6.69863e+03  4.81582e-01
 6.69889e+03  4.92129e-01
 6.69915e+03  5.00305e-01
 6.69941e+03  5.05037e-01
 6.69967e+03  5.14585e-01
 6.69994e+03  5.24119e-01
 6.70020e+03  5.31436e-01
 6.70046e+03  5.38907e-01
 6.70072e+03  5.44706e-01
 6.70098e+03  5.53260e-01
 6.70124e+03  5.61724e-01
 6.70150e+03  5.72306e-01
 6.70176e+03  5.79119e-01
 6.70203e+03  5.85686e-01
 6.70229e+03  5.93207e-01
 6.70255e+03  6.00848e-01
 6.70281e+03  6.09820e-01
 6.70307e+03  6.18350e-01
 6.70333e+03  6.25947e-01
 6.70359e+03  6.30308e-01
 6.70385e+03  6.36833e-01
 6.70412e+03  6.45999e-01
 6.70438e+03  6.53705e-01
 6.70464e+03  6.60405e-01
 6.70490e+03  6.64892e-01
 6.70516e+03  6.71402e-01
 6.70542e+03  6.79636e-01
 6.70568e+03  6.87000e-01
 6.70595e+03  6.93656e-01
 6.70621e+03  6.97390e-01
 6.70647e+03  7.01798e-01
 6.70673e+03  7.07598e-01
 6.70699e+03  7.13527e-01
 6.70725e+03  7.19290e-01
 6.70751e+03  7.23669e-01
 6.70777e+03  7.29608e-01
 6.70804e+03  7.33078e-01
 6.70830e+03  7.36816e-01
 6.70856e+03  7.44062e-01
 6.70882e+03  7.49835e-01
 6.70908e+03  7.57075e-01
 6.70934e+03  7.55951e-01
 6.70960e+03  7.61552e-01
 6.70986e+03  7.65431e-01
 6.71013e+03  7.70633e-01
 6.71039e+03  7.72697e-01
 6.71065e+03  7.74054e-01
 6.71091e+03  7.77252e-01
 6.71117e+03  7.81457e-01
 6.71143e+03  7.86966e-01
 6.71169e+03  7.90485e-01
 6.71196e+03  7.91591e-01
 6.71222e+03  7.90857e-01
 6.71248e+03  7.95697e-01
 6.71274e+03  7.99561e-01
 6.71300e+03  8.01476e-01
 6.71326e+03  8.04530e-01
 6.71352e+03  8.04709e-01
 6.71378e+03  8.02917e-01
 6.71405e+03  8.06686e-01
 6.71431e+03  8.13015e-01
 6.71457e+03  8.13388e-01
 6.71483e+03  8.11961e-01
 6.71509e+03  8.14183e-01
 6.71535e+03  8.16283e-01
 6.71561e+03  8.18939e-01
 6.71587e+03  8.21826e-01
 6.71614e+03  8.20606e-01
 6.71640e+03  8.22256e-01
 6.71666e+03  8.21341e-01
 6.71692e+03  8.23520e-01
 6.71718e+03  8.27533e-01
 6.71744e+03  8.27972e-01
 6.71770e+03  8.26826e-01
 6.71796e+03  8.26764e-01
 6.71823e+03  8.30009e-01
 6.71849e+03  8.30934e-01
 6.71875e+03  8.30175e-01
 6.71901e+03  8.29872e-01
 6.71927e+03  8.31760e-01
 6.71953e+03  8.30325e-01
 6.71979e+03  8.33611e-01
 6.72006e+03  8.35123e-01
 6.72032e+03  8.33197e-01
 6.72058e+03  8.33902e-01
 6.72084e+03  8.31815e-01
 6.72110e+03  8.34029e-01
 6.72136e+03  8.36458e-01
 6.72162e+03  8.37278e-01
 6.72188e+03  8.35978e-01
 6.72215e+03  8.35715e-01
 6.72241e+03  8.36973e-01
 6.72267e+03  8.36869e-01
 6.72293e+03  8.36894e-01
 6.72319e+03  8.37258e-01
 6.72345e+03  8.34815e-01
 6.72371e+03  8.34278e-01
 6.72397e+03  8.37979e-01
 6.72424e+03  8.38051e-01
 6.72450e+03  8.37426e-01
 6.72476e+03  8.37777e-01
 6.72502e+03  8.36332e-01
 6.72528e+03  8.38124e-01
 6.72554e+03  8.39342e-01
 6.72580e+03  8.37519e-01
 6.72607e+03  8.40421e-01
 6.72633e+03  8.38108e-01
 6.72659e+03  8.38831e-01
 6.72685e+03  8.42794e-01
 6.72711e+03  8.40100e-01
 6.72737e+03  8.40371e-01
 6.72763e+03  8.38556e-01
 6.72789e+03  8.40338e-01
 6.72816e+03  8.37655e-01
 6.72842e+03  8.40624e-01
 6.72868e+03  8.41324e-01
 6.72894e+03  8.39512e-01
 6.72920e+03  8.38156e-01
 6.72946e+03  8.39592e-01
 6.72972e+03  8.40445e-01
 6.72998e+03  8.41310e-01
 6.73025e+03  8.41198e-01
 6.73051e+03  8.38307e-01
 6.73077e+03  8.38549e-01
 6.73103e+03  8.41709e-01
 6.73129e+03  8.40876e-01
 6.73155e+03  8.40840e-01
 6.73181e+03  8.39810e-01
 6.73208e+03  8.40199e-01
 6.73234e+03  8.39625e-01
 6.73260e+03  8.43070e-01
 6.73286e+03  8.43980e-01
 6.73312e+03  8.40774e-01
 6.73338e+03  8.41631e-01
 6.73364e+03  8.40712e-01
 6.73390e+03  8.42278e-01
 6.73417e+03  8.43506e-01
 6.73443e+03  8.44727e-01
 6.73469e+03  8.42601e-01
 6.73495e+03  8.42314e-01
 6.73521e+03  8.43632e-01
 6.73547e+03  8.42896e-01
 6.73573e+03  8.45254e-01
 6.73599e+03  8.44775e-01
 6.73626e+03  8.44474e-01
 6.73652e+03  8.42870e-01
 6.73678e+03  8.43271e-01
 6.73704e+03  8.47332e-01
 6.73730e+03  8.45924e-01
 6.73756e+03  8.45127e-01
 6.73782e+03  8.40928e-01
 6.73808e+03  8.45062e-01
 6.73835e+03  8.45003e-01
 6.73861e+03  8.45490e-01
 6.73887e+03  8.44601e-01
 6.73913e+03  8.42222e-01
 6.73939e+03  8.42281e-01
 6.73965e+03  8.43153e-01
 6.73991e+03  8.44531e-01
 6.74018e+03  8.47793e-01
 6.74044e+03  8.44777e-01
 6.74070e+03  8.40982e-01
 6.74096e+03  8.44837e-01
 6.74122e+03  8.46055e-01
 6.74148e+03  8.46596e-01
 6.74174e+03  8.44674e-01
 6.74200e+03  8.42554e-01
 6.74227e+03  8.42154e-01
 6.74253e+03  8.46004e-01
 6.74279e+03  8.45120e-01
 6.74305e+03  8.45701e-01
 6.74331e+03  8.43000e-01
 6.74357e+03  8.40432e-01
 6.74383e+03  8.43447e-01
 6.74409e+03  8.44753e-01
 6.74436e+03  8.44376e-01
 6.74462e+03  8.42953e-01
 6.74488e+03  8.40919e-01
 6.74514e+03  8.41223e-01
 6.74540e+03  8.42297e-01
 6.74566e+03  8.44108e-01
 6.74592e+03  8.44455e-01
 6.74619e+03  8.40325e-01
 6.74645e+03  8.37085e-01
 6.74671e+03  8.38919e-01
 6.74697e+03  8.40539e-01
 6.74723e+03  8.42768e-01
 6.74749e+03  8.38781e-01
 6.74775e+03  8.36572e-01
 6.74801e+03  8.35362e-01
 6.74828e+03  8.39256e-01
 6.74854e+03  8.42084e-01
 6.74880e+03  8.41451e-01
 6.74906e+03  8.38995e-01
 6.74932e+03  8.36965e-01
 6.74958e+03  8.37799e-01
 6.74984e+03  8.37471e-01
 6.75010e+03  8.40092e-01
 6.75037e+03  8.37328e-01
 6.75063e+03  8.33632e-01
 6.75089e+03  8.31910e-01
 6.75115e+03  8.36968e-01
 6.75141e+03  8.39385e-01
 6.75167e+03  8.36171e-01
 6.75193e+03  8.34887e-01
 6.75220e+03  8.28242e-01
 6.75246e+03  8.32595e-01
 6.75272e+03  8.35732e-01
 6.75298e+03  8.34271e-01
 6.75324e+03  8.32678e-01
 6.75350e+03  8.28788e-01
 6.75376e+03  8.28603e-01
 6.75402e+03  8.31266e-01
 6.75429e+03  8.33688e-01
 6.75455e+03  8.33448e-01
 6.75481e+03  8.31199e-01
 6.75507e+03  8.25196e-01
 6.75533e+03  8.26642e-01
 6.75559e+03  8.31109e-01
 6.75585e+03  8.31998e-01
 6.75611e+03  8.28574e-01
 6.75638e+03  8.25435e-01
 6.75664e+03  8.25175e-01
 6.75690e+03  8.28112e-01
 6.75716e+03  8.28730e-01
 6.75742e+03  8.30528e-01
 6.75768e+03  8.25266e-01
 6.75794e+03  8.22186e-01
 6.75821e+03  8.22141e-01
 6.75847e+03  8.29184e-01
 6.75873e+03  8.29321e-01
 6.75899e+03  8.27087e-01
 6.75925e+03  8.22815e-01
 6.75951e+03  8.20114e-01
 6.75977e+03  8.22344e-01
 6.76003e+03  8.26209e-01
 6.76030e+03  8.26319e-01
 6.76056e+03  8.25056e-01
 6.76082e+03  8.17711e-01
 6.76108e+03  8.18807e-01
 6.76134e+03  8.23148e-01
 6.76160e+03  8.25597e-01
 6.76186e+03  8.22864e-01
 6.76212e+03  8.20997e-01
 6.76239e+03  8.19411e-01
 6.76265e+03  8.18895e-01
 6.76291e+03  8.25155e-01
 6.76317e+03  8.24659e-01
 6.76343e+03  8.19552e-01
 6.76369e+03  8.18066e-01
 6.76395e+03  8.18049e-01
 6.76421e+03  8.21834e-01
 6.76448e+03  8.24123e-01
 6.76474e+03  8.21829e-01
 6.76500e+03  8.16853e-01
 6.76526e+03  8.13968e-01
 6.76552e+03  8.17526e-01
 6.76578e+03  8.21125e-01
 6.76604e+03  8.21291e-01
 6.76631e+03  8.19635e-01
 6.76657e+03  8.14826e-01
 6.76683e+03  8.14507e-01
 6.76709e+03  8.19340e-01
 6.76735e+03  8.22222e-01
 6.76761e+03  8.22354e-01
 6.76787e+03  8.15092e-01
 6.76813e+03  8.11509e-01
 6.76840e+03  8.14345e-01
 6.76866e+03  8.20233e-01
 6.76892e+03  8.23488e-01
 6.76918e+03  8.19712e-01
 6.76944e+03  8.12811e-01
 6.76970e+03  8.11398e-01
 6.76996e+03  8.16263e-01
 6.77023e+03  8.20522e-01
 6.77049e+03  8.18686e-01
 6.77075e+03  8.14980e-01
 6.77101e+03  8.09683e-01
 6.77127e+03  8.09568e-01
 6.77153e+03  8.16487e-01
 6.77179e+03  8.17966e-01
 6.77205e+03  8.16444e-01
 6.77232e+03  8.08491e-01
 6.77258e+03  8.05005e-01
 6.77284e+03  8.08386e-01
 6.77310e+03  8.15578e-01
 6.77336e+03  8.13697e-01
 6.77362e+03  8.10156e-01
 6.77388e+03  8.04118e-01
 6.77414e+03  8.01571e-01
 6.77441e+03  8.07589e-01
 6.77467e+03  8.11872e-01
 6.77493e+03  8.07107e-01
 6.77519e+03  8.00652e-01
 6.77545e+03  7.94811e-01
 6.77571e+03  7.96152e-01
 6.77597e+03  8.02149e-01
 6.77623e+03  8.01771e-01
 6.77650e+03  7.96372e-01
 6.77676e+03  7.89775e-01
 6.77702e+03  7.84784e-01
 6.77728e+03  7.88390e-01
 6.77754e+03  7.93658e-01
 6.77780e+03  7.87357e-01
 6.77806e+03  7.81026e-01
 6.77833e+03  7.73348e-01
 6.77859e+03  7.75523e-01
 6.77885e+03  7.77909e-01
 6.77911e+03  7.78772e-01
 6.77937e+03  7.70311e-01
 6.77963e+03  7.62358e-01
 6.77989e+03  7.57477e-01
 6.78015e+03  7.57602e-01
 6.78042e+03  7.62916e-01
 6.78068e+03  7.59033e-01
 6.78094e+03  7.49366e-01
 6.78120e+03  7.41197e-01
 6.78146e+03  7.35549e-01
 6.78172e+03  7.38166e-01
 6.78198e+03  7.38819e-01
 6.78224e+03  7.30477e-01
 6.78251e+03  7.23709e-01
 6.78277e+03  7.14495e-01
 6.78303e+03  7.13465e-01
 6.78329e+03  7.12395e-01
 6.78355e+03  7.09341e-01
 6.78381e+03  6.99395e-01
 6.78407e+03  6.88035e-01
 6.78433e+03  6.81737e-01
 6.78460e+03  6.80185e-01
 6.78486e+03  6.79650e-01
 6.78512e+03  6.74066e-01
 6.78538e+03  6.60589e-01
 6.78564e+03  6.51303e-01
 6.78590e+03  6.46732e-01
 6.78616e+03  6.46180e-01
 6.78643e+03  6.42423e-01
 6.78669e+03  6.33045e-01
 6.78695e+03  6.19714e-01
 6.78721e+03  6.11706e-01
 6.78747e+03  6.08694e-01
 6.78773e+03  6.05115e-01
 6.78799e+03  5.98212e-01
 6.78825e+03  5.85359e-01
 6.78852e+03  5.75129e-01
 6.78878e+03  5.66160e-01
 6.78904e+03  5.64703e-01
 6.78930e+03  5.59934e-01
 6.78956e+03  5.49665e-01
 6.78982e+03  5.37548e-01
 6.79008e+03  5.29860e-01
 6.79035e+03  5.22969e-01
 6.79061e+03  5.19903e-01
 6.79087e+03  5.12091e-01
 6.79113e+03  5.00467e-01
 6.79139e+03  4.90360e-01
 6.79165e+03  4.81411e-01
 6.79191e+03  4.76989e-01
 6.79217e+03  4.71109e-01
 6.79244e+03  4.62197e-01
 6.79270e+03  4.49801e-01
 6.79296e+03  4.41455e-01
 6.79322e+03  4.35539e-01
 6.79348e+03  4.28801e-01
 6.79374e+03  4.23086e-01
 6.79400e+03  4.15000e-01
 6.79426e+03  4.03522e-01
 6.79453e+03  3.95132e-01
 6.79479e+03  3.89491e-01
 6.79505e+03  3.84527e-01
 6.79531e+03  3.76925e-01
 6.79557e+03  3.69183e-01
 6.79583e+03  3.58982e-01
 6.79609e+03  3.52552e-01
 6.79635e+03  3.47280e-01
 6.79662e+03  3.41631e-01
 6.79688e+03  3.34116e-01
 6.79714e+03  3.26294e-01
 6.79740e+03  3.17318e-01
 6.79766e+03  3.12014e-01
 6.79792e+03  3.06769e-01
 6.79818e+03  3.01586e-01
 6.79845e+03  2.94160e-01
 6.79871e+03  2.85000e-01
 6.79897e+03  2.79954e-01
 6.79923e+03  2.75227e-01
 6.79949e+03  2.69873e-01
 6.79975e+03  2.63419e-01
 6.80001e+03  2.57853e-01
 6.80027e+03  2.50528e-01
 6.80054e+03  2.46709e-01
 6.80080e+03  2.40854e-01
 6.80106e+03  2.37101e-01
 6.80132e+03  2.30605e-01
 6.80158e+03  2.25459e-01
 6.80184e+03  2.20056e-01
 6.80210e+03  2.14934e-01
 6.80236e+03  2.11366e-01
 6.80263e+03  2.06909e-01
 6.80289e+03  2.01985e-01
 6.80315e+03  1.96503e-01
 6.80341e+03  1.92490e-01
 6.80367e+03  1.89101e-01
 6.80393e+03  1.85235e-01
 6.80419e+03  1.80815e-01
 6.80446e+03  1.76277e-01
 6.80472e+03  1.71508e-01
 6.80498e+03  1.68498e-01
 6.80524e+03  1.64778e-01
 6.80550e+03  1.61614e-01
 6.80576e+03  1.57436e-01
 6.80602e+03  1.53850e-01
 6.80628e+03  1.49403e-01
 6.80655e+03  1.47781e-01
 6.80681e+03  1.44148e-01
 6.80707e+03  1.40339e-01
 6.80733e+03  1.37664e-01
 6.80759e+03  1.33658e-01
 6.80785e+03  1.30943e-01
 6.80811e+03  1.28503e-01
 6.80837e+03  1.25879e-01
 6.80864e+03  1.23048e-01
 6.80890e+03  1.19647e-01
 6.80916e+03  1.17038e-01
 6.80942e+03  1.15136e-01
 6.80968e+03  1.12544e-01
 6.80994e+03  1.09836e-01
 6.81020e+03  1.07717e-01
 6.81047e+03  1.05291e-01
 6.81073e+03  1.02837e-01
 6.81099e+03  1.00501e-01
 6.81125e+03  9.86441e-02
 6.81151e+03  9.62091e-02
 6.81177e+03  9.41879e-02
 6.81203e+03  9.20770e-02
 6.81229e+03  9.08345e-02
 6.81256e+03  8.88358e-02
 6.81282e+03  8.59855e-02
 6.81308e+03  8.48531e-02
 6.81334e+03  8.32004e-02
 6.81360e+03  8.07357e-02
 6.81386e+03  7.96942e-02
 6.81412e+03  7.74595e-02
 6.81438e+03  7.60905e-02
 6.81465e+03  7.44606e-02
 6.81491e+03  7.27126e-02
 6.81517e+03  7.13367e-02
 6.81543e+03  7.00757e-02
 6.81569e+03  6.83184e-02
 6.81595e+03  6.74611e-02
 6.81621e+03  6.57943e-02
 6.81648e+03  6.42138e-02
 6.81674e+03  6.28974e-02
 6.81700e+03  6.17131e-02
 6.81726e+03  6.03766e-02
 6.81752e+03  5.95021e-02
 6.81778e+03  5.80835e-02
 6.81804e+03  5.67445e-02
 6.81830e+03  5.59356e-02
 6.81857e+03  5.49884e-02
 6.81883e+03  5.39785e-02
 6.81909e+03  5.25694e-02
 6.81935e+03  5.13125e-02
 6.81961e+03  5.05170e-02
 6.81987e+03  4.94059e-02
 6.82013e+03  4.88369e-02
 6.82039e+03  4.82517e-02
 6.82066e+03  4.67701e-02
 6.82092e+03  4.56424e-02
 6.82118e+03  4.50275e-02
 6.82144e+03  4.40582e-02
 6.82170e+03  4.35096e-02
 6.82196e+03  4.25799e-02
 6.82222e+03  4.17510e-02
 6.82248e+03  4.08093e-02
 6.82275e+03  4.02516e-02
 6.82301e+03  3.92714e-02
 6.82327e+03  3.85180e-02
 6.82353e+03  3.81497e-02
 6.82379e+03  3.71355e-02
 6.82405e+03  3.64628e-02
 6.82431e+03  3.58585e-02
 6.82458e+03  3.52635e-02
 6.82484e+03  3.46625e-02
 6.82510e+03  3.38412e-02
 6.82536e+03  3.31688e-02
 6.82562e+03  3.27109e-02
 6.82588e+03  3.18820e-02
 6.82614e+03  3.19359e-02
 6.82640e+03  3.10484e-02
 6.82667e+03  3.04174e-02
 6.82693e+03  2.98944e-02
 6.82719e+03  2.92792e-02
 6.82745e+03  2.90277e-02
 6.82771e+03  2.87092e-02
 6.82797e+03  2.76631e-02
 6.82823e+03  2.74856e-02
 6.82849e+03  2.69590e-02
 6.82876e+03  2.63302e-02
 6.82902e+03  2.60462e-02
 6.82928e+03  2.58594e-02
 6.82954e+03  2.49048e-02
 6.82980e+03  2.48291e-02
 6.83006e+03  2.44789e-02
 6.83032e+03  2.36873e-02
 6.83058e+03  2.34643e-02
 6.83085e+03  2.31938e-02
 6.83111e+03  2.26255e-02
 6.83137e+03  2.21015e-02
 6.83163e+03  2.20633e-02
 6.83189e+03  2.19308e-02
 6.83215e+03  2.14393e-02
 6.83241e+03  2.10498e-02
 6.83268e+03  2.07208e-02
 6.83294e+03  2.02926e-02
 6.83320e+03  2.00779e-02
 6.83346e+03  1.99366e-02
 6.83372e+03  1.98021e-02
 6.83398e+03  1.91640e-02
 6.83424e+03  1.86576e-02
 6.83450e+03  1.82689e-02
 6.83477e+03  1.82236e-02
 6.83503e+03  1.78326e-02
 6.83529e+03  1.75266e-02
 6.83555e+03  1.71774e-02
 6.83581e+03  1.71841e-02
 6.83607e+03  1.68504e-02
 6.83633e+03  1.66344e-02
 6.83660e+03  1.64188e-02
 6.83686e+03  1.58634e-02
 6.83712e+03  1.58229e-02
 6.83738e+03  1.55767e-02
 6.83764e+03  1.53793e-02
 6.83790e+03  1.51865e-02
 6.83816e+03  1.49445e-02
 6.83842e+03  1.46076e-02
 6.83869e+03  1.43604e-02
 6.83895e+03  1.42414e-02
 6.83921e+03  1.38954e-02
 6.83947e+03  1.39367e-02
 6.83973e+03  1.35998e-02
 6.83999e+03  1.34625e-02
 6.84025e+03  1.33936e-02
 6.84051e+03  1.31338e-02
 6.84078e+03  1.29900e-02
 6.84104e+03  1.27765e-02
 6.84130e+03  1.26433e-02
 6.84156e+03  1.23140e-02
 6.84182e+03  1.21506e-02
 6.84208e+03  1.17812e-02
 6.84234e+03  1.20082e-02
 6.84260e+03  1.16987e-02
 6.84287e+03  1.15410e-02
 6.84313e+03  1.14179e-02
 6.84339e+03  1.12023e-02
 6.84365e+03  1.12028e-02
 6.84391e+03  1.10424e-02
 6.84417e+03  1.07850e-02
 6.84443e+03  1.06890e-02
 6.84470e+03  1.05099e-02
 6.84496e+03  1.01166e-02
 6.84522e+03  1.03520e-02
 6.84548e+03  1.01867e-02
 6.84574e+03  1.00040e-02
 6.84600e+03  9.82249e-03
 6.84626e+03  9.64072e-03
 6.84652e+03  9.41190e-03
 6.84679e+03  9.44881e-03
 6.84705e+03  9.40688e-03
 6.84731e+03  9.23595e-03
 6.84757e+03  9.03864e-03
 6.84783e+03  9.07363e-03
 6.84809e+03  9.00521e-03
 6.84835e+03  8.58756e-03
 6.84861e+03  8.61277e-03
 6.84888e+03  8.61960e-03
 6.84914e+03  8.37227e-03
 6.84940e+03  8.37707e-03
 6.84966e+03  8.31232e-03
 6.84992e+03  8.20754e-03
 6.85018e+03  8.07230e-03
 6.85044e+03  7.93103e-03
 6.85071e+03  7.80712e-03
 6.85097e+03  7.79313e-03
 6.85123e+03  7.75113e-03
 6.85149e+03  7.67092e-03
 6.85175e+03  7.49948e-03
 6.85201e+03  7.43626e-03
 6.85227e+03  7.26334e-03
 6.85253e+03  7.14889e-03
 6.85280e+03  7.14796e-03
 6.85306e+03  7.14025e-03
 6.85332e+03  7.04331e-03
 6.85358e+03  6.80958e-03
 6.85384e+03  6.70474e-03
 6.85410e+03  6.85101e-03
 6.85436e+03  6.66317e-03
 6.85462e+03  6.63236e-03
 6.85489e+03  6.42280e-03
 6.85515e+03  6.45847e-03
 6.85541e+03  6.36076e-03
 6.85567e+03  6.25797e-03
 6.85593e+03  6.18528e-03
 6.85619e+03  6.23412e-03
 6.85645e+03  6.31803e-03
 6.85672e+03  5.93569e-03
 6.85698e+03  6.03901e-03
 6.85724e+03  5.92436e-03
 6.85750e+03  5.94751e-03
 6.85776e+03  5.84071e-03
 6.85802e+03  5.65201e-03
 6.85828e+03  5.66823e-03
 6.85854e+03  5.71543e-03
 6.85881e+03  5.40856e-03
 6.85907e+03  5.56450e-03
 6.85933e+03  5.46629e-03
 6.85959e+03  5.28007e-03
 6.85985e+03  5.47612e-03
 6.86011e+03  5.21738e-03
 6.86037e+03  5.29092e-03
 6.86063e+03  5.28441e-03
 6.86090e+03  5.15385e-03
 6.86116e+03  5.03628e-03
 6.86142e+03  4.99195e-03
 6.86168e+03  4.93332e-03
 6.86194e+03  5.09585e-03
 6.86220e+03  4.80871e-03
 6.86246e+03  4.91804e-03
 6.86273e+03  4.73086e-03
 6.86299e+03  4.74475e-03
 6.86325e+03  4.79280e-03
 6.86351e+03  4.60488e-03
 6.86377e+03  4.55427e-03
 6.86403e+03  4.62170e-03
 6.86429e+03  4.49596e-03
 6.86455e+03  4.50432e-03
 6.86482e+03  4.46214e-03
 6.86508e+03  4.38427e-03
 6.86534e+03  4.39998e-03
 6.86560e+03  4.35418e-03
 6.86586e+03  4.23611e-03
 6.86612e+03  4.27241e-03
 6.86638e+03  4.19521e-03
 6.86664e+03  4.15741e-03
 6.86691e+03  4.18159e-03
 6.86717e+03  4.03309e-03
 6.86743e+03  4.07046e-03
 6.86769e+03  4.00727e-03
 6.86795e+03  4.08776e-03
 6.86821e+03  3.97462e-03
 6.86847e+03  3.84626e-03
 6.86873e+03  3.87914e-03
 6.86900e+03  3.84672e-03
 6.86926e+03  3.84314e-03
 6.86952e+03  3.84523e-03
 6.86978e+03  3.66614e-03
 6.87004e+03  3.72029e-03
 6.87030e+03  3.64882e-03
 6.87056e+03  3.60474e-03
 6.87083e+03  3.62329e-03
 6.87109e+03  3.54584e-03
 6.87135e+03  3.61180e-03
 6.87161e+03  3.43940e-03
 6.87187e+03  3.53134e-03
 6.87213e+03  3.47869e-03
 6.87239e+03  3.44001e-03
 6.87265e+03  3.46288e-03
 6.87292e+03  3.51950e-03
 6.87318e+03  3.40153e-03
 6.87344e+03  3.27409e-03
 6.87370e+03  3.37411e-03
 6.87396e+03  3.32476e-03
 6.87422e+03  3.17104e-03
 6.87448e+03  3.22805e-03
 6.87475e+03  3.05563e-03
 6.87501e+03  3.17228e-03
 6.87527e+03  3.14351e-03
 6.87553e+03  3.09556e-03
 6.87579e+03  3.11417e-03
 6.87605e+03  3.00037e-03
 6.87631e+03  3.08185e-03
 6.87657e+03  3.01949e-03
 6.87684e+03  2.99878e-03
 6.87710e+03  2.94251e-03
 6.87736e+03  3.02738e-03
 6.87762e+03  2.91298e-03
 6.87788e+03  2.89444e-03
 6.87814e+03  2.98517e-03
 6.87840e+03  2.92262e-03
 6.87866e+03  2.82344e-03
 6.87893e+03  2.84616e-03
 6.87919e+03  2.72878e-03
 6.87945e+03  2.82838e-03
 6.87971e+03  2.77283e-03
 6.87997e+03  2.76870e-03
 6.88023e+03  2.74667e-03
 6.88049e+03  2.70216e-03
 6.88075e+03  2.67566e-03
 6.88102e+03  2.69370e-03
 6.88128e+03  2.61153e-03
 6.88154e+03  2.62848e-03
 6.88180e+03  2.52069e-03
 6.88206e+03  2.59574e-03
 6.88232e+03  2.50011e-03
 6.88258e+03  2.48743e-03
 6.88285e+03  2.48982e-03
 6.88311e+03  2.51226e-03
 6.88337e+03  2.50537e-03
 6.88363e+03  2.41324e-03
 6.88389e+03  2.45794e-03
 6.88415e+03  2.52017e-03
 6.88441e+03  2.35522e-03
 6.88467e+03  2.38773e-03
 6.88494e+03  2.41184e-03
 6.88520e+03  2.37808e-03
 6.88546e+03  2.37927e-03
 6.88572e+03  2.33719e-03
 6.88598e+03  2.36371e-03
 6.88624e+03  2.36880e-03
 6.88650e+03  2.37172e-03
 6.88676e+03  2.24032e-03
 6.88703e+03  2.23414e-03
 6.88729e+03  2.26426e-03
 6.88755e+03  2.33164e-03
 6.88781e+03  2.19340e-03
 6.88807e+03  2.23904e-03
 6.88833e+03  2.22088e-03
 6.88859e+03  2.16731e-03
 6.88885e+03  2.11791e-03
 6.88912e+03  2.02705e-03
 6.88938e+03  2.19705e-03
 6.88964e+03  2.14120e-03
 6.88990e+03  2.12230e-03
 6.89016e+03  2.12034e-03
 6.89042e+03  2.16953e-03
 6.89068e+03  2.14109e-03
 6.89095e+03  1.99813e-03
 6.89121e+03  2.02694e-03
 6.89147e+03  2.06822e-03
 6.89173e+03  1.93272e-03
 6.89199e+03  1.95604e-03
 6.89225e+03  1.99478e-03
 6.89251e+03  1.97464e-03
 6.89277e+03  1.97708e-03
 6.89304e+03  1.97809e-03
 6.89330e+03  2.01881e-03
 6.89356e+03  1.93204e-03
 6.89382e+03  1.98875e-03
 6.89408e+03  1.94510e-03
 6.89434e+03  1.98336e-03
 6.89460e+03  1.94334e-03
 6.89487e+03  1.90668e-03
 6.89513e+03  1.89073e-03
 6.89539e+03  1.83929e-03
 6.89565e+03  1.81421e-03
 6.89591e+03  1.82730e-03
 6.89617e+03  1.88500e-03
 6.89643e+03  1.73267e-03
 6.89669e+03  1.79871e-03
 6.89696e+03  1.82127e-03
 6.89722e+03  1.76045e-03
 6.89748e+03  1.83320e-03
 6.89774e+03  1.81658e-03
 6.89800e+03  1.78918e-03
 6.89826e+03  1.77341e-03
 6.89852e+03  1.76497e-03
 6.89878e+03  1.70330e-03
 6.89905e+03  1.70437e-03
 6.89931e+03  1.70132e-03
 6.89957e+03  1.71464e-03
 6.89983e+03  1.72850e-03
 6.90009e+03  1.72566e-03
