   3891.306     -5.4760324E-07
   3896.371     -4.5307615E-08
   3901.436      4.5698800E-07
   3906.501      9.5928362E-07
   3911.567      1.4615794E-06
   3916.633      1.9638749E-06
   3921.699      2.4661706E-06
   3926.765      2.9684661E-06
   3931.832      3.4707618E-06
   3936.898      3.9730576E-06
   3941.965      4.4753529E-06
   3947.032      4.9776486E-06
   3952.100      5.4799443E-06
   3957.167      5.9822401E-06
   3962.235      6.4845353E-06
   3967.303      6.9868311E-06
   3972.371      7.4891268E-06
   3977.440      7.9914225E-06
   3982.508      8.4937183E-06
   3987.577      8.9960140E-06
   3992.646      9.4983088E-06
   3997.716      1.0000605E-05
   4002.785      1.0502900E-05
   4007.855      1.1005196E-05
   4012.925      1.1507492E-05
   4017.995      1.2009787E-05
   4023.065      1.2512083E-05
   4028.136      1.3014379E-05
   4033.207      1.3516674E-05
   4038.278      1.4018970E-05
   4043.349      1.4521265E-05
   4048.421      1.5023561E-05
   4053.493      1.5525857E-05
   4058.565      1.6028152E-05
   4063.637      1.6530448E-05
   4068.709      1.7032744E-05
   4073.782      1.7535040E-05
   4078.855      1.8037335E-05
   4083.928      1.8539631E-05
   4089.001      1.9041927E-05
   4094.074      1.9544221E-05
   4099.148      2.0046517E-05
   4104.222      2.0548812E-05
   4109.296      2.1051108E-05
   4114.371      2.1553404E-05
   4119.445      2.2055699E-05
   4124.520      2.2557995E-05
   4129.595      2.3060291E-05
   4134.670      2.3562587E-05
   4139.746      2.4064882E-05
   4144.822      2.4567178E-05
   4149.897      2.5069474E-05
   4154.974      2.5571770E-05
   4160.050      2.6074065E-05
   4165.126      2.6576361E-05
   4170.204      2.7078657E-05
   4175.280      2.7580951E-05
   4180.358      2.8083246E-05
   4185.435      2.8585542E-05
   4190.513      2.9087838E-05
   4195.591      2.9590134E-05
   4200.669      3.0092429E-05
   4205.747      3.0594725E-05
   4210.826      3.1097021E-05
   4215.904      3.1599317E-05
   4220.983      3.2101612E-05
   4226.063      3.2603908E-05
   4231.142      3.3106204E-05
   4236.222      3.3608500E-05
   4241.302      3.4110795E-05
   4246.382      3.4613091E-05
   4251.462      3.5115387E-05
   4256.542      3.5617682E-05
   4261.624      3.6119978E-05
   4266.705      3.6622274E-05
   4271.786      3.7124570E-05
   4276.867      3.7626865E-05
   4281.949      3.8129161E-05
   4287.030      3.8631457E-05
   4292.112      3.9133753E-05
   4297.195      3.9636045E-05
   4302.277      4.0138340E-05
   4307.360      4.0640636E-05
   4312.443      4.1142932E-05
   4317.526      4.1645228E-05
   4322.609      4.2147523E-05
   4327.693      4.2649819E-05
   4332.777      4.3152115E-05
   4337.861      4.3654411E-05
   4342.945      4.4156706E-05
   4348.030      4.4659002E-05
   4353.115      4.5161298E-05
   4358.200      4.5663593E-05
   4363.285      4.6165889E-05
   4368.370      4.6668185E-05
   4373.456      4.7170481E-05
   4378.542      4.7672776E-05
   4383.627      4.8175072E-05
   4388.714      4.8677368E-05
   4393.800      4.9179664E-05
   4398.887      4.9681959E-05
   4403.974      5.0184255E-05
   4409.061      5.0686551E-05
   4414.148      5.1188847E-05
   4419.236      5.1691142E-05
   4424.324      5.2193438E-05
   4429.412      5.2695734E-05
   4434.500      5.3198029E-05
   4439.588      5.3700325E-05
   4444.677      5.4202621E-05
   4449.766      5.4704917E-05
   4454.855      5.5207212E-05
   4459.944      5.5709505E-05
   4465.034      5.6211800E-05
   4470.124      5.6714096E-05
   4475.213      5.7216392E-05
   4480.304      5.7718687E-05
   4485.394      5.8220983E-05
   4490.485      5.8723279E-05
   4495.576      5.9225575E-05
   4500.667      5.9727870E-05
   4505.758      6.0230166E-05
   4510.850      6.0732462E-05
   4515.941      6.1234758E-05
   4521.033      6.1737053E-05
   4526.125      6.2239349E-05
   4531.218      6.2741645E-05
   4536.311      6.3243941E-05
   4541.403      6.3746236E-05
   4546.497      6.4248532E-05
   4551.590      6.4750828E-05
   4556.683      6.5253123E-05
   4561.777      6.5755419E-05
   4566.871      6.6257715E-05
   4571.965      6.6760011E-05
   4577.060      6.7262306E-05
   4582.154      6.7764602E-05
   4587.249      6.8266898E-05
   4592.344      6.8769194E-05
   4597.439      6.9271489E-05
   4602.535      6.9773785E-05
   4607.630      7.0276081E-05
   4612.726      7.0778377E-05
   4617.822      7.1280672E-05
   4622.919      7.1782968E-05
   4628.015      7.2285264E-05
   4633.112      7.2787559E-05
   4638.209      7.3289855E-05
   4643.306      7.3792151E-05
   4648.404      7.4294447E-05
   4653.501      7.4796742E-05
   4658.600      7.5299038E-05
   4663.698      7.5801334E-05
   4668.796      7.6303630E-05
   4673.895      7.6805925E-05
   4678.993      7.7308221E-05
   4684.092      7.7810517E-05
   4689.191      7.8312813E-05
   4694.291      7.8815108E-05
   4699.391      7.9317404E-05
   4704.490      7.9819692E-05
   4709.590      8.0321988E-05
   4714.691      8.0824284E-05
   4719.792      8.1326580E-05
   4724.892      8.1828875E-05
   4729.993      8.2331171E-05
   4735.094      8.2833467E-05
   4740.196      8.3335763E-05
   4745.297      8.3838058E-05
   4750.399      8.4340354E-05
   4755.501      8.4842650E-05
   4760.604      8.5344946E-05
   4765.706      8.5847241E-05
   4770.809      8.6349537E-05
   4775.912      8.6851833E-05
   4781.015      8.7354128E-05
   4786.118      8.7856424E-05
   4791.222      8.8358720E-05
   4796.326      8.8861016E-05
   4801.430      8.9363311E-05
   4806.534      2.6633963E-05
   4811.639      4.3988228E-05
   4816.743      6.2810257E-05
   4821.848      8.3096325E-05
   4826.953      1.0484643E-04
   4832.059      1.2806244E-04
   4837.164      1.5274808E-04
   4842.270      1.7889403E-04
   4847.376      2.0650774E-04
   4852.482      2.3558550E-04
   4857.589      2.6613288E-04
   4862.696      2.9814057E-04
   4867.802      3.3161603E-04
   4872.910      3.6655925E-04
   4878.017      4.0296465E-04
   4883.125      4.4083595E-04
   4888.232      4.8017316E-04
   4893.340      5.2097812E-04
   4898.449      5.6324713E-04
   4903.557      6.0698017E-04
   4908.666      6.5217912E-04
   4913.774      6.9884583E-04
   4918.884      7.4697472E-04
   4923.993      7.9657137E-04
   4929.103      8.4763207E-04
   4934.212      9.0016052E-04
   4939.322      9.5415302E-04
   4944.433      1.0096096E-03
   4949.543      1.0665357E-03
   4954.653      1.1249240E-03
   4959.764      1.1847783E-03
   4964.875      1.2460966E-03
   4969.987      1.3088845E-03
   4975.098      1.3731346E-03
   4980.210      1.4388505E-03
   4985.322      1.5060324E-03
   4990.434      1.5746821E-03
   4995.547      1.6447939E-03
   5000.659      1.7163716E-03
   5005.772      1.7894153E-03
   5010.885      1.8639266E-03
   5015.999      2.1153218E-03
   5021.112      2.3237478E-03
   5026.226      2.7101161E-03
   5031.340      3.4448039E-03
   5036.454      4.8503098E-03
   5041.568      7.5085619E-03
   5046.683      1.2408826E-02
   5051.797      2.1110563E-02
   5056.913      3.5799254E-02
   5062.028      5.9113912E-02
   5067.144      9.3607008E-02
   5072.259      0.1408773    
   5077.375      0.2005993    
   5082.491      0.2699124    
   5087.607      0.3436086    
   5092.724      0.4152594    
   5097.841      0.4789191    
   5102.958      0.5306745    
   5108.075      0.5693536    
   5113.192      0.5961637    
   5118.310      0.6135893    
   5123.428      0.6241864    
   5128.546      0.6298007    
   5133.665      0.6313692    
   5138.783      0.6291246    
   5143.902      0.6228821    
   5149.021      0.6121749    
   5154.140      0.5962089    
   5159.259      0.5737747    
   5164.379      0.5433474    
   5169.499      0.5035334    
   5174.619      0.4537895    
   5179.739      0.3951408    
   5184.860      0.3304796    
   5189.981      0.2642068    
   5195.102      0.2012544    
   5200.223      0.1458827    
   5205.344      0.1007467    
   5210.466      6.6567004E-02
   5215.588      4.2425621E-02
   5220.710      2.6428210E-02
   5225.832      1.6402135E-02
   5230.955      1.0396994E-02
   5236.078      6.9167069E-03
   5241.201      4.9380958E-03
   5246.324      3.8188267E-03
   5251.447      3.1782971E-03
   5256.571      2.7992222E-03
   5261.694      2.5615979E-03
   5266.818      2.4012201E-03
   5271.943      1.8866323E-03
   5277.067      1.8185675E-03
   5282.192      1.7515682E-03
   5287.317      1.6856305E-03
   5292.442      1.6207583E-03
   5297.567      1.5569553E-03
   5302.693      1.4942139E-03
   5307.819      1.4325343E-03
   5312.945      1.3719238E-03
   5318.071      1.3123751E-03
   5323.198      1.2538955E-03
   5328.324      1.1964776E-03
   5333.451      1.1401251E-03
   5338.578      1.0848381E-03
   5343.706      1.0306127E-03
   5348.833      9.7745657E-04
   5353.961      9.2536211E-04
   5359.089      8.7433308E-04
   5364.217      8.2436949E-04
   5369.346      7.7547505E-04
   5374.475      7.2764233E-04
   5379.603      6.8087131E-04
   5384.732      6.3516572E-04
   5389.862      5.9052557E-04
   5394.991      5.4695085E-04
   5400.121      5.0444156E-04
   5405.251      4.6299398E-04
   5410.381      4.2261556E-04
   5415.512      3.8329884E-04
   5420.642      3.4504756E-04
   5425.773      3.0786172E-04
   5430.904      2.7174130E-04
   5436.036      2.3668259E-04
   5441.167      2.0269305E-04
   5446.299      1.6976520E-04
   5451.431      1.3790280E-04
   5456.563      1.0710582E-04
   5461.695      7.7370554E-05
   5466.828      4.8704445E-05
   5471.961     -3.5613775E-06
   5477.094     -3.5613775E-06
   5482.227     -3.5613775E-06
   5487.361     -3.5613775E-06
   5492.495     -3.5613775E-06
   5497.628     -3.5613775E-06
   5502.762     -3.5613775E-06
   5507.897     -3.5613775E-06
   5513.031     -3.5613775E-06
   5518.167     -3.5613775E-06
   5523.301     -3.5613775E-06
   5528.437     -3.5613775E-06
   5533.572     -3.5613775E-06
   5538.708     -3.5613775E-06
   5543.844     -3.5613775E-06
   5548.980     -3.5613775E-06
   5554.116     -3.5613775E-06
   5559.253     -3.5613775E-06
   5564.390     -3.5613775E-06
   5569.526     -3.5613775E-06
   5574.664     -3.5613775E-06
   5579.801     -3.5613775E-06
   5584.939     -3.5613775E-06
   5590.077     -3.5613775E-06
   5595.215     -3.5613775E-06
   5600.354     -3.5613775E-06
   5605.492     -3.5613775E-06
   5610.631     -3.5613775E-06
   5615.770     -3.5613775E-06
   5620.909     -3.5613775E-06
   5626.048     -3.5613775E-06
   5631.188     -3.5613775E-06
   5636.328     -3.5613775E-06
   5641.468     -3.5613775E-06
   5646.608     -3.5613775E-06
   5651.749     -3.5613775E-06
   5656.890     -3.5613775E-06
   5662.031     -3.5613775E-06
   5667.172     -3.5613775E-06
   5672.313     -3.5613775E-06
   5677.455     -3.5613775E-06
   5682.597     -3.5613775E-06
   5687.739     -3.5613775E-06
   5692.881     -3.5613775E-06
   5698.023     -3.5613775E-06
   5703.166     -3.5613775E-06
   5708.309     -3.5613775E-06
   5713.452     -3.5613775E-06
   5718.596     -3.5613775E-06
   5723.739     -3.5613775E-06
   5728.883     -3.5613775E-06
   5734.027     -3.5613775E-06
   5739.171     -3.5613775E-06
   5744.316     -3.5613775E-06
   5749.461     -3.5613775E-06
   5754.605     -3.5613775E-06
   5759.751     -3.5613775E-06
   5764.896     -3.5613775E-06
   5770.042     -3.5613775E-06
   5775.188     -3.5613775E-06
   5780.333     -3.5613775E-06
   5785.480     -3.5613775E-06
   5790.626     -3.5613775E-06
   5795.773     -3.5613775E-06
   5800.920     -3.5613775E-06
   5806.067     -3.5613775E-06
   5811.214     -3.5613775E-06
   5816.362     -3.5613775E-06
   5821.510     -3.5613775E-06
   5826.658     -3.5613775E-06
   5831.806     -3.5613775E-06
   5836.955     -3.5613775E-06
   5842.103     -3.5613775E-06
   5847.252     -3.5613775E-06
   5852.401     -3.5613775E-06
   5857.550     -3.5613775E-06
   5862.700     -3.5613775E-06
   5867.850     -3.5613775E-06
   5873.000     -3.5613775E-06
   5878.150     -3.5613775E-06
   5883.300     -3.5613775E-06
   5888.451     -3.5613775E-06
   5893.602     -3.5613775E-06
   5898.753     -3.5613775E-06
   5903.904     -3.5613775E-06
   5909.056     -3.5613775E-06
   5914.208     -3.5613775E-06
   5919.359     -3.5613775E-06
   5924.512     -3.5613775E-06
   5929.664     -3.5613775E-06
   5934.817     -3.5613775E-06
   5939.970     -3.5613775E-06
   5945.123     -3.5613775E-06
   5950.276     -3.5613775E-06
   5955.430     -3.5613775E-06
   5960.583     -3.5613775E-06
   5965.737     -3.5613775E-06
   5970.891     -3.5613775E-06
   5976.046     -3.5613775E-06
   5981.200     -3.5613775E-06
   5986.355     -3.5613775E-06
   5991.510     -3.5613775E-06
   5996.666     -3.5613775E-06
   6001.821     -3.5613775E-06
   6006.977     -3.5613775E-06
   6012.132     -3.5613775E-06
   6017.289     -3.5613775E-06
   6022.445     -3.5613775E-06
   6027.602     -3.5613775E-06
   6032.758     -3.5613775E-06
   6037.916     -3.5613775E-06
   6043.073     -3.5613775E-06
   6048.230     -3.5613775E-06
   6053.388     -3.5613775E-06
   6058.545     -3.5613775E-06
   6063.704     -3.5613775E-06
   6068.862     -3.5613775E-06
   6074.021     -3.5613775E-06
   6079.180     -3.5613775E-06
   6084.338     -3.5613775E-06
   6089.498     -3.5613775E-06
   6094.657     -3.5613775E-06
   6099.817     -3.5613775E-06
   6104.977     -3.5613775E-06
   6110.137     -3.5613775E-06
   6115.297     -3.5613775E-06
   6120.458     -3.5613775E-06
   6125.618     -3.5613775E-06
   6130.779     -3.5613775E-06
   6135.940     -3.5613775E-06
   6141.102     -3.5613775E-06
   6146.264     -3.5613775E-06
   6151.426     -3.5613775E-06
   6156.587     -3.5613775E-06
   6161.750     -3.5613775E-06
   6166.913     -3.5613775E-06
   6172.075     -3.5613775E-06
   6177.238     -3.5613775E-06
   6182.401     -3.5613775E-06
   6187.564     -3.5613775E-06
   6192.728     -3.5613775E-06
   6197.892     -3.5613775E-06
   6203.056     -3.5613775E-06
   6208.220     -3.5613775E-06
   6213.385     -3.5613775E-06
   6218.550     -3.5613775E-06
   6223.714     -3.5613775E-06
   6228.880     -3.5613775E-06
   6234.045     -3.5613775E-06
   6239.210     -3.5613775E-06
   6244.376     -3.5613775E-06
   6249.542     -3.5613775E-06
   6254.709     -3.5613775E-06
   6259.875     -3.5613775E-06
   6265.042     -3.5613775E-06
   6270.209     -3.5613775E-06
   6275.376     -3.5613775E-06
   6280.543     -3.5613775E-06
   6285.711     -3.5613775E-06
   6290.878     -3.5613775E-06
   6296.047     -3.5613775E-06
   6301.215     -3.5613775E-06
   6306.383     -3.5613775E-06
   6311.552     -3.5613775E-06
   6316.721     -3.5613775E-06
   6321.890     -3.5613775E-06
   6327.059     -3.5613775E-06
   6332.229     -3.5613775E-06
   6337.398     -3.5613775E-06
   6342.569     -3.5613775E-06
   6347.739     -3.5613775E-06
   6352.909     -3.5613775E-06
   6358.080     -3.5613775E-06
   6363.251     -3.5613775E-06
   6368.422     -3.5613775E-06
   6373.593     -3.5613775E-06
   6378.765     -3.5613775E-06
   6383.937     -3.5613775E-06
   6389.108     -3.5613775E-06
   6394.280     -3.5613775E-06
   6399.453     -3.5613775E-06
   6404.625     -3.5613775E-06
   6409.798     -3.5613775E-06
   6414.972     -3.5613775E-06
   6420.145     -3.5613775E-06
   6425.318     -3.5613775E-06
   6430.492     -3.5613775E-06
   6435.666     -3.5613775E-06
   6440.840     -3.5613775E-06
   6446.015     -3.5613775E-06
   6451.189     -3.5613775E-06
   6456.364     -3.5613775E-06
   6461.539     -3.5613775E-06
   6466.714     -3.5613775E-06
   6471.890     -3.5613775E-06
   6477.065     -3.5613775E-06
   6482.241     -3.5613775E-06
   6487.417     -3.5613775E-06
   6492.594     -3.5613775E-06
   6497.771     -3.5613775E-06
   6502.947     -3.5613775E-06
   6508.125     -3.5613775E-06
   6513.302     -3.5613775E-06
   6518.479     -3.5613775E-06
   6523.657     -3.5613775E-06
   6528.834     -3.5613775E-06
   6534.013     -3.5613775E-06
   6539.191     -3.5613775E-06
   6544.370     -3.5613775E-06
   6549.548     -3.5613775E-06
   6554.728     -3.5613775E-06
   6559.907     -3.5613775E-06
   6565.086     -3.5613775E-06
   6570.266     -3.5613775E-06
   6575.446     -3.5613775E-06
   6580.625     -3.5613775E-06
   6585.806     -3.5613775E-06
   6590.986     -3.5613775E-06
   6596.167     -3.5613775E-06
   6601.348     -3.5613775E-06
   6606.529     -3.5613775E-06
   6611.711     -3.5613775E-06
   6616.893     -3.5613775E-06
   6622.074     -3.5613775E-06
   6627.256     -3.5613775E-06
   6632.439     -3.5613775E-06
   6637.621     -3.5613775E-06
   6642.804     -3.5613775E-06
   6647.987     -3.5613775E-06
   6653.170     -3.5613775E-06
   6658.354     -3.5613775E-06
   6663.537     -3.5613775E-06
   6668.721     -3.5613775E-06
   6673.905     -3.5613775E-06
   6679.089     -3.5613775E-06
   6684.273     -3.5613775E-06
   6689.458     -3.5613775E-06
   6694.644     -3.5613775E-06
   6699.829     -3.5613775E-06
   6705.014     -3.5613775E-06
   6710.200     -3.5613775E-06
   6715.385     -3.5613775E-06
   6720.571     -3.5613775E-06
   6725.758     -3.5613775E-06
   6730.944     -3.5613775E-06
   6736.131     -3.5613775E-06
   6741.317     -3.5613775E-06
   6746.505     -3.5613775E-06
   6751.692     -3.5613775E-06
   6756.880     -3.5613775E-06
   6762.067     -3.5613775E-06
   6767.256     -3.5613775E-06
   6772.444     -3.5613775E-06
   6777.632     -3.5613775E-06
   6782.821     -3.5613775E-06
   6788.010     -3.5613775E-06
   6793.199     -3.5613775E-06
   6798.388     -3.5613775E-06
   6803.578     -3.5613775E-06
   6808.768     -3.5613775E-06
   6813.958     -3.5613775E-06
   6819.147     -3.5613775E-06
   6824.338     -3.5613775E-06
   6829.529     -3.5613775E-06
   6834.720     -3.5613775E-06
   6839.911     -3.5613775E-06
   6845.102     -3.5613775E-06
   6850.293     -3.5613775E-06
   6855.485     -3.5613775E-06
   6860.677     -3.5613775E-06
   6865.869     -3.5613775E-06
   6871.062     -3.5613775E-06
   6876.254     -3.5613775E-06
   6881.447     -3.5613775E-06
   6886.640     -3.5613775E-06
   6891.834     -3.5613775E-06
   6897.027     -3.5613775E-06
   6902.221     -3.5613775E-06
   6907.415     -3.5613775E-06
   6912.609     -3.5613775E-06
   6917.803     -3.5613775E-06
   6922.998     -3.5613775E-06
   6928.193     -3.5613775E-06
   6933.388     -3.5613775E-06
   6938.583     -3.5613775E-06
   6943.778     -3.5613775E-06
   6948.975     -3.5613775E-06
   6954.170     -3.5613775E-06
   6959.367     -3.5613775E-06
   6964.563     -3.5613775E-06
   6969.759     -3.5613775E-06
   6974.956     -3.5613775E-06
   6980.153     -3.5613775E-06
   6985.351     -3.5613775E-06
   6990.548     -3.5613775E-06
   6995.746     -3.5613775E-06
   7000.943     -3.5613775E-06
   7006.142     -3.5613775E-06
   7011.340     -3.5613775E-06
   7016.539     -3.5613775E-06
   7021.737     -3.5613775E-06
   7026.937     -3.5613775E-06
   7032.135     -3.5613775E-06
   7037.335     -3.5613775E-06
   7042.535     -3.5613775E-06
   7047.734     -3.5613775E-06
   7052.935     -3.5613775E-06
   7058.135     -3.5613775E-06
   7063.335     -3.5613775E-06
   7068.536     -3.5613775E-06
   7073.737     -3.5613775E-06
   7078.938     -3.5613775E-06
   7084.140     -3.5613775E-06
   7089.341     -3.5613775E-06
   7094.543     -3.5613775E-06
   7099.745     -3.5613775E-06
   7104.948     -3.5613775E-06
   7110.150     -3.5613775E-06
   7115.353     -3.5613775E-06
   7120.556     -3.5613775E-06
   7125.759     -3.5613775E-06
   7130.962     -3.5613775E-06
   7136.166     -3.5613775E-06
   7141.370     -3.5613775E-06
   7146.574     -3.5613775E-06
   7151.778     -3.5613775E-06
   7156.982     -3.5613775E-06
   7162.188     -3.5613775E-06
   7167.392     -3.5613775E-06
   7172.598     -3.5613775E-06
   7177.803     -3.5613775E-06
   7183.008     -3.5613775E-06
   7188.214     -3.5613775E-06
   7193.420     -3.5613775E-06
   7198.626     -3.5613775E-06
   7203.833     -3.5613775E-06
   7209.040     -3.5613775E-06
   7214.247     -3.5613775E-06
   7219.454     -3.5613775E-06
   7224.661     -3.5613775E-06
   7229.869     -3.5613775E-06
   7235.076     -3.5613775E-06
   7240.285     -3.5613775E-06
   7245.493     -3.5613775E-06
   7250.701     -3.5613775E-06
   7255.910     -3.5613775E-06
   7261.119     -3.5613775E-06
   7266.328     -3.5613775E-06
   7271.537     -3.5613775E-06
   7276.747     -3.5613775E-06
   7281.956     -3.5613775E-06
   7287.167     -3.5613775E-06
   7292.376     -3.5613775E-06
   7297.587     -3.5613775E-06
   7302.798     -3.5613775E-06
   7308.009     -3.5613775E-06
   7313.220     -3.5613775E-06
   7318.431     -3.5613775E-06
   7323.643     -3.5613775E-06
   7328.854     -3.5613775E-06
   7334.066     -3.5613775E-06
   7339.278     -3.5613775E-06
   7344.491     -3.5613775E-06
   7349.703     -3.5613775E-06
   7354.917     -3.5613775E-06
   7360.129     -3.5613775E-06
   7365.343     -3.5613775E-06
   7370.556     -3.5613775E-06
   7375.770     -3.5613775E-06
   7380.984     -3.5613775E-06
   7386.198     -3.5613775E-06
   7391.412     -3.5613775E-06
   7396.627     -3.5613775E-06
   7401.842     -3.5613775E-06
   7407.057     -3.5613775E-06
   7412.272     -3.5613775E-06
   7417.487     -3.5613775E-06
   7422.703     -3.5613775E-06
   7427.919     -3.5613775E-06
   7433.135     -3.5613775E-06
   7438.352     -3.5613775E-06
   7443.568     -3.5613775E-06
   7448.785     -3.5613775E-06
   7454.002     -3.5613775E-06
   7459.219     -3.5613775E-06
   7464.437     -3.5613775E-06
   7469.654     -3.5613775E-06
   7474.872     -3.5613775E-06
   7480.090     -3.5613775E-06
   7485.309     -3.5613775E-06
   7490.527     -3.5613775E-06
   7495.746     -3.5613775E-06
   7500.965     -3.5613775E-06
   7506.184     -3.5613775E-06
   7511.404     -3.5613775E-06
   7516.624     -3.5613775E-06
   7521.843     -3.5613775E-06
   7527.063     -3.5613775E-06
   7532.284     -3.5613775E-06
   7537.504     -3.5613775E-06
   7542.725     -3.5613775E-06
   7547.946     -3.5613775E-06
   7553.167     -3.5613775E-06
   7558.389     -3.5613775E-06
   7563.610     -3.5613775E-06
   7568.832     -3.5613775E-06
   7574.054     -3.5613775E-06
   7579.277     -3.5613775E-06
   7584.499     -3.5613775E-06
   7589.722     -3.5613775E-06
   7594.945     -3.5613775E-06
   7600.168     -3.5613775E-06
   7605.391     -3.5613775E-06
   7610.615     -3.5613775E-06
   7615.839     -3.5613775E-06
   7621.063     -3.5613775E-06
   7626.287     -3.5613775E-06
   7631.511     -3.5613775E-06
   7636.736     -3.5613775E-06
   7641.961     -3.5613775E-06
   7647.187     -3.5613775E-06
   7652.412     -3.5613775E-06
   7657.638     -3.5613775E-06
   7662.863     -3.5613775E-06
   7668.089     -3.5613775E-06
   7673.315     -3.5613775E-06
   7678.542     -3.5613775E-06
   7683.769     -3.5613775E-06
   7688.996     -3.5613775E-06
   7694.223     -3.5613775E-06
   7699.450     -3.5613775E-06
   7704.678     -3.5613775E-06
   7709.905     -3.5613775E-06
   7715.133     -3.5613775E-06
   7720.361     -3.5613775E-06
   7725.590     -3.5613775E-06
   7730.819     -3.5613775E-06
   7736.048     -3.5613775E-06
   7741.277     -3.5613775E-06
   7746.506     -3.5613775E-06
   7751.736     -3.5613775E-06
   7756.965     -3.5613775E-06
   7762.195     -3.5613775E-06
   7767.425     -3.5613775E-06
   7772.656     -3.5613775E-06
   7777.887     -3.5613775E-06
   7783.118     -3.5613775E-06
   7788.349     -3.5613775E-06
   7793.580     -3.5613775E-06
   7798.812     -3.5613775E-06
   7804.043     -3.5613775E-06
   7809.275     -3.5613775E-06
   7814.507     -3.5613775E-06
   7819.740     -3.5613775E-06
   7824.972     -3.5613775E-06
   7830.205     -3.5613775E-06
   7835.438     -3.5613775E-06
   7840.672     -3.5613775E-06
   7845.905     -3.5613775E-06
   7851.139     -3.5613775E-06
   7856.373     -3.5613775E-06
   7861.607     -3.5613775E-06
   7866.841     -3.5613775E-06
   7872.076     -3.5613775E-06
   7877.311     -3.5613775E-06
   7882.545     -3.5613775E-06
   7887.781     -3.5613775E-06
   7893.016     -3.5613775E-06
   7898.252     -3.5613775E-06
   7903.488     -3.5613775E-06
   7908.724     -3.5613775E-06
   7913.960     -3.5613775E-06
   7919.197     -3.5613775E-06
   7924.434     -3.5613775E-06
   7929.671     -3.5613775E-06
   7934.908     -3.5613775E-06
   7940.146     -3.5613775E-06
   7945.383     -3.5613775E-06
   7950.621     -3.5613775E-06
   7955.859     -3.5613775E-06
   7961.098     -3.5613775E-06
   7966.336     -3.5613775E-06
   7971.575     -3.5613775E-06
   7976.814     -3.5613775E-06
   7982.053     -3.5613775E-06
   7987.293     -3.5613775E-06
   7992.532     -3.5613775E-06
   7997.772     -3.5613775E-06
   8003.012     -3.5613775E-06
   8008.253     -3.5613775E-06
   8013.493     -3.5613775E-06
   8018.734     -3.5613775E-06
   8023.975     -3.5613775E-06
   8029.216     -3.5613775E-06
   8034.458     -3.5613775E-06
   8039.699     -3.5613775E-06
   8044.941     -3.5613775E-06
   8050.183     -3.5613775E-06
   8055.425     -3.5613775E-06
   8060.668     -3.5613775E-06
   8065.911     -3.5613775E-06
   8071.153     -3.5613775E-06
   8076.397     -3.5613775E-06
   8081.640     -3.5613775E-06
   8086.884     -3.5613775E-06
   8092.127     -3.5613775E-06
   8097.372     -3.5613775E-06
   8102.616     -3.5613775E-06
   8107.860     -3.5613775E-06
   8113.105     -3.5613775E-06
   8118.350     -3.5613775E-06
   8123.595     -3.5613775E-06
   8128.840     -3.5613775E-06
   8134.086     -3.5613775E-06
   8139.332     -3.5613775E-06
   8144.578     -3.5613775E-06
   8149.824     -3.5613775E-06
   8155.071     -3.5613775E-06
   8160.317     -3.5613775E-06
   8165.564     -3.5613775E-06
   8170.812     -3.5613775E-06
   8176.059     -3.5613775E-06
   8181.307     -3.5613775E-06
   8186.554     -3.5613775E-06
   8191.802     -3.5613775E-06
   8197.051     -3.5613775E-06
   8202.299     -3.5613775E-06
   8207.548     -3.5613775E-06
   8212.797     -3.5613775E-06
   8218.046     -3.5613775E-06
   8223.295     -3.5613775E-06
   8228.545     -3.5613775E-06
   8233.794     -3.5613775E-06
   8239.045     -3.5613775E-06
   8244.295     -3.5613775E-06
   8249.545     -3.5613775E-06
   8254.796     -3.5613775E-06
   8260.047     -3.5613775E-06
   8265.298     -3.5613775E-06
   8270.549     -3.5613775E-06
   8275.801     -3.5613775E-06
   8281.053     -3.5613775E-06
   8286.305     -3.5613775E-06
   8291.557     -3.5613775E-06
   8296.809     -3.5613775E-06
   8302.062     -3.5613775E-06
   8307.314     -3.5613775E-06
   8312.567     -3.5613775E-06
   8317.820     -3.5613775E-06
   8323.074     -3.5613775E-06
   8328.328     -3.5613775E-06
   8333.582     -3.5613775E-06
   8338.836     -3.5613775E-06
   8344.091     -3.5613775E-06
   8349.345     -3.5613775E-06
   8354.600     -3.5613775E-06
   8359.855     -3.5613775E-06
   8365.110     -3.5613775E-06
   8370.365     -3.5613775E-06
   8375.621     -3.5613775E-06
   8380.877     -3.5613775E-06
   8386.134     -3.5613775E-06
   8391.390     -3.5613775E-06
   8396.646     -3.5613775E-06
   8401.903     -3.5613775E-06
   8407.160     -3.5613775E-06
   8412.417     -3.5613775E-06
   8417.675     -3.5613775E-06
   8422.933     -3.5613775E-06
   8428.190     -3.5613775E-06
   8433.448     -3.5613775E-06
   8438.707     -3.5613775E-06
   8443.966     -3.5613775E-06
   8449.224     -3.5613775E-06
   8454.483     -3.5613775E-06
   8459.742     -3.5613775E-06
   8465.002     -3.5613775E-06
   8470.262     -3.5613775E-06
   8475.521     -3.5613775E-06
   8480.781     -3.5613775E-06
   8486.042     -3.5613775E-06
   8491.303     -3.5613775E-06
   8496.563     -3.5613775E-06
   8501.824     -3.5613775E-06
   8507.085     -3.5613775E-06
   8512.347     -3.5613775E-06
   8517.608     -3.5613775E-06
   8522.870     -3.5613775E-06
   8528.132     -3.5613775E-06
   8533.395     -3.5613775E-06
   8538.657     -3.5613775E-06
   8543.920     -3.5613775E-06
   8549.183     -3.5613775E-06
   8554.446     -3.5613775E-06
   8559.709     -3.5613775E-06
   8564.974     -3.5613775E-06
   8570.237     -3.5613775E-06
   8575.501     -3.5613775E-06
   8580.766     -3.5613775E-06
   8586.029     -3.5613775E-06
   8591.295     -3.5613775E-06
   8596.560     -3.5613775E-06
   8601.824     -3.5613775E-06
   8607.090     -3.5613775E-06
   8612.355     -3.5613775E-06
   8617.621     -3.5613775E-06
   8622.888     -3.5613775E-06
   8628.153     -3.5613775E-06
   8633.420     -3.5613775E-06
   8638.687     -3.5613775E-06
   8643.953     -3.5613775E-06
   8649.221     -3.5613775E-06
   8654.488     -3.5613775E-06
   8659.756     -3.5613775E-06
   8665.023     -3.5613775E-06
   8670.292     -3.5613775E-06
   8675.560     -3.5613775E-06
   8680.828     -3.5613775E-06
   8686.097     -3.5613775E-06
   8691.366     -3.5613775E-06
   8696.635     -3.5613775E-06
   8701.904     -3.5613775E-06
   8707.174     -3.5613775E-06
   8712.443     -3.5613775E-06
   8717.714     -3.5613775E-06
   8722.983     -3.5613775E-06
   8728.254     -3.5613775E-06
   8733.524     -3.5613775E-06
   8738.796     -3.5613775E-06
   8744.066     -3.5613775E-06
   8749.338     -3.5613775E-06
   8754.609     -3.5613775E-06
   8759.882     -3.5613775E-06
   8765.153     -3.5613775E-06
   8770.426     -3.5613775E-06
   8775.698     -3.5613775E-06
   8780.971     -3.5613775E-06
   8786.243     -3.5613775E-06
   8791.517     -3.5613775E-06
   8796.790     -3.5613775E-06
   8802.063     -3.5613775E-06
   8807.337     -3.5613775E-06
   8812.610     -3.5613775E-06
   8817.885     -3.5613775E-06
   8823.159     -3.5613775E-06
   8828.435     -3.5613775E-06
   8833.709     -3.5613775E-06
   8838.984     -3.5613775E-06
   8844.259     -3.5613775E-06
   8849.534     -3.5613775E-06
   8854.811     -3.5613775E-06
   8860.086     -3.5613775E-06
   8865.362     -3.5613775E-06
   8870.639     -3.5613775E-06
   8875.915     -3.5613775E-06
   8881.192     -3.5613775E-06
   8886.470     -3.5613775E-06
   8891.746     -3.5613775E-06
   8897.024     -3.5613775E-06
   8902.302     -3.5613775E-06
   8907.580     -3.5613775E-06
   8912.857     -3.5613775E-06
   8918.136     -3.5613775E-06
   8923.415     -3.5613775E-06
   8928.693     -3.5613775E-06
   8933.973     -3.5613775E-06
   8939.251     -3.5613775E-06
   8944.531     -3.5613775E-06
   8949.811     -3.5613775E-06
   8955.091     -3.5613775E-06
   8960.370     -3.5613775E-06
   8965.651     -3.5613775E-06
   8970.932     -3.5613775E-06
   8976.213     -3.5613775E-06
   8981.493     -3.5613775E-06
   8986.774     -3.5613775E-06
   8992.056     -3.5613775E-06
   8997.337     -3.5613775E-06
   9002.619     -3.5613775E-06
   9007.901     -3.5613775E-06
   9013.184     -3.5613775E-06
   9018.466     -3.5613775E-06
   9023.749     -3.5613775E-06
   9029.032     -3.5613775E-06
   9034.315     -3.5613775E-06
   9039.599     -3.5613775E-06
   9044.882     -3.5613775E-06
   9050.166     -3.5613775E-06
   9055.450     -3.5613775E-06
   9060.734     -3.5613775E-06
   9066.019     -3.5613775E-06
   9071.304     -3.5613775E-06
   9076.588     -3.5613775E-06
   9081.874     -3.5613775E-06
   9087.159     -3.5613775E-06
   9092.444     -3.5613775E-06
   9097.730     -3.5613775E-06
   9103.017     -3.5613775E-06
   9108.303     -3.5613775E-06
   9113.589     -3.5613775E-06
   9118.876     -3.5613775E-06
   9124.162     -3.5613775E-06
   9129.450     -3.5613775E-06
   9134.737     -3.5613775E-06
   9140.024     -3.5613775E-06
   9145.313     -3.5613775E-06
   9150.601     -3.5613775E-06
   9155.889     -3.5613775E-06
   9161.178     -3.5613775E-06
   9166.466     -3.5613775E-06
   9171.755     -3.5613775E-06
   9177.044     -3.5613775E-06
   9182.333     -3.5613775E-06
   9187.623     -3.5613775E-06
