 6.10025e+03  3.81507e-03
 6.10051e+03  3.87684e-03
 6.10077e+03  3.90603e-03
 6.10103e+03  3.75858e-03
 6.10129e+03  3.88683e-03
 6.10156e+03  3.91515e-03
 6.10182e+03  3.86078e-03
 6.10208e+03  3.85967e-03
 6.10234e+03  3.77501e-03
 6.10260e+03  3.81065e-03
 6.10286e+03  4.02127e-03
 6.10312e+03  4.03230e-03
 6.10338e+03  3.91186e-03
 6.10364e+03  4.16830e-03
 6.10390e+03  4.17695e-03
 6.10416e+03  4.16464e-03
 6.10442e+03  3.93839e-03
 6.10468e+03  4.27900e-03
 6.10494e+03  4.24302e-03
 6.10520e+03  4.35121e-03
 6.10546e+03  4.17664e-03
 6.10573e+03  4.30681e-03
 6.10599e+03  4.29524e-03
 6.10625e+03  4.35704e-03
 6.10651e+03  4.50102e-03
 6.10677e+03  4.32063e-03
 6.10703e+03  4.30213e-03
 6.10729e+03  4.47480e-03
 6.10755e+03  4.56312e-03
 6.10781e+03  4.57873e-03
 6.10807e+03  4.56250e-03
 6.10833e+03  4.52760e-03
 6.10859e+03  4.58790e-03
 6.10885e+03  4.63296e-03
 6.10911e+03  4.69747e-03
 6.10937e+03  4.58012e-03
 6.10963e+03  4.76380e-03
 6.10989e+03  4.69450e-03
 6.11016e+03  4.74772e-03
 6.11042e+03  4.81279e-03
 6.11068e+03  4.99835e-03
 6.11094e+03  4.88965e-03
 6.11120e+03  4.82160e-03
 6.11146e+03  4.73608e-03
 6.11172e+03  5.11405e-03
 6.11198e+03  5.12732e-03
 6.11224e+03  5.03698e-03
 6.11250e+03  5.07785e-03
 6.11276e+03  5.08443e-03
 6.11302e+03  5.05833e-03
 6.11328e+03  5.26877e-03
 6.11354e+03  5.21131e-03
 6.11380e+03  5.17194e-03
 6.11406e+03  5.32275e-03
 6.11432e+03  5.24680e-03
 6.11459e+03  5.45004e-03
 6.11485e+03  5.34531e-03
 6.11511e+03  5.54114e-03
 6.11537e+03  5.45900e-03
 6.11563e+03  5.50335e-03
 6.11589e+03  5.68944e-03
 6.11615e+03  5.41818e-03
 6.11641e+03  5.65851e-03
 6.11667e+03  5.89211e-03
 6.11693e+03  5.77511e-03
 6.11719e+03  5.75197e-03
 6.11745e+03  5.81321e-03
 6.11771e+03  6.02821e-03
 6.11797e+03  5.85631e-03
 6.11823e+03  6.02721e-03
 6.11849e+03  5.98365e-03
 6.11875e+03  6.02512e-03
 6.11902e+03  6.21607e-03
 6.11928e+03  6.00889e-03
 6.11954e+03  6.14023e-03
 6.11980e+03  6.37159e-03
 6.12006e+03  6.24670e-03
 6.12032e+03  6.36235e-03
 6.12058e+03  6.39048e-03
 6.12084e+03  6.41704e-03
 6.12110e+03  6.43044e-03
 6.12136e+03  6.51520e-03
 6.12162e+03  6.62997e-03
 6.12188e+03  6.83830e-03
 6.12214e+03  6.76116e-03
 6.12240e+03  6.70023e-03
 6.12266e+03  6.90875e-03
 6.12292e+03  6.88694e-03
 6.12319e+03  6.97262e-03
 6.12345e+03  7.13673e-03
 6.12371e+03  7.11391e-03
 6.12397e+03  7.17984e-03
 6.12423e+03  7.12846e-03
 6.12449e+03  7.18533e-03
 6.12475e+03  7.35229e-03
 6.12501e+03  7.46508e-03
 6.12527e+03  7.51783e-03
 6.12553e+03  7.60531e-03
 6.12579e+03  7.65447e-03
 6.12605e+03  7.57455e-03
 6.12631e+03  7.74071e-03
 6.12657e+03  7.82027e-03
 6.12683e+03  7.92849e-03
 6.12709e+03  8.09811e-03
 6.12735e+03  8.06849e-03
 6.12762e+03  8.02625e-03
 6.12788e+03  8.08647e-03
 6.12814e+03  8.19676e-03
 6.12840e+03  8.24955e-03
 6.12866e+03  8.24317e-03
 6.12892e+03  8.74702e-03
 6.12918e+03  8.65505e-03
 6.12944e+03  8.61008e-03
 6.12970e+03  8.61209e-03
 6.12996e+03  9.19266e-03
 6.13022e+03  8.88287e-03
 6.13048e+03  8.97581e-03
 6.13074e+03  9.12553e-03
 6.13100e+03  9.47663e-03
 6.13126e+03  9.47670e-03
 6.13152e+03  9.50429e-03
 6.13179e+03  9.49736e-03
 6.13205e+03  9.68493e-03
 6.13231e+03  9.82474e-03
 6.13257e+03  9.84548e-03
 6.13283e+03  1.01306e-02
 6.13309e+03  9.99982e-03
 6.13335e+03  1.01661e-02
 6.13361e+03  1.03230e-02
 6.13387e+03  1.03780e-02
 6.13413e+03  1.04306e-02
 6.13439e+03  1.05427e-02
 6.13465e+03  1.05931e-02
 6.13491e+03  1.09033e-02
 6.13517e+03  1.09225e-02
 6.13543e+03  1.10639e-02
 6.13569e+03  1.13366e-02
 6.13595e+03  1.13581e-02
 6.13622e+03  1.14742e-02
 6.13648e+03  1.16319e-02
 6.13674e+03  1.19139e-02
 6.13700e+03  1.18074e-02
 6.13726e+03  1.19591e-02
 6.13752e+03  1.20387e-02
 6.13778e+03  1.22609e-02
 6.13804e+03  1.24580e-02
 6.13830e+03  1.25908e-02
 6.13856e+03  1.26449e-02
 6.13882e+03  1.29628e-02
 6.13908e+03  1.31027e-02
 6.13934e+03  1.32869e-02
 6.13960e+03  1.34250e-02
 6.13986e+03  1.34808e-02
 6.14012e+03  1.35647e-02
 6.14038e+03  1.36177e-02
 6.14065e+03  1.41086e-02
 6.14091e+03  1.43519e-02
 6.14117e+03  1.43075e-02
 6.14143e+03  1.44443e-02
 6.14169e+03  1.46048e-02
 6.14195e+03  1.46269e-02
 6.14221e+03  1.51597e-02
 6.14247e+03  1.53398e-02
 6.14273e+03  1.56357e-02
 6.14299e+03  1.54961e-02
 6.14325e+03  1.56898e-02
 6.14351e+03  1.60684e-02
 6.14377e+03  1.62937e-02
 6.14403e+03  1.63306e-02
 6.14429e+03  1.66269e-02
 6.14455e+03  1.66164e-02
 6.14481e+03  1.72334e-02
 6.14508e+03  1.73355e-02
 6.14534e+03  1.77779e-02
 6.14560e+03  1.77060e-02
 6.14586e+03  1.79424e-02
 6.14612e+03  1.81333e-02
 6.14638e+03  1.85701e-02
 6.14664e+03  1.86949e-02
 6.14690e+03  1.90226e-02
 6.14716e+03  1.93111e-02
 6.14742e+03  1.96090e-02
 6.14768e+03  1.97835e-02
 6.14794e+03  2.02845e-02
 6.14820e+03  2.05890e-02
 6.14846e+03  2.07676e-02
 6.14872e+03  2.08696e-02
 6.14898e+03  2.12725e-02
 6.14925e+03  2.13274e-02
 6.14951e+03  2.22362e-02
 6.14977e+03  2.18907e-02
 6.15003e+03  2.24242e-02
 6.15029e+03  2.29273e-02
 6.15055e+03  2.34622e-02
 6.15081e+03  2.36056e-02
 6.15107e+03  2.40002e-02
 6.15133e+03  2.45100e-02
 6.15159e+03  2.46487e-02
 6.15185e+03  2.52916e-02
 6.15211e+03  2.53768e-02
 6.15237e+03  2.56608e-02
 6.15263e+03  2.62962e-02
 6.15289e+03  2.64839e-02
 6.15315e+03  2.67689e-02
 6.15342e+03  2.71819e-02
 6.15368e+03  2.78376e-02
 6.15394e+03  2.85041e-02
 6.15420e+03  2.86459e-02
 6.15446e+03  2.92525e-02
 6.15472e+03  2.94737e-02
 6.15498e+03  3.02714e-02
 6.15524e+03  3.08037e-02
 6.15550e+03  3.10423e-02
 6.15576e+03  3.17443e-02
 6.15602e+03  3.22325e-02
 6.15628e+03  3.24488e-02
 6.15654e+03  3.30910e-02
 6.15680e+03  3.33934e-02
 6.15706e+03  3.40928e-02
 6.15732e+03  3.47434e-02
 6.15758e+03  3.49433e-02
 6.15785e+03  3.59019e-02
 6.15811e+03  3.64017e-02
 6.15837e+03  3.67226e-02
 6.15863e+03  3.79605e-02
 6.15889e+03  3.83538e-02
 6.15915e+03  3.87281e-02
 6.15941e+03  3.97949e-02
 6.15967e+03  4.02058e-02
 6.15993e+03  4.08802e-02
 6.16019e+03  4.21455e-02
 6.16045e+03  4.24178e-02
 6.16071e+03  4.31756e-02
 6.16097e+03  4.39156e-02
 6.16123e+03  4.48142e-02
 6.16149e+03  4.51405e-02
 6.16175e+03  4.64194e-02
 6.16201e+03  4.73442e-02
 6.16228e+03  4.76730e-02
 6.16254e+03  4.87091e-02
 6.16280e+03  4.94723e-02
 6.16306e+03  5.00821e-02
 6.16332e+03  5.11992e-02
 6.16358e+03  5.20493e-02
 6.16384e+03  5.36156e-02
 6.16410e+03  5.41217e-02
 6.16436e+03  5.51653e-02
 6.16462e+03  5.59422e-02
 6.16488e+03  5.70260e-02
 6.16514e+03  5.87664e-02
 6.16540e+03  5.97817e-02
 6.16566e+03  6.04219e-02
 6.16592e+03  6.16967e-02
 6.16618e+03  6.29483e-02
 6.16644e+03  6.45051e-02
 6.16671e+03  6.52320e-02
 6.16697e+03  6.63434e-02
 6.16723e+03  6.81007e-02
 6.16749e+03  6.92583e-02
 6.16775e+03  7.01325e-02
 6.16801e+03  7.20828e-02
 6.16827e+03  7.33153e-02
 6.16853e+03  7.43617e-02
 6.16879e+03  7.50961e-02
 6.16905e+03  7.76864e-02
 6.16931e+03  7.85406e-02
 6.16957e+03  8.07849e-02
 6.16983e+03  8.23714e-02
 6.17009e+03  8.31929e-02
 6.17035e+03  8.46910e-02
 6.17061e+03  8.66068e-02
 6.17088e+03  8.85983e-02
 6.17114e+03  9.02021e-02
 6.17140e+03  9.16976e-02
 6.17166e+03  9.40883e-02
 6.17192e+03  9.62760e-02
 6.17218e+03  9.76424e-02
 6.17244e+03  1.00272e-01
 6.17270e+03  1.02221e-01
 6.17296e+03  1.03268e-01
 6.17322e+03  1.05793e-01
 6.17348e+03  1.08018e-01
 6.17374e+03  1.09914e-01
 6.17400e+03  1.12032e-01
 6.17426e+03  1.13796e-01
 6.17452e+03  1.16733e-01
 6.17478e+03  1.19337e-01
 6.17504e+03  1.20598e-01
 6.17531e+03  1.23585e-01
 6.17557e+03  1.26796e-01
 6.17583e+03  1.28864e-01
 6.17609e+03  1.31425e-01
 6.17635e+03  1.33952e-01
 6.17661e+03  1.36274e-01
 6.17687e+03  1.40196e-01
 6.17713e+03  1.42276e-01
 6.17739e+03  1.44671e-01
 6.17765e+03  1.48172e-01
 6.17791e+03  1.51393e-01
 6.17817e+03  1.54264e-01
 6.17843e+03  1.57634e-01
 6.17869e+03  1.61783e-01
 6.17895e+03  1.64612e-01
 6.17921e+03  1.67067e-01
 6.17947e+03  1.70711e-01
 6.17974e+03  1.74391e-01
 6.18000e+03  1.77850e-01
 6.18026e+03  1.81851e-01
 6.18052e+03  1.85346e-01
 6.18078e+03  1.88348e-01
 6.18104e+03  1.93153e-01
 6.18130e+03  1.96512e-01
 6.18156e+03  1.99847e-01
 6.18182e+03  2.05233e-01
 6.18208e+03  2.08366e-01
 6.18234e+03  2.11904e-01
 6.18260e+03  2.17554e-01
 6.18286e+03  2.20267e-01
 6.18312e+03  2.24172e-01
 6.18338e+03  2.28844e-01
 6.18364e+03  2.34276e-01
 6.18390e+03  2.38994e-01
 6.18417e+03  2.43528e-01
 6.18443e+03  2.47392e-01
 6.18469e+03  2.53649e-01
 6.18495e+03  2.56503e-01
 6.18521e+03  2.62504e-01
 6.18547e+03  2.66619e-01
 6.18573e+03  2.72497e-01
 6.18599e+03  2.76739e-01
 6.18625e+03  2.82851e-01
 6.18651e+03  2.88344e-01
 6.18677e+03  2.93768e-01
 6.18703e+03  2.98265e-01
 6.18729e+03  3.04952e-01
 6.18755e+03  3.09614e-01
 6.18781e+03  3.14822e-01
 6.18807e+03  3.21991e-01
 6.18833e+03  3.26244e-01
 6.18860e+03  3.33569e-01
 6.18886e+03  3.37771e-01
 6.18912e+03  3.42620e-01
 6.18938e+03  3.50082e-01
 6.18964e+03  3.55726e-01
 6.18990e+03  3.62775e-01
 6.19016e+03  3.67880e-01
 6.19042e+03  3.72702e-01
 6.19068e+03  3.80134e-01
 6.19094e+03  3.85453e-01
 6.19120e+03  3.91637e-01
 6.19146e+03  3.97486e-01
 6.19172e+03  4.03848e-01
 6.19198e+03  4.09415e-01
 6.19224e+03  4.15943e-01
 6.19250e+03  4.21625e-01
 6.19277e+03  4.28243e-01
 6.19303e+03  4.35717e-01
 6.19329e+03  4.41232e-01
 6.19355e+03  4.46707e-01
 6.19381e+03  4.53027e-01
 6.19407e+03  4.59687e-01
 6.19433e+03  4.64295e-01
 6.19459e+03  4.70798e-01
 6.19485e+03  4.75002e-01
 6.19511e+03  4.80965e-01
 6.19537e+03  4.88201e-01
 6.19563e+03  4.94033e-01
 6.19589e+03  5.00770e-01
 6.19615e+03  5.07637e-01
 6.19641e+03  5.12893e-01
 6.19667e+03  5.17763e-01
 6.19694e+03  5.23028e-01
 6.19720e+03  5.28193e-01
 6.19746e+03  5.33071e-01
 6.19772e+03  5.39710e-01
 6.19798e+03  5.44888e-01
 6.19824e+03  5.49503e-01
 6.19850e+03  5.55888e-01
 6.19876e+03  5.59941e-01
 6.19902e+03  5.66032e-01
 6.19928e+03  5.68230e-01
 6.19954e+03  5.75956e-01
 6.19980e+03  5.81127e-01
 6.20006e+03  5.86657e-01
 6.20032e+03  5.89851e-01
 6.20058e+03  5.93780e-01
 6.20084e+03  5.96784e-01
 6.20110e+03  6.01984e-01
 6.20137e+03  6.08710e-01
 6.20163e+03  6.12629e-01
 6.20189e+03  6.14592e-01
 6.20215e+03  6.18698e-01
 6.20241e+03  6.21656e-01
 6.20267e+03  6.26192e-01
 6.20293e+03  6.30726e-01
 6.20319e+03  6.33877e-01
 6.20345e+03  6.37830e-01
 6.20371e+03  6.39230e-01
 6.20397e+03  6.42437e-01
 6.20423e+03  6.45555e-01
 6.20449e+03  6.48089e-01
 6.20475e+03  6.50963e-01
 6.20501e+03  6.55160e-01
 6.20527e+03  6.57462e-01
 6.20553e+03  6.59925e-01
 6.20580e+03  6.62302e-01
 6.20606e+03  6.64362e-01
 6.20632e+03  6.66875e-01
 6.20658e+03  6.68635e-01
 6.20684e+03  6.71909e-01
 6.20710e+03  6.72621e-01
 6.20736e+03  6.75416e-01
 6.20762e+03  6.79637e-01
 6.20788e+03  6.78692e-01
 6.20814e+03  6.80172e-01
 6.20840e+03  6.80818e-01
 6.20866e+03  6.82788e-01
 6.20892e+03  6.84306e-01
 6.20918e+03  6.86807e-01
 6.20944e+03  6.87839e-01
 6.20970e+03  6.89861e-01
 6.20996e+03  6.91292e-01
 6.21023e+03  6.91001e-01
 6.21049e+03  6.93289e-01
 6.21075e+03  6.94841e-01
 6.21101e+03  6.93682e-01
 6.21127e+03  6.95209e-01
 6.21153e+03  6.96879e-01
 6.21179e+03  6.96607e-01
 6.21205e+03  6.98744e-01
 6.21231e+03  7.00298e-01
 6.21257e+03  6.98219e-01
 6.21283e+03  7.00110e-01
 6.21309e+03  7.00145e-01
 6.21335e+03  7.01105e-01
 6.21361e+03  7.03162e-01
 6.21387e+03  7.03492e-01
 6.21413e+03  7.01713e-01
 6.21440e+03  7.04412e-01
 6.21466e+03  7.02080e-01
 6.21492e+03  7.02968e-01
 6.21518e+03  7.01652e-01
 6.21544e+03  7.05299e-01
 6.21570e+03  7.04243e-01
 6.21596e+03  7.02692e-01
 6.21622e+03  7.04526e-01
 6.21648e+03  7.05832e-01
 6.21674e+03  7.06537e-01
 6.21700e+03  7.05832e-01
 6.21726e+03  7.05479e-01
 6.21752e+03  7.06110e-01
 6.21778e+03  7.05162e-01
 6.21804e+03  7.08007e-01
 6.21830e+03  7.05946e-01
 6.21856e+03  7.06980e-01
 6.21883e+03  7.08253e-01
 6.21909e+03  7.06399e-01
 6.21935e+03  7.07079e-01
 6.21961e+03  7.05158e-01
 6.21987e+03  7.06991e-01
 6.22013e+03  7.07711e-01
 6.22039e+03  7.07426e-01
 6.22065e+03  7.07000e-01
 6.22091e+03  7.05746e-01
 6.22117e+03  7.07252e-01
 6.22143e+03  7.06834e-01
 6.22169e+03  7.08760e-01
 6.22195e+03  7.06237e-01
 6.22221e+03  7.06665e-01
 6.22247e+03  7.06513e-01
 6.22273e+03  7.07569e-01
 6.22300e+03  7.07605e-01
 6.22326e+03  7.08665e-01
 6.22352e+03  7.07878e-01
 6.22378e+03  7.06619e-01
 6.22404e+03  7.07333e-01
 6.22430e+03  7.07360e-01
 6.22456e+03  7.05989e-01
 6.22482e+03  7.06233e-01
 6.22508e+03  7.06644e-01
 6.22534e+03  7.05614e-01
 6.22560e+03  7.06246e-01
 6.22586e+03  7.05786e-01
 6.22612e+03  7.04912e-01
 6.22638e+03  7.06478e-01
 6.22664e+03  7.05474e-01
 6.22690e+03  7.06244e-01
 6.22716e+03  7.07583e-01
 6.22743e+03  7.05727e-01
 6.22769e+03  7.07531e-01
 6.22795e+03  7.07707e-01
 6.22821e+03  7.06193e-01
 6.22847e+03  7.05717e-01
 6.22873e+03  7.06644e-01
 6.22899e+03  7.06477e-01
 6.22925e+03  7.07849e-01
 6.22951e+03  7.06056e-01
 6.22977e+03  7.04346e-01
 6.23003e+03  7.05275e-01
 6.23029e+03  7.05411e-01
 6.23055e+03  7.05952e-01
 6.23081e+03  7.05243e-01
 6.23107e+03  7.05896e-01
 6.23133e+03  7.07871e-01
 6.23159e+03  7.06757e-01
 6.23186e+03  7.06160e-01
 6.23212e+03  7.08557e-01
 6.23238e+03  7.06342e-01
 6.23264e+03  7.08544e-01
 6.23290e+03  7.05572e-01
 6.23316e+03  7.07388e-01
 6.23342e+03  7.06402e-01
 6.23368e+03  7.07117e-01
 6.23394e+03  7.04593e-01
 6.23420e+03  7.04325e-01
 6.23446e+03  7.05513e-01
 6.23472e+03  7.04370e-01
 6.23498e+03  7.03528e-01
 6.23524e+03  7.04375e-01
 6.23550e+03  7.05245e-01
 6.23576e+03  7.01898e-01
 6.23602e+03  7.05465e-01
 6.23629e+03  7.06327e-01
 6.23655e+03  7.06242e-01
 6.23681e+03  7.05806e-01
 6.23707e+03  7.06448e-01
 6.23733e+03  7.04515e-01
 6.23759e+03  7.03455e-01
 6.23785e+03  7.06118e-01
 6.23811e+03  7.04526e-01
 6.23837e+03  7.04470e-01
 6.23863e+03  7.02457e-01
 6.23889e+03  7.05551e-01
 6.23915e+03  7.04773e-01
 6.23941e+03  7.02863e-01
 6.23967e+03  7.05321e-01
 6.23993e+03  7.02901e-01
 6.24019e+03  7.04687e-01
 6.24046e+03  7.02522e-01
 6.24072e+03  7.01673e-01
 6.24098e+03  7.01152e-01
 6.24124e+03  7.01554e-01
 6.24150e+03  7.00472e-01
 6.24176e+03  7.00505e-01
 6.24202e+03  7.01580e-01
 6.24228e+03  7.01812e-01
 6.24254e+03  7.01564e-01
 6.24280e+03  6.98913e-01
 6.24306e+03  7.01939e-01
 6.24332e+03  7.02123e-01
 6.24358e+03  6.99877e-01
 6.24384e+03  7.01786e-01
 6.24410e+03  7.00720e-01
 6.24436e+03  6.99201e-01
 6.24462e+03  6.98875e-01
 6.24489e+03  6.97673e-01
 6.24515e+03  6.98631e-01
 6.24541e+03  6.97405e-01
 6.24567e+03  6.98686e-01
 6.24593e+03  6.95900e-01
 6.24619e+03  6.97472e-01
 6.24645e+03  6.95369e-01
 6.24671e+03  6.97132e-01
 6.24697e+03  6.95684e-01
 6.24723e+03  6.94291e-01
 6.24749e+03  6.97354e-01
 6.24775e+03  6.93974e-01
 6.24801e+03  6.95193e-01
 6.24827e+03  6.93536e-01
 6.24853e+03  6.93742e-01
 6.24879e+03  6.93954e-01
 6.24906e+03  6.92317e-01
 6.24932e+03  6.90840e-01
 6.24958e+03  6.92745e-01
 6.24984e+03  6.91551e-01
 6.25010e+03  6.91302e-01
 6.25036e+03  6.89939e-01
 6.25062e+03  6.90360e-01
 6.25088e+03  6.90730e-01
 6.25114e+03  6.90098e-01
 6.25140e+03  6.88386e-01
 6.25166e+03  6.87715e-01
 6.25192e+03  6.86977e-01
 6.25218e+03  6.87327e-01
 6.25244e+03  6.85811e-01
 6.25270e+03  6.87950e-01
 6.25296e+03  6.85387e-01
 6.25322e+03  6.85556e-01
 6.25349e+03  6.85332e-01
 6.25375e+03  6.82442e-01
 6.25401e+03  6.84242e-01
 6.25427e+03  6.84691e-01
 6.25453e+03  6.83394e-01
 6.25479e+03  6.81730e-01
 6.25505e+03  6.82555e-01
 6.25531e+03  6.82833e-01
 6.25557e+03  6.82176e-01
 6.25583e+03  6.80251e-01
 6.25609e+03  6.81048e-01
 6.25635e+03  6.79896e-01
 6.25661e+03  6.79751e-01
 6.25687e+03  6.80638e-01
 6.25713e+03  6.79500e-01
 6.25739e+03  6.78934e-01
 6.25765e+03  6.77489e-01
 6.25792e+03  6.78867e-01
 6.25818e+03  6.77372e-01
 6.25844e+03  6.77254e-01
 6.25870e+03  6.75752e-01
 6.25896e+03  6.75849e-01
 6.25922e+03  6.77332e-01
 6.25948e+03  6.74543e-01
 6.25974e+03  6.75463e-01
 6.26000e+03  6.74598e-01
 6.26026e+03  6.76310e-01
 6.26052e+03  6.74477e-01
 6.26078e+03  6.74842e-01
 6.26104e+03  6.74741e-01
 6.26130e+03  6.74446e-01
 6.26156e+03  6.73777e-01
 6.26182e+03  6.75514e-01
 6.26208e+03  6.73781e-01
 6.26235e+03  6.74047e-01
 6.26261e+03  6.71520e-01
 6.26287e+03  6.73290e-01
 6.26313e+03  6.72795e-01
 6.26339e+03  6.74411e-01
 6.26365e+03  6.71521e-01
 6.26391e+03  6.71198e-01
 6.26417e+03  6.71238e-01
 6.26443e+03  6.70884e-01
 6.26469e+03  6.72076e-01
 6.26495e+03  6.73976e-01
 6.26521e+03  6.71936e-01
 6.26547e+03  6.71073e-01
 6.26573e+03  6.71005e-01
 6.26599e+03  6.71511e-01
 6.26625e+03  6.71903e-01
 6.26652e+03  6.71794e-01
 6.26678e+03  6.72528e-01
 6.26704e+03  6.73013e-01
 6.26730e+03  6.76086e-01
 6.26756e+03  6.72703e-01
 6.26782e+03  6.74209e-01
 6.26808e+03  6.74030e-01
 6.26834e+03  6.72366e-01
 6.26860e+03  6.72361e-01
 6.26886e+03  6.74263e-01
 6.26912e+03  6.73473e-01
 6.26938e+03  6.74731e-01
 6.26964e+03  6.74519e-01
 6.26990e+03  6.73966e-01
 6.27016e+03  6.74495e-01
 6.27042e+03  6.76511e-01
 6.27068e+03  6.76892e-01
 6.27095e+03  6.79274e-01
 6.27121e+03  6.76486e-01
 6.27147e+03  6.75552e-01
 6.27173e+03  6.75026e-01
 6.27199e+03  6.77100e-01
 6.27225e+03  6.75800e-01
 6.27251e+03  6.79364e-01
 6.27277e+03  6.80461e-01
 6.27303e+03  6.79192e-01
 6.27329e+03  6.80530e-01
 6.27355e+03  6.81078e-01
 6.27381e+03  6.80246e-01
 6.27407e+03  6.83895e-01
 6.27433e+03  6.81940e-01
 6.27459e+03  6.82093e-01
 6.27485e+03  6.82620e-01
 6.27512e+03  6.85329e-01
 6.27538e+03  6.82644e-01
 6.27564e+03  6.82209e-01
 6.27590e+03  6.83793e-01
 6.27616e+03  6.83974e-01
 6.27642e+03  6.86193e-01
 6.27668e+03  6.87191e-01
 6.27694e+03  6.85176e-01
 6.27720e+03  6.88643e-01
 6.27746e+03  6.87670e-01
 6.27772e+03  6.89980e-01
 6.27798e+03  6.89191e-01
 6.27824e+03  6.90446e-01
 6.27850e+03  6.90195e-01
 6.27876e+03  6.91764e-01
 6.27902e+03  6.90665e-01
 6.27928e+03  6.92087e-01
 6.27955e+03  6.92485e-01
 6.27981e+03  6.92840e-01
 6.28007e+03  6.94588e-01
 6.28033e+03  6.92851e-01
 6.28059e+03  6.95625e-01
 6.28085e+03  6.94431e-01
 6.28111e+03  6.92500e-01
 6.28137e+03  6.94063e-01
 6.28163e+03  6.95448e-01
 6.28189e+03  6.93738e-01
 6.28215e+03  6.97299e-01
 6.28241e+03  6.96899e-01
 6.28267e+03  6.93443e-01
 6.28293e+03  6.94325e-01
 6.28319e+03  6.94214e-01
 6.28345e+03  6.94190e-01
 6.28371e+03  6.94938e-01
 6.28398e+03  6.92887e-01
 6.28424e+03  6.95471e-01
 6.28450e+03  6.94615e-01
 6.28476e+03  6.92428e-01
 6.28502e+03  6.92449e-01
 6.28528e+03  6.90799e-01
 6.28554e+03  6.91661e-01
 6.28580e+03  6.90545e-01
 6.28606e+03  6.91596e-01
 6.28632e+03  6.87819e-01
 6.28658e+03  6.85690e-01
 6.28684e+03  6.88094e-01
 6.28710e+03  6.87460e-01
 6.28736e+03  6.83363e-01
 6.28762e+03  6.82724e-01
 6.28788e+03  6.81501e-01
 6.28815e+03  6.79407e-01
 6.28841e+03  6.78091e-01
 6.28867e+03  6.75685e-01
 6.28893e+03  6.75104e-01
 6.28919e+03  6.71078e-01
 6.28945e+03  6.67662e-01
 6.28971e+03  6.67551e-01
 6.28997e+03  6.63950e-01
 6.29023e+03  6.63365e-01
 6.29049e+03  6.60356e-01
 6.29075e+03  6.56984e-01
 6.29101e+03  6.54304e-01
 6.29127e+03  6.49660e-01
 6.29153e+03  6.48068e-01
 6.29179e+03  6.43306e-01
 6.29205e+03  6.37749e-01
 6.29231e+03  6.36083e-01
 6.29258e+03  6.31699e-01
 6.29284e+03  6.26940e-01
 6.29310e+03  6.23182e-01
 6.29336e+03  6.17306e-01
 6.29362e+03  6.13118e-01
 6.29388e+03  6.10659e-01
 6.29414e+03  6.04878e-01
 6.29440e+03  6.01406e-01
 6.29466e+03  5.96434e-01
 6.29492e+03  5.90436e-01
 6.29518e+03  5.85308e-01
 6.29544e+03  5.77354e-01
 6.29570e+03  5.75647e-01
 6.29596e+03  5.69070e-01
 6.29622e+03  5.63145e-01
 6.29648e+03  5.57392e-01
 6.29674e+03  5.51062e-01
 6.29701e+03  5.45988e-01
 6.29727e+03  5.38305e-01
 6.29753e+03  5.33416e-01
 6.29779e+03  5.27785e-01
 6.29805e+03  5.21701e-01
 6.29831e+03  5.14246e-01
 6.29857e+03  5.08153e-01
 6.29883e+03  5.01664e-01
 6.29909e+03  4.94869e-01
 6.29935e+03  4.88201e-01
 6.29961e+03  4.82516e-01
 6.29987e+03  4.73706e-01
 6.30013e+03  4.68142e-01
 6.30039e+03  4.60186e-01
 6.30065e+03  4.53864e-01
 6.30091e+03  4.46409e-01
 6.30117e+03  4.42349e-01
 6.30144e+03  4.33484e-01
 6.30170e+03  4.28382e-01
 6.30196e+03  4.22574e-01
 6.30222e+03  4.13347e-01
 6.30248e+03  4.07024e-01
 6.30274e+03  3.99909e-01
 6.30300e+03  3.92822e-01
 6.30326e+03  3.87768e-01
 6.30352e+03  3.80532e-01
 6.30378e+03  3.73465e-01
 6.30404e+03  3.68680e-01
 6.30430e+03  3.59084e-01
 6.30456e+03  3.55220e-01
 6.30482e+03  3.46642e-01
 6.30508e+03  3.41898e-01
 6.30534e+03  3.35376e-01
 6.30560e+03  3.30379e-01
 6.30587e+03  3.23068e-01
 6.30613e+03  3.16226e-01
 6.30639e+03  3.11210e-01
 6.30665e+03  3.05647e-01
 6.30691e+03  2.99994e-01
 6.30717e+03  2.92964e-01
 6.30743e+03  2.87403e-01
 6.30769e+03  2.81381e-01
 6.30795e+03  2.76795e-01
 6.30821e+03  2.70480e-01
 6.30847e+03  2.65677e-01
 6.30873e+03  2.60275e-01
 6.30899e+03  2.55195e-01
 6.30925e+03  2.49898e-01
 6.30951e+03  2.44737e-01
 6.30977e+03  2.39356e-01
 6.31004e+03  2.34633e-01
 6.31030e+03  2.29582e-01
 6.31056e+03  2.25698e-01
 6.31082e+03  2.21255e-01
 6.31108e+03  2.16131e-01
 6.31134e+03  2.11707e-01
 6.31160e+03  2.07183e-01
 6.31186e+03  2.02976e-01
 6.31212e+03  1.98314e-01
 6.31238e+03  1.94970e-01
 6.31264e+03  1.91028e-01
 6.31290e+03  1.86192e-01
 6.31316e+03  1.82057e-01
 6.31342e+03  1.78251e-01
 6.31368e+03  1.75468e-01
 6.31394e+03  1.71492e-01
 6.31421e+03  1.67535e-01
 6.31447e+03  1.64613e-01
 6.31473e+03  1.60990e-01
 6.31499e+03  1.57198e-01
 6.31525e+03  1.54746e-01
 6.31551e+03  1.51128e-01
 6.31577e+03  1.48227e-01
 6.31603e+03  1.45232e-01
 6.31629e+03  1.41962e-01
 6.31655e+03  1.38643e-01
 6.31681e+03  1.36139e-01
 6.31707e+03  1.33054e-01
 6.31733e+03  1.30719e-01
 6.31759e+03  1.27851e-01
 6.31785e+03  1.24474e-01
 6.31811e+03  1.22043e-01
 6.31837e+03  1.20050e-01
 6.31864e+03  1.17620e-01
 6.31890e+03  1.14917e-01
 6.31916e+03  1.12829e-01
 6.31942e+03  1.10239e-01
 6.31968e+03  1.08694e-01
 6.31994e+03  1.05623e-01
 6.32020e+03  1.03623e-01
 6.32046e+03  1.01732e-01
 6.32072e+03  9.98630e-02
 6.32098e+03  9.78395e-02
 6.32124e+03  9.55484e-02
 6.32150e+03  9.38679e-02
 6.32176e+03  9.13657e-02
 6.32202e+03  8.99761e-02
 6.32228e+03  8.80596e-02
 6.32254e+03  8.64139e-02
 6.32280e+03  8.51655e-02
 6.32307e+03  8.23929e-02
 6.32333e+03  8.16899e-02
 6.32359e+03  8.00647e-02
 6.32385e+03  7.81947e-02
 6.32411e+03  7.71867e-02
 6.32437e+03  7.59475e-02
 6.32463e+03  7.37920e-02
 6.32489e+03  7.23886e-02
 6.32515e+03  7.10340e-02
 6.32541e+03  6.98282e-02
 6.32567e+03  6.90269e-02
 6.32593e+03  6.68224e-02
 6.32619e+03  6.57465e-02
 6.32645e+03  6.45557e-02
 6.32671e+03  6.34149e-02
 6.32697e+03  6.23269e-02
 6.32723e+03  6.13440e-02
 6.32750e+03  6.00330e-02
 6.32776e+03  5.85835e-02
 6.32802e+03  5.75940e-02
 6.32828e+03  5.61203e-02
 6.32854e+03  5.58879e-02
 6.32880e+03  5.46084e-02
 6.32906e+03  5.35097e-02
 6.32932e+03  5.27121e-02
 6.32958e+03  5.16742e-02
 6.32984e+03  5.03844e-02
 6.33010e+03  5.02001e-02
 6.33036e+03  4.90474e-02
 6.33062e+03  4.79775e-02
 6.33088e+03  4.70268e-02
 6.33114e+03  4.62834e-02
 6.33140e+03  4.55750e-02
 6.33167e+03  4.42458e-02
 6.33193e+03  4.38846e-02
 6.33219e+03  4.33130e-02
 6.33245e+03  4.25153e-02
 6.33271e+03  4.18252e-02
 6.33297e+03  4.08791e-02
 6.33323e+03  4.01739e-02
 6.33349e+03  3.94942e-02
 6.33375e+03  3.87917e-02
 6.33401e+03  3.81522e-02
 6.33427e+03  3.75948e-02
 6.33453e+03  3.71435e-02
 6.33479e+03  3.58612e-02
 6.33505e+03  3.55629e-02
 6.33531e+03  3.51413e-02
 6.33557e+03  3.45086e-02
 6.33583e+03  3.42397e-02
 6.33610e+03  3.35602e-02
 6.33636e+03  3.27470e-02
 6.33662e+03  3.22604e-02
 6.33688e+03  3.15766e-02
 6.33714e+03  3.12179e-02
 6.33740e+03  3.07149e-02
 6.33766e+03  3.04880e-02
 6.33792e+03  2.95365e-02
 6.33818e+03  2.91084e-02
 6.33844e+03  2.88344e-02
 6.33870e+03  2.84278e-02
 6.33896e+03  2.76621e-02
 6.33922e+03  2.74857e-02
 6.33948e+03  2.73810e-02
 6.33974e+03  2.65390e-02
 6.34000e+03  2.60159e-02
 6.34027e+03  2.58094e-02
 6.34053e+03  2.57147e-02
 6.34079e+03  2.51736e-02
 6.34105e+03  2.47095e-02
 6.34131e+03  2.40937e-02
 6.34157e+03  2.37352e-02
 6.34183e+03  2.34469e-02
 6.34209e+03  2.33572e-02
 6.34235e+03  2.29099e-02
 6.34261e+03  2.27812e-02
 6.34287e+03  2.21906e-02
 6.34313e+03  2.18270e-02
 6.34339e+03  2.14509e-02
 6.34365e+03  2.14854e-02
 6.34391e+03  2.09277e-02
 6.34417e+03  2.09719e-02
 6.34443e+03  2.04233e-02
 6.34470e+03  2.00569e-02
 6.34496e+03  1.97005e-02
 6.34522e+03  1.95884e-02
 6.34548e+03  1.90825e-02
 6.34574e+03  1.89740e-02
 6.34600e+03  1.89266e-02
 6.34626e+03  1.82161e-02
 6.34652e+03  1.83256e-02
 6.34678e+03  1.81318e-02
 6.34704e+03  1.77145e-02
 6.34730e+03  1.73034e-02
 6.34756e+03  1.70915e-02
 6.34782e+03  1.70794e-02
 6.34808e+03  1.67031e-02
 6.34834e+03  1.65493e-02
 6.34860e+03  1.63531e-02
 6.34886e+03  1.59765e-02
 6.34913e+03  1.60895e-02
 6.34939e+03  1.58811e-02
 6.34965e+03  1.56949e-02
 6.34991e+03  1.52652e-02
 6.35017e+03  1.53783e-02
 6.35043e+03  1.49139e-02
 6.35069e+03  1.47400e-02
 6.35095e+03  1.45297e-02
 6.35121e+03  1.43266e-02
 6.35147e+03  1.41173e-02
 6.35173e+03  1.43026e-02
 6.35199e+03  1.41223e-02
 6.35225e+03  1.37090e-02
 6.35251e+03  1.34099e-02
 6.35277e+03  1.34106e-02
 6.35303e+03  1.32427e-02
 6.35329e+03  1.31223e-02
 6.35356e+03  1.27592e-02
 6.35382e+03  1.27481e-02
 6.35408e+03  1.25973e-02
 6.35434e+03  1.24170e-02
 6.35460e+03  1.24134e-02
 6.35486e+03  1.22300e-02
 6.35512e+03  1.20821e-02
 6.35538e+03  1.19753e-02
 6.35564e+03  1.17893e-02
 6.35590e+03  1.16110e-02
 6.35616e+03  1.12400e-02
 6.35642e+03  1.13561e-02
 6.35668e+03  1.12265e-02
 6.35694e+03  1.11700e-02
 6.35720e+03  1.10226e-02
 6.35746e+03  1.08802e-02
 6.35773e+03  1.07251e-02
 6.35799e+03  1.07715e-02
 6.35825e+03  1.06457e-02
 6.35851e+03  1.05026e-02
 6.35877e+03  1.02894e-02
 6.35903e+03  1.02163e-02
 6.35929e+03  1.01533e-02
 6.35955e+03  9.94592e-03
 6.35981e+03  9.96541e-03
 6.36007e+03  9.73109e-03
 6.36033e+03  9.62433e-03
 6.36059e+03  9.59091e-03
 6.36085e+03  9.44294e-03
 6.36111e+03  9.12816e-03
 6.36137e+03  9.24069e-03
 6.36163e+03  9.11798e-03
 6.36190e+03  9.13531e-03
 6.36216e+03  8.61431e-03
 6.36242e+03  8.78398e-03
 6.36268e+03  8.72572e-03
 6.36294e+03  8.57601e-03
 6.36320e+03  8.53915e-03
 6.36346e+03  8.59089e-03
 6.36372e+03  8.47890e-03
 6.36398e+03  8.36060e-03
 6.36424e+03  8.31040e-03
 6.36450e+03  8.07134e-03
 6.36476e+03  8.23236e-03
 6.36502e+03  8.13075e-03
 6.36528e+03  7.93652e-03
 6.36554e+03  7.85162e-03
 6.36580e+03  7.83543e-03
 6.36606e+03  7.93025e-03
 6.36633e+03  7.56419e-03
 6.36659e+03  7.58007e-03
 6.36685e+03  7.56057e-03
 6.36711e+03  7.52622e-03
 6.36737e+03  7.41343e-03
 6.36763e+03  7.29414e-03
 6.36789e+03  7.25406e-03
 6.36815e+03  7.14237e-03
 6.36841e+03  7.25915e-03
 6.36867e+03  7.02170e-03
 6.36893e+03  6.92730e-03
 6.36919e+03  7.02155e-03
 6.36945e+03  6.70036e-03
 6.36971e+03  6.78243e-03
 6.36997e+03  6.83511e-03
 6.37023e+03  6.60958e-03
 6.37049e+03  6.62504e-03
 6.37076e+03  6.57134e-03
 6.37102e+03  6.50932e-03
 6.37128e+03  6.42911e-03
 6.37154e+03  6.40306e-03
 6.37180e+03  6.36924e-03
 6.37206e+03  6.28641e-03
 6.37232e+03  6.26577e-03
 6.37258e+03  6.13458e-03
 6.37284e+03  6.14974e-03
 6.37310e+03  6.08547e-03
 6.37336e+03  5.99606e-03
 6.37362e+03  5.86194e-03
 6.37388e+03  5.99977e-03
 6.37414e+03  5.86262e-03
 6.37440e+03  5.93275e-03
 6.37466e+03  5.85332e-03
 6.37492e+03  5.82013e-03
 6.37519e+03  5.69198e-03
 6.37545e+03  5.66530e-03
 6.37571e+03  5.60274e-03
 6.37597e+03  5.51312e-03
 6.37623e+03  5.64553e-03
 6.37649e+03  5.42053e-03
 6.37675e+03  5.54189e-03
 6.37701e+03  5.42686e-03
 6.37727e+03  5.34921e-03
 6.37753e+03  5.44319e-03
 6.37779e+03  5.37794e-03
 6.37805e+03  5.32210e-03
 6.37831e+03  5.27632e-03
 6.37857e+03  5.13644e-03
 6.37883e+03  5.18329e-03
 6.37909e+03  5.11435e-03
 6.37935e+03  5.12005e-03
 6.37962e+03  4.94109e-03
 6.37988e+03  4.98796e-03
 6.38014e+03  4.96113e-03
 6.38040e+03  4.86660e-03
 6.38066e+03  4.74504e-03
 6.38092e+03  4.94231e-03
 6.38118e+03  4.84750e-03
 6.38144e+03  4.68676e-03
 6.38170e+03  4.68010e-03
 6.38196e+03  4.68688e-03
 6.38222e+03  4.71763e-03
 6.38248e+03  4.60902e-03
 6.38274e+03  4.67853e-03
 6.38300e+03  4.65416e-03
 6.38326e+03  4.68446e-03
 6.38352e+03  4.39854e-03
 6.38379e+03  4.46657e-03
 6.38405e+03  4.51288e-03
 6.38431e+03  4.47553e-03
 6.38457e+03  4.36997e-03
 6.38483e+03  4.40443e-03
 6.38509e+03  4.33764e-03
 6.38535e+03  4.31434e-03
 6.38561e+03  4.24171e-03
 6.38587e+03  4.23045e-03
 6.38613e+03  4.17762e-03
 6.38639e+03  4.09590e-03
 6.38665e+03  4.21682e-03
 6.38691e+03  4.17169e-03
 6.38717e+03  4.07093e-03
 6.38743e+03  4.05100e-03
 6.38769e+03  3.98194e-03
 6.38795e+03  4.02503e-03
 6.38822e+03  4.00217e-03
 6.38848e+03  4.04678e-03
 6.38874e+03  4.05211e-03
 6.38900e+03  3.84101e-03
 6.38926e+03  3.91052e-03
 6.38952e+03  3.89879e-03
 6.38978e+03  3.95379e-03
 6.39004e+03  4.00727e-03
 6.39030e+03  3.93663e-03
 6.39056e+03  3.73524e-03
 6.39082e+03  3.79574e-03
 6.39108e+03  3.79383e-03
 6.39134e+03  3.76007e-03
 6.39160e+03  3.70915e-03
 6.39186e+03  3.63191e-03
 6.39212e+03  3.65887e-03
 6.39238e+03  3.62311e-03
 6.39265e+03  3.66617e-03
 6.39291e+03  3.60911e-03
 6.39317e+03  3.52377e-03
 6.39343e+03  3.61237e-03
 6.39369e+03  3.56307e-03
 6.39395e+03  3.46062e-03
 6.39421e+03  3.52173e-03
 6.39447e+03  3.54529e-03
 6.39473e+03  3.44103e-03
 6.39499e+03  3.58481e-03
 6.39525e+03  3.40464e-03
 6.39551e+03  3.47077e-03
 6.39577e+03  3.30698e-03
 6.39603e+03  3.60951e-03
 6.39629e+03  3.47983e-03
 6.39655e+03  3.42587e-03
 6.39682e+03  3.22491e-03
 6.39708e+03  3.22663e-03
 6.39734e+03  3.35096e-03
 6.39760e+03  3.35668e-03
 6.39786e+03  3.27707e-03
 6.39812e+03  3.33482e-03
 6.39838e+03  3.22311e-03
 6.39864e+03  3.23552e-03
 6.39890e+03  3.18053e-03
 6.39916e+03  3.25946e-03
 6.39942e+03  3.17040e-03
 6.39968e+03  3.03891e-03
 6.39994e+03  3.13529e-03
 6.40020e+03  3.09747e-03
