   3701.714      1.0464754E-03
   3704.958      1.0500586E-03
   3708.201      1.0542407E-03
   3711.445      1.0589737E-03
   3714.688      1.0641861E-03
   3717.932      1.0697935E-03
   3721.176      1.0757088E-03
   3724.420      1.0818511E-03
   3727.664      1.0881512E-03
   3730.908      1.0945563E-03
   3734.152      1.1010261E-03
   3737.396      1.1075344E-03
   3740.639      1.1140642E-03
   3743.884      1.1206055E-03
   3747.127      1.1271525E-03
   3750.372      1.1337022E-03
   3753.616      1.1402529E-03
   3756.860      1.1468036E-03
   3760.104      1.1533545E-03
   3763.348      1.1599056E-03
   3766.592      1.1664563E-03
   3769.836      1.1730073E-03
   3773.081      1.1795579E-03
   3776.325      1.1861088E-03
   3779.569      1.1926595E-03
   3782.814      1.1992103E-03
   3786.058      1.2057612E-03
   3789.302      1.2123120E-03
   3792.547      1.2188629E-03
   3795.791      1.2254139E-03
   3799.036      1.2319646E-03
   3802.280      1.2385154E-03
   3805.525      1.2450663E-03
   3808.770      1.2516170E-03
   3812.014      1.2581678E-03
   3815.259      1.2647185E-03
   3818.503      1.2712692E-03
   3821.748      1.2778203E-03
   3824.993      1.2843710E-03
   3828.238      1.2909222E-03
   3831.482      1.2974730E-03
   3834.727      1.3040235E-03
   3837.972      1.3105742E-03
   3841.217      1.3171253E-03
   3844.462      1.3236761E-03
   3847.707      1.3302270E-03
   3850.952      1.3367777E-03
   3854.197      1.3433287E-03
   3857.442      1.3498793E-03
   3860.687      1.3564302E-03
   3863.932      1.3629809E-03
   3867.177      1.3695318E-03
   3870.423      1.3760829E-03
   3873.668      1.3826336E-03
   3876.913      1.3891844E-03
   3880.158      1.3957352E-03
   3883.404      1.4022859E-03
   3886.649      1.4088369E-03
   3889.894      1.4153877E-03
   3893.140      1.4219385E-03
   3896.385      1.4284892E-03
   3899.630      1.4350401E-03
   3902.876      1.4415911E-03
   3906.121      1.4481418E-03
   3909.367      1.4546927E-03
   3912.613      1.4612436E-03
   3915.858      1.4677943E-03
   3919.104      1.4743453E-03
   3922.350      1.4808958E-03
   3925.595      1.4874468E-03
   3928.841      1.4939978E-03
   3932.087      1.5005484E-03
   3935.333      1.5070993E-03
   3938.578      1.5136503E-03
   3941.824      1.5202007E-03
   3945.070      1.5267517E-03
   3948.316      1.5333027E-03
   3951.562      1.5398534E-03
   3954.808      1.5464044E-03
   3958.054      1.5529550E-03
   3961.300      1.5595059E-03
   3964.546      1.5660566E-03
   3967.792      1.5726074E-03
   3971.039      1.5791585E-03
   3974.285      1.5857092E-03
   3977.531      1.5922602E-03
   3980.777      1.5988109E-03
   3984.024      1.6053617E-03
   3987.270      1.6119126E-03
   3990.516      1.6184634E-03
   3993.763      1.6250141E-03
   3997.009      1.6315653E-03
   4000.256      1.6381158E-03
   4003.502      1.6446667E-03
   4006.749      1.6512172E-03
   4009.995      1.6577685E-03
   4013.242      1.6643191E-03
   4016.489      1.6708701E-03
   4019.735      1.6774208E-03
   4022.982      1.6839715E-03
   4026.229      1.6905227E-03
   4029.475      1.6970733E-03
   4032.722      1.7036241E-03
   4035.969      1.7101752E-03
   4039.216      1.7167259E-03
   4042.463      1.7232767E-03
   4045.710      1.7298277E-03
   4048.957      1.7363781E-03
   4052.204      1.7429291E-03
   4055.451      1.7494799E-03
   4058.698      1.7560307E-03
   4061.945      1.7625815E-03
   4065.192      1.7691327E-03
   4068.439      1.7756833E-03
   4071.687      1.7822342E-03
   4074.934      1.7887851E-03
   4078.181      1.7953358E-03
   4081.428      1.8018865E-03
   4084.676      1.8084373E-03
   4087.923      1.8149882E-03
   4091.171      1.8215390E-03
   4094.418      1.8280897E-03
   4097.666      1.8346406E-03
   4100.913      1.8411913E-03
   4104.161      1.8477422E-03
   4107.408      1.8542933E-03
   4110.656      1.8608439E-03
   4113.904      1.8673949E-03
   4117.151      1.8739457E-03
   4120.399      1.8804965E-03
   4123.647      1.8870473E-03
   4126.895      1.8935984E-03
   4130.143      1.9001490E-03
   4133.390      1.9066997E-03
   4136.638      1.9132509E-03
   4139.886      1.9198011E-03
   4143.134      1.9263522E-03
   4146.382      1.9329030E-03
   4149.630      1.9394539E-03
   4152.878      1.9460049E-03
   4156.126      1.9525558E-03
   4159.375      1.9591064E-03
   4162.623      1.9656571E-03
   4165.871      1.9722080E-03
   4169.120      1.9787590E-03
   4172.368      1.9853099E-03
   4175.616      1.9918606E-03
   4178.865      1.9984115E-03
   4182.113      2.0049622E-03
   4185.362      2.0115126E-03
   4188.610      2.0180638E-03
   4191.858      2.0246147E-03
   4195.107      2.0311656E-03
   4198.356      2.0377163E-03
   4201.604      2.0442668E-03
   4204.853      2.0508177E-03
   4208.102      2.0573689E-03
   4211.351      2.0639198E-03
   4214.600      2.0704707E-03
   4217.848      2.0770216E-03
   4221.097      2.0835723E-03
   4224.346      2.0901228E-03
   4227.595      2.0966735E-03
   4230.844      2.1032246E-03
   4234.093      2.1097756E-03
   4237.342      2.1163262E-03
   4240.591      2.1228767E-03
   4243.840      2.1294279E-03
   4247.090      2.1359788E-03
   4250.339      2.1425295E-03
   4253.588      2.1490806E-03
   4256.837      2.1556313E-03
   4260.087      2.1621825E-03
   4263.336      2.1687329E-03
   4266.585      2.1752836E-03
   4269.835      2.1818348E-03
   4273.084      2.1883855E-03
   4276.334      2.1949362E-03
   4279.583      2.2014868E-03
   4282.833      2.2080380E-03
   4286.083      2.2145885E-03
   4289.333      2.2211398E-03
   4292.582      2.2276903E-03
   4295.832      2.2342415E-03
   4299.082      2.2407919E-03
   4302.332      2.2473431E-03
   4305.582      2.2538935E-03
   4308.831      2.2604447E-03
   4312.081      2.2669954E-03
   4315.331      2.2735458E-03
   4318.581      2.2800970E-03
   4321.832      2.2866474E-03
   4325.082      2.2931984E-03
   4328.332      2.2997498E-03
   4331.582      2.3063002E-03
   4334.832      2.3128516E-03
   4338.082      2.3194018E-03
   4341.333      2.3259525E-03
   4344.583      2.3325034E-03
   4347.833      2.3390546E-03
   4351.083      2.3456051E-03
   4354.334      2.3521562E-03
   4357.584      2.3587069E-03
   4360.835      2.3652578E-03
   4364.086      2.3718087E-03
   4367.336      2.3783597E-03
   4370.587      2.3849101E-03
   4373.838      2.3914613E-03
   4377.088      2.3986034E-03
   4380.339      2.4064379E-03
   4383.590      2.4156612E-03
   4386.841      2.4275032E-03
   4390.092      2.4439802E-03
   4393.343      2.4681529E-03
   4396.594      2.5042775E-03
   4399.845      2.5577259E-03
   4403.096      2.6345092E-03
   4406.347      2.7403303E-03
   4409.598      2.8792145E-03
   4412.849      3.0519664E-03
   4416.101      3.2548802E-03
   4419.352      3.4791871E-03
   4422.603      3.7116050E-03
   4425.854      3.9360318E-03
   4429.106      4.1360743E-03
   4432.357      4.2977668E-03
   4435.609      4.4117547E-03
   4438.860      4.4744210E-03
   4442.112      4.4877366E-03
   4445.363      4.4580558E-03
   4448.615      4.3943431E-03
   4451.867      4.3063471E-03
   4455.118      4.2031528E-03
   4458.370      4.0923068E-03
   4461.622      3.9795083E-03
   4464.874      3.8687135E-03
   4468.125      3.7624619E-03
   4471.377      3.6622679E-03
   4474.629      3.5689776E-03
   4477.881      3.4827795E-03
   4481.134      3.4043046E-03
   4484.386      3.3335544E-03
   4487.638      3.2705273E-03
   4490.890      3.2152231E-03
   4494.142      3.1676416E-03
   4497.395      3.1277847E-03
   4500.647      3.0956501E-03
   4503.899      3.0712401E-03
   4507.151      3.0545525E-03
   4510.404      3.0455890E-03
   4513.656      3.0443487E-03
   4516.909      3.0508321E-03
   4520.162      3.0650387E-03
   4523.414      3.0869683E-03
   4526.667      3.1166219E-03
   4529.919      3.1539989E-03
   4533.172      3.1990991E-03
   4536.425      3.2519223E-03
   4539.678      3.3124704E-03
   4542.931      3.3807424E-03
   4546.184      3.4567376E-03
   4549.437      3.5404565E-03
   4552.689      3.6318989E-03
   4555.942      3.7310650E-03
   4559.195      3.8379540E-03
   4562.449      3.9525665E-03
   4565.702      4.0749018E-03
   4568.955      4.2049601E-03
   4572.208      4.3427427E-03
   4575.461      4.4882470E-03
   4578.715      4.6414766E-03
   4581.968      4.8024291E-03
   4585.222      4.9711056E-03
   4588.475      5.1475065E-03
   4591.729      5.3316294E-03
   4594.982      5.5234777E-03
   4598.236      5.7230485E-03
   4601.489      5.9303422E-03
   4604.743      6.1453609E-03
   4607.997      6.3681016E-03
   4611.250      6.5985667E-03
   4614.504      6.8367543E-03
   4617.758      7.0826663E-03
   4621.012      7.3363008E-03
   4624.266      7.5976602E-03
   4627.520      7.8667421E-03
   4630.774      8.1435489E-03
   4634.028      8.4280809E-03
   4637.282      8.7203318E-03
   4640.537      9.0203099E-03
   4643.791      9.3280086E-03
   4647.045      9.6434308E-03
   4650.299      9.9670030E-03
   4653.554      1.0297596E-02
   4656.808      1.0636255E-02
   4660.063      1.0981690E-02
   4663.317      1.1336132E-02
   4666.571      1.1696562E-02
   4669.826      1.2064914E-02
   4673.081      1.2439074E-02
   4676.335      1.2818751E-02
   4679.590      1.3205308E-02
   4682.845      1.3600362E-02
   4686.100      1.4005036E-02
   4689.354      1.4424422E-02
   4692.609      1.4864326E-02
   4695.864      1.5326560E-02
   4699.119      1.5813148E-02
   4702.375      1.6318232E-02
   4705.629      1.6830208E-02
   4708.884      1.7330118E-02
   4712.140      1.7794071E-02
   4715.395      1.8200191E-02
   4718.650      1.8532494E-02
   4721.905      1.8786807E-02
   4725.161      1.8972907E-02
   4728.416      1.9114176E-02
   4731.672      1.9244524E-02
   4734.927      1.9402049E-02
   4738.183      1.9621314E-02
   4741.438      1.9928008E-02
   4744.694      2.0329818E-02
   4747.950      2.0822132E-02
   4751.205      2.1390099E-02
   4754.461      2.2018986E-02
   4757.717      2.2702632E-02
   4760.973      2.3452088E-02
   4764.229      2.4297327E-02
   4767.484      2.5288474E-02
   4770.741      2.6479358E-02
   4773.997      2.7927805E-02
   4777.252      2.9681943E-02
   4780.509      3.1776477E-02
   4783.765      3.4235198E-02
   4787.021      3.7072763E-02
   4790.277      4.0298894E-02
   4793.534      4.3925945E-02
   4796.790      4.7975969E-02
   4800.047      5.2475143E-02
   4803.303      5.7464145E-02
   4806.560      6.2980428E-02
   4809.816      6.9060102E-02
   4813.073      7.5726487E-02
   4816.330      8.2988113E-02
   4819.586      9.0838827E-02
   4822.843      9.9260643E-02
   4826.100      0.1082352    
   4829.356      0.1177446    
   4832.613      0.1277833    
   4835.871      0.1383505    
   4839.127      0.1494557    
   4842.384      0.1611069    
   4845.642      0.1733124    
   4848.899      0.1860679    
   4852.156      0.1993635    
   4855.413      0.2131759    
   4858.670      0.2274775    
   4861.928      0.2422362    
   4865.185      0.2574123    
   4868.443      0.2729622    
   4871.700      0.2888328    
   4874.958      0.3049601    
   4878.215      0.3212663    
   4881.473      0.3376663    
   4884.730      0.3540691    
   4887.988      0.3703909    
   4891.246      0.3865609    
   4894.504      0.4025381    
   4897.762      0.4183052    
   4901.020      0.4338715    
   4904.278      0.4492601    
   4907.536      0.4645023    
   4910.793      0.4796190    
   4914.052      0.4946140    
   4917.310      0.5094680    
   4920.568      0.5241411    
   4923.827      0.5385864    
   4927.085      0.5527485    
   4930.343      0.5665841    
   4933.602      0.5800597    
   4936.860      0.5931653    
   4940.119      0.6059041    
   4943.377      0.6182918    
   4946.636      0.6303486    
   4949.895      0.6420931    
   4953.153      0.6535296    
   4956.412      0.6646604    
   4959.670      0.6754766    
   4962.930      0.6859701    
   4966.188      0.6961411    
   4969.447      0.7059933    
   4972.707      0.7155336    
   4975.965      0.7247685    
   4979.225      0.7336978    
   4982.484      0.7423084    
   4985.743      0.7505745    
   4989.002      0.7584731    
   4992.262      0.7659839    
   4995.521      0.7730966    
   4998.780      0.7798309    
   5002.040      0.7862285    
   5005.299      0.7923474    
   5008.559      0.7982630    
   5011.818      0.8040432    
   5015.078      0.8097433    
   5018.338      0.8153930    
   5021.598      0.8210040    
   5024.857      0.8265575    
   5028.117      0.8320255    
   5031.377      0.8373652    
   5034.637      0.8425326    
   5037.897      0.8474822    
   5041.157      0.8521820    
   5044.417      0.8566095    
   5047.678      0.8607562    
   5050.938      0.8646334    
   5054.198      0.8682693    
   5057.458      0.8716944    
   5060.719      0.8749490    
   5063.979      0.8780683    
   5067.240      0.8810851    
   5070.500      0.8840238    
   5073.761      0.8869032    
   5077.021      0.8897300    
   5080.282      0.8925106    
   5083.543      0.8952479    
   5086.804      0.8979440    
   5090.065      0.9005918    
   5093.326      0.9031897    
   5096.587      0.9057328    
   5099.848      0.9082075    
   5103.109      0.9106018    
   5106.370      0.9128992    
   5109.631      0.9150761    
   5112.892      0.9171141    
   5116.154      0.9189945    
   5119.415      0.9207028    
   5122.676      0.9222232    
   5125.938      0.9235548    
   5129.199      0.9247062    
   5132.461      0.9256911    
   5135.723      0.9265423    
   5138.984      0.9272972    
   5142.246      0.9279979    
   5145.508      0.9286848    
   5148.770      0.9293908    
   5152.031      0.9301293    
   5155.293      0.9308992    
   5158.555      0.9316815    
   5161.817      0.9324489    
   5165.079      0.9331751    
   5168.341      0.9338397    
   5171.604      0.9344442    
   5174.866      0.9349965    
   5178.128      0.9355229    
   5181.391      0.9360441    
   5184.653      0.9365828    
   5187.916      0.9371507    
   5191.178      0.9377486    
   5194.440      0.9383676    
   5197.703      0.9389914    
   5200.966      0.9395979    
   5204.229      0.9401650    
   5207.491      0.9406744    
   5210.754      0.9411110    
   5214.017      0.9414667    
   5217.280      0.9417323    
   5220.543      0.9418988    
   5223.806      0.9419554    
   5227.069      0.9418920    
   5230.333      0.9417015    
   5233.596      0.9413940    
   5236.859      0.9409836    
   5240.122      0.9405057    
   5243.385      0.9399955    
   5246.649      0.9394936    
   5249.913      0.9390213    
   5253.176      0.9385919    
   5256.439      0.9381985    
   5259.703      0.9378221    
   5262.967      0.9374473    
   5266.231      0.9370620    
   5269.495      0.9366709    
   5272.758      0.9362876    
   5276.022      0.9359437    
   5279.287      0.9356607    
   5282.550      0.9354521    
   5285.814      0.9353086    
   5289.079      0.9351988    
   5292.343      0.9350732    
   5295.607      0.9348813    
   5298.872      0.9345790    
   5302.136      0.9341421    
   5305.400      0.9335693    
   5308.665      0.9328781    
   5311.929      0.9320995    
   5315.194      0.9312680    
   5318.458      0.9304128    
   5321.724      0.9295462    
   5324.988      0.9286645    
   5328.253      0.9277424    
   5331.518      0.9267387    
   5334.783      0.9256111    
   5338.048      0.9243194    
   5341.313      0.9228356    
   5344.578      0.9211591    
   5347.843      0.9193091    
   5351.108      0.9173313    
   5354.374      0.9152875    
   5357.639      0.9132456    
   5360.905      0.9112714    
   5364.170      0.9094053    
   5367.436      0.9076671    
   5370.701      0.9060411    
   5373.967      0.9044877    
   5377.232      0.9029499    
   5380.498      0.9013719    
   5383.764      0.8997117    
   5387.030      0.8979499    
   5390.296      0.8960966    
   5393.562      0.8941763    
   5396.828      0.8922265    
   5400.094      0.8902798    
   5403.360      0.8883568    
   5406.626      0.8864591    
   5409.893      0.8845772    
   5413.159      0.8826883    
   5416.425      0.8807755    
   5419.691      0.8788304    
   5422.958      0.8768572    
   5426.225      0.8748679    
   5429.491      0.8728828    
   5432.758      0.8709167    
   5436.025      0.8689702    
   5439.292      0.8670314    
   5442.559      0.8650782    
   5445.825      0.8630778    
   5449.092      0.8610016    
   5452.359      0.8588300    
   5455.626      0.8565549    
   5458.894      0.8541887    
   5462.161      0.8517550    
   5465.428      0.8492876    
   5468.695      0.8468271    
   5471.962      0.8444083    
   5475.230      0.8420544    
   5478.498      0.8397736    
   5481.765      0.8375574    
   5485.033      0.8353780    
   5488.300      0.8331926    
   5491.568      0.8309517    
   5494.836      0.8286059    
   5498.104      0.8261101    
   5501.372      0.8234385    
   5504.640      0.8205900    
   5507.908      0.8175858    
   5511.176      0.8144730    
   5514.444      0.8113108    
   5517.712      0.8081611    
   5520.980      0.8050741    
   5524.249      0.8020802    
   5527.517      0.7991837    
   5530.786      0.7963670    
   5534.054      0.7935994    
   5537.323      0.7908432    
   5540.591      0.7880638    
   5543.860      0.7852349    
   5547.128      0.7823389    
   5550.397      0.7793735    
   5553.667      0.7763443    
   5556.935      0.7732680    
   5560.204      0.7701647    
   5563.473      0.7670573    
   5566.742      0.7639601    
   5570.012      0.7608758    
   5573.281      0.7577952    
   5576.550      0.7546954    
   5579.819      0.7515426    
   5583.089      0.7483038    
   5586.358      0.7449520    
   5589.628      0.7414766    
   5592.897      0.7378789    
   5596.167      0.7341823    
   5599.437      0.7304161    
   5602.707      0.7266128    
   5605.977      0.7228006    
   5609.246      0.7189983    
   5612.516      0.7152171    
   5615.787      0.7114559    
   5619.057      0.7077085    
   5622.327      0.7039714    
   5625.597      0.7002365    
   5628.867      0.6964992    
   5632.137      0.6927498    
   5635.408      0.6889814    
   5638.678      0.6851869    
   5641.949      0.6813592    
   5645.219      0.6774938    
   5648.490      0.6735959    
   5651.761      0.6696715    
   5655.031      0.6657352    
   5658.302      0.6618029    
   5661.573      0.6578886    
   5664.844      0.6540009    
   5668.115      0.6501426    
   5671.386      0.6463030    
   5674.657      0.6424676    
   5677.929      0.6386145    
   5681.200      0.6347237    
   5684.471      0.6307796    
   5687.743      0.6267740    
   5691.014      0.6227049    
   5694.286      0.6185814    
   5697.557      0.6144127    
   5700.829      0.6102152    
   5704.101      0.6060024    
   5707.372      0.6017775    
   5710.644      0.5975452    
   5713.916      0.5932992    
   5717.188      0.5890365    
   5720.460      0.5847538    
   5723.732      0.5804537    
   5727.004      0.5761452    
   5730.276      0.5718396    
   5733.548      0.5675499    
   5736.821      0.5632844    
   5740.093      0.5590444    
   5743.366      0.5548271    
   5746.638      0.5506238    
   5749.911      0.5464249    
   5753.184      0.5422267    
   5756.456      0.5380308    
   5759.729      0.5338457    
   5763.002      0.5296808    
   5766.275      0.5255478    
   5769.548      0.5214483    
   5772.821      0.5173770    
   5776.094      0.5133208    
   5779.367      0.5092623    
   5782.641      0.5051872    
   5785.914      0.5010875    
   5789.187      0.4969660    
   5792.460      0.4928330    
   5795.734      0.4887048    
   5799.008      0.4845948    
   5802.281      0.4805076    
   5805.555      0.4764401    
   5808.829      0.4723791    
   5812.103      0.4683033    
   5815.376      0.4641936    
   5818.650      0.4600364    
   5821.924      0.4558268    
   5825.198      0.4515697    
   5828.472      0.4472786    
   5831.747      0.4429688    
   5835.021      0.4386560    
   5838.295      0.4343505    
   5841.569      0.4300631    
   5844.844      0.4258009    
   5848.119      0.4215736    
   5851.393      0.4173865    
   5854.668      0.4132480    
   5857.942      0.4091618    
   5861.217      0.4051295    
   5864.492      0.4011475    
   5867.767      0.3972045    
   5871.042      0.3932878    
   5874.317      0.3893819    
   5877.592      0.3854706    
   5880.868      0.3815430    
   5884.143      0.3775900    
   5887.418      0.3736096    
   5890.693      0.3696065    
   5893.969      0.3655860    
   5897.244      0.3615567    
   5900.520      0.3575287    
   5903.796      0.3535119    
   5907.071      0.3495134    
   5910.347      0.3455431    
   5913.623      0.3416060    
   5916.899      0.3377097    
   5920.175      0.3338576    
   5923.451      0.3300512    
   5926.727      0.3262901    
   5930.003      0.3225700    
   5933.279      0.3188834    
   5936.556      0.3152208    
   5939.832      0.3115723    
   5943.108      0.3079255    
   5946.385      0.3042700    
   5949.662      0.3005969    
   5952.938      0.2969039    
   5956.215      0.2931890    
   5959.492      0.2894621    
   5962.769      0.2857374    
   5966.045      0.2820332    
   5969.323      0.2783680    
   5972.600      0.2747559    
   5975.877      0.2712012    
   5979.154      0.2676956    
   5982.431      0.2642208    
   5985.708      0.2607506    
   5988.986      0.2572565    
   5992.263      0.2537175    
   5995.541      0.2501291    
   5998.818      0.2465004    
   6002.096      0.2428587    
   6005.374      0.2392408    
   6008.652      0.2356863    
   6011.930      0.2322267    
   6015.208      0.2288807    
   6018.485      0.2256492    
   6021.764      0.2225195    
   6025.042      0.2194675    
   6028.320      0.2164642    
   6031.598      0.2134843    
   6034.876      0.2105104    
   6038.155      0.2075350    
   6041.434      0.2045605    
   6044.712      0.2015974    
   6047.991      0.1986590    
   6051.270      0.1957549    
   6054.548      0.1928903    
   6057.827      0.1900664    
   6061.106      0.1872763    
   6064.385      0.1845143    
   6067.664      0.1817759    
   6070.943      0.1790599    
   6074.222      0.1763688    
   6077.501      0.1737070    
   6080.781      0.1710793    
   6084.060      0.1684876    
   6087.339      0.1659311    
   6090.619      0.1634055    
   6093.898      0.1609054    
   6097.178      0.1584244    
   6100.458      0.1559594    
   6103.738      0.1535055    
   6107.018      0.1510627    
   6110.298      0.1486282    
   6113.578      0.1462020    
   6116.857      0.1437826    
   6120.138      0.1413674    
   6123.418      0.1389571    
   6126.698      0.1365521    
   6129.979      0.1341579    
   6133.259      0.1317825    
   6136.540      0.1294374    
   6139.820      0.1271361    
   6143.101      0.1248894    
   6146.381      0.1227058    
   6149.663      0.1205854    
   6152.943      0.1185248    
   6156.224      0.1165140    
   6159.505      0.1145399    
   6162.786      0.1125910    
   6166.067      0.1106563    
   6169.349      0.1087313    
   6172.630      0.1068130    
   6175.911      0.1049033    
   6179.192      0.1030067    
   6182.474      0.1011283    
   6185.756      9.9272549E-02
   6189.037      9.7444125E-02
   6192.319      9.5645994E-02
   6195.601      9.3881324E-02
   6198.883      9.2152171E-02
   6202.165      9.0460695E-02
   6205.447      8.8810682E-02
   6208.729      8.7202497E-02
   6212.011      8.5636981E-02
   6215.293      8.4113970E-02
   6218.575      8.2630701E-02
   6221.857      8.1182271E-02
   6225.140      7.9761915E-02
   6228.422      7.8363575E-02
   6231.705      7.6979674E-02
   6234.988      7.5603493E-02
   6238.271      7.4229836E-02
   6241.553      7.2854586E-02
   6244.836      7.1476132E-02
   6248.119      7.0093043E-02
   6251.402      6.8707824E-02
   6254.685      6.7324512E-02
   6257.968      6.5949842E-02
   6261.251      6.4591497E-02
   6264.535      6.3258231E-02
   6267.818      6.1957806E-02
   6271.102      6.0694139E-02
   6274.385      5.9470117E-02
   6277.668      5.8283381E-02
   6280.952      5.7127986E-02
   6284.236      5.5995569E-02
   6287.520      5.4875545E-02
   6290.804      5.3758733E-02
   6294.087      5.2637734E-02
   6297.372      5.1509179E-02
   6300.656      5.0374918E-02
   6303.940      4.9241245E-02
   6307.224      4.8116241E-02
   6310.508      4.7012724E-02
   6313.793      4.5941819E-02
   6317.077      4.4912335E-02
   6320.362      4.3932445E-02
   6323.646      4.3005064E-02
   6326.931      4.2130936E-02
   6330.216      4.1306663E-02
   6333.500      4.0525936E-02
   6336.786      3.9780784E-02
   6340.070      3.9060254E-02
   6343.355      3.8353041E-02
   6346.641      3.7647810E-02
   6349.926      3.6935799E-02
   6353.211      3.6211561E-02
   6356.497      3.5474569E-02
   6359.782      3.4729365E-02
   6363.067      3.3984583E-02
   6366.353      3.3248786E-02
   6369.639      3.2530688E-02
   6372.924      3.1835217E-02
   6376.210      3.1164726E-02
   6379.496      3.0517822E-02
   6382.782      2.9891750E-02
   6386.068      2.9284209E-02
   6389.354      2.8692923E-02
   6392.640      2.8116459E-02
   6395.926      2.7554497E-02
   6399.212      2.7005753E-02
   6402.499      2.6468683E-02
   6405.786      2.5940686E-02
   6409.072      2.5419421E-02
   6412.358      2.4900876E-02
   6415.646      2.4382802E-02
   6418.932      2.3863491E-02
   6422.219      2.3341434E-02
   6425.506      2.2816772E-02
   6428.793      2.2289751E-02
   6432.080      2.1762306E-02
   6435.367      2.1237606E-02
   6438.654      2.0720351E-02
   6441.941      2.0216824E-02
   6445.229      1.9734317E-02
   6448.516      1.9278850E-02
   6451.804      1.8854648E-02
   6455.091      1.8461505E-02
   6458.379      1.8095730E-02
   6461.667      1.7749675E-02
   6464.955      1.7413853E-02
   6468.243      1.7079774E-02
   6471.531      1.6739916E-02
   6474.818      1.6391253E-02
   6478.107      1.6032930E-02
   6481.395      1.5669491E-02
   6484.683      1.5305893E-02
   6487.972      1.4947628E-02
   6491.260      1.4599524E-02
   6494.548      1.4264392E-02
   6497.837      1.3943234E-02
   6501.125      1.3636663E-02
   6504.415      1.3343508E-02
   6507.703      1.3063104E-02
   6510.992      1.2794023E-02
   6514.281      1.2534871E-02
   6517.570      1.2282169E-02
   6520.859      1.2031598E-02
   6524.148      1.1778724E-02
   6527.438      1.1518348E-02
   6530.727      1.1247134E-02
   6534.017      1.0963875E-02
   6537.306      1.0669918E-02
   6540.596      1.0368831E-02
   6543.885      1.0066800E-02
   6547.175      9.7700683E-03
   6550.465      9.4863046E-03
   6553.755      9.2215268E-03
   6557.044      8.9817159E-03
   6560.334      8.7693203E-03
   6563.625      8.5860016E-03
   6566.915      8.4297238E-03
   6570.206      8.2979547E-03
   6573.496      8.1865499E-03
   6576.786      8.0903852E-03
   6580.077      8.0033848E-03
   6583.367      7.9175495E-03
   6586.658      7.8251855E-03
   6589.949      7.7179102E-03
   6593.239      7.5889011E-03
   6596.530      7.4348138E-03
   6599.821      7.2566611E-03
   6603.112      7.0590931E-03
   6606.403      6.8518389E-03
   6609.695      6.6447887E-03
   6612.986      6.4479425E-03
   6616.277      6.2683709E-03
   6619.569      6.1101592E-03
   6622.860      5.9739607E-03
   6626.152      5.8575599E-03
   6629.443      5.7573752E-03
   6632.735      5.6706322E-03
   6636.027      5.5941604E-03
   6639.319      5.5262689E-03
   6642.611      5.4660011E-03
   6645.903      5.4110200E-03
   6649.195      5.3589055E-03
   6652.488      5.3052730E-03
   6655.780      5.2448930E-03
   6659.072      5.1715029E-03
   6662.365      5.0806496E-03
   6665.657      4.9692965E-03
   6668.950      4.8385938E-03
   6672.243      4.6907519E-03
   6675.536      4.5312867E-03
   6678.828      4.3673441E-03
   6682.122      4.2054378E-03
   6685.415      4.0514036E-03
   6688.708      3.9085443E-03
   6692.001      3.7783610E-03
   6695.294      3.6605941E-03
   6698.587      3.5532634E-03
   6701.881      3.4545660E-03
   6705.174      3.3634382E-03
   6708.468      3.2791051E-03
   6711.762      3.2020849E-03
   6715.055      3.1329840E-03
   6718.349      3.0726218E-03
   6721.643      3.0215306E-03
   6724.937      2.9791489E-03
   6728.231      2.9453291E-03
   6731.525      2.9192818E-03
   6734.819      2.8990565E-03
   6738.114      2.8835717E-03
   6741.408      2.8719129E-03
   6744.703      2.8632737E-03
   6747.998      2.8581175E-03
   6751.292      2.8563135E-03
   6754.587      2.8576877E-03
   6757.881      2.8610281E-03
   6761.176      2.8633587E-03
   6764.471      2.8602856E-03
   6767.766      2.8471299E-03
   6771.062      2.8192024E-03
   6774.357      2.7745992E-03
   6777.652      2.7140900E-03
   6780.947      2.6407975E-03
   6784.243      2.5608451E-03
   6787.539      2.4809157E-03
   6790.834      2.4076994E-03
   6794.129      2.3448074E-03
   6797.425      2.2935644E-03
   6800.721      2.2520442E-03
   6804.018      2.2161438E-03
   6807.313      2.1805023E-03
   6810.609      2.1404331E-03
   6813.905      2.0933608E-03
   6817.202      2.0388579E-03
   6820.498      1.9786148E-03
   6823.794      1.9165013E-03
   6827.091      1.8563227E-03
   6830.388      1.8013101E-03
   6833.685      1.7534381E-03
   6836.981      1.7132707E-03
   6840.278      1.6803717E-03
   6843.575      1.6531456E-03
   6846.872      1.6308525E-03
   6850.169      1.6122466E-03
   6853.466      1.5966803E-03
   6856.764      1.5831626E-03
   6860.061      1.5709870E-03
   6863.358      1.5592464E-03
   6866.656      1.5475029E-03
   6869.954      1.5358335E-03
   6873.251      1.5252830E-03
   6876.549      1.5168528E-03
   6879.847      1.5106542E-03
   6883.145      1.5061012E-03
   6886.443      1.5007897E-03
   6889.741      1.4911317E-03
   6893.039      1.4742836E-03
   6896.337      1.4488383E-03
   6899.635      1.4154272E-03
   6902.934      1.3773699E-03
   6906.232      1.3393349E-03
   6909.531      1.3061058E-03
   6912.830      1.2806439E-03
   6916.128      1.2639546E-03
   6919.427      1.2547417E-03
   6922.726      1.2500715E-03
   6926.025      1.2464607E-03
   6929.324      1.2417680E-03
   6932.623      1.2343545E-03
   6935.923      1.2244545E-03
   6939.222      1.2127943E-03
   6942.521      1.1998116E-03
   6945.821      1.1861372E-03
   6949.121      1.1706350E-03
   6952.420      1.1522229E-03
   6955.720      1.1294124E-03
   6959.020      1.1007239E-03
   6962.320      1.0662429E-03
   6965.620      1.0271479E-03
   6968.920      9.8529155E-04
   6972.220      9.4379293E-04
   6975.520      9.0529467E-04
   6978.821      8.7241549E-04
   6982.121      8.4694580E-04
   6985.421      8.2983408E-04
   6988.722      8.2084845E-04
   6992.023      8.1885088E-04
   6995.324      7.9480559E-04
   6998.625      7.5368583E-04
   7001.925      7.1256608E-04
   7005.227      6.7144260E-04
   7008.528      6.3032284E-04
   7011.829      5.8920309E-04
   7015.130      5.4807961E-04
   7018.432      5.0695986E-04
   7021.733      4.6584010E-04
   7025.035      4.2472035E-04
   7028.336      3.8359687E-04
   7031.638      3.4247711E-04
   7034.940      3.0135736E-04
   7038.242      2.6023760E-04
   7041.543      2.1911412E-04
   7044.846      1.7799437E-04
