   4810.146     -1.0986626E-04
   4813.386     -1.0986626E-04
   4816.626     -1.0986626E-04
   4819.866     -1.0986626E-04
   4823.106     -1.0986626E-04
   4826.346     -1.0986626E-04
   4829.586     -1.0986626E-04
   4832.827     -1.0986626E-04
   4836.067     -1.0986626E-04
   4839.308     -1.0986626E-04
   4842.548     -1.0986626E-04
   4845.789     -1.0986626E-04
   4849.029     -1.0986626E-04
   4852.270     -1.0986626E-04
   4855.511     -1.0986626E-04
   4858.751     -1.0986626E-04
   4861.993     -1.0986626E-04
   4865.233     -1.0986626E-04
   4868.475     -1.0986626E-04
   4871.716     -1.0986626E-04
   4874.957     -1.0986626E-04
   4878.199     -1.0986626E-04
   4881.440     -1.0986626E-04
   4884.682     -1.0986626E-04
   4887.923     -1.0986626E-04
   4891.165     -1.0986626E-04
   4894.406     -1.0986626E-04
   4897.648     -1.0986626E-04
   4900.890     -1.0986626E-04
   4904.132     -1.0986626E-04
   4907.374     -1.0986626E-04
   4910.616     -1.0986626E-04
   4913.858     -1.0986626E-04
   4917.101     -1.0986626E-04
   4920.343     -1.0986626E-04
   4923.585     -1.0986626E-04
   4926.828     -1.0986626E-04
   4930.070     -1.0986626E-04
   4933.313     -1.0986626E-04
   4936.556     -1.0986626E-04
   4939.798     -1.0986626E-04
   4943.041     -1.0986626E-04
   4946.284     -1.0986626E-04
   4949.527     -1.0986626E-04
   4952.771     -1.0986626E-04
   4956.013     -1.0986626E-04
   4959.257     -1.0986626E-04
   4962.500     -1.0986626E-04
   4965.743     -1.0986626E-04
   4968.987     -1.0986626E-04
   4972.230     -1.0986626E-04
   4975.474     -1.0986626E-04
   4978.718     -1.0986626E-04
   4981.961     -1.0986626E-04
   4985.206     -1.0986626E-04
   4988.449     -1.0986626E-04
   4991.693     -1.0986626E-04
   4994.938     -1.0986626E-04
   4998.182     -1.0986626E-04
   5001.426     -1.0986626E-04
   5004.670     -1.0986626E-04
   5007.915     -1.0986626E-04
   5011.159     -1.0986626E-04
   5014.403     -1.0986626E-04
   5017.648     -1.0986626E-04
   5020.893     -1.0986626E-04
   5024.138     -1.0986626E-04
   5027.382     -1.0986626E-04
   5030.627     -1.0986626E-04
   5033.872     -1.0986626E-04
   5037.117     -1.0986626E-04
   5040.362     -1.0986626E-04
   5043.608     -1.0986626E-04
   5046.853     -1.0986626E-04
   5050.098     -1.0986626E-04
   5053.344     -1.0986626E-04
   5056.589     -1.0986626E-04
   5059.835     -1.0986626E-04
   5063.081     -1.0986626E-04
   5066.326     -1.0986626E-04
   5069.572     -1.0986626E-04
   5072.818     -1.0986626E-04
   5076.064     -1.0986626E-04
   5079.310     -1.0986626E-04
   5082.556     -1.0986626E-04
   5085.802     -1.0986626E-04
   5089.049     -1.0986626E-04
   5092.295     -1.0986626E-04
   5095.542     -1.0986626E-04
   5098.788     -1.0986626E-04
   5102.035     -1.0986626E-04
   5105.281     -1.0986626E-04
   5108.528     -1.0986626E-04
   5111.775     -1.0986626E-04
   5115.022     -1.0986626E-04
   5118.269     -1.0986626E-04
   5121.516     -1.0986626E-04
   5124.763     -1.0986626E-04
   5128.010     -1.0986626E-04
   5131.257     -1.0986626E-04
   5134.505     -1.0986626E-04
   5137.752     -1.0986626E-04
   5141.000     -1.0986626E-04
   5144.248     -1.0986626E-04
   5147.495     -1.0986626E-04
   5150.743     -1.0986626E-04
   5153.991     -1.0986626E-04
   5157.238     -1.0986626E-04
   5160.486     -1.0986626E-04
   5163.734     -1.0986626E-04
   5166.982     -1.0986626E-04
   5170.231     -1.0986626E-04
   5173.479     -1.0986626E-04
   5176.728     -1.0986626E-04
   5179.976     -1.0986626E-04
   5183.224     -1.0986626E-04
   5186.473     -1.0986626E-04
   5189.722     -1.0986626E-04
   5192.970     -1.0986626E-04
   5196.219     -1.0986626E-04
   5199.468     -1.0986626E-04
   5202.717     -1.0986626E-04
   5205.966     -1.0986626E-04
   5209.215     -1.0986626E-04
   5212.464     -1.0986626E-04
   5215.713     -1.0986626E-04
   5218.963     -1.0986626E-04
   5222.212     -1.0986626E-04
   5225.461     -1.0986626E-04
   5228.711     -1.0986626E-04
   5231.961     -1.0986626E-04
   5235.210     -1.0986626E-04
   5238.460     -1.0986626E-04
   5241.710     -8.0889557E-04
   5244.960     -7.2732754E-04
   5248.210     -6.4575858E-04
   5251.460     -5.6419056E-04
   5254.710     -4.8262253E-04
   5257.961     -4.0105451E-04
   5261.211     -3.1948648E-04
   5264.461     -2.3791846E-04
   5267.712     -1.5635043E-04
   5270.962     -7.4782409E-05
   5274.213      6.7856163E-06
   5277.464      8.8353641E-05
   5280.715      1.6992167E-04
   5283.965      2.5148969E-04
   5287.216      3.3305772E-04
   5290.467      4.1462574E-04
   5293.719      4.9619470E-04
   5296.970      5.7776272E-04
   5300.221      6.5933075E-04
   5303.472      7.4089877E-04
   5306.724      8.2246680E-04
   5309.975      9.0403482E-04
   5313.227      9.8560285E-04
   5316.478      1.0671709E-03
   5319.730      1.1487389E-03
   5322.982      1.2303069E-03
   5326.233      1.3118749E-03
   5329.485      1.3934430E-03
   5332.737      1.4750110E-03
   5335.990      1.5565790E-03
   5339.242      1.6381480E-03
   5342.494      1.7197160E-03
   5345.747      1.8012840E-03
   5348.999      1.8828521E-03
   5352.251      1.9644201E-03
   5355.504      2.0459881E-03
   5358.756      2.1275561E-03
   5362.009      2.2091242E-03
   5365.262      2.2906922E-03
   5368.515      2.3722602E-03
   5371.768      2.4538282E-03
   5375.021      2.5353963E-03
   5378.273      2.6169643E-03
   5381.527      2.6985323E-03
   5384.780      2.7801013E-03
   5388.033      2.8616693E-03
   5391.287      2.9432373E-03
   5394.540      3.0248053E-03
   5397.793      3.1063734E-03
   5401.047      3.1879414E-03
   5404.301      3.2695094E-03
   5407.555      3.3510774E-03
   5410.809      3.4326455E-03
   5414.063      3.5142135E-03
   5417.316      3.5957815E-03
   5420.570      3.6773495E-03
   5423.825      3.7589176E-03
   5427.079      3.8404856E-03
   5430.333      3.9220545E-03
   5433.587      4.0036216E-03
   5436.842      4.0851906E-03
   5440.096      4.1667577E-03
   5443.351      4.2483266E-03
   5446.605      4.3298937E-03
   5449.860      4.4114627E-03
   5453.115      4.4930298E-03
   5456.370      4.5745987E-03
   5459.625      4.6561677E-03
   5462.880      4.7377348E-03
   5466.135      4.8193038E-03
   5469.391      4.9008708E-03
   5472.646      4.9824398E-03
   5475.901      5.0640069E-03
   5479.157      5.1455759E-03
   5482.412      5.2271429E-03
   5485.667      5.3087119E-03
   5488.923      5.3902790E-03
   5492.179      5.4718480E-03
   5495.435      5.5534150E-03
   5498.691      5.6349840E-03
   5501.947      5.7165530E-03
   5505.203      5.7981201E-03
   5508.459      5.8796890E-03
   5511.715      5.9612561E-03
   5514.971      6.0428251E-03
   5518.228      6.1243922E-03
   5521.484      6.2059611E-03
   5524.741      6.2875282E-03
   5527.997      6.3690972E-03
   5531.254      6.4506643E-03
   5534.511      6.5322332E-03
   5537.767      6.6138003E-03
   5541.024      6.6953693E-03
   5544.281      6.7769364E-03
   5547.538      6.8585053E-03
   5550.795      6.9400743E-03
   5554.052      7.0216414E-03
   5557.310      7.1032103E-03
   5560.567      7.1847774E-03
   5563.825      7.2663464E-03
   5567.082      7.3479135E-03
   5570.339      7.4294824E-03
   5573.597      7.5110495E-03
   5576.855      7.5926185E-03
   5580.113      7.6741856E-03
   5583.371      7.7557545E-03
   5586.628      8.0967108E-03
   5589.887      8.1878472E-03
   5593.145      8.3048176E-03
   5596.403      8.4435334E-03
   5599.661      8.5963169E-03
   5602.919      8.7549258E-03
   5606.178      8.9114681E-03
   5609.437      9.0572191E-03
   5612.695      9.1856029E-03
   5615.954      9.2905005E-03
   5619.212      9.3671726E-03
   5622.471      9.4122337E-03
   5625.730      9.4248392E-03
   5628.989      9.4070751E-03
   5632.248      9.3648145E-03
   5635.507      9.3073389E-03
   5638.766      9.2480471E-03
   5642.025      9.2011159E-03
   5645.285      9.1810022E-03
   5648.544      9.1991378E-03
   5651.803      9.2617963E-03
   5655.063      9.3697440E-03
   5658.323      9.5175393E-03
   5661.583      9.6971579E-03
   5664.842      9.8962048E-03
   5668.102      1.0103792E-02
   5671.362      1.0309758E-02
   5674.622      1.0507462E-02
   5677.882      1.0690290E-02
   5681.142      1.0854884E-02
   5684.402      1.1000293E-02
   5687.663      1.1125035E-02
   5690.923      1.1229285E-02
   5694.184      1.1313111E-02
   5697.444      1.1377237E-02
   5700.705      1.1422138E-02
   5703.965      1.1447843E-02
   5707.226      1.1455599E-02
   5710.487      1.1447280E-02
   5713.748      1.1426349E-02
   5717.009      1.1397250E-02
   5720.270      1.1363141E-02
   5723.531      1.1327911E-02
   5726.792      1.1294832E-02
   5730.054      1.1265282E-02
   5733.315      1.1240068E-02
   5736.577      1.1220563E-02
   5739.838      1.1209112E-02
   5743.100      1.1209060E-02
   5746.361      1.1223868E-02
   5749.623      1.1256929E-02
   5752.885      1.1309962E-02
   5756.146      1.1382962E-02
   5759.409      1.1473422E-02
   5762.671      1.1577045E-02
   5765.933      1.1687679E-02
   5769.195      1.1800405E-02
   5772.458      1.1911239E-02
   5775.720      1.2017509E-02
   5778.982      1.2119913E-02
   5782.245      1.2218456E-02
   5785.507      1.2313081E-02
   5788.770      1.2403465E-02
   5792.033      1.2489053E-02
   5795.295      1.2567824E-02
   5798.559      1.2639535E-02
   5801.821      1.2704899E-02
   5805.084      1.2766245E-02
   5808.348      1.2827490E-02
   5811.611      1.2893310E-02
   5814.874      1.2968183E-02
   5818.137      1.3055597E-02
   5821.401      1.3159243E-02
   5824.665      1.3280399E-02
   5827.928      1.3420286E-02
   5831.192      1.3579137E-02
   5834.456      1.3755975E-02
   5837.719      1.3947984E-02
   5840.983      1.4149897E-02
   5844.247      1.4356251E-02
   5847.511      1.4561748E-02
   5850.775      1.4762196E-02
   5854.040      1.4958409E-02
   5857.304      1.5154457E-02
   5860.568      1.5359519E-02
   5863.833      1.5586056E-02
   5867.097      1.5849343E-02
   5870.361      1.6161878E-02
   5873.626      1.6536143E-02
   5876.891      1.6982133E-02
   5880.156      1.7509045E-02
   5883.420      1.8126741E-02
   5886.686      1.8846447E-02
   5889.951      1.9682180E-02
   5893.216      2.0649480E-02
   5896.481      2.1767475E-02
   5899.746      2.3053980E-02
   5903.011      2.4528176E-02
   5906.277      2.6207566E-02
   5909.542      2.8109126E-02
   5912.808      3.0248616E-02
   5916.074      3.2641187E-02
   5919.339      3.5302613E-02
   5922.605      3.8250644E-02
   5925.871      4.1506726E-02
   5929.137      4.5095816E-02
   5932.403      4.9047370E-02
   5935.669      5.3391345E-02
   5938.935      5.8155425E-02
   5942.201      6.3362807E-02
   5945.468      6.9026627E-02
   5948.734      7.5150505E-02
   5952.000      8.1728160E-02
   5955.267      8.8746987E-02
   5958.534      9.6192405E-02
   5961.800      0.1040508    
   5965.067      0.1123130    
   5968.334      0.1209740    
   5971.601      0.1300304    
   5974.868      0.1394739    
   5978.135      0.1492870    
   5981.402      0.1594424    
   5984.669      0.1698973    
   5987.937      0.1806045    
   5991.204      0.1915142    
   5994.472      0.2025806    
   5997.739      0.2137705    
   6001.007      0.2250617    
   6004.275      0.2364376    
   6007.542      0.2478888    
   6010.810      0.2593984    
   6014.078      0.2709430    
   6017.346      0.2824861    
   6020.614      0.2939799    
   6023.882      0.3053701    
   6027.151      0.3165997    
   6030.419      0.3276155    
   6033.688      0.3383734    
   6036.956      0.3488412    
   6040.225      0.3589981    
   6043.493      0.3688402    
   6046.762      0.3783744    
   6050.030      0.3876184    
   6053.299      0.3965990    
   6056.568      0.4053468    
   6059.837      0.4138945    
   6063.106      0.4222725    
   6066.375      0.4305064    
   6069.645      0.4386133    
   6072.914      0.4466064    
   6076.183      0.4544946    
   6079.453      0.4622845    
   6082.722      0.4699847    
   6085.992      0.4776070    
   6089.262      0.4851677    
   6092.531      0.4926882    
   6095.801      0.5001888    
   6099.071      0.5076858    
   6102.341      0.5151913    
   6105.611      0.5227118    
   6108.881      0.5302425    
   6112.151      0.5377829    
   6115.422      0.5453252    
   6118.692      0.5528682    
   6121.962      0.5604088    
   6125.233      0.5679451    
   6128.504      0.5754743    
   6131.774      0.5829923    
   6135.045      0.5904884    
   6138.316      0.5979533    
   6141.587      0.6053757    
   6144.858      0.6127408    
   6148.129      0.6200396    
   6151.400      0.6272637    
   6154.671      0.6344072    
   6157.942      0.6414664    
   6161.214      0.6484353    
   6164.485      0.6553063    
   6167.757      0.6620643    
   6171.028      0.6686842    
   6174.300      0.6751297    
   6177.572      0.6813533    
   6180.844      0.6873032    
   6184.115      0.6929232    
   6187.387      0.6981625    
   6190.660      0.7029771    
   6193.932      0.7073348    
   6197.204      0.7112176    
   6200.476      0.7146153    
   6203.749      0.7175285    
   6207.021      0.7199649    
   6210.293      0.7219416    
   6213.566      0.7234805    
   6216.838      0.7246180    
   6220.111      0.7253962    
   6223.384      0.7258674    
   6226.657      0.7260860    
   6229.930      0.7261103    
   6233.203      0.7259919    
   6236.476      0.7257773    
   6239.750      0.7255012    
   6243.022      0.7251896    
   6246.296      0.7248589    
   6249.569      0.7245178    
   6252.843      0.7241734    
   6256.116      0.7238315    
   6259.390      0.7235001    
   6262.664      0.7231967    
   6265.938      0.7229427    
   6269.211      0.7227663    
   6272.485      0.7226989    
   6275.759      0.7227672    
   6279.033      0.7229944    
   6282.308      0.7233899    
   6285.582      0.7239532    
   6288.856      0.7246740    
   6292.130      0.7255363    
   6295.405      0.7265122    
   6298.680      0.7275788    
   6301.954      0.7287142    
   6305.229      0.7299007    
   6308.504      0.7311274    
   6311.779      0.7323921    
   6315.054      0.7336994    
   6318.329      0.7350557    
   6321.604      0.7364628    
   6324.879      0.7379138    
   6328.154      0.7393883    
   6331.429      0.7408423    
   6334.705      0.7422246    
   6337.980      0.7434739    
   6341.256      0.7445343    
   6344.531      0.7453645    
   6347.807      0.7459481    
   6351.083      0.7462885    
   6354.359      0.7464140    
   6357.635      0.7463626    
   6360.911      0.7461840    
   6364.187      0.7459245    
   6367.463      0.7456353    
   6370.739      0.7453680    
   6374.016      0.7451870    
   6377.292      0.7451604    
   6380.568      0.7453701    
   6383.845      0.7459012    
   6387.122      0.7468344    
   6390.398      0.7482319    
   6393.675      0.7501242    
   6396.952      0.7525122    
   6400.229      0.7553497    
   6403.505      0.7585602    
   6406.783      0.7620405    
   6410.060      0.7656754    
   6413.337      0.7693403    
   6416.614      0.7729115    
   6419.892      0.7762752    
   6423.169      0.7793345    
   6426.447      0.7820180    
   6429.725      0.7842901    
   6433.002      0.7861636    
   6436.280      0.7876893    
   6439.558      0.7889590    
   6442.835      0.7900822    
   6446.113      0.7911713    
   6449.392      0.7923241    
   6452.670      0.7936136    
   6455.948      0.7950806    
   6459.226      0.7967408    
   6462.504      0.7985884    
   6465.783      0.8006135    
   6469.062      0.8028041    
   6472.340      0.8051535    
   6475.619      0.8076566    
   6478.897      0.8103167    
   6482.176      0.8131245    
   6485.455      0.8160660    
   6488.734      0.8191146    
   6492.013      0.8222322    
   6495.292      0.8253689    
   6498.572      0.8284636    
   6501.851      0.8314465    
   6505.130      0.8342442    
   6508.410      0.8367876    
   6511.689      0.8390167    
   6514.969      0.8408967    
   6518.249      0.8424178    
   6521.528      0.8435975    
   6524.808      0.8444759    
   6528.088      0.8451052    
   6531.368      0.8455379    
   6534.648      0.8458172    
   6537.928      0.8459711    
   6541.208      0.8460145    
   6544.488      0.8459512    
   6547.769      0.8457817    
   6551.049      0.8455067    
   6554.330      0.8451261    
   6557.610      0.8446420    
   6560.891      0.8440502    
   6564.172      0.8433373    
   6567.453      0.8424819    
   6570.733      0.8414546    
   6574.014      0.8402262    
   6577.295      0.8387717    
   6580.577      0.8370739    
   6583.858      0.8351334    
   6587.139      0.8329623    
   6590.420      0.8305880    
   6593.702      0.8280517    
   6596.983      0.8254037    
   6600.265      0.8227003    
   6603.546      0.8199970    
   6606.828      0.8173437    
   6610.110      0.8147779    
   6613.392      0.8123206    
   6616.674      0.8099759    
   6619.956      0.8077363    
   6623.238      0.8055898    
   6626.520      0.8035250    
   6629.802      0.8015425    
   6633.084      0.7996536    
   6636.367      0.7978855    
   6639.649      0.7962713    
   6642.932      0.7948472    
   6646.215      0.7936447    
   6649.498      0.7926846    
   6652.780      0.7919760    
   6656.063      0.7915158    
   6659.346      0.7912865    
   6662.629      0.7912689    
   6665.912      0.7914338    
   6669.195      0.7917502    
   6672.479      0.7921859    
   6675.762      0.7927061    
   6679.045      0.7932752    
   6682.329      0.7938617    
   6685.612      0.7944388    
   6688.896      0.7949936    
   6692.180      0.7955278    
   6695.463      0.7960582    
   6698.747      0.7966177    
   6702.031      0.7972472    
   6705.315      0.7979879    
   6708.599      0.7988788    
   6711.883      0.7999490    
   6715.167      0.8012151    
   6718.452      0.8026789    
   6721.736      0.8043300    
   6725.021      0.8061441    
   6728.305      0.8080898    
   6731.590      0.8101283    
   6734.875      0.8122231    
   6738.159      0.8143404    
   6741.444      0.8164546    
   6744.729      0.8185464    
   6748.014      0.8205997    
   6751.299      0.8225998    
   6754.584      0.8245299    
   6757.870      0.8263658    
   6761.155      0.8280823    
   6764.440      0.8296545    
   6767.726      0.8310659    
   6771.011      0.8323130    
   6774.297      0.8334064    
   6777.583      0.8343670    
   6780.868      0.8352262    
   6784.154      0.8360150    
   6787.440      0.8367621    
   6790.726      0.8374854    
   6794.012      0.8381965    
   6797.298      0.8388989    
   6800.584      0.8395913    
   6803.871      0.8402706    
   6807.157      0.8409351    
   6810.443      0.8415875    
   6813.730      0.8422345    
   6817.017      0.8428884    
   6820.303      0.8435644    
   6823.590      0.8442732    
   6826.877      0.8450224    
   6830.164      0.8458126    
   6833.451      0.8466338    
   6836.738      0.8474689    
   6840.025      0.8482926    
   6843.312      0.8490715    
   6846.599      0.8497691    
   6849.887      0.8503438    
   6853.174      0.8507535    
   6856.461      0.8509592    
   6859.750      0.8509280    
   6863.037      0.8506316    
   6866.325      0.8500533    
   6869.613      0.8491847    
   6872.900      0.8480248    
   6876.188      0.8465796    
   6879.477      0.8448632    
   6882.765      0.8428930    
   6886.053      0.8406931    
   6889.341      0.8382927    
   6892.629      0.8357259    
   6895.918      0.8330278    
   6899.207      0.8302309    
   6902.495      0.8273653    
   6905.784      0.8244531    
   6909.072      0.8215089    
   6912.361      0.8185388    
   6915.650      0.8155424    
   6918.939      0.8125131    
   6922.228      0.8094404    
   6925.517      0.8063141    
   6928.806      0.8031242    
   6932.096      0.7998667    
   6935.385      0.7965448    
   6938.674      0.7931691    
   6941.964      0.7897553    
   6945.253      0.7863199    
   6948.543      0.7828754    
   6951.833      0.7794323    
   6955.123      0.7759954    
   6958.412      0.7725707    
   6961.702      0.7691670    
   6964.992      0.7658007    
   6968.282      0.7624924    
   6971.573      0.7592663    
   6974.863      0.7561467    
   6978.153      0.7531531    
   6981.444      0.7502977    
   6984.734      0.7475858    
   6988.024      0.7450182    
   6991.315      0.7425947    
   6994.606      0.7403170    
   6997.897      0.7381911    
   7001.188      0.7362263    
   7004.479      0.7344349    
   7007.770      0.7328319    
   7011.061      0.7314286    
   7014.352      0.7302352    
   7017.643      0.7292605    
   7020.935      0.7285130    
   7024.226      0.7280004    
   7027.517      0.7277330    
   7030.809      0.7277231    
   7034.101      0.7279842    
   7037.392      0.7285289    
   7040.684      0.7293671    
   7043.976      0.7305037    
   7047.268      0.7319386    
   7050.560      0.7336641    
   7053.852      0.7356676    
   7057.144      0.7379294    
   7060.436      0.7404233    
   7063.729      0.7431141    
   7067.021      0.7459574    
   7070.313      0.7489017    
   7073.606      0.7518908    
   7076.898      0.7548669    
   7080.191      0.7577818    
   7083.484      0.7606004    
   7086.777      0.7633128    
   7090.070      0.7659299    
   7093.363      0.7684836    
   7096.656      0.7710199    
   7099.949      0.7735763    
   7103.242      0.7761705    
   7106.536      0.7787842    
   7109.829      0.7813553    
   7113.122      0.7837816    
   7116.416      0.7859265    
   7119.709      0.7876350    
   7123.003      0.7887482    
   7126.297      0.7891153    
   7129.591      0.7885938    
   7132.885      0.7870482    
   7136.179      0.7843395    
   7139.473      0.7803189    
   7142.767      0.7748269    
   7146.061      0.7677013    
   7149.355      0.7587910    
   7152.649      0.7479813    
   7155.944      0.7352121    
   7159.238      0.7204960    
   7162.533      0.7039198    
   7165.828      0.6856371    
   7169.123      0.6658553    
   7172.417      0.6448146    
   7175.712      0.6227654    
   7179.007      0.5999537    
   7182.302      0.5766030    
   7185.598      0.5529124    
   7188.893      0.5290483    
   7192.188      0.5051501    
   7195.483      0.4813333    
   7198.779      0.4576969    
   7202.074      0.4343399    
   7205.370      0.4113657    
   7208.666      0.3888900    
   7211.961      0.3670441    
   7215.257      0.3459676    
   7218.553      0.3257967    
   7221.849      0.3066510    
   7225.145      0.2886192    
   7228.441      0.2717510    
   7231.737      0.2560562    
   7235.034      0.2415080    
   7238.330      0.2280537    
   7241.626      0.2156213    
   7244.923      0.2041302    
   7248.219      0.1934972    
   7251.516      0.1836417    
   7254.813      0.1744865    
   7258.109      0.1659607    
   7261.406      0.1580006    
   7264.704      0.1505495    
   7268.000      0.1435602    
   7271.297      0.1369907    
   7274.595      0.1308044    
   7277.892      0.1249721    
   7281.189      0.1194672    
   7284.487      0.1142693    
   7287.784      0.1093603    
   7291.082      0.1047270    
   7294.379      0.1003583    
   7297.677      9.6245341E-02
   7300.975      9.2380114E-02
   7304.273      8.8753693E-02
   7307.571      8.5354410E-02
   7310.869      8.2170181E-02
   7314.167      7.9185873E-02
   7317.465      7.6384477E-02
   7320.763      7.3748671E-02
   7324.062      7.1259692E-02
   7327.360      6.8899706E-02
   7330.659      6.6651210E-02
   7333.957      6.4498119E-02
   7337.256      6.2425934E-02
   7340.555      6.0421329E-02
   7343.854      5.8473766E-02
   7347.152      5.6574468E-02
   7350.451      5.4717489E-02
   7353.750      5.2899301E-02
   7357.049      5.1118921E-02
   7360.348      4.9377687E-02
   7363.647      4.7677509E-02
   7366.947      4.6020899E-02
   7370.246      4.4409756E-02
   7373.546      4.2844884E-02
   7376.845      4.1326262E-02
   7380.145      3.9853185E-02
   7383.445      3.8425028E-02
   7386.745      3.7041474E-02
   7390.044      3.5704285E-02
   7393.344      3.4416050E-02
   7396.644      3.3180609E-02
   7399.944      3.2001220E-02
   7403.245      3.0879971E-02
   7406.545      2.9816607E-02
   7409.845      2.8808363E-02
   7413.146      2.7849684E-02
   7416.446      2.6934402E-02
   7419.747      2.6056478E-02
   7423.047      2.5210664E-02
   7426.348      2.4393909E-02
   7429.648      2.3604957E-02
   7432.949      2.2844007E-02
   7436.250      2.2112617E-02
   7439.551      2.1412732E-02
   7442.852      2.0746872E-02
   7446.153      2.0117115E-02
   7449.455      1.9525336E-02
   7452.756      1.8972341E-02
   7456.058      1.8458234E-02
   7459.359      1.7981617E-02
   7462.660      1.7539840E-02
   7465.962      1.7128833E-02
   7469.264      1.6743723E-02
   7472.565      1.6379055E-02
   7475.867      1.6030060E-02
   7479.169      1.5693026E-02
   7482.471      1.5365428E-02
   7485.773      1.5046230E-02
   7489.075      1.4734884E-02
   7492.377      1.4431404E-02
   7495.680      1.4135998E-02
   7498.982      1.3848417E-02
   7502.285      1.3568983E-02
   7505.587      1.3298378E-02
   7508.890      1.3038213E-02
   7512.192      1.2790555E-02
   7515.495      1.2557573E-02
   7518.798      1.2340381E-02
   7522.101      1.2138655E-02
   7525.404      1.1950077E-02
   7528.707      1.1770974E-02
   7532.010      1.1596885E-02
   7535.313      1.1423449E-02
   7538.616      1.1247184E-02
   7541.920      1.1066410E-02
   7545.223      1.0880840E-02
   7548.527      1.0691581E-02
   7551.831      1.0500441E-02
   7555.134      1.0309574E-02
   7558.438      1.0120660E-02
   7561.742      9.9356538E-03
   7565.045      9.7564310E-03
   7568.350      9.5852027E-03
   7571.653      9.4244396E-03
   7574.958      9.2768054E-03
   7578.262      9.1442438E-03
   7581.566      9.0281758E-03
   7584.871      8.9287413E-03
   7588.175      8.8448096E-03
   7591.479      8.7732524E-03
   7594.784      8.7099737E-03
   7598.089      8.6498940E-03
   7601.394      8.5877543E-03
   7604.698      8.5187135E-03
   7608.003      8.4390808E-03
   7611.308      8.3475756E-03
   7614.613      8.2448414E-03
   7617.918      8.1336675E-03
   7621.223      8.0188392E-03
   7624.529      7.9062451E-03
   7627.834      7.8014657E-03
   7631.140      7.7093216E-03
   7634.445      7.6327124E-03
   7637.750      7.5728041E-03
   7641.056      7.5283870E-03
   7644.362      7.4965996E-03
   7647.667      7.4734143E-03
   7650.973      7.4546970E-03
   7654.279      7.4367402E-03
   7657.585      7.4162977E-03
   7660.892      7.3917736E-03
   7664.198      7.3621385E-03
   7667.504      7.3276465E-03
   7670.810      7.2891996E-03
   7674.117      7.2478065E-03
   7677.423      7.2048008E-03
   7680.730      7.1614166E-03
   7684.036      7.1184775E-03
   7687.343      7.0769577E-03
   7690.650      7.0375795E-03
   7693.957      7.0014535E-03
   7697.264      6.9686873E-03
   7700.571      6.9388868E-03
   7703.878      6.9105434E-03
   7707.185      6.8805083E-03
   7710.492      6.8447087E-03
   7713.799      6.7982092E-03
   7717.107      6.7373691E-03
   7720.415      6.6599133E-03
   7723.722      6.5657375E-03
   7727.030      6.4574578E-03
   7730.337      6.3396278E-03
   7733.645      6.2176175E-03
   7736.953      6.0968311E-03
   7740.261      5.9815068E-03
   7743.569      5.8746049E-03
   7746.877      5.7772226E-03
   7750.185      5.6895572E-03
   7753.493      5.6112418E-03
   7756.802      5.5419579E-03
   7760.110      5.4821474E-03
   7763.418      5.4315650E-03
   7766.727      5.3903838E-03
   7770.036      5.3574727E-03
   7773.344      5.3304429E-03
   7776.653      5.3051719E-03
   7779.962      5.2770227E-03
   7783.271      5.2413675E-03
   7786.580      5.1950468E-03
   7789.889      5.1366878E-03
   7793.198      5.0671897E-03
   7796.507      4.9896752E-03
   7799.816      4.9080020E-03
   7803.126      4.8262496E-03
   7806.436      4.7475887E-03
   7809.745      4.6743504E-03
   7813.055      4.6070954E-03
   7816.364      4.5457021E-03
   7819.674      4.4893841E-03
   7822.984      4.4376422E-03
   7826.293      4.3905135E-03
   7829.604      4.3480946E-03
   7832.914      4.3106899E-03
   7836.224      4.2787087E-03
   7839.534      4.2520608E-03
   7842.844      4.2298879E-03
   7846.155      4.2111720E-03
   7849.465      4.1943211E-03
   7852.776      4.1779862E-03
   7856.086      4.1606659E-03
   7859.397      4.1412371E-03
   7862.708      4.1188062E-03
   7866.019      4.0929709E-03
   7869.330      4.0630647E-03
   7872.640      4.0291413E-03
   7875.952      3.9912001E-03
   7879.263      3.9496822E-03
   7882.574      3.9051343E-03
   7885.885      3.8582215E-03
   7889.196      3.8096788E-03
   7892.508      3.7602149E-03
   7895.819      3.7109698E-03
   7899.131      3.6629206E-03
   7902.443      3.6178920E-03
   7905.754      3.5777937E-03
   7909.066      3.5444333E-03
   7912.378      3.5193122E-03
   7915.690      3.5035026E-03
   7919.002      3.4963705E-03
   7922.314      3.4957705E-03
   7925.626      3.4981775E-03
   7928.939      3.4986129E-03
   7932.251      3.4921987E-03
   7935.563      3.4745832E-03
   7938.876      3.4425198E-03
   7942.188      3.3954880E-03
   7945.501      3.3351318E-03
   7948.814      3.2651860E-03
   7952.126      3.1903018E-03
   7955.439      3.1160063E-03
   7958.752      3.0473960E-03
   7962.066      2.9884386E-03
   7965.379      2.9417796E-03
   7968.692      2.9083730E-03
   7972.005      2.8880760E-03
   7975.318      2.8754212E-03
   7978.632      2.8369091E-03
   7981.945      2.7983971E-03
   7985.259      2.7598888E-03
   7988.573      2.7213767E-03
   7991.886      2.6828647E-03
   7995.200      2.6443526E-03
   7998.514      2.6058443E-03
   8001.828      2.5673322E-03
   8005.142      2.5288202E-03
   8008.456      2.4903119E-03
   8011.771      2.4517998E-03
   8015.084      2.4132878E-03
   8018.399      2.3747757E-03
   8021.713      2.3362674E-03
   8025.028      2.2977553E-03
   8028.342      2.2592433E-03
   8031.657      2.2207350E-03
   8034.972      2.1822229E-03
   8038.287      2.1437109E-03
   8041.602      2.1051988E-03
   8044.917      2.0666905E-03
   8048.231      2.0281784E-03
   8051.546      1.9896664E-03
   8054.861      1.9511580E-03
   8058.177      1.9126460E-03
   8061.492      1.8741339E-03
   8064.808      1.8356219E-03
   8068.123      1.7971136E-03
   8071.438      1.7586015E-03
   8074.754      1.7200895E-03
   8078.070      1.6815811E-03
   8081.386      1.6430691E-03
   8084.702      1.6045570E-03
   8088.018      1.5660450E-03
   8091.333      1.5275367E-03
   8094.649      1.4890246E-03
   8097.966      1.4505126E-03
   8101.282      1.4120042E-03
   8104.598      1.3734922E-03
   8107.915      1.3349801E-03
   8111.231      1.2964681E-03
   8114.547      1.2579598E-03
   8117.864      1.2194477E-03
   8121.181      1.1809357E-03
   8124.498      1.1424273E-03
   8127.814      1.1039153E-03
   8131.131      1.0654032E-03
   8134.448      1.0268912E-03
   8137.766      9.8838285E-04
   8141.083      9.4987080E-04
   8144.400      9.1135874E-04
   8147.717      8.7285042E-04
   8151.035      8.3433837E-04
   8154.352      7.9582632E-04
   8157.669      7.5731426E-04
   8160.987      7.1880594E-04
   8164.305      6.8029389E-04
