 4.90021e+03  2.57671e-03
 4.90047e+03  2.70925e-03
 4.90073e+03  2.92154e-03
 4.90099e+03  2.56492e-03
 4.90125e+03  2.84105e-03
 4.90151e+03  2.98278e-03
 4.90177e+03  3.15014e-03
 4.90203e+03  2.94561e-03
 4.90229e+03  2.64201e-03
 4.90255e+03  2.79392e-03
 4.90281e+03  2.98485e-03
 4.90307e+03  2.96896e-03
 4.90333e+03  2.46855e-03
 4.90359e+03  2.99335e-03
 4.90385e+03  3.22782e-03
 4.90411e+03  3.08738e-03
 4.90437e+03  2.79717e-03
 4.90463e+03  2.99078e-03
 4.90489e+03  2.71996e-03
 4.90515e+03  2.72674e-03
 4.90541e+03  3.28009e-03
 4.90567e+03  3.09148e-03
 4.90593e+03  3.03453e-03
 4.90619e+03  2.87347e-03
 4.90645e+03  3.13223e-03
 4.90671e+03  2.46920e-03
 4.90697e+03  2.60651e-03
 4.90723e+03  2.27287e-03
 4.90749e+03  2.67122e-03
 4.90775e+03  3.02237e-03
 4.90801e+03  3.25169e-03
 4.90827e+03  3.07166e-03
 4.90853e+03  3.39577e-03
 4.90879e+03  2.76667e-03
 4.90905e+03  2.88046e-03
 4.90931e+03  2.38803e-03
 4.90957e+03  3.08879e-03
 4.90983e+03  3.24098e-03
 4.91009e+03  3.11781e-03
 4.91035e+03  3.35575e-03
 4.91061e+03  3.34283e-03
 4.91087e+03  3.05644e-03
 4.91113e+03  3.08565e-03
 4.91139e+03  3.30976e-03
 4.91165e+03  3.13683e-03
 4.91191e+03  3.54485e-03
 4.91217e+03  2.80010e-03
 4.91243e+03  3.26711e-03
 4.91269e+03  2.81387e-03
 4.91295e+03  2.98440e-03
 4.91321e+03  2.99003e-03
 4.91347e+03  3.15451e-03
 4.91373e+03  3.58742e-03
 4.91399e+03  3.57948e-03
 4.91425e+03  3.41952e-03
 4.91451e+03  3.18644e-03
 4.91477e+03  3.54197e-03
 4.91503e+03  3.27808e-03
 4.91529e+03  3.41500e-03
 4.91555e+03  3.51221e-03
 4.91581e+03  3.65212e-03
 4.91607e+03  3.83733e-03
 4.91633e+03  3.63336e-03
 4.91659e+03  3.67422e-03
 4.91685e+03  3.40902e-03
 4.91711e+03  3.53009e-03
 4.91737e+03  3.55603e-03
 4.91763e+03  3.41660e-03
 4.91789e+03  3.34341e-03
 4.91815e+03  3.40613e-03
 4.91841e+03  2.85582e-03
 4.91867e+03  3.35221e-03
 4.91893e+03  3.23851e-03
 4.91919e+03  3.87055e-03
 4.91945e+03  3.30234e-03
 4.91971e+03  3.94936e-03
 4.91997e+03  3.55783e-03
 4.92023e+03  3.49988e-03
 4.92048e+03  4.08713e-03
 4.92075e+03  3.55039e-03
 4.92100e+03  3.75415e-03
 4.92126e+03  3.60292e-03
 4.92152e+03  4.03897e-03
 4.92178e+03  3.78197e-03
 4.92204e+03  3.62253e-03
 4.92230e+03  3.95979e-03
 4.92256e+03  3.79719e-03
 4.92282e+03  3.85438e-03
 4.92308e+03  3.80174e-03
 4.92334e+03  3.67055e-03
 4.92360e+03  3.99851e-03
 4.92386e+03  3.92825e-03
 4.92412e+03  4.21440e-03
 4.92438e+03  3.57821e-03
 4.92464e+03  3.94362e-03
 4.92490e+03  4.20267e-03
 4.92516e+03  3.90927e-03
 4.92542e+03  3.91137e-03
 4.92568e+03  4.47541e-03
 4.92594e+03  4.31672e-03
 4.92620e+03  3.88144e-03
 4.92646e+03  4.23986e-03
 4.92672e+03  4.35114e-03
 4.92698e+03  4.59812e-03
 4.92724e+03  4.26670e-03
 4.92750e+03  4.34310e-03
 4.92776e+03  4.24296e-03
 4.92802e+03  4.07790e-03
 4.92828e+03  4.50753e-03
 4.92854e+03  4.37853e-03
 4.92880e+03  4.45411e-03
 4.92906e+03  4.10370e-03
 4.92932e+03  4.35450e-03
 4.92958e+03  4.69950e-03
 4.92984e+03  4.01758e-03
 4.93010e+03  4.18496e-03
 4.93036e+03  4.56413e-03
 4.93062e+03  4.56226e-03
 4.93088e+03  4.06330e-03
 4.93114e+03  4.44760e-03
 4.93140e+03  4.54145e-03
 4.93166e+03  4.73417e-03
 4.93192e+03  4.14323e-03
 4.93218e+03  4.29782e-03
 4.93244e+03  4.74024e-03
 4.93270e+03  4.63234e-03
 4.93296e+03  4.67282e-03
 4.93322e+03  4.69675e-03
 4.93348e+03  4.32539e-03
 4.93374e+03  4.77163e-03
 4.93400e+03  4.32440e-03
 4.93426e+03  4.63641e-03
 4.93452e+03  4.89491e-03
 4.93478e+03  4.91481e-03
 4.93504e+03  5.25739e-03
 4.93530e+03  5.18919e-03
 4.93556e+03  5.11922e-03
 4.93582e+03  4.71233e-03
 4.93608e+03  5.83461e-03
 4.93634e+03  4.81441e-03
 4.93660e+03  5.00102e-03
 4.93686e+03  4.71050e-03
 4.93712e+03  5.15971e-03
 4.93738e+03  5.02472e-03
 4.93764e+03  5.68217e-03
 4.93790e+03  5.41457e-03
 4.93816e+03  5.26306e-03
 4.93842e+03  5.19952e-03
 4.93868e+03  5.37737e-03
 4.93894e+03  5.28902e-03
 4.93920e+03  5.34235e-03
 4.93946e+03  5.48212e-03
 4.93972e+03  5.48416e-03
 4.93998e+03  5.72390e-03
 4.94024e+03  5.71177e-03
 4.94050e+03  5.89895e-03
 4.94076e+03  6.07449e-03
 4.94102e+03  5.60637e-03
 4.94128e+03  5.50821e-03
 4.94154e+03  5.82275e-03
 4.94180e+03  5.95831e-03
 4.94206e+03  5.83313e-03
 4.94232e+03  6.19754e-03
 4.94258e+03  6.59637e-03
 4.94284e+03  5.82824e-03
 4.94310e+03  5.99909e-03
 4.94336e+03  6.18209e-03
 4.94362e+03  5.52420e-03
 4.94388e+03  5.74642e-03
 4.94414e+03  5.78982e-03
 4.94440e+03  6.40760e-03
 4.94466e+03  5.83491e-03
 4.94492e+03  6.18619e-03
 4.94518e+03  6.68532e-03
 4.94544e+03  6.14086e-03
 4.94570e+03  6.77872e-03
 4.94596e+03  6.70282e-03
 4.94622e+03  6.85143e-03
 4.94648e+03  6.87458e-03
 4.94673e+03  6.78859e-03
 4.94699e+03  6.63837e-03
 4.94725e+03  7.31392e-03
 4.94751e+03  7.06868e-03
 4.94777e+03  7.02753e-03
 4.94803e+03  7.23030e-03
 4.94829e+03  7.01828e-03
 4.94855e+03  7.12556e-03
 4.94881e+03  6.98816e-03
 4.94907e+03  6.96376e-03
 4.94933e+03  6.97950e-03
 4.94959e+03  7.17750e-03
 4.94985e+03  7.52976e-03
 4.95011e+03  7.76155e-03
 4.95037e+03  7.55240e-03
 4.95063e+03  7.56817e-03
 4.95089e+03  7.75869e-03
 4.95115e+03  7.85136e-03
 4.95141e+03  7.54485e-03
 4.95167e+03  8.14283e-03
 4.95193e+03  8.46207e-03
 4.95219e+03  7.96410e-03
 4.95245e+03  8.08169e-03
 4.95271e+03  8.27564e-03
 4.95297e+03  8.72159e-03
 4.95323e+03  8.69227e-03
 4.95349e+03  8.11963e-03
 4.95375e+03  8.77269e-03
 4.95401e+03  8.31385e-03
 4.95427e+03  8.32657e-03
 4.95453e+03  8.19005e-03
 4.95479e+03  8.96135e-03
 4.95505e+03  8.98646e-03
 4.95531e+03  9.03330e-03
 4.95557e+03  9.24282e-03
 4.95583e+03  8.97922e-03
 4.95609e+03  9.29099e-03
 4.95635e+03  9.42401e-03
 4.95661e+03  9.87667e-03
 4.95687e+03  9.48128e-03
 4.95713e+03  1.02132e-02
 4.95739e+03  1.01447e-02
 4.95765e+03  9.82801e-03
 4.95791e+03  1.05868e-02
 4.95817e+03  9.66719e-03
 4.95843e+03  1.03187e-02
 4.95869e+03  1.00175e-02
 4.95895e+03  1.03609e-02
 4.95921e+03  1.08893e-02
 4.95947e+03  1.04604e-02
 4.95973e+03  1.06942e-02
 4.95999e+03  1.11530e-02
 4.96025e+03  1.09861e-02
 4.96051e+03  1.09836e-02
 4.96077e+03  1.08587e-02
 4.96103e+03  1.11971e-02
 4.96129e+03  1.14644e-02
 4.96155e+03  1.19205e-02
 4.96181e+03  1.16273e-02
 4.96207e+03  1.19035e-02
 4.96233e+03  1.20537e-02
 4.96259e+03  1.26466e-02
 4.96285e+03  1.22658e-02
 4.96311e+03  1.36293e-02
 4.96337e+03  1.29160e-02
 4.96363e+03  1.29205e-02
 4.96389e+03  1.28755e-02
 4.96415e+03  1.30018e-02
 4.96441e+03  1.38052e-02
 4.96467e+03  1.25514e-02
 4.96493e+03  1.37861e-02
 4.96519e+03  1.34949e-02
 4.96545e+03  1.41568e-02
 4.96571e+03  1.37465e-02
 4.96597e+03  1.47155e-02
 4.96623e+03  1.47850e-02
 4.96649e+03  1.44996e-02
 4.96675e+03  1.45861e-02
 4.96701e+03  1.55353e-02
 4.96727e+03  1.46156e-02
 4.96753e+03  1.61780e-02
 4.96779e+03  1.57412e-02
 4.96805e+03  1.58206e-02
 4.96831e+03  1.68921e-02
 4.96857e+03  1.62572e-02
 4.96883e+03  1.62794e-02
 4.96909e+03  1.56432e-02
 4.96935e+03  1.75462e-02
 4.96961e+03  1.65366e-02
 4.96987e+03  1.77800e-02
 4.97013e+03  1.80402e-02
 4.97039e+03  1.80634e-02
 4.97065e+03  1.80488e-02
 4.97091e+03  1.79965e-02
 4.97117e+03  1.89911e-02
 4.97143e+03  1.94887e-02
 4.97169e+03  2.00366e-02
 4.97195e+03  2.00385e-02
 4.97221e+03  1.99779e-02
 4.97246e+03  2.00015e-02
 4.97273e+03  2.02681e-02
 4.97298e+03  2.03866e-02
 4.97324e+03  2.11702e-02
 4.97350e+03  2.15444e-02
 4.97376e+03  2.17663e-02
 4.97402e+03  2.22144e-02
 4.97428e+03  2.23957e-02
 4.97454e+03  2.27127e-02
 4.97480e+03  2.39449e-02
 4.97506e+03  2.28155e-02
 4.97532e+03  2.42726e-02
 4.97558e+03  2.40814e-02
 4.97584e+03  2.43501e-02
 4.97610e+03  2.39114e-02
 4.97636e+03  2.43530e-02
 4.97662e+03  2.60796e-02
 4.97688e+03  2.64445e-02
 4.97714e+03  2.57646e-02
 4.97740e+03  2.60405e-02
 4.97766e+03  2.79521e-02
 4.97792e+03  2.78448e-02
 4.97818e+03  2.77594e-02
 4.97844e+03  2.85590e-02
 4.97870e+03  2.88558e-02
 4.97896e+03  2.92854e-02
 4.97922e+03  3.00107e-02
 4.97948e+03  3.09880e-02
 4.97974e+03  3.07723e-02
 4.98000e+03  3.18272e-02
 4.98026e+03  3.20076e-02
 4.98052e+03  3.24339e-02
 4.98078e+03  3.41463e-02
 4.98104e+03  3.36022e-02
 4.98130e+03  3.43427e-02
 4.98156e+03  3.48599e-02
 4.98182e+03  3.55305e-02
 4.98208e+03  3.60992e-02
 4.98234e+03  3.78256e-02
 4.98260e+03  3.80639e-02
 4.98286e+03  3.82576e-02
 4.98312e+03  3.83802e-02
 4.98338e+03  4.01707e-02
 4.98364e+03  3.99022e-02
 4.98390e+03  4.08626e-02
 4.98416e+03  4.19621e-02
 4.98442e+03  4.26091e-02
 4.98468e+03  4.30514e-02
 4.98494e+03  4.51058e-02
 4.98520e+03  4.59568e-02
 4.98546e+03  4.56313e-02
 4.98572e+03  4.56730e-02
 4.98598e+03  4.63360e-02
 4.98624e+03  4.84901e-02
 4.98650e+03  4.97439e-02
 4.98676e+03  4.99594e-02
 4.98702e+03  5.05884e-02
 4.98728e+03  5.19922e-02
 4.98754e+03  5.25002e-02
 4.98780e+03  5.37686e-02
 4.98806e+03  5.59424e-02
 4.98832e+03  5.70072e-02
 4.98858e+03  5.82238e-02
 4.98884e+03  5.86623e-02
 4.98910e+03  5.92310e-02
 4.98936e+03  5.99532e-02
 4.98962e+03  6.16697e-02
 4.98988e+03  6.29677e-02
 4.99014e+03  6.44617e-02
 4.99040e+03  6.65218e-02
 4.99066e+03  6.79065e-02
 4.99092e+03  6.94649e-02
 4.99118e+03  6.99464e-02
 4.99144e+03  7.26213e-02
 4.99170e+03  7.34362e-02
 4.99196e+03  7.56795e-02
 4.99222e+03  7.77615e-02
 4.99248e+03  7.69056e-02
 4.99274e+03  7.94151e-02
 4.99300e+03  8.22237e-02
 4.99326e+03  8.36756e-02
 4.99352e+03  8.53772e-02
 4.99378e+03  8.71419e-02
 4.99404e+03  8.61849e-02
 4.99430e+03  8.99673e-02
 4.99456e+03  9.21193e-02
 4.99482e+03  9.32170e-02
 4.99508e+03  9.61483e-02
 4.99534e+03  9.78849e-02
 4.99560e+03  9.99841e-02
 4.99586e+03  1.04222e-01
 4.99612e+03  1.03722e-01
 4.99638e+03  1.08988e-01
 4.99664e+03  1.09621e-01
 4.99690e+03  1.11312e-01
 4.99716e+03  1.14676e-01
 4.99742e+03  1.16598e-01
 4.99768e+03  1.19551e-01
 4.99794e+03  1.23706e-01
 4.99820e+03  1.25450e-01
 4.99846e+03  1.26544e-01
 4.99871e+03  1.30712e-01
 4.99897e+03  1.32950e-01
 4.99923e+03  1.35728e-01
 4.99949e+03  1.39395e-01
 4.99975e+03  1.43298e-01
 5.00001e+03  1.46248e-01
 5.00027e+03  1.48630e-01
 5.00053e+03  1.52428e-01
 5.00079e+03  1.55993e-01
 5.00105e+03  1.58633e-01
 5.00131e+03  1.66767e-01
 5.00157e+03  1.66352e-01
 5.00183e+03  1.70190e-01
 5.00209e+03  1.74890e-01
 5.00235e+03  1.79166e-01
 5.00261e+03  1.79891e-01
 5.00287e+03  1.85412e-01
 5.00313e+03  1.90236e-01
 5.00339e+03  1.94156e-01
 5.00365e+03  1.98314e-01
 5.00391e+03  2.02624e-01
 5.00417e+03  2.06255e-01
 5.00443e+03  2.09765e-01
 5.00469e+03  2.15264e-01
 5.00495e+03  2.24401e-01
 5.00521e+03  2.29287e-01
 5.00547e+03  2.31935e-01
 5.00573e+03  2.38041e-01
 5.00599e+03  2.40332e-01
 5.00625e+03  2.46032e-01
 5.00651e+03  2.51728e-01
 5.00677e+03  2.59371e-01
 5.00703e+03  2.60144e-01
 5.00729e+03  2.69106e-01
 5.00755e+03  2.73467e-01
 5.00781e+03  2.80126e-01
 5.00807e+03  2.84294e-01
 5.00833e+03  2.91858e-01
 5.00859e+03  2.97806e-01
 5.00885e+03  3.03722e-01
 5.00911e+03  3.09615e-01
 5.00937e+03  3.09624e-01
 5.00963e+03  3.18918e-01
 5.00989e+03  3.27612e-01
 5.01015e+03  3.35804e-01
 5.01041e+03  3.43576e-01
 5.01067e+03  3.45748e-01
 5.01093e+03  3.49756e-01
 5.01119e+03  3.57025e-01
 5.01145e+03  3.66957e-01
 5.01171e+03  3.73821e-01
 5.01197e+03  3.82242e-01
 5.01223e+03  3.84449e-01
 5.01249e+03  3.93647e-01
 5.01275e+03  4.01545e-01
 5.01301e+03  4.08717e-01
 5.01327e+03  4.14482e-01
 5.01353e+03  4.19051e-01
 5.01379e+03  4.27732e-01
 5.01405e+03  4.38664e-01
 5.01431e+03  4.41639e-01
 5.01457e+03  4.47702e-01
 5.01483e+03  4.53877e-01
 5.01509e+03  4.62032e-01
 5.01535e+03  4.72908e-01
 5.01561e+03  4.73071e-01
 5.01587e+03  4.81821e-01
 5.01613e+03  4.89928e-01
 5.01639e+03  4.98683e-01
 5.01665e+03  5.02577e-01
 5.01691e+03  5.08526e-01
 5.01717e+03  5.13756e-01
 5.01743e+03  5.20272e-01
 5.01769e+03  5.30898e-01
 5.01795e+03  5.38509e-01
 5.01821e+03  5.38514e-01
 5.01847e+03  5.45115e-01
 5.01873e+03  5.50770e-01
 5.01899e+03  5.58829e-01
 5.01925e+03  5.65672e-01
 5.01951e+03  5.73325e-01
 5.01977e+03  5.72110e-01
 5.02003e+03  5.82461e-01
 5.02029e+03  5.89188e-01
 5.02055e+03  5.88660e-01
 5.02081e+03  5.97287e-01
 5.02107e+03  6.00276e-01
 5.02133e+03  6.09377e-01
 5.02159e+03  6.16581e-01
 5.02185e+03  6.15759e-01
 5.02211e+03  6.25507e-01
 5.02237e+03  6.26443e-01
 5.02263e+03  6.27095e-01
 5.02289e+03  6.35366e-01
 5.02315e+03  6.37115e-01
 5.02341e+03  6.42775e-01
 5.02367e+03  6.46946e-01
 5.02393e+03  6.49045e-01
 5.02419e+03  6.52593e-01
 5.02444e+03  6.55865e-01
 5.02471e+03  6.63019e-01
 5.02496e+03  6.66607e-01
 5.02522e+03  6.68857e-01
 5.02548e+03  6.70006e-01
 5.02574e+03  6.75866e-01
 5.02600e+03  6.75593e-01
 5.02626e+03  6.77821e-01
 5.02652e+03  6.77195e-01
 5.02678e+03  6.83220e-01
 5.02704e+03  6.86952e-01
 5.02730e+03  6.90819e-01
 5.02756e+03  6.89959e-01
 5.02782e+03  6.93315e-01
 5.02808e+03  6.95772e-01
 5.02834e+03  6.95599e-01
 5.02860e+03  6.95541e-01
 5.02886e+03  6.97553e-01
 5.02912e+03  7.01412e-01
 5.02938e+03  7.05049e-01
 5.02964e+03  7.06685e-01
 5.02990e+03  7.12477e-01
 5.03016e+03  7.07074e-01
 5.03042e+03  7.10295e-01
 5.03068e+03  7.10496e-01
 5.03094e+03  7.10270e-01
 5.03120e+03  7.15900e-01
 5.03146e+03  7.10162e-01
 5.03172e+03  7.10698e-01
 5.03198e+03  7.14360e-01
 5.03224e+03  7.17713e-01
 5.03250e+03  7.14359e-01
 5.03276e+03  7.16872e-01
 5.03302e+03  7.16618e-01
 5.03328e+03  7.19746e-01
 5.03354e+03  7.20240e-01
 5.03380e+03  7.21143e-01
 5.03406e+03  7.17635e-01
 5.03432e+03  7.23268e-01
 5.03458e+03  7.22244e-01
 5.03484e+03  7.22544e-01
 5.03510e+03  7.18112e-01
 5.03536e+03  7.22874e-01
 5.03562e+03  7.25166e-01
 5.03588e+03  7.21513e-01
 5.03614e+03  7.26435e-01
 5.03640e+03  7.26077e-01
 5.03666e+03  7.21001e-01
 5.03692e+03  7.25508e-01
 5.03718e+03  7.26160e-01
 5.03744e+03  7.24213e-01
 5.03770e+03  7.24860e-01
 5.03796e+03  7.30767e-01
 5.03822e+03  7.31557e-01
 5.03848e+03  7.31616e-01
 5.03874e+03  7.28300e-01
 5.03900e+03  7.29230e-01
 5.03926e+03  7.27349e-01
 5.03952e+03  7.31295e-01
 5.03978e+03  7.26007e-01
 5.04004e+03  7.31661e-01
 5.04030e+03  7.26830e-01
 5.04056e+03  7.32711e-01
 5.04082e+03  7.31928e-01
 5.04108e+03  7.30204e-01
 5.04134e+03  7.26449e-01
 5.04160e+03  7.28445e-01
 5.04186e+03  7.32295e-01
 5.04212e+03  7.30164e-01
 5.04238e+03  7.29653e-01
 5.04264e+03  7.34309e-01
 5.04290e+03  7.34297e-01
 5.04316e+03  7.34956e-01
 5.04342e+03  7.27003e-01
 5.04368e+03  7.31166e-01
 5.04394e+03  7.30525e-01
 5.04420e+03  7.35210e-01
 5.04446e+03  7.36071e-01
 5.04472e+03  7.33996e-01
 5.04498e+03  7.32586e-01
 5.04524e+03  7.30714e-01
 5.04550e+03  7.30388e-01
 5.04576e+03  7.30890e-01
 5.04602e+03  7.34291e-01
 5.04628e+03  7.38330e-01
 5.04654e+03  7.31972e-01
 5.04680e+03  7.36094e-01
 5.04706e+03  7.36425e-01
 5.04732e+03  7.32016e-01
 5.04758e+03  7.36991e-01
 5.04784e+03  7.34490e-01
 5.04810e+03  7.32782e-01
 5.04836e+03  7.36325e-01
 5.04862e+03  7.35636e-01
 5.04888e+03  7.39462e-01
 5.04914e+03  7.37099e-01
 5.04940e+03  7.45975e-01
 5.04966e+03  7.34585e-01
 5.04992e+03  7.44406e-01
 5.05018e+03  7.38025e-01
 5.05044e+03  7.41063e-01
 5.05069e+03  7.43003e-01
 5.05095e+03  7.46266e-01
 5.05121e+03  7.44808e-01
 5.05147e+03  7.38178e-01
 5.05173e+03  7.39742e-01
 5.05199e+03  7.46144e-01
 5.05225e+03  7.45908e-01
 5.05251e+03  7.37182e-01
 5.05277e+03  7.45238e-01
 5.05303e+03  7.43534e-01
 5.05329e+03  7.46409e-01
 5.05355e+03  7.40272e-01
 5.05381e+03  7.44522e-01
 5.05407e+03  7.49728e-01
 5.05433e+03  7.46448e-01
 5.05459e+03  7.43707e-01
 5.05485e+03  7.44845e-01
 5.05511e+03  7.45050e-01
 5.05537e+03  7.46107e-01
 5.05563e+03  7.47132e-01
 5.05589e+03  7.48031e-01
 5.05615e+03  7.51426e-01
 5.05641e+03  7.50645e-01
 5.05667e+03  7.52310e-01
 5.05693e+03  7.57832e-01
 5.05719e+03  7.49069e-01
 5.05745e+03  7.48263e-01
 5.05771e+03  7.46671e-01
 5.05797e+03  7.48080e-01
 5.05823e+03  7.47367e-01
 5.05849e+03  7.43955e-01
 5.05875e+03  7.51213e-01
 5.05901e+03  7.52917e-01
 5.05927e+03  7.50393e-01
 5.05953e+03  7.53268e-01
 5.05979e+03  7.54189e-01
 5.06005e+03  7.56791e-01
 5.06031e+03  7.50726e-01
 5.06057e+03  7.52540e-01
 5.06083e+03  7.52003e-01
 5.06109e+03  7.54924e-01
 5.06135e+03  7.54835e-01
 5.06161e+03  7.52822e-01
 5.06187e+03  7.49597e-01
 5.06213e+03  7.60307e-01
 5.06239e+03  7.54406e-01
 5.06265e+03  7.55982e-01
 5.06291e+03  7.57566e-01
 5.06317e+03  7.50131e-01
 5.06343e+03  7.52785e-01
 5.06369e+03  7.53879e-01
 5.06395e+03  7.49847e-01
 5.06421e+03  7.57512e-01
 5.06447e+03  7.54255e-01
 5.06473e+03  7.57464e-01
 5.06499e+03  7.54972e-01
 5.06525e+03  7.60715e-01
 5.06551e+03  7.56734e-01
 5.06577e+03  7.53995e-01
 5.06603e+03  7.56400e-01
 5.06629e+03  7.53629e-01
 5.06655e+03  7.58261e-01
 5.06681e+03  7.53795e-01
 5.06707e+03  7.53791e-01
 5.06733e+03  7.54178e-01
 5.06759e+03  7.58560e-01
 5.06785e+03  7.52481e-01
 5.06811e+03  7.53126e-01
 5.06837e+03  7.60446e-01
 5.06863e+03  7.56691e-01
 5.06889e+03  7.56823e-01
 5.06915e+03  7.55537e-01
 5.06941e+03  7.54347e-01
 5.06967e+03  7.62673e-01
 5.06993e+03  7.53420e-01
 5.07019e+03  7.57725e-01
 5.07045e+03  7.58278e-01
 5.07071e+03  7.52617e-01
 5.07097e+03  7.56166e-01
 5.07123e+03  7.59082e-01
 5.07149e+03  7.59728e-01
 5.07175e+03  7.59063e-01
 5.07201e+03  7.55398e-01
 5.07227e+03  7.56769e-01
 5.07253e+03  7.57356e-01
 5.07279e+03  7.53378e-01
 5.07305e+03  7.56557e-01
 5.07331e+03  7.61346e-01
 5.07357e+03  7.53047e-01
 5.07383e+03  7.53141e-01
 5.07409e+03  7.58307e-01
 5.07435e+03  7.57399e-01
 5.07461e+03  7.59557e-01
 5.07487e+03  7.57192e-01
 5.07513e+03  7.59112e-01
 5.07539e+03  7.55466e-01
 5.07565e+03  7.58246e-01
 5.07591e+03  7.57201e-01
 5.07617e+03  7.55794e-01
 5.07642e+03  7.61295e-01
 5.07669e+03  7.59089e-01
 5.07694e+03  7.56695e-01
 5.07720e+03  7.63112e-01
 5.07746e+03  7.54235e-01
 5.07772e+03  7.59324e-01
 5.07798e+03  7.58241e-01
 5.07824e+03  7.56883e-01
 5.07850e+03  7.60925e-01
 5.07876e+03  7.61557e-01
 5.07902e+03  7.58175e-01
 5.07928e+03  7.59488e-01
 5.07954e+03  7.55569e-01
 5.07980e+03  7.60145e-01
 5.08006e+03  7.60976e-01
 5.08032e+03  7.59668e-01
 5.08058e+03  7.65320e-01
 5.08084e+03  7.60993e-01
 5.08110e+03  7.67239e-01
 5.08136e+03  7.58788e-01
 5.08162e+03  7.62937e-01
 5.08188e+03  7.62040e-01
 5.08214e+03  7.58996e-01
 5.08240e+03  7.64388e-01
 5.08266e+03  7.68473e-01
 5.08292e+03  7.61538e-01
 5.08318e+03  7.62595e-01
 5.08344e+03  7.62976e-01
 5.08370e+03  7.68607e-01
 5.08396e+03  7.63237e-01
 5.08422e+03  7.62899e-01
 5.08448e+03  7.71734e-01
 5.08474e+03  7.57621e-01
 5.08500e+03  7.67861e-01
 5.08526e+03  7.63043e-01
 5.08552e+03  7.64245e-01
 5.08578e+03  7.65902e-01
 5.08604e+03  7.64180e-01
 5.08630e+03  7.68412e-01
 5.08656e+03  7.64685e-01
 5.08682e+03  7.68815e-01
 5.08708e+03  7.71561e-01
 5.08734e+03  7.63357e-01
 5.08760e+03  7.65363e-01
 5.08786e+03  7.66211e-01
 5.08812e+03  7.71920e-01
 5.08838e+03  7.68190e-01
 5.08864e+03  7.65257e-01
 5.08890e+03  7.66504e-01
 5.08916e+03  7.70926e-01
 5.08942e+03  7.65630e-01
 5.08968e+03  7.66639e-01
 5.08994e+03  7.69787e-01
 5.09020e+03  7.62583e-01
 5.09046e+03  7.69939e-01
 5.09072e+03  7.69142e-01
 5.09098e+03  7.67400e-01
 5.09124e+03  7.67796e-01
 5.09150e+03  7.63842e-01
 5.09176e+03  7.67515e-01
 5.09202e+03  7.63558e-01
 5.09228e+03  7.65240e-01
 5.09254e+03  7.63965e-01
 5.09280e+03  7.66545e-01
 5.09306e+03  7.62520e-01
 5.09332e+03  7.59972e-01
 5.09358e+03  7.58801e-01
 5.09384e+03  7.61611e-01
 5.09410e+03  7.58106e-01
 5.09436e+03  7.56666e-01
 5.09462e+03  7.54826e-01
 5.09488e+03  7.54790e-01
 5.09514e+03  7.53632e-01
 5.09540e+03  7.48222e-01
 5.09566e+03  7.53566e-01
 5.09592e+03  7.49329e-01
 5.09618e+03  7.43170e-01
 5.09644e+03  7.46410e-01
 5.09670e+03  7.46987e-01
 5.09696e+03  7.43413e-01
 5.09722e+03  7.40179e-01
 5.09748e+03  7.36067e-01
 5.09774e+03  7.31595e-01
 5.09800e+03  7.35237e-01
 5.09826e+03  7.31967e-01
 5.09852e+03  7.30447e-01
 5.09878e+03  7.26604e-01
 5.09904e+03  7.23843e-01
 5.09930e+03  7.20781e-01
 5.09956e+03  7.22910e-01
 5.09982e+03  7.17288e-01
 5.10008e+03  7.12624e-01
 5.10034e+03  7.06152e-01
 5.10060e+03  7.03533e-01
 5.10086e+03  6.98394e-01
 5.10112e+03  6.94221e-01
 5.10138e+03  6.94480e-01
 5.10164e+03  6.89849e-01
 5.10190e+03  6.88863e-01
 5.10216e+03  6.77948e-01
 5.10242e+03  6.75211e-01
 5.10267e+03  6.74380e-01
 5.10293e+03  6.65733e-01
 5.10319e+03  6.63692e-01
 5.10345e+03  6.57070e-01
 5.10371e+03  6.51177e-01
 5.10397e+03  6.48802e-01
 5.10423e+03  6.42013e-01
 5.10449e+03  6.33664e-01
 5.10475e+03  6.28718e-01
 5.10501e+03  6.19681e-01
 5.10527e+03  6.15953e-01
 5.10553e+03  6.12028e-01
 5.10579e+03  6.09397e-01
 5.10605e+03  5.98561e-01
 5.10631e+03  5.91520e-01
 5.10657e+03  5.89615e-01
 5.10683e+03  5.78777e-01
 5.10709e+03  5.75033e-01
 5.10735e+03  5.66017e-01
 5.10761e+03  5.59222e-01
 5.10787e+03  5.54370e-01
 5.10813e+03  5.43479e-01
 5.10839e+03  5.43933e-01
 5.10865e+03  5.35002e-01
 5.10891e+03  5.24516e-01
 5.10917e+03  5.19931e-01
 5.10943e+03  5.09677e-01
 5.10969e+03  5.09806e-01
 5.10995e+03  4.97257e-01
 5.11021e+03  4.89560e-01
 5.11047e+03  4.84912e-01
 5.11073e+03  4.76413e-01
 5.11099e+03  4.71151e-01
 5.11125e+03  4.64373e-01
 5.11151e+03  4.52082e-01
 5.11177e+03  4.47382e-01
 5.11203e+03  4.40735e-01
 5.11229e+03  4.35318e-01
 5.11255e+03  4.26403e-01
 5.11281e+03  4.22130e-01
 5.11307e+03  4.14448e-01
 5.11333e+03  4.05828e-01
 5.11359e+03  4.00230e-01
 5.11385e+03  3.91552e-01
 5.11411e+03  3.89391e-01
 5.11437e+03  3.81230e-01
 5.11463e+03  3.74351e-01
 5.11489e+03  3.64260e-01
 5.11515e+03  3.61429e-01
 5.11541e+03  3.53516e-01
 5.11567e+03  3.49341e-01
 5.11593e+03  3.41115e-01
 5.11619e+03  3.33611e-01
 5.11645e+03  3.26683e-01
 5.11671e+03  3.21046e-01
 5.11697e+03  3.16416e-01
 5.11723e+03  3.08845e-01
 5.11749e+03  3.03300e-01
 5.11775e+03  2.96646e-01
 5.11801e+03  2.95854e-01
 5.11827e+03  2.86963e-01
 5.11853e+03  2.81818e-01
 5.11879e+03  2.77614e-01
 5.11905e+03  2.69457e-01
 5.11931e+03  2.67447e-01
 5.11957e+03  2.59896e-01
 5.11983e+03  2.54219e-01
 5.12009e+03  2.51303e-01
 5.12035e+03  2.43153e-01
 5.12061e+03  2.39586e-01
 5.12087e+03  2.36345e-01
 5.12113e+03  2.29422e-01
 5.12139e+03  2.25800e-01
 5.12165e+03  2.23069e-01
 5.12191e+03  2.16826e-01
 5.12217e+03  2.11266e-01
 5.12243e+03  2.09173e-01
 5.12269e+03  2.03634e-01
 5.12295e+03  1.99693e-01
 5.12321e+03  1.94323e-01
 5.12347e+03  1.91131e-01
 5.12373e+03  1.87303e-01
 5.12399e+03  1.84968e-01
 5.12425e+03  1.81281e-01
 5.12451e+03  1.73091e-01
 5.12477e+03  1.72425e-01
 5.12503e+03  1.67891e-01
 5.12529e+03  1.67392e-01
 5.12555e+03  1.61902e-01
 5.12581e+03  1.60156e-01
 5.12607e+03  1.54049e-01
 5.12633e+03  1.52006e-01
 5.12659e+03  1.49788e-01
 5.12685e+03  1.46140e-01
 5.12711e+03  1.43393e-01
 5.12737e+03  1.41342e-01
 5.12763e+03  1.38119e-01
 5.12789e+03  1.35017e-01
 5.12815e+03  1.32741e-01
 5.12840e+03  1.31449e-01
 5.12867e+03  1.27666e-01
 5.12892e+03  1.24190e-01
 5.12918e+03  1.22029e-01
 5.12944e+03  1.20291e-01
 5.12970e+03  1.17965e-01
 5.12996e+03  1.14024e-01
 5.13022e+03  1.12649e-01
 5.13048e+03  1.09203e-01
 5.13074e+03  1.08834e-01
 5.13100e+03  1.07056e-01
 5.13126e+03  1.04458e-01
 5.13152e+03  1.02077e-01
 5.13178e+03  9.99964e-02
 5.13204e+03  9.93470e-02
 5.13230e+03  9.59742e-02
 5.13256e+03  9.42987e-02
 5.13282e+03  9.23814e-02
 5.13308e+03  9.22713e-02
 5.13334e+03  9.10174e-02
 5.13360e+03  8.68410e-02
 5.13386e+03  8.55623e-02
 5.13412e+03  8.38562e-02
 5.13438e+03  8.24584e-02
 5.13464e+03  8.19006e-02
 5.13490e+03  7.80755e-02
 5.13516e+03  7.83508e-02
 5.13542e+03  7.57907e-02
 5.13568e+03  7.48619e-02
 5.13594e+03  7.37384e-02
 5.13620e+03  7.25646e-02
 5.13646e+03  7.11056e-02
 5.13672e+03  6.92331e-02
 5.13698e+03  6.82431e-02
 5.13724e+03  6.75501e-02
 5.13750e+03  6.58946e-02
 5.13776e+03  6.47111e-02
 5.13802e+03  6.38907e-02
 5.13828e+03  6.25589e-02
 5.13854e+03  6.08985e-02
 5.13880e+03  6.09932e-02
 5.13906e+03  5.88725e-02
 5.13932e+03  5.71388e-02
 5.13958e+03  5.71966e-02
 5.13984e+03  5.68522e-02
 5.14010e+03  5.38699e-02
 5.14036e+03  5.43929e-02
 5.14062e+03  5.22396e-02
 5.14088e+03  5.21668e-02
 5.14114e+03  5.12535e-02
 5.14140e+03  4.96709e-02
 5.14166e+03  4.95317e-02
 5.14192e+03  4.81847e-02
 5.14218e+03  4.76447e-02
 5.14244e+03  4.73748e-02
 5.14270e+03  4.65554e-02
 5.14296e+03  4.45168e-02
 5.14322e+03  4.48498e-02
 5.14348e+03  4.37888e-02
 5.14374e+03  4.29907e-02
 5.14400e+03  4.26478e-02
 5.14426e+03  4.22638e-02
 5.14452e+03  4.05579e-02
 5.14478e+03  4.00516e-02
 5.14504e+03  3.96061e-02
 5.14530e+03  3.96601e-02
 5.14556e+03  3.82459e-02
 5.14582e+03  3.74070e-02
 5.14608e+03  3.65521e-02
 5.14634e+03  3.57507e-02
 5.14660e+03  3.65644e-02
 5.14686e+03  3.47937e-02
 5.14712e+03  3.54566e-02
 5.14738e+03  3.40778e-02
 5.14764e+03  3.32451e-02
 5.14790e+03  3.29709e-02
 5.14816e+03  3.29201e-02
 5.14842e+03  3.27023e-02
 5.14868e+03  3.14706e-02
 5.14894e+03  3.10719e-02
 5.14920e+03  3.15556e-02
 5.14946e+03  3.03586e-02
 5.14972e+03  2.95403e-02
 5.14998e+03  2.94103e-02
 5.15024e+03  2.89384e-02
 5.15050e+03  2.83108e-02
 5.15076e+03  2.77227e-02
 5.15102e+03  2.77562e-02
 5.15128e+03  2.71886e-02
 5.15154e+03  2.73758e-02
 5.15180e+03  2.64603e-02
 5.15206e+03  2.58303e-02
 5.15232e+03  2.53149e-02
 5.15258e+03  2.49206e-02
 5.15284e+03  2.49677e-02
 5.15310e+03  2.48468e-02
 5.15336e+03  2.37316e-02
 5.15362e+03  2.34099e-02
 5.15388e+03  2.32971e-02
 5.15414e+03  2.28541e-02
 5.15440e+03  2.31709e-02
 5.15465e+03  2.27365e-02
 5.15492e+03  2.20608e-02
 5.15517e+03  2.21191e-02
 5.15543e+03  2.17385e-02
 5.15569e+03  2.08006e-02
 5.15595e+03  2.12128e-02
 5.15621e+03  2.07330e-02
 5.15647e+03  2.09661e-02
 5.15673e+03  2.07637e-02
 5.15699e+03  2.05476e-02
 5.15725e+03  1.93310e-02
 5.15751e+03  2.05400e-02
 5.15777e+03  1.95678e-02
 5.15803e+03  1.90060e-02
 5.15829e+03  1.87701e-02
 5.15855e+03  1.87316e-02
 5.15881e+03  1.76606e-02
 5.15907e+03  1.81355e-02
 5.15933e+03  1.75956e-02
 5.15959e+03  1.73744e-02
 5.15985e+03  1.74046e-02
 5.16011e+03  1.73824e-02
 5.16037e+03  1.66786e-02
 5.16063e+03  1.73299e-02
 5.16089e+03  1.63711e-02
 5.16115e+03  1.59544e-02
 5.16141e+03  1.56841e-02
 5.16167e+03  1.61454e-02
 5.16193e+03  1.52388e-02
 5.16219e+03  1.50642e-02
 5.16245e+03  1.53449e-02
 5.16271e+03  1.47427e-02
 5.16297e+03  1.48795e-02
 5.16323e+03  1.46374e-02
 5.16349e+03  1.44916e-02
 5.16375e+03  1.48184e-02
 5.16401e+03  1.42361e-02
 5.16427e+03  1.38282e-02
 5.16453e+03  1.38563e-02
 5.16479e+03  1.34202e-02
 5.16505e+03  1.34611e-02
 5.16531e+03  1.28954e-02
 5.16557e+03  1.31195e-02
 5.16583e+03  1.33372e-02
 5.16609e+03  1.26589e-02
 5.16635e+03  1.31658e-02
 5.16661e+03  1.27251e-02
 5.16687e+03  1.24513e-02
 5.16713e+03  1.25305e-02
 5.16739e+03  1.19610e-02
 5.16765e+03  1.27655e-02
 5.16791e+03  1.21084e-02
 5.16817e+03  1.18234e-02
 5.16843e+03  1.18961e-02
 5.16869e+03  1.15599e-02
 5.16895e+03  1.09119e-02
 5.16921e+03  1.13360e-02
 5.16947e+03  1.06870e-02
 5.16973e+03  1.11341e-02
 5.16999e+03  1.15353e-02
 5.17025e+03  1.12702e-02
 5.17051e+03  1.07969e-02
 5.17077e+03  1.02254e-02
 5.17103e+03  1.05473e-02
 5.17129e+03  1.09143e-02
 5.17155e+03  1.03109e-02
 5.17181e+03  9.87838e-03
 5.17207e+03  9.59005e-03
 5.17233e+03  1.02307e-02
 5.17259e+03  9.35998e-03
 5.17285e+03  9.97203e-03
 5.17311e+03  9.69809e-03
 5.17337e+03  9.61839e-03
 5.17363e+03  9.29763e-03
 5.17389e+03  9.56120e-03
 5.17415e+03  9.34008e-03
 5.17441e+03  9.52460e-03
 5.17467e+03  8.99930e-03
 5.17493e+03  8.98985e-03
 5.17519e+03  8.93292e-03
 5.17545e+03  8.85267e-03
 5.17571e+03  8.95832e-03
 5.17597e+03  8.73937e-03
 5.17623e+03  8.33108e-03
 5.17649e+03  8.01832e-03
 5.17675e+03  8.28455e-03
 5.17701e+03  8.10854e-03
 5.17727e+03  8.10410e-03
 5.17753e+03  8.29178e-03
 5.17779e+03  8.06324e-03
 5.17805e+03  8.23296e-03
 5.17831e+03  7.54386e-03
 5.17857e+03  7.98960e-03
 5.17883e+03  7.96507e-03
 5.17909e+03  7.76554e-03
 5.17935e+03  7.75845e-03
 5.17961e+03  7.68426e-03
 5.17987e+03  7.47644e-03
 5.18012e+03  7.52698e-03
 5.18038e+03  7.45748e-03
 5.18065e+03  7.37163e-03
 5.18090e+03  7.22861e-03
 5.18116e+03  7.05874e-03
 5.18142e+03  7.26132e-03
 5.18168e+03  7.11694e-03
 5.18194e+03  7.01282e-03
 5.18220e+03  6.74352e-03
 5.18246e+03  6.70158e-03
 5.18272e+03  6.65355e-03
 5.18298e+03  6.74334e-03
 5.18324e+03  6.43726e-03
 5.18350e+03  6.79600e-03
 5.18376e+03  6.88702e-03
 5.18402e+03  6.80963e-03
 5.18428e+03  6.77982e-03
 5.18454e+03  6.28827e-03
 5.18480e+03  6.00319e-03
 5.18506e+03  6.40377e-03
 5.18532e+03  6.13437e-03
 5.18558e+03  6.50775e-03
 5.18584e+03  6.43414e-03
 5.18610e+03  6.14498e-03
 5.18636e+03  5.53419e-03
 5.18662e+03  6.01175e-03
 5.18688e+03  5.99612e-03
 5.18714e+03  6.24019e-03
 5.18740e+03  6.25397e-03
 5.18766e+03  5.84886e-03
 5.18792e+03  6.01925e-03
 5.18818e+03  5.91592e-03
 5.18844e+03  5.55722e-03
 5.18870e+03  5.78618e-03
 5.18896e+03  5.78388e-03
 5.18922e+03  5.65531e-03
 5.18948e+03  5.42543e-03
 5.18974e+03  5.64670e-03
 5.19000e+03  5.33525e-03
 5.19026e+03  5.72216e-03
 5.19052e+03  5.53361e-03
 5.19078e+03  5.45791e-03
 5.19104e+03  4.99146e-03
 5.19130e+03  5.61990e-03
 5.19156e+03  5.30298e-03
 5.19182e+03  5.35398e-03
 5.19208e+03  5.57987e-03
 5.19234e+03  5.09130e-03
 5.19260e+03  5.18990e-03
 5.19286e+03  5.04802e-03
 5.19312e+03  4.83455e-03
 5.19338e+03  5.22782e-03
 5.19364e+03  4.88648e-03
 5.19390e+03  4.92132e-03
 5.19416e+03  5.01160e-03
 5.19442e+03  4.99779e-03
 5.19468e+03  4.61654e-03
 5.19494e+03  4.96216e-03
 5.19520e+03  4.82741e-03
 5.19546e+03  5.29233e-03
 5.19572e+03  4.65083e-03
 5.19598e+03  4.86373e-03
 5.19624e+03  4.93451e-03
 5.19650e+03  4.72542e-03
 5.19676e+03  4.52701e-03
 5.19702e+03  4.40494e-03
 5.19728e+03  4.26833e-03
 5.19754e+03  4.34517e-03
 5.19780e+03  4.19859e-03
 5.19806e+03  4.65912e-03
 5.19832e+03  4.26436e-03
 5.19858e+03  4.25098e-03
 5.19884e+03  4.28173e-03
 5.19910e+03  4.21463e-03
 5.19936e+03  4.07966e-03
 5.19962e+03  4.32869e-03
 5.19988e+03  4.39655e-03
 5.20014e+03  4.30508e-03
