   3891.306     -5.5367127E-06
   3896.371     -5.5367127E-06
   3901.436     -5.5367127E-06
   3906.501     -5.5367127E-06
   3911.567     -5.5367127E-06
   3916.633     -5.5367127E-06
   3921.699     -5.5367127E-06
   3926.765     -5.5367127E-06
   3931.832     -5.5367127E-06
   3936.898     -5.5367127E-06
   3941.965     -5.5367127E-06
   3947.032     -5.5367127E-06
   3952.100     -5.5367127E-06
   3957.167     -5.5367127E-06
   3962.235     -5.5367127E-06
   3967.303     -5.5367127E-06
   3972.371     -5.5367127E-06
   3977.440     -5.5367127E-06
   3982.508     -5.5367127E-06
   3987.577     -5.5367127E-06
   3992.646     -5.5367127E-06
   3997.716     -5.5367127E-06
   4002.785     -5.5367127E-06
   4007.855     -5.5367127E-06
   4012.925     -5.5367127E-06
   4017.995     -5.5367127E-06
   4023.065     -5.5367127E-06
   4028.136     -5.5367127E-06
   4033.207     -5.5367127E-06
   4038.278     -5.5367127E-06
   4043.349     -5.5367127E-06
   4048.421     -5.5367127E-06
   4053.493     -5.5367127E-06
   4058.565     -5.5367127E-06
   4063.637     -5.5367127E-06
   4068.709     -5.5367127E-06
   4073.782     -5.5367127E-06
   4078.855     -5.5367127E-06
   4083.928     -5.5367127E-06
   4089.001     -5.5367127E-06
   4094.074     -5.5367127E-06
   4099.148     -5.5367127E-06
   4104.222     -5.5367127E-06
   4109.296     -5.5367127E-06
   4114.371     -5.5367127E-06
   4119.445     -5.5367127E-06
   4124.520     -5.5367127E-06
   4129.595     -5.5367127E-06
   4134.670     -5.5367127E-06
   4139.746     -5.5367127E-06
   4144.822     -5.5367127E-06
   4149.897     -5.5367127E-06
   4154.974     -5.5367127E-06
   4160.050     -5.5367127E-06
   4165.126     -5.5367127E-06
   4170.204     -5.5367127E-06
   4175.280     -5.5367127E-06
   4180.358     -5.5367127E-06
   4185.435     -5.5367127E-06
   4190.513     -5.5367127E-06
   4195.591     -5.5367127E-06
   4200.669     -5.5367127E-06
   4205.747     -5.5367127E-06
   4210.826     -5.5367127E-06
   4215.904     -5.5367127E-06
   4220.983     -5.5367127E-06
   4226.063     -5.5367127E-06
   4231.142     -5.5367127E-06
   4236.222     -5.5367127E-06
   4241.302     -5.5367127E-06
   4246.382     -5.5367127E-06
   4251.462     -5.5367127E-06
   4256.542     -5.5367127E-06
   4261.624     -5.5367127E-06
   4266.705     -5.5367127E-06
   4271.786     -5.5367127E-06
   4276.867     -5.5367127E-06
   4281.949     -5.5367127E-06
   4287.030     -5.5367127E-06
   4292.112     -5.5367127E-06
   4297.195     -5.5367127E-06
   4302.277     -5.5367127E-06
   4307.360     -5.5367127E-06
   4312.443     -5.5367127E-06
   4317.526     -5.5367127E-06
   4322.609     -5.5367127E-06
   4327.693     -5.5367127E-06
   4332.777     -5.5367127E-06
   4337.861     -5.5367127E-06
   4342.945     -5.5367127E-06
   4348.030     -5.5367127E-06
   4353.115     -5.5367127E-06
   4358.200     -5.5367127E-06
   4363.285     -5.5367127E-06
   4368.370     -5.5367127E-06
   4373.456     -5.5367127E-06
   4378.542     -5.5367127E-06
   4383.627     -5.5367127E-06
   4388.714     -5.5367127E-06
   4393.800     -5.5367127E-06
   4398.887     -5.5367127E-06
   4403.974     -5.5367127E-06
   4409.061     -5.5367127E-06
   4414.148     -5.5367127E-06
   4419.236     -5.5367127E-06
   4424.324     -5.5367127E-06
   4429.412     -5.5367127E-06
   4434.500     -5.5367127E-06
   4439.588     -5.5367127E-06
   4444.677     -5.5367127E-06
   4449.766     -5.5367127E-06
   4454.855     -5.5367127E-06
   4459.944     -5.5367127E-06
   4465.034     -5.5367127E-06
   4470.124     -5.5367127E-06
   4475.213     -5.5367127E-06
   4480.304     -5.5367127E-06
   4485.394     -5.5367127E-06
   4490.485     -5.5367127E-06
   4495.576     -5.5367127E-06
   4500.667     -5.5367127E-06
   4505.758     -5.5367127E-06
   4510.850     -5.5367127E-06
   4515.941     -5.5367127E-06
   4521.033     -5.5367127E-06
   4526.125     -5.5367127E-06
   4531.218     -5.5367127E-06
   4536.311     -5.5367127E-06
   4541.403     -5.5367127E-06
   4546.497     -5.5367127E-06
   4551.590     -5.5367127E-06
   4556.683     -5.5367127E-06
   4561.777     -5.5367127E-06
   4566.871     -5.5367127E-06
   4571.965     -5.5367127E-06
   4577.060     -5.5367127E-06
   4582.154     -5.5367127E-06
   4587.249     -5.5367127E-06
   4592.344     -5.5367127E-06
   4597.439     -5.5367127E-06
   4602.535     -5.5367127E-06
   4607.630     -5.5367127E-06
   4612.726     -5.5367127E-06
   4617.822     -5.5367127E-06
   4622.919     -5.5367127E-06
   4628.015     -5.5367127E-06
   4633.112     -5.5367127E-06
   4638.209     -5.5367127E-06
   4643.306     -5.5367127E-06
   4648.404     -5.5367127E-06
   4653.501     -5.5367127E-06
   4658.600     -5.5367127E-06
   4663.698     -5.5367127E-06
   4668.796     -5.5367127E-06
   4673.895     -5.5367127E-06
   4678.993     -5.5367127E-06
   4684.092     -5.5367127E-06
   4689.191     -5.5367127E-06
   4694.291     -5.5367127E-06
   4699.391     -5.5367127E-06
   4704.490     -5.5367127E-06
   4709.590     -5.5367127E-06
   4714.691     -5.5367127E-06
   4719.792     -5.5367127E-06
   4724.892     -5.5367127E-06
   4729.993     -5.5367127E-06
   4735.094     -5.5367127E-06
   4740.196     -5.5367127E-06
   4745.297     -5.5367127E-06
   4750.399     -5.5367127E-06
   4755.501     -5.5367127E-06
   4760.604     -5.5367127E-06
   4765.706     -5.5367127E-06
   4770.809     -5.5367127E-06
   4775.912     -5.5367127E-06
   4781.015     -5.5367127E-06
   4786.118     -5.5367127E-06
   4791.222     -5.5367127E-06
   4796.326     -5.5367127E-06
   4801.430     -5.5367127E-06
   4806.534     -5.5367127E-06
   4811.639     -5.5367127E-06
   4816.743     -5.5367127E-06
   4821.848     -5.5367127E-06
   4826.953     -5.5367127E-06
   4832.059     -5.5367127E-06
   4837.164     -5.5367127E-06
   4842.270     -5.5367127E-06
   4847.376     -5.5367127E-06
   4852.482     -5.5367127E-06
   4857.589     -5.5367127E-06
   4862.696     -5.5367127E-06
   4867.802     -5.5367127E-06
   4872.910     -5.5367127E-06
   4878.017     -5.5367127E-06
   4883.125     -5.5367127E-06
   4888.232     -5.5367127E-06
   4893.340     -5.5367127E-06
   4898.449     -5.5367127E-06
   4903.557     -5.5367127E-06
   4908.666     -5.5367127E-06
   4913.774     -5.5367127E-06
   4918.884     -5.5367127E-06
   4923.993     -5.5367127E-06
   4929.103     -5.5367127E-06
   4934.212     -5.5367127E-06
   4939.322     -5.5367127E-06
   4944.433     -5.5367127E-06
   4949.543     -5.5367127E-06
   4954.653     -5.5367127E-06
   4959.764     -5.5367127E-06
   4964.875     -5.5367127E-06
   4969.987     -5.5367127E-06
   4975.098     -5.5367127E-06
   4980.210     -5.5367127E-06
   4985.322     -5.5367127E-06
   4990.434     -5.5367127E-06
   4995.547     -5.5367127E-06
   5000.659     -5.5367127E-06
   5005.772     -5.5367127E-06
   5010.885     -5.5367127E-06
   5015.999     -5.5367127E-06
   5021.112     -5.5367127E-06
   5026.226     -5.5367127E-06
   5031.340     -5.5367127E-06
   5036.454     -5.5367127E-06
   5041.568     -5.5367127E-06
   5046.683     -5.5367127E-06
   5051.797     -5.5367127E-06
   5056.913     -5.5367127E-06
   5062.028     -5.5367127E-06
   5067.144     -5.5367127E-06
   5072.259     -5.5367127E-06
   5077.375     -5.5367127E-06
   5082.491     -5.5367127E-06
   5087.607     -5.5367127E-06
   5092.724     -5.5367127E-06
   5097.841     -5.5367127E-06
   5102.958     -5.5367127E-06
   5108.075     -5.5367127E-06
   5113.192     -5.5367127E-06
   5118.310     -5.5367127E-06
   5123.428     -5.5367127E-06
   5128.546     -5.5367127E-06
   5133.665     -5.5367127E-06
   5138.783     -5.5367127E-06
   5143.902     -5.5367127E-06
   5149.021     -5.5367127E-06
   5154.140     -5.5367127E-06
   5159.259     -5.5367127E-06
   5164.379     -5.5367127E-06
   5169.499     -5.5367127E-06
   5174.619     -5.5367127E-06
   5179.739     -5.5367127E-06
   5184.860     -5.5367127E-06
   5189.981     -5.5367127E-06
   5195.102     -5.5367127E-06
   5200.223     -5.5367127E-06
   5205.344     -5.5367127E-06
   5210.466     -5.5367127E-06
   5215.588     -5.5367127E-06
   5220.710     -5.5367127E-06
   5225.832     -5.5367127E-06
   5230.955     -5.5367127E-06
   5236.078     -5.5367127E-06
   5241.201     -5.5367127E-06
   5246.324     -5.5367127E-06
   5251.447     -5.5367127E-06
   5256.571     -5.5367127E-06
   5261.694     -5.5367127E-06
   5266.818     -5.5367127E-06
   5271.943     -5.5367127E-06
   5277.067     -5.5367127E-06
   5282.192     -5.5367127E-06
   5287.317     -5.5367127E-06
   5292.442     -5.5367127E-06
   5297.567     -5.5367127E-06
   5302.693     -5.5367127E-06
   5307.819     -5.5367127E-06
   5312.945     -5.5367127E-06
   5318.071     -5.5367127E-06
   5323.198     -5.5367127E-06
   5328.324     -5.5367127E-06
   5333.451     -5.5367127E-06
   5338.578     -5.5367127E-06
   5343.706     -5.5367127E-06
   5348.833     -5.5367127E-06
   5353.961     -5.5367127E-06
   5359.089     -5.5367127E-06
   5364.217     -5.5367127E-06
   5369.346     -5.5367127E-06
   5374.475     -5.5367127E-06
   5379.603     -5.5367127E-06
   5384.732     -5.5367127E-06
   5389.862     -5.5367127E-06
   5394.991     -5.5367127E-06
   5400.121     -5.5367127E-06
   5405.251     -5.5367127E-06
   5410.381     -5.5367127E-06
   5415.512     -5.5367127E-06
   5420.642     -5.5367127E-06
   5425.773     -5.5367127E-06
   5430.904     -5.5367127E-06
   5436.036     -5.5367127E-06
   5441.167     -5.5367127E-06
   5446.299     -5.5367127E-06
   5451.431     -5.5367127E-06
   5456.563     -5.5367127E-06
   5461.695     -5.5367127E-06
   5466.828     -5.5367127E-06
   5471.961     -5.5367127E-06
   5477.094     -5.5367127E-06
   5482.227     -5.5367127E-06
   5487.361     -5.5367127E-06
   5492.495     -5.5367127E-06
   5497.628     -5.5367127E-06
   5502.762     -5.5367127E-06
   5507.897     -5.5367127E-06
   5513.031     -5.5367127E-06
   5518.167     -5.5367127E-06
   5523.301     -5.5367127E-06
   5528.437     -5.5367127E-06
   5533.572     -5.5367127E-06
   5538.708     -5.5367127E-06
   5543.844     -5.5367127E-06
   5548.980     -5.5367127E-06
   5554.116     -5.5367127E-06
   5559.253     -5.5367127E-06
   5564.390     -5.5367127E-06
   5569.526     -5.5367127E-06
   5574.664     -5.5367127E-06
   5579.801     -5.5367127E-06
   5584.939     -5.5367127E-06
   5590.077     -5.5367127E-06
   5595.215     -5.5367127E-06
   5600.354     -5.5367127E-06
   5605.492     -5.5367127E-06
   5610.631     -5.5367127E-06
   5615.770     -5.5367127E-06
   5620.909     -5.5367127E-06
   5626.048     -5.5367127E-06
   5631.188     -5.5367127E-06
   5636.328     -5.5367127E-06
   5641.468     -5.5367127E-06
   5646.608     -5.5367127E-06
   5651.749     -5.5367127E-06
   5656.890     -5.5367127E-06
   5662.031     -5.5367127E-06
   5667.172     -5.5367127E-06
   5672.313     -5.5367127E-06
   5677.455     -5.5367127E-06
   5682.597     -5.5367127E-06
   5687.739     -5.5367127E-06
   5692.881     -5.5367127E-06
   5698.023     -5.5367127E-06
   5703.166     -5.5367127E-06
   5708.309     -5.5367127E-06
   5713.452     -5.5367127E-06
   5718.596     -5.5367127E-06
   5723.739     -5.5367127E-06
   5728.883     -5.5367127E-06
   5734.027     -5.5367127E-06
   5739.171     -5.5367127E-06
   5744.316     -5.5367127E-06
   5749.461     -5.5367127E-06
   5754.605     -5.5367127E-06
   5759.751     -5.5367127E-06
   5764.896     -5.5367127E-06
   5770.042     -5.5367127E-06
   5775.188     -5.5367127E-06
   5780.333     -5.5367127E-06
   5785.480     -5.5367127E-06
   5790.626     -5.5367127E-06
   5795.773     -5.5367127E-06
   5800.920     -5.5367127E-06
   5806.067     -5.5367127E-06
   5811.214     -5.5367127E-06
   5816.362     -5.5367127E-06
   5821.510     -5.5367127E-06
   5826.658     -5.5367127E-06
   5831.806     -5.5367127E-06
   5836.955     -5.5367127E-06
   5842.103     -5.5367127E-06
   5847.252     -5.5367127E-06
   5852.401     -5.5367127E-06
   5857.550     -5.5367127E-06
   5862.700     -5.5367127E-06
   5867.850     -5.5367127E-06
   5873.000     -5.5367127E-06
   5878.150     -5.5367127E-06
   5883.300     -5.5367127E-06
   5888.451     -5.5367127E-06
   5893.602     -5.5367127E-06
   5898.753     -5.5367127E-06
   5903.904     -5.5367127E-06
   5909.056     -5.5367127E-06
   5914.208     -5.5367127E-06
   5919.359     -5.5367127E-06
   5924.512     -5.5367127E-06
   5929.664     -5.5367127E-06
   5934.817     -5.5367127E-06
   5939.970     -5.5367127E-06
   5945.123     -5.5367127E-06
   5950.276     -5.5367127E-06
   5955.430     -5.5367127E-06
   5960.583     -5.5367127E-06
   5965.737     -5.5367127E-06
   5970.891     -5.5367127E-06
   5976.046     -5.5367127E-06
   5981.200     -5.5367127E-06
   5986.355     -5.5367127E-06
   5991.510     -5.5367127E-06
   5996.666     -5.5367127E-06
   6001.821     -5.5367127E-06
   6006.977     -5.5367127E-06
   6012.132     -5.5367127E-06
   6017.289     -5.5367127E-06
   6022.445     -5.5367127E-06
   6027.602     -5.5367127E-06
   6032.758     -5.5367127E-06
   6037.916     -5.5367127E-06
   6043.073     -5.5367127E-06
   6048.230     -5.5367127E-06
   6053.388     -5.5367127E-06
   6058.545     -5.5367127E-06
   6063.704     -5.5367127E-06
   6068.862     -5.5367127E-06
   6074.021     -5.5367127E-06
   6079.180     -5.5367127E-06
   6084.338     -5.5367127E-06
   6089.498     -5.5367127E-06
   6094.657     -5.5367127E-06
   6099.817     -5.5367127E-06
   6104.977     -5.5367127E-06
   6110.137     -5.5367127E-06
   6115.297     -5.5367127E-06
   6120.458     -5.5367127E-06
   6125.618     -5.5367127E-06
   6130.779     -5.5367127E-06
   6135.940     -5.5367127E-06
   6141.102     -5.5367127E-06
   6146.264     -5.5367127E-06
   6151.426     -5.5367127E-06
   6156.587     -5.5367127E-06
   6161.750     -5.5367127E-06
   6166.913     -5.5367127E-06
   6172.075     -5.5367127E-06
   6177.238     -5.5367127E-06
   6182.401     -5.5367127E-06
   6187.564     -5.5367127E-06
   6192.728     -5.5367127E-06
   6197.892     -5.5367127E-06
   6203.056     -5.5367127E-06
   6208.220     -5.5367127E-06
   6213.385     -5.5367127E-06
   6218.550     -5.5367127E-06
   6223.714     -5.5367127E-06
   6228.880     -5.5367127E-06
   6234.045     -5.5367127E-06
   6239.210     -5.5367127E-06
   6244.376     -5.5367127E-06
   6249.542     -5.5367127E-06
   6254.709     -5.5367127E-06
   6259.875     -5.5367127E-06
   6265.042     -5.5367127E-06
   6270.209     -5.5367127E-06
   6275.376     -5.5367127E-06
   6280.543     -5.5367127E-06
   6285.711     -5.5367127E-06
   6290.878     -5.5367127E-06
   6296.047     -5.5367127E-06
   6301.215     -5.5367127E-06
   6306.383     -5.5367127E-06
   6311.552     -5.5367127E-06
   6316.721     -5.5367127E-06
   6321.890     -5.5367127E-06
   6327.059     -5.5367127E-06
   6332.229     -5.5367127E-06
   6337.398     -5.5367127E-06
   6342.569     -5.5367127E-06
   6347.739     -5.5367127E-06
   6352.909     -5.5367127E-06
   6358.080     -5.5367127E-06
   6363.251     -5.5367127E-06
   6368.422     -5.5367127E-06
   6373.593     -5.5367127E-06
   6378.765     -5.5367127E-06
   6383.937     -5.5367127E-06
   6389.108     -5.5367127E-06
   6394.280     -5.5367127E-06
   6399.453     -5.5367127E-06
   6404.625     -5.5367127E-06
   6409.798     -5.5367127E-06
   6414.972     -5.5367127E-06
   6420.145     -5.5367127E-06
   6425.318     -5.5367127E-06
   6430.492     -5.5367127E-06
   6435.666     -5.5367127E-06
   6440.840     -5.5367127E-06
   6446.015     -5.5367127E-06
   6451.189     -5.5367127E-06
   6456.364     -5.5367127E-06
   6461.539     -5.5367127E-06
   6466.714     -5.5367127E-06
   6471.890     -5.5367127E-06
   6477.065     -5.5367127E-06
   6482.241     -5.5367127E-06
   6487.417     -5.5367127E-06
   6492.594     -5.5367127E-06
   6497.771     -5.5367127E-06
   6502.947     -5.5367127E-06
   6508.125     -5.5367127E-06
   6513.302     -5.5367127E-06
   6518.479     -5.5367127E-06
   6523.657     -5.5367127E-06
   6528.834     -5.5367127E-06
   6534.013     -5.5367127E-06
   6539.191     -5.5367127E-06
   6544.370     -5.5367127E-06
   6549.548     -5.5367127E-06
   6554.728     -5.5367127E-06
   6559.907     -5.5367127E-06
   6565.086     -5.5367127E-06
   6570.266     -5.5367127E-06
   6575.446     -5.5367127E-06
   6580.625     -5.5367127E-06
   6585.806     -5.5367127E-06
   6590.986     -5.5367127E-06
   6596.167     -5.5367127E-06
   6601.348     -5.5367127E-06
   6606.529     -5.5367127E-06
   6611.711     -5.5367127E-06
   6616.893     -5.5367127E-06
   6622.074     -5.5367127E-06
   6627.256     -5.5367127E-06
   6632.439     -5.5367127E-06
   6637.621     -5.5367127E-06
   6642.804     -5.5367127E-06
   6647.987     -5.5367127E-06
   6653.170     -5.5367127E-06
   6658.354     -5.5367127E-06
   6663.537     -5.5367127E-06
   6668.721     -5.5367127E-06
   6673.905     -5.5367127E-06
   6679.089     -5.5367127E-06
   6684.273     -5.5367127E-06
   6689.458     -5.5367127E-06
   6694.644     -5.5367127E-06
   6699.829     -5.5367127E-06
   6705.014     -5.5367127E-06
   6710.200     -5.5367127E-06
   6715.385     -5.5367127E-06
   6720.571     -5.5367127E-06
   6725.758     -5.5367127E-06
   6730.944     -5.5367127E-06
   6736.131     -5.5367127E-06
   6741.317     -5.5367127E-06
   6746.505     -5.5367127E-06
   6751.692     -5.5367127E-06
   6756.880     -5.5367127E-06
   6762.067     -5.5367127E-06
   6767.256     -5.5367127E-06
   6772.444     -3.5762787E-06
   6777.632     -2.8610229E-06
   6782.821      1.1682510E-05
   6788.010      4.0054321E-05
   6793.199      8.2254410E-05
   6798.388      1.3828278E-04
   6803.578      2.0813942E-04
   6808.768      2.9206276E-04
   6813.958      3.1065941E-04
   6819.147      4.4435263E-04
   6824.338      5.8299303E-04
   6829.529      7.2664022E-04
   6834.720      8.7517500E-04
   6839.911      1.0287762E-03
   6845.102      1.1873245E-03
   6850.293      1.3507605E-03
   6855.485      1.5191436E-03
   6860.677      1.6925335E-03
   6865.869      1.8708110E-03
   6871.062      2.0541549E-03
   6876.254      2.2423863E-03
   6881.447      2.4356246E-03
   6886.640      2.6337504E-03
   6891.834      2.8368831E-03
   6897.027      3.0449033E-03
   6902.221      3.2579899E-03
   6907.415      3.4759641E-03
   6912.609      3.6989450E-03
   6917.803      3.9268136E-03
   6922.998      4.1596293E-03
   6928.193      4.3975115E-03
   6933.388      4.6402812E-03
   6938.583      4.8879981E-03
   6943.778      5.1406622E-03
   6948.975      5.3983331E-03
   6954.170      5.6608915E-03
   6959.367      5.9285164E-03
   6964.563      6.2010288E-03
   6969.759      6.4784884E-03
   6974.956      7.0489808E-03
   6980.153      7.6208632E-03
   6985.351      8.6900424E-03
   6990.548      1.0844808E-02
   6995.746      1.3279256E-02
   7000.943      1.5221519E-02
   7006.142      1.6588653E-02
   7011.340      1.7159352E-02
   7016.539      1.8402642E-02
   7021.737      2.2787675E-02
   7026.937      3.0082293E-02
   7032.135      3.8435362E-02
   7037.335      4.7547232E-02
   7042.535      5.8841985E-02
   7047.734      7.3786527E-02
   7052.935      9.3155861E-02
   7058.135      0.1191202    
   7063.335      0.1546687    
   7068.536      0.2001015    
   7073.737      0.2542645    
   7078.938      0.3167431    
   7084.140      0.3844900    
   7089.341      0.4522329    
   7094.543      0.5160828    
   7099.745      0.5732435    
   7104.948      0.6238590    
   7110.150      0.6697933    
   7115.353      0.7079592    
   7120.556      0.7342914    
   7125.759      0.7510613    
   7130.962      0.7630989    
   7136.166      0.7733723    
   7141.370      0.7813143    
   7146.574      0.7819352    
   7151.778      0.7724958    
   7156.982      0.7603658    
   7162.188      0.7554801    
   7167.392      0.7587430    
   7172.598      0.7657219    
   7177.803      0.7703653    
   7183.008      0.7656344    
   7188.214      0.7492172    
   7193.420      0.7248911    
   7198.626      0.6957049    
   7203.833      0.6568143    
   7209.040      0.6021238    
   7214.247      0.5334111    
   7219.454      0.4549581    
   7224.661      0.3739107    
   7229.869      0.3015096    
   7235.076      0.2428672    
   7240.285      0.1949241    
   7245.493      0.1541439    
   7250.701      0.1208437    
   7255.910      9.5296673E-02
   7261.119      7.5729989E-02
   7266.328      6.1218239E-02
   7271.537      5.0731789E-02
   7276.747      4.1622285E-02
   7281.956      3.2576676E-02
   7287.167      2.5331346E-02
   7292.376      2.1563889E-02
   7297.587      1.9583860E-02
   7302.798      1.7283738E-02
   7308.009      1.5242737E-02
   7313.220      1.4532410E-02
   7318.431      1.4251174E-02
   7323.643      1.3001012E-02
   7328.854      1.1434626E-02
   7334.066      9.9483728E-03
   7339.278      7.7808262E-03
   7344.491      6.8893433E-03
   7349.703      6.3023567E-03
   7354.917      5.7411194E-03
   7360.129      5.2051544E-03
   7365.343      4.6958923E-03
   7370.556      4.2119026E-03
   7375.770      3.7536621E-03
   7380.984      3.3216476E-03
   7386.198      2.9149055E-03
   7391.412      2.5339127E-03
   7396.627      2.1796227E-03
   7401.842      1.8501282E-03
   7407.057      1.5463829E-03
   7412.272      1.2693405E-03
   7417.487      1.0170937E-03
   7422.703      7.9107285E-04
   7427.919      5.9127808E-04
   7433.135      4.1675568E-04
   7438.352      2.6845932E-04
   7443.568     -5.5367127E-06
   7448.785     -5.5367127E-06
   7454.002     -5.5367127E-06
   7459.219     -5.5367127E-06
   7464.437     -5.5367127E-06
   7469.654     -5.5367127E-06
   7474.872     -5.5367127E-06
   7480.090     -5.5367127E-06
   7485.309     -5.5367127E-06
   7490.527     -5.5367127E-06
   7495.746     -5.5367127E-06
   7500.965     -5.5367127E-06
   7506.184     -5.5367127E-06
   7511.404     -5.5367127E-06
   7516.624     -5.5367127E-06
   7521.843     -5.5367127E-06
   7527.063     -5.5367127E-06
   7532.284     -5.5367127E-06
   7537.504     -5.5367127E-06
   7542.725     -5.5367127E-06
   7547.946     -5.5367127E-06
   7553.167     -5.5367127E-06
   7558.389     -5.5367127E-06
   7563.610     -5.5367127E-06
   7568.832     -5.5367127E-06
   7574.054     -5.5367127E-06
   7579.277     -5.5367127E-06
   7584.499     -5.5367127E-06
   7589.722     -5.5367127E-06
   7594.945     -5.5367127E-06
   7600.168     -5.5367127E-06
   7605.391     -5.5367127E-06
   7610.615     -5.5367127E-06
   7615.839     -5.5367127E-06
   7621.063     -5.5367127E-06
   7626.287     -5.5367127E-06
   7631.511     -5.5367127E-06
   7636.736     -5.5367127E-06
   7641.961     -5.5367127E-06
   7647.187     -5.5367127E-06
   7652.412     -5.5367127E-06
   7657.638     -5.5367127E-06
   7662.863     -5.5367127E-06
   7668.089     -5.5367127E-06
   7673.315     -5.5367127E-06
   7678.542     -5.5367127E-06
   7683.769     -5.5367127E-06
   7688.996     -5.5367127E-06
   7694.223     -5.5367127E-06
   7699.450     -5.5367127E-06
   7704.678     -5.5367127E-06
   7709.905     -5.5367127E-06
   7715.133     -5.5367127E-06
   7720.361     -5.5367127E-06
   7725.590     -5.5367127E-06
   7730.819     -5.5367127E-06
   7736.048     -5.5367127E-06
   7741.277     -5.5367127E-06
   7746.506     -5.5367127E-06
   7751.736     -5.5367127E-06
   7756.965     -5.5367127E-06
   7762.195     -5.5367127E-06
   7767.425     -5.5367127E-06
   7772.656     -5.5367127E-06
   7777.887     -5.5367127E-06
   7783.118     -5.5367127E-06
   7788.349     -5.5367127E-06
   7793.580     -5.5367127E-06
   7798.812     -5.5367127E-06
   7804.043     -5.5367127E-06
   7809.275     -5.5367127E-06
   7814.507     -5.5367127E-06
   7819.740     -5.5367127E-06
   7824.972     -5.5367127E-06
   7830.205     -5.5367127E-06
   7835.438     -5.5367127E-06
   7840.672     -5.5367127E-06
   7845.905     -5.5367127E-06
   7851.139     -5.5367127E-06
   7856.373     -5.5367127E-06
   7861.607     -5.5367127E-06
   7866.841     -5.5367127E-06
   7872.076     -5.5367127E-06
   7877.311     -5.5367127E-06
   7882.545     -5.5367127E-06
   7887.781     -5.5367127E-06
   7893.016     -5.5367127E-06
   7898.252     -5.5367127E-06
   7903.488     -5.5367127E-06
   7908.724     -5.5367127E-06
   7913.960     -5.5367127E-06
   7919.197     -5.5367127E-06
   7924.434     -5.5367127E-06
   7929.671     -5.5367127E-06
   7934.908     -5.5367127E-06
   7940.146     -5.5367127E-06
   7945.383     -5.5367127E-06
   7950.621     -5.5367127E-06
   7955.859     -5.5367127E-06
   7961.098     -5.5367127E-06
   7966.336     -5.5367127E-06
   7971.575     -5.5367127E-06
   7976.814     -5.5367127E-06
   7982.053     -5.5367127E-06
   7987.293     -5.5367127E-06
   7992.532     -5.5367127E-06
   7997.772     -5.5367127E-06
   8003.012     -5.5367127E-06
   8008.253     -5.5367127E-06
   8013.493     -5.5367127E-06
   8018.734     -5.5367127E-06
   8023.975     -5.5367127E-06
   8029.216     -5.5367127E-06
   8034.458     -5.5367127E-06
   8039.699     -5.5367127E-06
   8044.941     -5.5367127E-06
   8050.183     -5.5367127E-06
   8055.425     -5.5367127E-06
   8060.668     -5.5367127E-06
   8065.911     -5.5367127E-06
   8071.153     -5.5367127E-06
   8076.397     -5.5367127E-06
   8081.640     -5.5367127E-06
   8086.884     -5.5367127E-06
   8092.127     -5.5367127E-06
   8097.372     -5.5367127E-06
   8102.616     -5.5367127E-06
   8107.860     -5.5367127E-06
   8113.105     -5.5367127E-06
   8118.350     -5.5367127E-06
   8123.595     -5.5367127E-06
   8128.840     -5.5367127E-06
   8134.086     -5.5367127E-06
   8139.332     -5.5367127E-06
   8144.578     -5.5367127E-06
   8149.824     -5.5367127E-06
   8155.071     -5.5367127E-06
   8160.317     -5.5367127E-06
   8165.564     -5.5367127E-06
   8170.812     -5.5367127E-06
   8176.059     -5.5367127E-06
   8181.307     -5.5367127E-06
   8186.554     -5.5367127E-06
   8191.802     -5.5367127E-06
   8197.051     -5.5367127E-06
   8202.299     -5.5367127E-06
   8207.548     -5.5367127E-06
   8212.797     -5.5367127E-06
   8218.046     -5.5367127E-06
   8223.295     -5.5367127E-06
   8228.545     -5.5367127E-06
   8233.794     -5.5367127E-06
   8239.045     -5.5367127E-06
   8244.295     -5.5367127E-06
   8249.545     -5.5367127E-06
   8254.796     -5.5367127E-06
   8260.047     -5.5367127E-06
   8265.298     -5.5367127E-06
   8270.549     -5.5367127E-06
   8275.801     -5.5367127E-06
   8281.053     -5.5367127E-06
   8286.305     -5.5367127E-06
   8291.557     -5.5367127E-06
   8296.809     -5.5367127E-06
   8302.062     -5.5367127E-06
   8307.314     -5.5367127E-06
   8312.567     -5.5367127E-06
   8317.820     -5.5367127E-06
   8323.074     -5.5367127E-06
   8328.328     -5.5367127E-06
   8333.582     -5.5367127E-06
   8338.836     -5.5367127E-06
   8344.091     -5.5367127E-06
   8349.345     -5.5367127E-06
   8354.600     -5.5367127E-06
   8359.855     -5.5367127E-06
   8365.110     -5.5367127E-06
   8370.365     -5.5367127E-06
   8375.621     -5.5367127E-06
   8380.877     -5.5367127E-06
   8386.134     -5.5367127E-06
   8391.390     -5.5367127E-06
   8396.646     -5.5367127E-06
   8401.903     -5.5367127E-06
   8407.160     -5.5367127E-06
   8412.417     -5.5367127E-06
   8417.675     -5.5367127E-06
   8422.933     -5.5367127E-06
   8428.190     -5.5367127E-06
   8433.448     -5.5367127E-06
   8438.707     -5.5367127E-06
   8443.966     -5.5367127E-06
   8449.224     -5.5367127E-06
   8454.483     -5.5367127E-06
   8459.742     -5.5367127E-06
   8465.002     -5.5367127E-06
   8470.262     -5.5367127E-06
   8475.521     -5.5367127E-06
   8480.781     -5.5367127E-06
   8486.042     -5.5367127E-06
   8491.303     -5.5367127E-06
   8496.563     -5.5367127E-06
   8501.824     -5.5367127E-06
   8507.085     -5.5367127E-06
   8512.347     -5.5367127E-06
   8517.608     -5.5367127E-06
   8522.870     -5.5367127E-06
   8528.132     -5.5367127E-06
   8533.395     -5.5367127E-06
   8538.657     -5.5367127E-06
   8543.920     -5.5367127E-06
   8549.183     -5.5367127E-06
   8554.446     -5.5367127E-06
   8559.709     -5.5367127E-06
   8564.974     -5.5367127E-06
   8570.237     -5.5367127E-06
   8575.501     -5.5367127E-06
   8580.766     -5.5367127E-06
   8586.029     -5.5367127E-06
   8591.295     -5.5367127E-06
   8596.560     -5.5367127E-06
   8601.824     -5.5367127E-06
   8607.090     -5.5367127E-06
   8612.355     -5.5367127E-06
   8617.621     -5.5367127E-06
   8622.888     -5.5367127E-06
   8628.153     -5.5367127E-06
   8633.420     -5.5367127E-06
   8638.687     -5.5367127E-06
   8643.953     -5.5367127E-06
   8649.221     -5.5367127E-06
   8654.488     -5.5367127E-06
   8659.756     -5.5367127E-06
   8665.023     -5.5367127E-06
   8670.292     -5.5367127E-06
   8675.560     -5.5367127E-06
   8680.828     -5.5367127E-06
   8686.097     -5.5367127E-06
   8691.366     -5.5367127E-06
   8696.635     -5.5367127E-06
   8701.904     -5.5367127E-06
   8707.174     -5.5367127E-06
   8712.443     -5.5367127E-06
   8717.714     -5.5367127E-06
   8722.983     -5.5367127E-06
   8728.254     -5.5367127E-06
   8733.524     -5.5367127E-06
   8738.796     -5.5367127E-06
   8744.066     -5.5367127E-06
   8749.338     -5.5367127E-06
   8754.609     -5.5367127E-06
   8759.882     -5.5367127E-06
   8765.153     -5.5367127E-06
   8770.426     -5.5367127E-06
   8775.698     -5.5367127E-06
   8780.971     -5.5367127E-06
   8786.243     -5.5367127E-06
   8791.517     -5.5367127E-06
   8796.790     -5.5367127E-06
   8802.063     -5.5367127E-06
   8807.337     -5.5367127E-06
   8812.610     -5.5367127E-06
   8817.885     -5.5367127E-06
   8823.159     -5.5367127E-06
   8828.435     -5.5367127E-06
   8833.709     -5.5367127E-06
   8838.984     -5.5367127E-06
   8844.259     -5.5367127E-06
   8849.534     -5.5367127E-06
   8854.811     -5.5367127E-06
   8860.086     -5.5367127E-06
   8865.362     -5.5367127E-06
   8870.639     -5.5367127E-06
   8875.915     -5.5367127E-06
   8881.192     -5.5367127E-06
   8886.470     -5.5367127E-06
   8891.746     -5.5367127E-06
   8897.024     -5.5367127E-06
   8902.302     -5.5367127E-06
   8907.580     -5.5367127E-06
   8912.857     -5.5367127E-06
   8918.136     -5.5367127E-06
   8923.415     -5.5367127E-06
   8928.693     -5.5367127E-06
   8933.973     -5.5367127E-06
   8939.251     -5.5367127E-06
   8944.531     -5.5367127E-06
   8949.811     -5.5367127E-06
   8955.091     -5.5367127E-06
   8960.370     -5.5367127E-06
   8965.651     -5.5367127E-06
   8970.932     -5.5367127E-06
   8976.213     -5.5367127E-06
   8981.493     -5.5367127E-06
   8986.774     -5.5367127E-06
   8992.056     -5.5367127E-06
   8997.337     -5.5367127E-06
   9002.619     -5.5367127E-06
   9007.901     -5.5367127E-06
   9013.184     -5.5367127E-06
   9018.466     -5.5367127E-06
   9023.749     -5.5367127E-06
   9029.032     -5.5367127E-06
   9034.315     -5.5367127E-06
   9039.599     -5.5367127E-06
   9044.882     -5.5367127E-06
   9050.166     -5.5367127E-06
   9055.450     -5.5367127E-06
   9060.734     -5.5367127E-06
   9066.019     -5.5367127E-06
   9071.304     -5.5367127E-06
   9076.588     -5.5367127E-06
   9081.874     -5.5367127E-06
   9087.159     -5.5367127E-06
   9092.444     -5.5367127E-06
   9097.730     -5.5367127E-06
   9103.017     -5.5367127E-06
   9108.303     -5.5367127E-06
   9113.589     -5.5367127E-06
   9118.876     -5.5367127E-06
   9124.162     -5.5367127E-06
   9129.450     -5.5367127E-06
   9134.737     -5.5367127E-06
   9140.024     -5.5367127E-06
   9145.313     -5.5367127E-06
   9150.601     -5.5367127E-06
   9155.889     -5.5367127E-06
   9161.178     -5.5367127E-06
   9166.466     -5.5367127E-06
   9171.755     -5.5367127E-06
   9177.044     -5.5367127E-06
   9182.333     -5.5367127E-06
   9187.623     -5.5367127E-06
