   3891.306     -2.6933574E-05
   3896.371     -2.4845102E-05
   3901.436     -2.2756627E-05
   3906.501     -2.0668153E-05
   3911.567     -1.8579678E-05
   3916.633     -1.6491205E-05
   3921.699     -1.4402730E-05
   3926.765     -1.2314256E-05
   3931.832     -1.0225782E-05
   3936.898     -8.1373073E-06
   3941.965     -6.0488346E-06
   3947.032     -3.9603601E-06
   3952.100     -1.8718856E-06
   3957.167      2.1658889E-07
   3962.235      2.3050634E-06
   3967.303      4.3935361E-06
   3972.371      6.4820088E-06
   3977.440      8.5704851E-06
   3982.508      1.0658958E-05
   3987.577      1.2747434E-05
   3992.646      1.4835907E-05
   3997.716      1.6924379E-05
   4002.785      1.9012856E-05
   4007.855      2.1101328E-05
   4012.925      2.3189801E-05
   4017.995      2.5278277E-05
   4023.065      2.7366750E-05
   4028.136      2.9455226E-05
   4033.207      3.1543699E-05
   4038.278      3.3632175E-05
   4043.349      3.5720645E-05
   4048.421      3.7809121E-05
   4053.493      3.9897597E-05
   4058.565      2.6251088E-05
   4063.637      9.0278103E-05
   4068.709      1.5804918E-04
   4073.782      2.2956381E-04
   4078.855      3.0482223E-04
   4083.928      3.8382475E-04
   4089.001      4.6657078E-04
   4094.074      5.5306061E-04
   4099.148      6.4329454E-04
   4104.222      7.3727197E-04
   4109.296      8.3499326E-04
   4114.371      9.3645859E-04
   4119.445      1.0416674E-03
   4124.520      1.1506201E-03
   4129.595      1.2633168E-03
   4134.670      1.3797571E-03
   4139.746      1.4999411E-03
   4144.822      1.6238694E-03
   4149.897      1.7515410E-03
   4154.974      1.8829565E-03
   4160.050      2.0181162E-03
   4165.126      2.1570192E-03
   4170.204      2.2996662E-03
   4175.280      2.4460573E-03
   4180.358      2.5961916E-03
   4185.435      2.7500701E-03
   4190.513      2.9076925E-03
   4195.591      3.0690583E-03
   4200.669      3.2341680E-03
   4205.747      3.4030220E-03
   4210.826      3.5756193E-03
   4215.904      3.7519604E-03
   4220.983      3.9320458E-03
   4226.063      4.1158744E-03
   4231.142      4.3034470E-03
   4236.222      4.4947634E-03
   4241.302      4.6898234E-03
   4246.382      4.8886281E-03
   4251.462      5.0911759E-03
   4256.542      5.2974676E-03
   4261.624      5.5075027E-03
   4266.705      6.2075672E-03
   4271.786      6.3347579E-03
   4276.867      6.5328986E-03
   4281.949      6.8044434E-03
   4287.030      7.1440502E-03
   4292.112      7.5397980E-03
   4297.195      7.9764463E-03
   4302.277      8.4404098E-03
   4307.360      8.9207981E-03
   4312.443      9.4098104E-03
   4317.526      9.9027157E-03
   4322.609      1.0398486E-02
   4327.693      1.0900427E-02
   4332.777      1.1417732E-02
   4337.861      1.1963134E-02
   4342.945      1.2551875E-02
   4348.030      1.3197093E-02
   4353.115      1.3907227E-02
   4358.200      1.4685175E-02
   4363.285      1.5528941E-02
   4368.370      1.6440436E-02
   4373.456      1.7433204E-02
   4378.542      1.8534368E-02
   4383.627      1.9779539E-02
   4388.714      2.1202158E-02
   4393.800      2.2824911E-02
   4398.887      2.4658617E-02
   4403.974      2.6705479E-02
   4409.061      2.8965261E-02
   4414.148      3.1441297E-02
   4419.236      3.4145221E-02
   4424.324      3.7103560E-02
   4429.412      4.0366493E-02
   4434.500      4.4008587E-02
   4439.588      4.8129797E-02
   4444.677      5.2839160E-02
   4449.766      5.8250718E-02
   4454.855      6.4475216E-02
   4459.944      7.1623601E-02
   4465.034      7.9808295E-02
   4470.124      8.9141347E-02
   4475.213      9.9730715E-02
   4480.304      0.1116841    
   4485.394      0.1251206    
   4490.485      0.1401740    
   4495.576      0.1569963    
   4500.667      0.1757334    
   4505.758      0.1964888    
   4510.850      0.2192865    
   4515.941      0.2440501    
   4521.033      0.2705894    
   4526.125      0.2986079    
   4531.218      0.3277073    
   4536.311      0.3573957    
   4541.403      0.3870986    
   4546.497      0.4161716    
   4551.590      0.4439204    
   4556.683      0.4696521    
   4561.777      0.4927408    
   4566.871      0.5127172    
   4571.965      0.5293317    
   4577.060      0.5425761    
   4582.154      0.5526487    
   4587.249      0.5598801    
   4592.344      0.5646542    
   4597.439      0.5673518    
   4602.535      0.5683206    
   4607.630      0.5678745    
   4612.726      0.5662996    
   4617.822      0.5638767    
   4622.919      0.5608801    
   4628.015      0.5575628    
   4633.112      0.5541307    
   4638.209      0.5507092    
   4643.306      0.5473292    
   4648.404      0.5439190    
   4653.501      0.5403057    
   4658.600      0.5362207    
   4663.698      0.5313120    
   4668.796      0.5251830    
   4673.895      0.5174561    
   4678.993      0.5078368    
   4684.092      0.4961606    
   4689.191      0.4823954    
   4694.291      0.4666172    
   4699.391      0.4489589    
   4704.490      0.4295692    
   4709.590      0.4086020    
   4714.691      0.3862328    
   4719.792      0.3626900    
   4724.892      0.3382901    
   4729.993      0.3134319    
   4735.094      0.2885760    
   4740.196      0.2641924    
   4745.297      0.2407054    
   4750.399      0.2184481    
   4755.501      0.1976462    
   4760.604      0.1784220    
   4765.706      0.1608180    
   4770.809      0.1448198    
   4775.912      0.1303709    
   4781.015      0.1173833    
   4786.118      0.1057443    
   4791.222      9.5334828E-02
   4796.326      8.6040027E-02
   4801.430      7.7758737E-02
   4806.534      7.0400909E-02
   4811.639      6.3884668E-02
   4816.743      5.8127213E-02
   4821.848      5.3042613E-02
   4826.953      4.8543610E-02
   4832.059      4.4543982E-02
   4837.164      4.0964387E-02
   4842.270      3.7737407E-02
   4847.376      3.4810554E-02
   4852.482      3.2147557E-02
   4857.589      2.9721376E-02
   4862.696      2.7508294E-02
   4867.802      2.5482692E-02
   4872.910      2.3619013E-02
   4878.017      2.1894988E-02
   4883.125      2.0296266E-02
   4888.232      1.8816402E-02
   4893.340      1.7454172E-02
   4898.449      1.6210236E-02
   4903.557      1.5083182E-02
   4908.666      1.4068216E-02
   4913.774      1.3158997E-02
   4918.884      1.2348494E-02
   4923.993      1.1629222E-02
   4929.103      1.0991987E-02
   4934.212      1.0424189E-02
   4939.322      9.9077458E-03
   4944.433      9.4224615E-03
   4949.543      8.9510959E-03
   4954.653      8.4843915E-03
   4959.764      8.0221752E-03
   4964.875      7.5703370E-03
   4969.987      7.1360562E-03
   4975.098      6.7246752E-03
   4980.210      6.3397866E-03
   4985.322      5.9853662E-03
   4990.434      5.6666173E-03
   4995.547      5.3869234E-03
   5000.659      5.1458473E-03
   5005.772      4.9363659E-03
   5010.885      4.7466652E-03
   5015.999      4.5640524E-03
   5021.112      4.3802010E-03
   5026.226      4.1931621E-03
   5031.340      4.0073991E-03
   5036.454      3.8294450E-03
   5041.568      3.6633089E-03
   5046.683      3.5078891E-03
   5051.797      3.3584659E-03
   5056.913      3.2103292E-03
   5062.028      3.0622119E-03
   5067.144      2.9179240E-03
   5072.259      2.7850403E-03
   5077.375      2.6707328E-03
   5082.491      2.5786471E-03
   5087.607      2.5065008E-03
   5092.724      2.4483213E-03
   5097.841      2.3975202E-03
   5102.958      2.3504074E-03
   5108.075      2.3070711E-03
   5113.192      2.2690976E-03
   5118.310      2.2370291E-03
   5123.428      2.2080226E-03
   5128.546      2.1763986E-03
   5133.665      2.1355578E-03
   5138.783      2.0809991E-03
   5143.902      2.0117662E-03
   5149.021      1.9299221E-03
   5154.140      1.8398848E-03
   5159.259      1.7464446E-03
   5164.379      1.6549927E-03
   5169.499      1.5712357E-03
   5174.619      1.5010559E-03
   5179.739      1.4483074E-03
   5184.860      1.4133975E-03
   5189.981      1.3920865E-03
   5195.102      1.3767289E-03
   5200.223      1.3599430E-03
   5205.344      1.3370683E-03
   5210.466      1.3081623E-03
   5215.588      1.2770792E-03
   5220.710      1.2490166E-03
   5225.832      1.2277100E-03
   5230.955      1.2138927E-03
   5236.078      1.2051502E-03
   5241.201      1.1973293E-03
   5246.324      1.1864972E-03
   5251.447      1.1700226E-03
   5256.571      1.1470115E-03
   5261.694      1.1180677E-03
   5266.818      1.0849272E-03
   5271.943      1.0505902E-03
   5277.067      1.0184973E-03
   5282.192      9.9156401E-04
   5287.317      9.7109575E-04
   5292.442      9.5642166E-04
   5297.567      9.4543025E-04
   5302.693      9.3541207E-04
   5307.819      9.2399085E-04
   5312.945      9.0939831E-04
   5318.071      8.9128112E-04
   5323.198      8.7033381E-04
   5328.324      8.4822421E-04
   5333.451      8.2654710E-04
   5338.578      8.0606033E-04
   5343.706      7.8685116E-04
   5348.833      7.6874561E-04
   5353.961      7.5168913E-04
   5359.089      7.3609978E-04
   5364.217      7.2219328E-04
   5369.346      7.0965145E-04
   5374.475      6.9753517E-04
   5379.603      6.8450550E-04
   5384.732      6.6971278E-04
   5389.862      6.5324863E-04
   5394.991      6.3644204E-04
   5400.121      6.2087382E-04
   5405.251      6.0765917E-04
   5410.381      5.9688435E-04
   5415.512      5.8812433E-04
   5420.642      5.8130606E-04
   5425.773      5.7736784E-04
   5430.904      5.7790789E-04
   5436.036      5.8404700E-04
   5441.167      5.9530587E-04
   5446.299      6.0951832E-04
   5451.431      6.2342832E-04
   5456.563      6.3381210E-04
   5461.695      6.3838589E-04
   5466.828      6.3568517E-04
   5471.961      6.2508282E-04
   5477.094      6.0662825E-04
   5482.227      5.8135099E-04
   5487.361      5.5133761E-04
   5492.495      5.1981915E-04
   5497.628      4.9071084E-04
   5502.762      4.6780013E-04
   5507.897      4.5402380E-04
   5513.031      4.5110835E-04
   5518.167      4.5909101E-04
   5523.301      4.7619702E-04
   5528.437      3.9304839E-04
   5533.572      3.8586324E-04
   5538.708      3.7873024E-04
   5543.844      3.7164846E-04
   5548.980      3.6461744E-04
   5554.116      3.5763858E-04
   5559.253      3.5071140E-04
   5564.390      3.4383591E-04
   5569.526      3.3701211E-04
   5574.664      3.3023953E-04
   5579.801      3.2351818E-04
   5584.939      3.1684898E-04
   5590.077      3.1023100E-04
   5595.215      3.0366424E-04
   5600.354      2.9714964E-04
   5605.492      2.9068580E-04
   5610.631      2.8427411E-04
   5615.770      2.7791411E-04
   5620.909      2.7160533E-04
   5626.048      2.6534824E-04
   5631.188      2.5914237E-04
   5636.328      2.5298819E-04
   5641.468      2.4688570E-04
   5646.608      2.4083490E-04
   5651.749      2.3483532E-04
   5656.890      2.2888742E-04
   5662.031      2.2299122E-04
   5667.172      2.1714624E-04
   5672.313      2.1135295E-04
   5677.455      2.0561134E-04
   5682.597      1.9992050E-04
   5687.739      1.9428227E-04
   5692.881      1.8869527E-04
   5698.023      1.8315949E-04
   5703.166      1.7767539E-04
   5708.309      1.7224299E-04
   5713.452      1.6686181E-04
   5718.596      1.6153231E-04
   5723.739      1.5625451E-04
   5728.883      1.5102839E-04
   5734.027      1.4585350E-04
   5739.171      1.4073029E-04
   5744.316      1.3565831E-04
   5749.461      1.3063848E-04
   5754.605      1.2566941E-04
   5759.751      1.2075249E-04
   5764.896      1.1588726E-04
   5770.042      1.1107279E-04
   5775.188      1.0631047E-04
   5780.333      1.0159984E-04
   5785.480      9.6939970E-05
   5790.626      9.2332251E-05
   5795.773      8.7776221E-05
   5800.920      8.3271414E-05
   5806.067      7.8818295E-05
   5811.214      7.4416399E-05
   5816.362      7.0066191E-05
   5821.510      6.5767672E-05
   5826.658      6.1520841E-05
   5831.806      5.7325233E-05
   5836.955      5.3181313E-05
   5842.103      4.9089082E-05
   5847.252      4.5048073E-05
   5852.401      4.1058753E-05
   5857.550      3.7121121E-05
   5862.700      3.3234712E-05
   5867.850      2.9399991E-05
   5873.000      2.5616959E-05
   5878.150      2.1885149E-05
   5883.300      4.0777293E-05
   5888.451      4.0654832E-05
   5893.602      4.0532370E-05
   5898.753      4.0409905E-05
   5903.904      4.0287443E-05
   5909.056      4.0164981E-05
   5914.208      4.0042520E-05
   5919.359      3.9920058E-05
   5924.512      3.9797596E-05
   5929.664      3.9675135E-05
   5934.817      3.9552673E-05
   5939.970      3.9430211E-05
   5945.123      3.9307746E-05
   5950.276      3.9185285E-05
   5955.430      3.9062823E-05
   5960.583      3.8940361E-05
   5965.737      3.8817900E-05
   5970.891      3.8695438E-05
   5976.046      3.8572976E-05
   5981.200      3.8450515E-05
   5986.355      3.8328053E-05
   5991.510      3.8205591E-05
   5996.666      3.8083126E-05
   6001.821      3.7960664E-05
   6006.977      3.7838203E-05
   6012.132      3.7715741E-05
   6017.289      3.7593280E-05
   6022.445      3.7470818E-05
   6027.602      3.7348356E-05
   6032.758      3.7225895E-05
   6037.916      3.7103433E-05
   6043.073      3.6980968E-05
   6048.230      3.6858506E-05
   6053.388      3.6736044E-05
   6058.545      3.6613583E-05
   6063.704      3.6491121E-05
   6068.862      3.6368659E-05
   6074.021      3.6246198E-05
   6079.180      3.6123736E-05
   6084.338      3.6001275E-05
   6089.498      3.5878813E-05
   6094.657      3.5756348E-05
   6099.817      3.5633886E-05
   6104.977      3.5511424E-05
   6110.137      3.5388963E-05
   6115.297      3.5266501E-05
   6120.458      3.5144039E-05
   6125.618      3.5021578E-05
   6130.779      3.4899116E-05
   6135.940      3.4776655E-05
   6141.102      3.4654189E-05
   6146.264      3.4531728E-05
   6151.426      3.4409266E-05
   6156.587      3.4286804E-05
   6161.750      3.4164343E-05
   6166.913      3.4041881E-05
   6172.075      3.3919419E-05
   6177.238      3.3796958E-05
   6182.401      3.3674496E-05
   6187.564      3.3552034E-05
   6192.728      3.3429569E-05
   6197.892      3.3307108E-05
   6203.056      3.3184646E-05
   6208.220      3.3062184E-05
   6213.385      3.2939723E-05
   6218.550      3.2817261E-05
   6223.714      3.2694799E-05
   6228.880      3.2572338E-05
   6234.045      3.2449876E-05
   6239.210      3.2327411E-05
   6244.376      3.2204949E-05
   6249.542      3.2082487E-05
   6254.709      3.1960026E-05
   6259.875      3.1837564E-05
   6265.042      3.1715103E-05
   6270.209      3.1592641E-05
   6275.376      3.1470179E-05
   6280.543      3.1347718E-05
   6285.711      3.1225256E-05
   6290.878      3.1102791E-05
   6296.047      3.0980329E-05
   6301.215      3.0857867E-05
   6306.383      3.0735406E-05
   6311.552      3.0612944E-05
   6316.721      3.0490482E-05
   6321.890      3.0368021E-05
   6327.059      3.0245559E-05
   6332.229      3.0123098E-05
   6337.398      3.0000632E-05
   6342.569      2.9878171E-05
   6347.739      2.9755709E-05
   6352.909      2.9633247E-05
   6358.080      2.9510786E-05
   6363.251      2.9388324E-05
   6368.422      2.9265862E-05
   6373.593      2.9143401E-05
   6378.765      2.9020939E-05
   6383.937      2.8898477E-05
   6389.108      2.8776012E-05
   6394.280      2.8653551E-05
   6399.453      2.8531089E-05
   6404.625      2.8408627E-05
   6409.798      2.8286166E-05
   6414.972      2.8163704E-05
   6420.145      2.8041242E-05
   6425.318      2.7918781E-05
   6430.492      2.7796319E-05
   6435.666      2.7673854E-05
   6440.840      2.7551396E-05
   6446.015      2.7428934E-05
   6451.189      2.7306472E-05
   6456.364      2.7184011E-05
   6461.539      2.7061542E-05
   6466.714      2.6939080E-05
   6471.890      2.6816619E-05
   6477.065      2.6694157E-05
   6482.241      2.6571695E-05
   6487.417      2.6449234E-05
   6492.594      2.6326772E-05
   6497.771      2.6204310E-05
   6502.947      2.6081849E-05
   6508.125      2.5959387E-05
   6513.302      2.5836925E-05
   6518.479      2.5714464E-05
   6523.657      2.5592002E-05
   6528.834      2.5469541E-05
   6534.013      2.5347079E-05
   6539.191      2.5224617E-05
   6544.370      2.5102156E-05
   6549.548      2.4979694E-05
   6554.728      2.4857232E-05
   6559.907      2.4734763E-05
   6565.086      2.4612302E-05
   6570.266      2.4489840E-05
   6575.446      2.4367379E-05
   6580.625      2.4244917E-05
   6585.806      2.4122455E-05
   6590.986      2.3999994E-05
   6596.167      2.3877532E-05
   6601.348      2.3755070E-05
   6606.529      2.3632609E-05
   6611.711      2.3510147E-05
   6616.893      2.3387685E-05
   6622.074      2.3265224E-05
   6627.256      2.3142762E-05
   6632.439      2.3020300E-05
   6637.621      2.2897839E-05
   6642.804      2.2775377E-05
   6647.987      2.2652916E-05
   6653.170      2.2530454E-05
   6658.354      2.2407985E-05
   6663.537      2.2285523E-05
   6668.721      2.2163062E-05
   6673.905      2.2040600E-05
   6679.089      2.1918138E-05
   6684.273      2.1795677E-05
   6689.458      2.1673215E-05
   6694.644      2.1550753E-05
   6699.829      2.1428292E-05
   6705.014      2.1305830E-05
   6710.200      2.1183369E-05
   6715.385      2.1060907E-05
   6720.571      2.0938445E-05
   6725.758      2.0815984E-05
   6730.944      2.0693522E-05
   6736.131      2.0571060E-05
   6741.317      2.0448599E-05
   6746.505      2.0326137E-05
   6751.692      2.0203675E-05
   6756.880      2.0081206E-05
   6762.067      1.9958745E-05
   6767.256      1.9836283E-05
   6772.444      1.9713822E-05
   6777.632      1.9591360E-05
   6782.821      1.9468898E-05
   6788.010      1.9346437E-05
   6793.199      1.9223975E-05
   6798.388      1.9101513E-05
   6803.578      1.8979052E-05
   6808.768      1.8856590E-05
   6813.958      1.8734128E-05
   6819.147      1.8611667E-05
   6824.338      1.8489205E-05
   6829.529      1.8366743E-05
   6834.720      1.8244282E-05
   6839.911      1.8121820E-05
   6845.102      1.7999359E-05
   6850.293      1.7876897E-05
   6855.485      1.7754428E-05
   6860.677      1.7631966E-05
   6865.869      1.7509505E-05
   6871.062      1.7387043E-05
   6876.254      1.7264581E-05
   6881.447      1.7142120E-05
   6886.640      1.7019658E-05
   6891.834      1.6897196E-05
   6897.027      1.6774735E-05
   6902.221      1.6652273E-05
   6907.415      1.6529812E-05
   6912.609      1.6407350E-05
   6917.803      1.6284888E-05
   6922.998      1.6162427E-05
   6928.193      1.6039965E-05
   6933.388      1.5917503E-05
   6938.583      1.5795042E-05
   6943.778      1.5672580E-05
   6948.975      1.5550118E-05
   6954.170      1.5427649E-05
   6959.367      1.5305188E-05
   6964.563      1.5182726E-05
   6969.759      1.5060265E-05
   6974.956      1.4937803E-05
   6980.153      1.4815341E-05
   6985.351      1.4692880E-05
   6990.548      1.4570418E-05
   6995.746      1.4447956E-05
   7000.943      1.4325495E-05
   7006.142      1.4203033E-05
   7011.340      1.4080571E-05
   7016.539      1.3958110E-05
   7021.737      1.3835648E-05
   7026.937      1.3713186E-05
   7032.135      1.3590725E-05
   7037.335      1.3468263E-05
   7042.535      1.3345802E-05
   7047.734      1.3223340E-05
   7052.935      1.3100871E-05
   7058.135      1.2978409E-05
   7063.335      1.2855948E-05
   7068.536      1.2733486E-05
   7073.737      1.2611024E-05
   7078.938      1.2488563E-05
   7084.140      1.2366101E-05
   7089.341      1.2243640E-05
   7094.543      1.2121178E-05
   7099.745      1.1998716E-05
   7104.948      1.1876255E-05
   7110.150      1.1753793E-05
   7115.353      1.1631331E-05
   7120.556      1.1508870E-05
   7125.759      1.1386408E-05
   7130.962      1.1263946E-05
   7136.166      1.1141485E-05
   7141.370      1.1019023E-05
   7146.574      1.0896561E-05
   7151.778      1.0774093E-05
   7156.982      1.0651631E-05
   7162.188      1.0529169E-05
   7167.392      1.0406708E-05
   7172.598      1.0284246E-05
   7177.803      1.0161784E-05
   7183.008      1.0039323E-05
   7188.214      9.9168610E-06
   7193.420      9.7943994E-06
   7198.626      9.6719377E-06
   7203.833      9.5494761E-06
   7209.040      9.4270144E-06
   7214.247      9.3045528E-06
   7219.454      9.1820912E-06
   7224.661      9.0596295E-06
   7229.869      8.9371679E-06
   7235.076      8.8147062E-06
   7240.285      8.6922446E-06
   7245.493      8.5697829E-06
   7250.701      8.4473140E-06
   7255.910      8.3248524E-06
   7261.119      8.2023907E-06
   7266.328      8.0799291E-06
   7271.537      7.9574675E-06
   7276.747      7.8350058E-06
   7281.956      7.7125442E-06
   7287.167      7.5900825E-06
   7292.376      7.4676209E-06
   7297.587      7.3451592E-06
   7302.798      7.2226976E-06
   7308.009      7.1002360E-06
   7313.220      6.9777743E-06
   7318.431      6.8553127E-06
   7323.643      6.7328510E-06
   7328.854      6.6103894E-06
   7334.066      6.4879277E-06
   7339.278      6.3654661E-06
   7344.491      6.2430045E-06
   7349.703      6.1205355E-06
   7354.917      5.9980739E-06
   7360.129      5.8756123E-06
   7365.343      5.7531506E-06
   7370.556      5.6306890E-06
   7375.770      5.5082273E-06
   7380.984      5.3857657E-06
   7386.198      5.2633040E-06
   7391.412      5.1408424E-06
   7396.627      5.0183808E-06
   7401.842      4.8959191E-06
   7407.057      4.7734575E-06
   7412.272      4.6509958E-06
   7417.487      4.5285342E-06
   7422.703      4.4060725E-06
   7427.919      4.2836109E-06
   7433.135      4.1611493E-06
   7438.352      4.0386876E-06
   7443.568      3.9162260E-06
   7448.785      3.7937571E-06
   7454.002      3.6712954E-06
   7459.219      3.5488338E-06
   7464.437      3.4263721E-06
   7469.654      3.3039105E-06
   7474.872      3.1814488E-06
   7480.090      3.0589872E-06
   7485.309      2.9365256E-06
   7490.527      2.8140639E-06
   7495.746      2.6916023E-06
   7500.965      2.5691406E-06
   7506.184      2.4466790E-06
   7511.404      2.3242173E-06
   7516.624      2.2017557E-06
   7521.843      2.0792941E-06
   7527.063      1.9568324E-06
   7532.284      1.8343708E-06
   7537.504      1.7119091E-06
   7542.725      1.5894475E-06
   7547.946      1.4669786E-06
   7553.167      1.3445169E-06
   7558.389      1.2220553E-06
   7563.610      1.0995936E-06
   7568.832      9.7713200E-07
   7574.054      8.5467036E-07
   7579.277      7.3220872E-07
   7584.499      6.0974708E-07
   7589.722      4.8728543E-07
   7594.945      3.6482379E-07
   7600.168      2.4236215E-07
   7605.391      1.1990051E-07
   7610.615     -2.5611371E-09
   7615.839     -1.2502278E-07
   7621.063     -2.4748442E-07
   7626.287     -3.6994606E-07
   7631.511     -4.9240771E-07
   7636.736     -6.1486935E-07
   7641.961     -7.3733099E-07
   7647.187     -8.5979991E-07
   7652.412     -9.8226155E-07
   7657.638     -1.1047232E-06
   7662.863     -1.2271848E-06
   7668.089     -1.3496465E-06
   7673.315     -1.4721081E-06
   7678.542     -1.5945698E-06
   7683.769     -1.7170314E-06
   7688.996     -1.8394931E-06
   7694.223     -1.9619547E-06
   7699.450     -2.0844163E-06
   7704.678     -2.2068780E-06
   7709.905     -2.3293396E-06
   7715.133     -2.4518013E-06
   7720.361     -2.5742629E-06
   7725.590     -2.6967246E-06
   7730.819     -2.8191862E-06
   7736.048     -2.9416478E-06
   7741.277     -3.0641095E-06
   7746.506     -3.1865784E-06
   7751.736     -3.3090400E-06
   7756.965     -3.4315017E-06
   7762.195     -3.5539633E-06
   7767.425     -3.6764250E-06
   7772.656     -3.7988866E-06
   7777.887     -3.9213483E-06
   7783.118     -4.0438099E-06
   7788.349     -4.1662715E-06
   7793.580     -4.2887332E-06
   7798.812     -4.4111948E-06
   7804.043     -4.5336565E-06
   7809.275     -4.6561181E-06
   7814.507     -4.7785798E-06
   7819.740     -4.9010414E-06
   7824.972     -5.0235030E-06
   7830.205     -5.1459647E-06
   7835.438     -5.2684263E-06
   7840.672     -5.3908952E-06
   7845.905     -5.5133569E-06
   7851.139     -5.6358185E-06
   7856.373     -5.7582802E-06
   7861.607     -5.8807418E-06
   7866.841     -6.0032035E-06
   7872.076     -6.1256651E-06
   7877.311     -6.2481267E-06
   7882.545     -6.3705884E-06
   7887.781     -6.4930500E-06
   7893.016     -6.6155117E-06
   7898.252     -6.7379733E-06
   7903.488     -6.8604350E-06
   7908.724     -6.9828966E-06
   7913.960     -7.1053582E-06
   7919.197     -7.2278199E-06
   7924.434     -7.3502815E-06
   7929.671     -7.4727432E-06
   7934.908     -7.5952048E-06
   7940.146     -7.7176737E-06
   7945.383     -7.8401354E-06
   7950.621     -7.9625970E-06
   7955.859     -8.0850587E-06
   7961.098     -8.2075203E-06
   7966.336     -8.3299819E-06
   7971.575     -8.4524436E-06
   7976.814     -8.5749052E-06
   7982.053     -8.6973669E-06
   7987.293     -8.8198285E-06
   7992.532     -8.9422902E-06
   7997.772     -9.0647518E-06
   8003.012     -9.1872134E-06
   8008.253     -9.3096751E-06
   8013.493     -9.4321367E-06
   8018.734     -9.5545984E-06
   8023.975     -9.6770600E-06
   8029.216     -9.7995216E-06
   8034.458     -9.9219833E-06
   8039.699     -1.0044452E-05
   8044.941     -1.0166914E-05
   8050.183     -1.0289375E-05
   8055.425     -1.0411837E-05
   8060.668     -1.0534299E-05
   8065.911     -1.0656760E-05
   8071.153     -1.0779222E-05
   8076.397     -1.0901684E-05
   8081.640     -1.1024145E-05
   8086.884     -1.1146607E-05
   8092.127     -1.1269069E-05
   8097.372     -1.1391530E-05
   8102.616     -1.1513992E-05
   8107.860     -1.1636454E-05
   8113.105     -1.1758915E-05
   8118.350     -1.1881377E-05
   8123.595     -1.2003838E-05
   8128.840     -1.2126300E-05
   8134.086     -1.2248762E-05
   8139.332     -1.2371231E-05
   8144.578     -1.2493692E-05
   8149.824     -1.2616154E-05
   8155.071     -1.2738616E-05
   8160.317     -1.2861077E-05
   8165.564     -1.2983539E-05
   8170.812     -1.3106001E-05
   8176.059     -1.3228462E-05
   8181.307     -1.3350924E-05
   8186.554     -1.3473385E-05
   8191.802     -1.3595847E-05
   8197.051     -1.3718309E-05
   8202.299     -1.3840770E-05
   8207.548     -1.3963232E-05
   8212.797     -1.4085694E-05
   8218.046     -1.4208155E-05
   8223.295     -1.4330617E-05
   8228.545     -1.4453079E-05
   8233.794     -1.4575540E-05
   8239.045     -1.4698009E-05
   8244.295     -1.4820471E-05
   8249.545     -1.4942932E-05
   8254.796     -1.5065394E-05
   8260.047     -1.5187856E-05
   8265.298     -1.5310317E-05
   8270.549     -1.5432779E-05
   8275.801     -1.5555241E-05
   8281.053     -1.5677702E-05
   8286.305     -1.5800164E-05
   8291.557     -1.5922626E-05
   8296.809     -1.6045087E-05
   8302.062     -1.6167549E-05
   8307.314     -1.6290011E-05
   8312.567     -1.6412472E-05
   8317.820     -1.6534934E-05
   8323.074     -1.6657395E-05
   8328.328     -1.6779857E-05
   8333.582     -1.6902319E-05
   8338.836     -1.7024788E-05
   8344.091     -1.7147249E-05
   8349.345     -1.7269711E-05
   8354.600     -1.7392173E-05
   8359.855     -1.7514634E-05
   8365.110     -1.7637096E-05
   8370.365     -1.7759558E-05
   8375.621     -1.7882019E-05
   8380.877     -1.8004481E-05
   8386.134     -1.8126942E-05
   8391.390     -1.8249404E-05
   8396.646     -1.8371866E-05
   8401.903     -1.8494327E-05
   8407.160     -1.8616789E-05
   8412.417     -1.8739251E-05
   8417.675     -1.8861712E-05
   8422.933     -1.8984174E-05
   8428.190     -1.9106636E-05
   8433.448     -1.9229097E-05
   8438.707     -1.9351566E-05
   8443.966     -1.9474028E-05
   8449.224     -1.9596489E-05
   8454.483     -1.9718951E-05
   8459.742     -1.9841413E-05
   8465.002     -1.9963874E-05
   8470.262     -2.0086336E-05
   8475.521     -2.0208798E-05
   8480.781     -2.0331259E-05
   8486.042     -2.0453721E-05
   8491.303     -2.0576183E-05
   8496.563     -2.0698644E-05
   8501.824     -2.0821106E-05
   8507.085     -2.0943568E-05
   8512.347     -2.1066029E-05
   8517.608     -2.1188491E-05
   8522.870     -2.1310952E-05
   8528.132     -2.1433414E-05
   8533.395     -2.1555876E-05
   8538.657     -2.1678345E-05
   8543.920     -2.1800806E-05
   8549.183     -2.1923268E-05
   8554.446     -2.2045730E-05
   8559.709     -2.2168191E-05
   8564.974     -2.2290653E-05
   8570.237     -2.2413114E-05
   8575.501     -2.2535576E-05
   8580.766     -2.2658038E-05
   8586.029     -2.2780499E-05
   8591.295     -2.2902961E-05
   8596.560     -2.3025423E-05
   8601.824     -2.3147884E-05
   8607.090     -2.3270346E-05
   8612.355     -2.3392808E-05
   8617.621     -2.3515269E-05
   8622.888     -2.3637731E-05
   8628.153     -2.3760193E-05
   8633.420     -2.3882654E-05
   8638.687     -2.4005123E-05
   8643.953     -2.4127585E-05
   8649.221     -2.4250046E-05
   8654.488     -2.4372508E-05
   8659.756     -2.4494970E-05
   8665.023     -2.4617431E-05
   8670.292     -2.4739893E-05
   8675.560     -2.4862355E-05
   8680.828     -2.4984816E-05
   8686.097     -2.5107278E-05
   8691.366     -2.5229740E-05
   8696.635     -2.5352201E-05
   8701.904     -2.5474663E-05
   8707.174     -2.5597124E-05
   8712.443     -2.5719586E-05
   8717.714     -2.5842048E-05
   8722.983     -2.5964509E-05
   8728.254     -2.6086971E-05
   8733.524     -2.6209433E-05
   8738.796     -2.6331902E-05
   8744.066     -2.6454363E-05
   8749.338     -2.6576825E-05
   8754.609     -2.6699287E-05
   8759.882     -2.6821748E-05
   8765.153     -2.6944210E-05
   8770.426     -2.7066671E-05
   8775.698     -2.7189133E-05
   8780.971     -2.7311595E-05
   8786.243     -2.7434056E-05
   8791.517     -2.7556518E-05
   8796.790     -2.7678980E-05
   8802.063     -2.7801441E-05
   8807.337     -2.7923903E-05
   8812.610     -2.8046365E-05
   8817.885     -2.8168826E-05
   8823.159     -2.8291288E-05
   8828.435     -2.8413750E-05
   8833.709     -2.8536211E-05
   8838.984     -2.8658680E-05
   8844.259     -2.8781142E-05
   8849.534     -2.8903603E-05
   8854.811     -2.9026065E-05
   8860.086     -2.9148527E-05
   8865.362     -2.9270988E-05
   8870.639     -2.9393450E-05
   8875.915     -2.9515912E-05
   8881.192     -2.9638373E-05
   8886.470     -2.9760835E-05
   8891.746     -2.9883297E-05
   8897.024     -3.0005758E-05
   8902.302     -3.0128220E-05
   8907.580     -3.0250681E-05
   8912.857     -3.0373143E-05
   8918.136     -3.0495605E-05
   8923.415     -3.0618066E-05
   8928.693     -3.0740528E-05
   8933.973     -3.0862990E-05
   8939.251     -3.0985459E-05
   8944.531     -3.1107920E-05
   8949.811     -3.1230382E-05
   8955.091     -3.1352844E-05
   8960.370     -3.1475305E-05
   8965.651     -3.1597767E-05
   8970.932     -3.1720228E-05
   8976.213     -3.1842690E-05
   8981.493     -3.1965152E-05
   8986.774     -3.2087613E-05
   8992.056     -3.2210075E-05
   8997.337     -3.2332537E-05
   9002.619     -3.2454998E-05
   9007.901     -3.2577460E-05
   9013.184     -3.2699922E-05
   9018.466     -3.2822383E-05
   9023.749     -3.2944845E-05
   9029.032     -3.3067307E-05
   9034.315     -3.3189768E-05
   9039.599     -3.3312237E-05
   9044.882     -3.3434699E-05
   9050.166     -3.3557153E-05
   9055.450     -3.3679622E-05
   9060.734     -3.3802076E-05
   9066.019     -3.3924545E-05
   9071.304     -3.4047000E-05
   9076.588     -3.4169469E-05
   9081.874     -3.4291923E-05
   9087.159     -3.4414392E-05
   9092.444     -3.4536861E-05
   9097.730     -3.4659315E-05
   9103.017     -3.4781784E-05
   9108.303     -3.4904238E-05
   9113.589     -3.5026707E-05
   9118.876     -3.5149162E-05
   9124.162     -3.5271631E-05
   9129.450     -3.5394085E-05
   9134.737     -3.5516554E-05
   9140.024     -3.5639008E-05
   9145.313     -3.5761477E-05
   9150.601     -3.5883932E-05
   9155.889     -3.6006400E-05
   9161.178     -3.6128855E-05
   9166.466     -3.6251324E-05
   9171.755     -3.6373778E-05
   9177.044     -3.6496247E-05
   9182.333     -3.6618701E-05
   9187.623     -3.6741170E-05
