   4810.146      5.5531808E-04
   4813.386      5.6297332E-04
   4816.626      5.7190779E-04
   4819.866      5.8201945E-04
   4823.106      5.9315556E-04
   4826.346      6.0513581E-04
   4829.586      6.1777345E-04
   4832.827      6.3089590E-04
   4836.067      6.4435625E-04
   4839.308      6.5803976E-04
   4842.548      6.7186239E-04
   4845.789      6.8576727E-04
   4849.029      6.9971813E-04
   4852.270      7.1369339E-04
   4855.511      7.2768057E-04
   4858.751      7.4167352E-04
   4861.993      7.5566908E-04
   4865.233      7.6966465E-04
   4868.475      7.8366016E-04
   4871.716      7.9765572E-04
   4874.957      8.1165123E-04
   4878.199      8.2564680E-04
   4881.440      8.3964231E-04
   4884.682      8.5363787E-04
   4887.923      8.6763338E-04
   4891.165      8.8162883E-04
   4894.406      8.9562440E-04
   4897.648      9.0962008E-04
   4900.890      9.2361553E-04
   4904.132      9.3761110E-04
   4907.374      9.5160672E-04
   4910.616      9.6560206E-04
   4913.858      9.7959780E-04
   4917.101      9.9359336E-04
   4920.343      1.0075887E-03
   4923.585      1.0215843E-03
   4926.828      1.0355798E-03
   4930.070      1.0495753E-03
   4933.313      1.0635708E-03
   4936.556      1.0775665E-03
   4939.798      1.0915620E-03
   4943.041      1.1055577E-03
   4946.284      1.1195530E-03
   4949.527      1.1335486E-03
   4952.771      1.1475441E-03
   4956.013      1.1615397E-03
   4959.257      1.1755353E-03
   4962.500      1.1895307E-03
   4965.743      1.2035266E-03
   4968.987      1.2175218E-03
   4972.230      1.2315175E-03
   4975.474      1.2455130E-03
   4978.718      1.2595087E-03
   4981.961      1.2735039E-03
   4985.206      1.2874998E-03
   4988.449      1.3014950E-03
   4991.693      1.3154903E-03
   4994.938      1.3294864E-03
   4998.182      1.3434817E-03
   5001.426      1.3574770E-03
   5004.670      1.3714730E-03
   5007.915      1.3854685E-03
   5011.159      1.3994636E-03
   5014.403      1.4134593E-03
   5017.648      1.4274549E-03
   5020.893      1.4414504E-03
   5024.138      1.4554457E-03
   5027.382      1.4694416E-03
   5030.627      1.4834373E-03
   5033.872      1.4974326E-03
   5037.117      1.5114283E-03
   5040.362      1.5254236E-03
   5043.608      1.5394191E-03
   5046.853      1.5534149E-03
   5050.098      1.5674103E-03
   5053.344      1.5814058E-03
   5056.589      1.5954014E-03
   5059.835      1.6093970E-03
   5063.081      1.6233927E-03
   5066.326      1.6373879E-03
   5069.572      1.6513837E-03
   5072.818      1.6653792E-03
   5076.064      1.6793746E-03
   5079.310      1.6934775E-03
   5082.556      1.7076943E-03
   5085.802      1.7221369E-03
   5089.049      1.7369997E-03
   5092.295      1.7525955E-03
   5095.542      1.7693832E-03
   5098.788      1.7879762E-03
   5102.035      1.8091003E-03
   5105.281      1.8334864E-03
   5108.528      1.8616801E-03
   5111.775      1.8938006E-03
   5115.022      1.9292946E-03
   5118.269      1.9667663E-03
   5121.516      2.0039740E-03
   5124.763      2.0380311E-03
   5128.010      2.0658174E-03
   5131.257      2.0844967E-03
   5134.505      2.0920227E-03
   5137.752      2.0874944E-03
   5141.000      2.0712635E-03
   5144.248      2.0447969E-03
   5147.495      2.0103410E-03
   5150.743      1.9705042E-03
   5153.991      1.9278723E-03
   5157.238      1.8847253E-03
   5160.486      1.8428862E-03
   5163.734      1.8036958E-03
   5166.982      1.7680645E-03
   5170.231      1.7365684E-03
   5173.479      1.7095462E-03
   5176.728      1.6871843E-03
   5179.976      1.6695341E-03
   5183.224      1.6567227E-03
   5186.473      1.6487505E-03
   5189.722      1.6456174E-03
   5192.970      1.6473229E-03
   5196.219      1.6538678E-03
   5199.468      1.6652512E-03
   5202.717      1.6814742E-03
   5205.966      1.7025358E-03
   5209.215      1.7284363E-03
   5212.464      1.7591758E-03
   5215.713      1.7947545E-03
   5218.963      1.8351723E-03
   5222.212      1.8804290E-03
   5225.461      1.9305245E-03
   5228.711      1.9854591E-03
   5231.961      2.0452330E-03
   5235.210      2.1098456E-03
   5238.460      2.1792979E-03
   5241.710      2.2535883E-03
   5244.960      2.3327181E-03
   5248.210      2.4166864E-03
   5251.460      2.5054950E-03
   5254.710      2.5991416E-03
   5257.961      2.6976271E-03
   5261.211      2.8009519E-03
   5264.461      2.9091155E-03
   5267.712      3.0221182E-03
   5270.962      3.1399606E-03
   5274.213      3.2626409E-03
   5277.464      3.3901611E-03
   5280.715      3.5225193E-03
   5283.965      3.6597173E-03
   5287.216      3.8017537E-03
   5290.467      3.9486298E-03
   5293.719      4.1003446E-03
   5296.970      4.2568985E-03
   5300.221      4.4182907E-03
   5303.472      4.5845229E-03
   5306.724      4.7555938E-03
   5309.975      4.9315030E-03
   5313.227      5.1122513E-03
   5316.478      5.2978401E-03
   5319.730      5.4882667E-03
   5322.982      5.6835320E-03
   5326.233      5.8836374E-03
   5329.485      6.0885823E-03
   5332.737      6.2983637E-03
   5335.990      6.5129851E-03
   5339.242      6.7324461E-03
   5342.494      6.9567449E-03
   5345.747      7.1858857E-03
   5348.999      7.4198637E-03
   5352.251      7.6586786E-03
   5355.504      7.9023354E-03
   5358.756      8.1508309E-03
   5362.009      8.4041636E-03
   5365.262      8.6623374E-03
   5368.515      8.9253476E-03
   5371.768      9.1931997E-03
   5375.021      9.4658891E-03
   5378.273      9.7434176E-03
   5381.527      1.0025788E-02
   5384.780      1.0312994E-02
   5388.033      1.0605040E-02
   5391.287      1.0901925E-02
   5394.540      1.1203649E-02
   5397.793      1.1510211E-02
   5401.047      1.1821614E-02
   5404.301      1.2137854E-02
   5407.555      1.2458935E-02
   5410.809      1.2784855E-02
   5414.063      1.3115610E-02
   5417.316      1.3451206E-02
   5420.570      1.3791644E-02
   5423.825      1.4136919E-02
   5427.079      1.4487034E-02
   5430.333      1.4841984E-02
   5433.587      1.5201777E-02
   5436.842      1.5566426E-02
   5440.096      1.5936041E-02
   5443.351      1.6311310E-02
   5446.605      1.6692320E-02
   5449.860      1.7081251E-02
   5453.115      1.7479768E-02
   5456.370      1.7892243E-02
   5459.625      1.8325169E-02
   5462.880      1.8788755E-02
   5466.135      1.9297188E-02
   5469.391      1.9869085E-02
   5472.646      2.0527272E-02
   5475.901      2.1299820E-02
   5479.157      2.2215186E-02
   5482.412      2.3303619E-02
   5485.667      2.4593106E-02
   5488.923      2.6109539E-02
   5492.179      2.7875928E-02
   5495.435      2.9913932E-02
   5498.691      3.2244042E-02
   5501.947      3.4887943E-02
   5505.203      3.7869856E-02
   5508.459      4.1217372E-02
   5511.715      4.4956207E-02
   5514.971      4.9113121E-02
   5518.228      5.3711355E-02
   5521.484      5.8769800E-02
   5524.741      6.4303480E-02
   5527.997      7.0323981E-02
   5531.254      7.6841190E-02
   5534.511      8.3864965E-02
   5537.767      9.1405950E-02
   5541.024      9.9472649E-02
   5544.281      0.1080714    
   5547.538      0.1172016    
   5550.795      0.1268516    
   5554.052      0.1370028    
   5557.310      0.1476269    
   5560.567      0.1586929    
   5563.825      0.1701716    
   5567.082      0.1820381    
   5570.339      0.1942724    
   5573.597      0.2068590    
   5576.855      0.2197802    
   5580.113      0.2330154    
   5583.371      0.2465338    
   5586.628      0.2602996    
   5589.887      0.2742710    
   5593.145      0.2884040    
   5596.403      0.3026568    
   5599.661      0.3169954    
   5602.919      0.3313889    
   5606.178      0.3458119    
   5609.437      0.3602412    
   5612.695      0.3746556    
   5615.954      0.3890284    
   5619.212      0.4033311    
   5622.471      0.4175291    
   5625.730      0.4315832    
   5628.989      0.4454540    
   5632.248      0.4590995    
   5635.507      0.4724852    
   5638.766      0.4855786    
   5642.025      0.4983569    
   5645.285      0.5108071    
   5648.544      0.5229229    
   5651.803      0.5347022    
   5655.063      0.5461452    
   5658.323      0.5572498    
   5661.583      0.5680127    
   5664.842      0.5784275    
   5668.102      0.5884879    
   5671.362      0.5981894    
   5674.622      0.6075305    
   5677.882      0.6165189    
   5681.142      0.6251667    
   5684.402      0.6334867    
   5687.663      0.6414869    
   5690.923      0.6491714    
   5694.184      0.6565374    
   5697.444      0.6635768    
   5700.705      0.6702819    
   5703.965      0.6766492    
   5707.226      0.6826826    
   5710.487      0.6883970    
   5713.748      0.6938083    
   5717.009      0.6989364    
   5720.270      0.7037953    
   5723.531      0.7083975    
   5726.792      0.7127451    
   5730.054      0.7168425    
   5733.315      0.7206933    
   5736.577      0.7243046    
   5739.838      0.7276928    
   5743.100      0.7308803    
   5746.361      0.7338918    
   5749.623      0.7367584    
   5752.885      0.7395102    
   5756.146      0.7421716    
   5759.409      0.7447639    
   5762.671      0.7472964    
   5765.933      0.7497687    
   5769.195      0.7521725    
   5772.458      0.7544936    
   5775.720      0.7567176    
   5778.982      0.7588334    
   5782.245      0.7608429    
   5785.507      0.7627604    
   5788.770      0.7646121    
   5792.033      0.7664304    
   5795.295      0.7682489    
   5798.559      0.7700952    
   5801.821      0.7719908    
   5805.084      0.7739474    
   5808.348      0.7759657    
   5811.611      0.7780415    
   5814.874      0.7801674    
   5818.137      0.7823321    
   5821.401      0.7845256    
   5824.665      0.7867343    
   5827.928      0.7889532    
   5831.192      0.7911777    
   5834.456      0.7934089    
   5837.719      0.7956538    
   5840.983      0.7979239    
   5844.247      0.8002318    
   5847.511      0.8025929    
   5850.775      0.8050202    
   5854.040      0.8075243    
   5857.304      0.8101081    
   5860.568      0.8127638    
   5863.833      0.8154795    
   5867.097      0.8182354    
   5870.361      0.8210101    
   5873.626      0.8237872    
   5876.891      0.8265559    
   5880.156      0.8293079    
   5883.420      0.8320392    
   5886.686      0.8347470    
   5889.951      0.8374215    
   5893.216      0.8400477    
   5896.481      0.8426123    
   5899.746      0.8451025    
   5903.011      0.8475066    
   5906.277      0.8498264    
   5909.542      0.8520651    
   5912.808      0.8542357    
   5916.074      0.8563539    
   5919.339      0.8584370    
   5922.605      0.8604966    
   5925.871      0.8625429    
   5929.137      0.8645741    
   5932.403      0.8665832    
   5935.669      0.8685451    
   5938.935      0.8704180    
   5942.201      0.8721490    
   5945.468      0.8736735    
   5948.734      0.8749268    
   5952.000      0.8758512    
   5955.267      0.8764243    
   5958.534      0.8766629    
   5961.800      0.8766279    
   5965.067      0.8764220    
   5968.334      0.8761634    
   5971.601      0.8759599    
   5974.868      0.8758722    
   5978.135      0.8758945    
   5981.402      0.8759549    
   5984.669      0.8759133    
   5987.937      0.8756151    
   5991.204      0.8749211    
   5994.472      0.8737488    
   5997.739      0.8720893    
   6001.007      0.8700098    
   6004.275      0.8676256    
   6007.542      0.8650745    
   6010.810      0.8624828    
   6014.078      0.8599360    
   6017.346      0.8574732    
   6020.614      0.8550897    
   6023.882      0.8527530    
   6027.151      0.8504196    
   6030.419      0.8480532    
   6033.688      0.8456398    
   6036.956      0.8431926    
   6040.225      0.8407443    
   6043.493      0.8383405    
   6046.762      0.8360286    
   6050.030      0.8338501    
   6053.299      0.8318305    
   6056.568      0.8299714    
   6059.837      0.8282630    
   6063.106      0.8266855    
   6066.375      0.8252109    
   6069.645      0.8238244    
   6072.914      0.8225186    
   6076.183      0.8213018    
   6079.453      0.8201921    
   6082.722      0.8192100    
   6085.992      0.8183764    
   6089.262      0.8176985    
   6092.531      0.8171700    
   6095.801      0.8167748    
   6099.071      0.8164827    
   6102.341      0.8162658    
   6105.611      0.8161008    
   6108.881      0.8159611    
   6112.151      0.8158342    
   6115.422      0.8157092    
   6118.692      0.8155924    
   6121.962      0.8154951    
   6125.233      0.8154262    
   6128.504      0.8154211    
   6131.774      0.8155161    
   6135.045      0.8157535    
   6138.316      0.8161942    
   6141.587      0.8168865    
   6144.858      0.8178976    
   6148.129      0.8192760    
   6151.400      0.8210619    
   6154.671      0.8232726    
   6157.942      0.8258983    
   6161.214      0.8289044    
   6164.485      0.8322377    
   6167.757      0.8358404    
   6171.028      0.8396552    
   6174.300      0.8436354    
   6177.572      0.8477392    
   6180.844      0.8519230    
   6184.115      0.8561284    
   6187.387      0.8602831    
   6190.660      0.8642946    
   6193.932      0.8680677    
   6197.204      0.8715131    
   6200.476      0.8745663    
   6203.749      0.8771924    
   6207.021      0.8793924    
   6210.293      0.8812011    
   6213.566      0.8826753    
   6216.838      0.8838851    
   6220.111      0.8848987    
   6223.384      0.8857836    
   6226.657      0.8866012    
   6229.930      0.8873817    
   6233.203      0.8881595    
   6236.476      0.8889490    
   6239.750      0.8897540    
   6243.022      0.8905795    
   6246.296      0.8914098    
   6249.569      0.8922407    
   6252.843      0.8930602    
   6256.116      0.8938622    
   6259.390      0.8946404    
   6262.664      0.8953948    
   6265.938      0.8961300    
   6269.211      0.8968487    
   6272.485      0.8975576    
   6275.759      0.8982540    
   6279.033      0.8989367    
   6282.308      0.8995978    
   6285.582      0.9002279    
   6288.856      0.9008177    
   6292.130      0.9013597    
   6295.405      0.9018515    
   6298.680      0.9022962    
   6301.954      0.9027036    
   6305.229      0.9030872    
   6308.504      0.9034649    
   6311.779      0.9038550    
   6315.054      0.9042732    
   6318.329      0.9047326    
   6321.604      0.9052356    
   6324.879      0.9057740    
   6328.154      0.9063299    
   6331.429      0.9068735    
   6334.705      0.9073659    
   6337.980      0.9077690    
   6341.256      0.9080431    
   6344.531      0.9081623    
   6347.807      0.9081169    
   6351.083      0.9079185    
   6354.359      0.9075947    
   6357.635      0.9071904    
   6360.911      0.9067562    
   6364.187      0.9063365    
   6367.463      0.9059669    
   6370.739      0.9056639    
   6374.016      0.9054273    
   6377.292      0.9052433    
   6380.568      0.9050869    
   6383.845      0.9049320    
   6387.122      0.9047594    
   6390.398      0.9045577    
   6393.675      0.9043280    
   6396.952      0.9040778    
   6400.229      0.9038196    
   6403.505      0.9035646    
   6406.783      0.9033177    
   6410.060      0.9030799    
   6413.337      0.9028439    
   6416.614      0.9026033    
   6419.892      0.9023471    
   6423.169      0.9020740    
   6426.447      0.9017841    
   6429.725      0.9014838    
   6433.002      0.9011859    
   6436.280      0.9009053    
   6439.558      0.9006534    
   6442.835      0.9004399    
   6446.113      0.9002637    
   6449.392      0.9001184    
   6452.670      0.8999911    
   6455.948      0.8998699    
   6459.226      0.8997455    
   6462.504      0.8996193    
   6465.783      0.8995029    
   6469.062      0.8994142    
   6472.340      0.8993788    
   6475.619      0.8994175    
   6478.897      0.8995453    
   6482.176      0.8997642    
   6485.455      0.9000662    
   6488.734      0.9004315    
   6492.013      0.9008378    
   6495.292      0.9012615    
   6498.572      0.9016820    
   6501.851      0.9020838    
   6505.130      0.9024576    
   6508.410      0.9028017    
   6511.689      0.9031155    
   6514.969      0.9034065    
   6518.249      0.9036831    
   6521.528      0.9039620    
   6524.808      0.9042530    
   6528.088      0.9045678    
   6531.368      0.9049091    
   6534.648      0.9052721    
   6537.928      0.9056452    
   6541.208      0.9060155    
   6544.488      0.9063733    
   6547.769      0.9067197    
   6551.049      0.9070650    
   6554.330      0.9074273    
   6557.610      0.9078276    
   6560.891      0.9082817    
   6564.172      0.9087936    
   6567.453      0.9093557    
   6570.733      0.9099503    
   6574.014      0.9105539    
   6577.295      0.9111439    
   6580.577      0.9117016    
   6583.858      0.9122180    
   6587.139      0.9126880    
   6590.420      0.9131115    
   6593.702      0.9134916    
   6596.983      0.9138323    
   6600.265      0.9141409    
   6603.546      0.9144225    
   6606.828      0.9146858    
   6610.110      0.9149352    
   6613.392      0.9151749    
   6616.674      0.9153986    
   6619.956      0.9155978    
   6623.238      0.9157578    
   6626.520      0.9158655    
   6629.802      0.9159104    
   6633.084      0.9158874    
   6636.367      0.9158014    
   6639.649      0.9156680    
   6642.932      0.9155043    
   6646.215      0.9153314    
   6649.498      0.9151714    
   6652.780      0.9150454    
   6656.063      0.9149681    
   6659.346      0.9149463    
   6662.629      0.9149776    
   6665.912      0.9150480    
   6669.195      0.9151323    
   6672.479      0.9151978    
   6675.762      0.9152117    
   6679.045      0.9151439    
   6682.329      0.9149746    
   6685.612      0.9146967    
   6688.896      0.9143196    
   6692.180      0.9138619    
   6695.463      0.9133502    
   6698.747      0.9128137    
   6702.031      0.9122770    
   6705.315      0.9117608    
   6708.599      0.9112757    
   6711.883      0.9108260    
   6715.167      0.9104096    
   6718.452      0.9100204    
   6721.736      0.9096457    
   6725.021      0.9092684    
   6728.305      0.9088679    
   6731.590      0.9084182    
   6734.875      0.9078982    
   6738.159      0.9072906    
   6741.444      0.9065929    
   6744.729      0.9058166    
   6748.014      0.9049833    
   6751.299      0.9041203    
   6754.584      0.9032519    
   6757.870      0.9023964    
   6761.155      0.9015662    
   6764.440      0.9007646    
   6767.726      0.8999939    
   6771.011      0.8992597    
   6774.297      0.8985674    
   6777.583      0.8979255    
   6780.868      0.8973418    
   6784.154      0.8968196    
   6787.440      0.8963561    
   6790.726      0.8959431    
   6794.012      0.8955690    
   6797.298      0.8952199    
   6800.584      0.8948851    
   6803.871      0.8945581    
   6807.157      0.8942392    
   6810.443      0.8939399    
   6813.730      0.8936755    
   6817.017      0.8934710    
   6820.303      0.8933558    
   6823.590      0.8933612    
   6826.877      0.8935181    
   6830.164      0.8938535    
   6833.451      0.8943892    
   6836.738      0.8951327    
   6840.025      0.8960789    
   6843.312      0.8972070    
   6846.599      0.8984833    
   6849.887      0.8998617    
   6853.174      0.9012877    
   6856.461      0.9027099    
   6859.750      0.9040788    
   6863.037      0.9053516    
   6866.325      0.9065005    
   6869.613      0.9075079    
   6872.900      0.9083620    
   6876.188      0.9090585    
   6879.477      0.9095911    
   6882.765      0.9099495    
   6886.053      0.9101160    
   6889.341      0.9100671    
   6892.629      0.9097752    
   6895.918      0.9092121    
   6899.207      0.9083595    
   6902.495      0.9072114    
   6905.784      0.9057793    
   6909.072      0.9040937    
   6912.361      0.9021997    
   6915.650      0.9001568    
   6918.939      0.8980284    
   6922.228      0.8958747    
   6925.517      0.8937526    
   6928.806      0.8917082    
   6932.096      0.8897781    
   6935.385      0.8879903    
   6938.674      0.8863634    
   6941.964      0.8849065    
   6945.253      0.8836169    
   6948.543      0.8824809    
   6951.833      0.8814732    
   6955.123      0.8805631    
   6958.412      0.8797106    
   6961.702      0.8788810    
   6964.992      0.8780408    
   6968.282      0.8771641    
   6971.573      0.8762313    
   6974.863      0.8752304    
   6978.153      0.8741519    
   6981.444      0.8729904    
   6984.734      0.8717445    
   6988.024      0.8704188    
   6991.315      0.8690208    
   6994.606      0.8675626    
   6997.897      0.8660602    
   7001.188      0.8645303    
   7004.479      0.8629881    
   7007.770      0.8614470    
   7011.061      0.8599162    
   7014.352      0.8584007    
   7017.643      0.8569032    
   7020.935      0.8554257    
   7024.226      0.8539746    
   7027.517      0.8525586    
   7030.809      0.8511934    
   7034.101      0.8498958    
   7037.392      0.8486792    
   7040.684      0.8475469    
   7043.976      0.8464838    
   7047.268      0.8454561    
   7050.560      0.8444082    
   7053.852      0.8432727    
   7057.144      0.8419766    
   7060.436      0.8404584    
   7063.729      0.8386728    
   7067.021      0.8366055    
   7070.313      0.8342745    
   7073.606      0.8317248    
   7076.898      0.8290231    
   7080.191      0.8262487    
   7083.484      0.8234786    
   7086.777      0.8207811    
   7090.070      0.8182048    
   7093.363      0.8157806    
   7096.656      0.8135235    
   7099.949      0.8114340    
   7103.242      0.8095071    
   7106.536      0.8077345    
   7109.829      0.8061092    
   7113.122      0.8046269    
   7116.416      0.8032908    
   7119.709      0.8021113    
   7123.003      0.8011093    
   7126.297      0.8003173    
   7129.591      0.7997761    
   7132.885      0.7995260    
   7136.179      0.7995999    
   7139.473      0.8000055    
   7142.767      0.8007149    
   7146.061      0.8016564    
   7149.355      0.8027166    
   7152.649      0.8037515    
   7155.944      0.8046048    
   7159.238      0.8051299    
   7162.533      0.8052070    
   7165.828      0.8047580    
   7169.123      0.8037479    
   7172.417      0.8021834    
   7175.712      0.8001083    
   7179.007      0.7975881    
   7182.302      0.7947046    
   7185.598      0.7915485    
   7188.893      0.7882062    
   7192.188      0.7847622    
   7195.483      0.7812854    
   7198.779      0.7778193    
   7202.074      0.7743914    
   7205.370      0.7709990    
   7208.666      0.7676225    
   7211.961      0.7642251    
   7215.257      0.7607647    
   7218.553      0.7571997    
   7221.849      0.7534990    
   7225.145      0.7496426    
   7228.441      0.7456183    
   7231.737      0.7414182    
   7235.034      0.7370273    
   7238.330      0.7324125    
   7241.626      0.7275186    
   7244.923      0.7222679    
   7248.219      0.7165648    
   7251.516      0.7103069    
   7254.813      0.7033983    
   7258.109      0.6957607    
   7261.406      0.6873421    
   7264.704      0.6781173    
   7268.000      0.6680888    
   7271.297      0.6572801    
   7274.595      0.6457325    
   7277.892      0.6334984    
   7281.189      0.6206406    
   7284.487      0.6072311    
   7287.784      0.5933488    
   7291.082      0.5790778    
   7294.379      0.5645048    
   7297.677      0.5497162    
   7300.975      0.5347907    
   7304.273      0.5197874    
   7307.571      0.5047490    
   7310.869      0.4896939    
   7314.167      0.4746180    
   7317.465      0.4594985    
   7320.763      0.4443034    
   7324.062      0.4290027    
   7327.360      0.4135850    
   7330.659      0.3980689    
   7333.957      0.3825107    
   7337.256      0.3670035    
   7340.555      0.3516680    
   7343.854      0.3366367    
   7347.152      0.3220319    
   7350.451      0.3079511    
   7353.750      0.2944568    
   7357.049      0.2815746    
   7360.348      0.2692982    
   7363.647      0.2575990    
   7366.947      0.2464377    
   7370.246      0.2357718    
   7373.546      0.2255636    
   7376.845      0.2157820    
   7380.145      0.2064051    
   7383.445      0.1974191    
   7386.745      0.1888157    
   7390.044      0.1805908    
   7393.344      0.1727428    
   7396.644      0.1652661    
   7399.944      0.1581542    
   7403.245      0.1513971    
   7406.545      0.1449807    
   7409.845      0.1388879    
   7413.146      0.1330993    
   7416.446      0.1275947    
   7419.747      0.1223564    
   7423.047      0.1173674    
   7426.348      0.1126144    
   7429.648      0.1080856    
   7432.949      0.1037711    
   7436.250      9.9662110E-02
   7439.551      9.5750295E-02
   7442.852      9.2027977E-02
   7446.153      8.8487878E-02
   7449.455      8.5123725E-02
   7452.756      8.1929877E-02
   7456.058      7.8900069E-02
   7459.359      7.6027729E-02
   7462.660      7.3305741E-02
   7465.962      7.0724890E-02
   7469.264      6.8275109E-02
   7472.565      6.5945275E-02
   7475.867      6.3725099E-02
   7479.169      6.1605476E-02
   7482.471      5.9578780E-02
   7485.773      5.7639174E-02
   7489.075      5.5783086E-02
   7492.377      5.4007389E-02
   7495.680      5.2309718E-02
   7498.982      5.0686903E-02
   7502.285      4.9135372E-02
   7505.587      4.7650609E-02
   7508.890      4.6227571E-02
   7512.192      4.4860914E-02
   7515.495      4.3546170E-02
   7518.798      4.2279910E-02
   7522.101      4.1059759E-02
   7525.404      3.9884914E-02
   7528.707      3.8755290E-02
   7532.010      3.7671342E-02
   7535.313      3.6633682E-02
   7538.616      3.5641715E-02
   7541.920      3.4693662E-02
   7545.223      3.3786025E-02
   7548.527      3.2914322E-02
   7551.831      3.2072835E-02
   7555.134      3.1256866E-02
   7558.438      3.0463196E-02
   7561.742      2.9691504E-02
   7565.045      2.8943829E-02
   7568.350      2.8224891E-02
   7571.653      2.7540091E-02
   7574.958      2.6894355E-02
   7578.262      2.6290001E-02
   7581.566      2.5726777E-02
   7584.871      2.5201023E-02
   7588.175      2.4707060E-02
   7591.479      2.4237720E-02
   7594.784      2.3786027E-02
   7598.089      2.3346148E-02
   7601.394      2.2914007E-02
   7604.698      2.2487059E-02
   7608.003      2.2064129E-02
   7611.308      2.1645071E-02
   7614.613      2.1230247E-02
   7617.918      2.0820051E-02
   7621.223      2.0415956E-02
   7624.529      2.0019710E-02
   7627.834      1.9633768E-02
   7631.140      1.9261373E-02
   7634.445      1.8905852E-02
   7637.750      1.8569866E-02
   7641.056      1.8255206E-02
   7644.362      1.7962059E-02
   7647.667      1.7689172E-02
   7650.973      1.7433839E-02
   7654.279      1.7193096E-02
   7657.585      1.6962802E-02
   7660.892      1.6739467E-02
   7664.198      1.6520169E-02
   7667.504      1.6303027E-02
   7670.810      1.6087152E-02
   7674.117      1.5872816E-02
   7677.423      1.5660819E-02
   7680.730      1.5452376E-02
   7684.036      1.5247891E-02
   7687.343      1.5047967E-02
   7690.650      1.4852292E-02
   7693.957      1.4660913E-02
   7697.264      1.4473802E-02
   7700.571      1.4291120E-02
   7703.878      1.4113383E-02
   7707.185      1.3940586E-02
   7710.492      1.3772588E-02
   7713.799      1.3608411E-02
   7717.107      1.3447389E-02
   7720.415      1.3288640E-02
   7723.722      1.3130832E-02
   7727.030      1.2973614E-02
   7730.337      1.2816217E-02
   7733.645      1.2658597E-02
   7736.953      1.2500312E-02
   7740.261      1.2341437E-02
   7743.569      1.2182092E-02
   7746.877      1.2022562E-02
   7750.185      1.1863621E-02
   7753.493      1.1706186E-02
   7756.802      1.1551496E-02
   7760.110      1.1401565E-02
   7763.418      1.1258242E-02
   7766.727      1.1122906E-02
   7770.036      1.0996768E-02
   7773.344      1.0879892E-02
   7776.653      1.0771410E-02
   7779.962      1.0670467E-02
   7783.271      1.0575825E-02
   7786.580      1.0486772E-02
   7789.889      1.0402506E-02
   7793.198      1.0322924E-02
   7796.507      1.0248142E-02
   7799.816      1.0177990E-02
   7803.126      1.0112351E-02
   7806.436      1.0050412E-02
   7809.745      9.9911429E-03
   7813.055      9.9330368E-03
   7816.364      9.8744938E-03
   7819.674      9.8140249E-03
   7822.984      9.7497767E-03
   7826.293      9.6806977E-03
   7829.604      9.6055465E-03
   7832.914      9.5238974E-03
   7836.224      9.4354032E-03
   7839.534      9.3407212E-03
   7842.844      9.2406692E-03
   7846.155      9.1367075E-03
   7849.465      9.0302471E-03
   7852.776      8.9221718E-03
   7856.086      8.8132704E-03
   7859.397      8.7037245E-03
   7862.708      8.5936980E-03
   7866.019      8.4831575E-03
   7869.330      8.3731283E-03
   7872.640      8.2645575E-03
   7875.952      8.1590638E-03
   7879.263      8.0583524E-03
   7882.574      7.9631377E-03
   7885.885      7.8737698E-03
   7889.196      7.7894116E-03
   7892.508      7.7089113E-03
   7895.819      7.6308022E-03
   7899.131      7.5539569E-03
   7902.443      7.4783633E-03
   7905.754      7.4049830E-03
   7909.066      7.3353578E-03
   7912.378      7.2711371E-03
   7915.690      7.2133229E-03
   7919.002      7.1620829E-03
   7922.314      7.1160267E-03
   7925.626      7.0737577E-03
   7928.939      7.0326128E-03
   7932.251      6.9902344E-03
   7935.563      6.9444077E-03
   7938.876      6.8932227E-03
   7942.188      6.8353238E-03
   7945.501      6.7700394E-03
   7948.814      6.6971225E-03
   7952.126      6.6170408E-03
   7955.439      6.5315687E-03
   7958.752      6.4433450E-03
   7962.066      6.3558389E-03
   7965.379      6.2728240E-03
   7968.692      6.1979922E-03
   7972.005      6.1341650E-03
   7975.318      6.0830126E-03
   7978.632      6.0447436E-03
   7981.945      6.0178800E-03
   7985.259      6.1069652E-03
   7988.573      6.0372055E-03
   7991.886      5.9674457E-03
   7995.200      5.8976859E-03
   7998.514      5.8279335E-03
   8001.828      5.7581738E-03
   8005.142      5.6884140E-03
   8008.456      5.6186542E-03
   8011.771      5.5488944E-03
   8015.084      5.4791346E-03
   8018.399      5.4093748E-03
   8021.713      5.3396150E-03
   8025.028      5.2698627E-03
   8028.342      5.2001029E-03
   8031.657      5.1303431E-03
   8034.972      5.0605834E-03
   8038.287      4.9908236E-03
   8041.602      4.9210638E-03
   8044.917      4.8513040E-03
   8048.231      4.7815442E-03
   8051.546      4.7117919E-03
   8054.861      4.6420321E-03
   8058.177      4.5722723E-03
   8061.492      4.5025125E-03
   8064.808      4.4327527E-03
   8068.123      4.3629929E-03
   8071.438      4.2932332E-03
   8074.754      4.2234808E-03
   8078.070      4.1537210E-03
   8081.386      4.0839612E-03
   8084.702      4.0142015E-03
   8088.018      3.9444417E-03
   8091.333      3.8746819E-03
   8094.649      3.8049221E-03
   8097.966      3.7351623E-03
   8101.282      3.6654100E-03
   8104.598      3.5956502E-03
   8107.915      3.5258904E-03
   8111.231      3.4561306E-03
   8114.547      3.3863708E-03
   8117.864      3.3166111E-03
   8121.181      3.2468513E-03
   8124.498      3.1770915E-03
   8127.814      3.1073391E-03
   8131.131      3.0375794E-03
   8134.448      2.9678196E-03
   8137.766      2.8980598E-03
   8141.083      2.8283000E-03
   8144.400      2.7585402E-03
   8147.717      2.6887804E-03
   8151.035      2.6190206E-03
   8154.352      2.5492683E-03
   8157.669      2.4795085E-03
   8160.987      2.4097487E-03
   8164.305      2.3399889E-03
