   3736.614     -1.7481302E-04
   3739.853     -1.7481302E-04
   3743.093     -1.7481302E-04
   3746.333     -1.7481302E-04
   3749.572     -1.7481302E-04
   3752.812     -1.7481302E-04
   3756.052     -1.7481302E-04
   3759.292     -1.7481302E-04
   3762.532     -1.7481302E-04
   3765.772     -1.7481302E-04
   3769.012     -1.7481302E-04
   3772.252     -1.7481302E-04
   3775.492     -1.7481302E-04
   3778.732     -1.7481302E-04
   3781.972     -1.7481302E-04
   3785.212     -1.7481302E-04
   3788.453     -1.7481302E-04
   3791.693     -1.7481302E-04
   3794.933     -1.7481302E-04
   3798.174     -1.7481302E-04
   3801.414     -1.7481302E-04
   3804.654     -1.7481302E-04
   3807.895     -1.7481302E-04
   3811.135     -1.7481302E-04
   3814.376     -1.7481302E-04
   3817.616     -1.7481302E-04
   3820.857     -1.7481302E-04
   3824.098     -1.7481302E-04
   3827.338     -1.7481302E-04
   3830.579     -1.7481302E-04
   3833.820     -1.7481302E-04
   3837.061     -1.7481302E-04
   3840.302     -1.7481302E-04
   3843.542     -1.7481302E-04
   3846.783     -1.7481302E-04
   3850.024     -1.7481302E-04
   3853.265     -1.7481302E-04
   3856.507     -1.7481302E-04
   3859.748     -1.7481302E-04
   3862.989     -1.7481302E-04
   3866.230     -1.7481302E-04
   3869.471     -1.7481302E-04
   3872.712     -1.7481302E-04
   3875.954     -1.7481302E-04
   3879.195     -1.7481302E-04
   3882.437     -1.7481302E-04
   3885.678     -1.7481302E-04
   3888.919     -1.7481302E-04
   3892.161     -1.7481302E-04
   3895.402     -1.7481302E-04
   3898.644     -1.7481302E-04
   3901.886     -1.7481302E-04
   3905.127     -1.7481302E-04
   3908.369     -1.7481302E-04
   3911.611     -1.7481302E-04
   3914.853     -1.7481302E-04
   3918.094     -1.7481302E-04
   3921.336     -1.7481302E-04
   3924.578     -1.7481302E-04
   3927.820     -1.7481302E-04
   3931.062     -1.7481302E-04
   3934.304     -1.7481302E-04
   3937.546     -1.7481302E-04
   3940.788     -1.7481302E-04
   3944.031     -1.7481302E-04
   3947.273     -1.7481302E-04
   3950.515     -1.7481302E-04
   3953.757     -1.7481302E-04
   3957.000     -1.7481302E-04
   3960.242     -1.7481302E-04
   3963.484     -1.7481302E-04
   3966.727     -1.7481302E-04
   3969.969     -1.7481302E-04
   3973.212     -1.7481302E-04
   3976.455     -1.7481302E-04
   3979.697     -1.7481302E-04
   3982.940     -1.7481302E-04
   3986.183     -1.7481302E-04
   3989.425     -1.7481302E-04
   3992.668     -1.7481302E-04
   3995.911     -1.7481302E-04
   3999.154     -1.7481302E-04
   4002.397     -1.7481302E-04
   4005.640     -1.7481302E-04
   4008.883     -1.7481302E-04
   4012.126     -1.7481302E-04
   4015.369     -1.7481302E-04
   4018.612     -1.7481302E-04
   4021.855     -1.7481302E-04
   4025.098     -1.7481302E-04
   4028.342     -1.7481302E-04
   4031.585     -1.7481302E-04
   4034.828     -1.7481302E-04
   4038.072     -1.7481302E-04
   4041.315     -1.7481302E-04
   4044.559     -1.7481302E-04
   4047.802     -1.7481302E-04
   4051.046     -1.7481302E-04
   4054.290     -1.7481302E-04
   4057.533     -1.7481302E-04
   4060.777     -1.7481302E-04
   4064.021     -1.7481302E-04
   4067.264     -1.7481302E-04
   4070.508     -1.7481302E-04
   4073.752     -1.7481302E-04
   4076.996     -1.7481302E-04
   4080.240     -1.7481302E-04
   4083.484     -1.7481302E-04
   4086.728     -1.7481302E-04
   4089.972     -1.7481302E-04
   4093.216     -1.7481302E-04
   4096.460     -1.7481302E-04
   4099.705     -1.7481302E-04
   4102.949     -1.7481302E-04
   4106.193     -1.7481302E-04
   4109.438     -1.7481302E-04
   4112.682     -1.7481302E-04
   4115.927     -1.7481302E-04
   4119.171     -1.7481302E-04
   4122.416     -1.7481302E-04
   4125.660     -1.7481302E-04
   4128.905     -1.7481302E-04
   4132.150     -1.7481302E-04
   4135.395     -1.7481302E-04
   4138.639     -1.7481302E-04
   4141.884     -1.7481302E-04
   4145.129     -1.7481302E-04
   4148.374     -1.7481302E-04
   4151.619     -1.7481302E-04
   4154.864     -1.7481302E-04
   4158.109     -1.7481302E-04
   4161.354     -1.7481302E-04
   4164.599     -1.7481302E-04
   4167.844     -1.7481302E-04
   4171.089     -1.7481302E-04
   4174.335     -1.7481302E-04
   4177.580     -1.7481302E-04
   4180.826     -1.7481302E-04
   4184.071     -1.7481302E-04
   4187.316     -1.7481302E-04
   4190.562     -1.7481302E-04
   4193.808     -1.7481302E-04
   4197.053     -1.7481302E-04
   4200.299     -1.7481302E-04
   4203.544     -1.7481302E-04
   4206.790     -1.7481302E-04
   4210.036     -1.7481302E-04
   4213.282     -1.7481302E-04
   4216.528     -1.7481302E-04
   4219.774     -1.7481302E-04
   4223.020     -1.7481302E-04
   4226.266     -1.7481302E-04
   4229.512     -1.7481302E-04
   4232.758     -1.7481302E-04
   4236.004     -1.7481302E-04
   4239.250     -1.7481302E-04
   4242.497     -1.7481302E-04
   4245.743     -1.7481302E-04
   4248.989     -1.7481302E-04
   4252.236     -1.7481302E-04
   4255.482     -1.7481302E-04
   4258.729     -1.7481302E-04
   4261.975     -1.7481302E-04
   4265.222     -1.7481302E-04
   4268.469     -1.7481302E-04
   4271.715     -1.7481302E-04
   4274.962     -1.7481302E-04
   4278.209     -1.7481302E-04
   4281.456     -1.7481302E-04
   4284.703     -1.7481302E-04
   4287.950     -1.7481302E-04
   4291.196     -1.7481302E-04
   4294.443     -1.7481302E-04
   4297.690     -1.7481302E-04
   4300.938     -1.7481302E-04
   4304.185     -1.7481302E-04
   4307.432     -1.7481302E-04
   4310.680     -1.7481302E-04
   4313.927     -1.7481302E-04
   4317.174     -1.7481302E-04
   4320.421     -1.7481302E-04
   4323.669     -1.7481302E-04
   4326.917     -1.7481302E-04
   4330.164     -1.7481302E-04
   4333.412     -1.7481302E-04
   4336.660     -1.7481302E-04
   4339.907     -1.7481302E-04
   4343.155     -1.7481302E-04
   4346.403     -1.7481302E-04
   4349.651     -1.7481302E-04
   4352.898     -1.7481302E-04
   4356.146     -1.7481302E-04
   4359.395     -1.7481302E-04
   4362.643     -1.7481302E-04
   4365.891     -1.7481302E-04
   4369.139     -1.7481302E-04
   4372.387     -1.7481302E-04
   4375.635     -1.7481302E-04
   4378.884     -1.7481302E-04
   4382.132     -1.7481302E-04
   4385.380     -1.7481302E-04
   4388.629     -1.7481302E-04
   4391.877     -1.7481302E-04
   4395.126     -1.7481302E-04
   4398.375     -1.7481302E-04
   4401.624     -1.7481302E-04
   4404.872     -1.7481302E-04
   4408.121     -1.7481302E-04
   4411.370     -1.7479087E-04
   4414.619     -1.7466745E-04
   4417.868     -1.7416272E-04
   4421.117     -1.7251039E-04
   4424.366     -1.6809499E-04
   4427.615     -1.5835112E-04
   4430.864     -1.4036107E-04
   4434.113     -1.1208146E-04
   4437.362     -7.3333918E-05
   4440.612     -2.5677302E-05
   4443.861      2.8688100E-05
   4447.110      8.7992034E-05
   4450.360      1.5126096E-04
   4453.609      2.1811624E-04
   4456.859      2.8845671E-04
   4460.108      3.6226632E-04
   4463.358      4.3954139E-04
   4466.608      5.2028632E-04
   4469.857      6.0450140E-04
   4473.107      6.9218659E-04
   4476.357      7.8334182E-04
   4479.607      8.7796705E-04
   4482.857      9.7606238E-04
   4486.107      1.0776279E-03
   4489.357      1.1826640E-03
   4492.607      1.2911708E-03
   4495.857      1.4031475E-03
   4499.108      1.5185943E-03
   4502.358      1.6375106E-03
   4505.608      1.7598964E-03
   4508.858      1.8857521E-03
   4512.109      2.0150777E-03
   4515.359      2.1478741E-03
   4518.610      2.2841406E-03
   4521.861      2.4238769E-03
   4525.111      2.5670829E-03
   4528.362      2.7137590E-03
   4531.613      2.8639049E-03
   4534.864      3.0175208E-03
   4538.115      3.1746065E-03
   4541.365      3.3351628E-03
   4544.616      3.4991887E-03
   4547.867      3.6666852E-03
   4551.119      3.8376511E-03
   4554.370      4.0120878E-03
   4557.621      4.1899956E-03
   4560.872      4.3713711E-03
   4564.124      4.5562191E-03
   4567.375      4.7445358E-03
   4570.626      4.9363226E-03
   4573.877      5.1315795E-03
   4577.129      5.3303055E-03
   4580.380      5.5325027E-03
   4583.632      5.7381690E-03
   4586.884      5.9473068E-03
   4590.136      6.1599133E-03
   4593.387      6.3759899E-03
   4596.639      6.5955375E-03
   4599.891      6.8185553E-03
   4603.143      7.0450418E-03
   4606.395      7.2750002E-03
   4609.647      7.5084264E-03
   4612.899      7.7453232E-03
   4616.151      7.9856906E-03
   4619.403      8.2295267E-03
   4622.656      8.4768347E-03
   4625.908      8.7276138E-03
   4629.161      8.9818602E-03
   4632.413      9.2395796E-03
   4635.666      9.5007680E-03
   4638.918      9.7654257E-03
   4642.170      1.0033553E-02
   4645.423      1.0305150E-02
   4648.676      1.0580218E-02
   4651.929      1.0858756E-02
   4655.182      1.1141103E-02
   4658.435      1.1428991E-02
   4661.688      1.1727588E-02
   4664.940      1.2051470E-02
   4668.193      1.2431135E-02
   4671.446      1.2908568E-02
   4674.700      1.3516910E-02
   4677.953      1.4242178E-02
   4681.206      1.5008810E-02
   4684.459      1.5713960E-02
   4687.713      1.6291615E-02
   4690.966      1.6756594E-02
   4694.220      1.7192174E-02
   4697.473      1.7694522E-02
   4700.727      1.8311052E-02
   4703.980      1.9018777E-02
   4707.234      1.9763764E-02
   4710.488      2.0533822E-02
   4713.742      2.1381408E-02
   4716.996      2.2365179E-02
   4720.250      2.3483071E-02
   4723.504      2.4674466E-02
   4726.758      2.5877479E-02
   4730.012      2.7063504E-02
   4733.266      2.8236356E-02
   4736.520      2.9435048E-02
   4739.774      3.0738408E-02
   4743.029      3.2225713E-02
   4746.283      3.3929493E-02
   4749.538      3.5827003E-02
   4752.792      3.7882909E-02
   4756.047      4.0083583E-02
   4759.301      4.2429969E-02
   4762.556      4.4909548E-02
   4765.811      4.7489118E-02
   4769.066      5.0139286E-02
   4772.321      5.2863084E-02
   4775.576      5.5695198E-02
   4778.831      5.8661152E-02
   4782.085      6.1755598E-02
   4785.341      6.4964034E-02
   4788.596      6.8310238E-02
   4791.851      7.1848609E-02
   4795.106      7.5598776E-02
   4798.362      7.9511575E-02
   4801.617      8.3518840E-02
   4804.873      8.7614156E-02
   4808.128      9.1868639E-02
   4811.383      9.6375287E-02
   4814.639      0.1011818    
   4817.895      0.1062725    
   4821.150      0.1116029    
   4824.406      0.1171427    
   4827.662      0.1228940    
   4830.918      0.1288723    
   4834.174      0.1350735    
   4837.430      0.1414680    
   4840.686      0.1480427    
   4843.942      0.1548480    
   4847.199      0.1619827    
   4850.455      0.1695074    
   4853.711      0.1773792    
   4856.967      0.1854774    
   4860.224      0.1937172    
   4863.480      0.2021110    
   4866.737      0.2107203    
   4869.994      0.2195577    
   4873.250      0.2285568    
   4876.507      0.2376322    
   4879.764      0.2467483    
   4883.021      0.2559471    
   4886.278      0.2653233    
   4889.535      0.2749719    
   4892.792      0.2849115    
   4896.049      0.2950363    
   4899.306      0.3051738    
   4902.563      0.3152081    
   4905.820      0.3251303    
   4909.078      0.3349819    
   4912.335      0.3448006    
   4915.593      0.3546159    
   4918.850      0.3644398    
   4922.108      0.3742540    
   4925.366      0.3840296    
   4928.623      0.3937635    
   4931.881      0.4034852    
   4935.139      0.4132284    
   4938.396      0.4229940    
   4941.655      0.4327090    
   4944.913      0.4422182    
   4948.171      0.4513559    
   4951.429      0.4600465    
   4954.687      0.4683364    
   4957.945      0.4763087    
   4961.204      0.4839869    
   4964.462      0.4913699    
   4967.721      0.4985494    
   4970.979      0.5056963    
   4974.238      0.5128902    
   4977.496      0.5200164    
   4980.755      0.5268852    
   4984.014      0.5334131    
   4987.272      0.5396385    
   4990.531      0.5455828    
   4993.791      0.5511521    
   4997.049      0.5562195    
   5000.309      0.5608011    
   5003.567      0.5651282    
   5006.827      0.5694924    
   5010.086      0.5740102    
   5013.345      0.5785711    
   5016.604      0.5829886    
   5019.864      0.5871319    
   5023.124      0.5909005    
   5026.383      0.5941460    
   5029.643      0.5967295    
   5032.902      0.5986927    
   5036.162      0.6003219    
   5039.422      0.6019970    
   5042.682      0.6039553    
   5045.942      0.6061858    
   5049.202      0.6085220    
   5052.462      0.6108083    
   5055.722      0.6129794    
   5058.982      0.6150130    
   5062.243      0.6168517    
   5065.503      0.6183863    
   5068.763      0.6195201    
   5072.024      0.6202575    
   5075.284      0.6207268    
   5078.545      0.6211287    
   5081.806      0.6216207    
   5085.066      0.6222466    
   5088.327      0.6229444    
   5091.588      0.6236137    
   5094.849      0.6241554    
   5098.110      0.6244910    
   5101.371      0.6245821    
   5104.632      0.6244850    
   5107.893      0.6243529    
   5111.154      0.6243585    
   5114.416      0.6245998    
   5117.677      0.6250691    
   5120.938      0.6256606    
   5124.200      0.6261926    
   5127.461      0.6264902    
   5130.723      0.6265239    
   5133.984      0.6264668    
   5137.246      0.6265445    
   5140.508      0.6268251    
   5143.770      0.6271616    
   5147.032      0.6273201    
   5150.294      0.6271216    
   5153.556      0.6265402    
   5156.818      0.6257243    
   5160.080      0.6249248    
   5163.342      0.6243504    
   5166.605      0.6240755    
   5169.867      0.6240543    
   5173.130      0.6241714    
   5176.392      0.6242687    
   5179.655      0.6241987    
   5182.917      0.6239139    
   5186.180      0.6235169    
   5189.443      0.6231840    
   5192.706      0.6230189    
   5195.969      0.6229765    
   5199.232      0.6229175    
   5202.495      0.6227354    
   5205.758      0.6224321    
   5209.021      0.6221051    
   5212.284      0.6218736    
   5215.548      0.6218244    
   5218.811      0.6219773    
   5222.074      0.6222470    
   5225.338      0.6224681    
   5228.602      0.6224947    
   5231.865      0.6222956    
   5235.129      0.6219536    
   5238.393      0.6216055    
   5241.657      0.6213624    
   5244.920      0.6212347    
   5248.185      0.6211209    
   5251.449      0.6208806    
   5254.712      0.6204311    
   5257.977      0.6197968    
   5261.241      0.6190984    
   5264.505      0.6184944    
   5267.770      0.6181036    
   5271.034      0.6179502    
   5274.299      0.6179726    
   5277.563      0.6180499    
   5280.828      0.6180537    
   5284.093      0.6178960    
   5287.357      0.6175851    
   5290.623      0.6172236    
   5293.887      0.6169319    
   5297.152      0.6167592    
   5300.417      0.6166692    
   5303.683      0.6165926    
   5306.948      0.6164688    
   5310.213      0.6162708    
   5313.479      0.6160182    
   5316.744      0.6157750    
   5320.009      0.6155988    
   5323.275      0.6154902    
   5326.541      0.6153588    
   5329.806      0.6150600    
   5333.072      0.6144888    
   5336.337      0.6136658    
   5339.604      0.6127387    
   5342.870      0.6119173    
   5346.135      0.6113747    
   5349.401      0.6111491    
   5352.667      0.6111170    
   5355.934      0.6110933    
   5359.200      0.6109775    
   5362.467      0.6107962    
   5365.733      0.6106246    
   5369.000      0.6105138    
   5372.266      0.6104829    
   5375.533      0.6105016    
   5378.799      0.6104545    
   5382.066      0.6101683    
   5385.333      0.6095505    
   5388.600      0.6087117    
   5391.867      0.6079085    
   5395.134      0.6073341    
   5398.401      0.6069853    
   5401.668      0.6067172    
   5404.936      0.6064116    
   5408.203      0.6060809    
   5411.471      0.6058460    
   5414.738      0.6058310    
   5418.005      0.6060414    
   5421.273      0.6063362    
   5424.541      0.6065197    
   5427.809      0.6064861    
   5431.077      0.6062864    
   5434.344      0.6060794    
   5437.612      0.6060114    
   5440.880      0.6061307    
   5444.148      0.6063745    
   5447.417      0.6066186    
   5450.685      0.6067360    
   5453.953      0.6066729    
   5457.222      0.6064821    
   5460.490      0.6062680    
   5463.759      0.6060961    
   5467.027      0.6059484    
   5470.296      0.6057580    
   5473.565      0.6054552    
   5476.834      0.6050221    
   5480.103      0.6045309    
   5483.372      0.6041291    
   5486.641      0.6039314    
   5489.910      0.6039115    
   5493.179      0.6038956    
   5496.448      0.6036828    
   5499.717      0.6031677    
   5502.987      0.6023918    
   5506.256      0.6014910    
   5509.526      0.6005952    
   5512.795      0.5997729    
   5516.065      0.5990590    
   5519.335      0.5984862    
   5522.605      0.5980430    
   5525.875      0.5976318    
   5529.145      0.5971211    
   5532.415      0.5964476    
   5535.685      0.5956479    
   5538.955      0.5948189    
   5542.226      0.5940382    
   5545.496      0.5933033    
   5548.766      0.5925147    
   5552.037      0.5915309    
   5555.308      0.5902486    
   5558.578      0.5886367    
   5561.849      0.5867330    
   5565.120      0.5846324    
   5568.390      0.5824796    
   5571.661      0.5804464    
   5574.932      0.5786673    
   5578.203      0.5771734    
   5581.475      0.5758810    
   5584.746      0.5746460    
   5588.017      0.5733441    
   5591.289      0.5719143    
   5594.560      0.5703549    
   5597.832      0.5686817    
   5601.103      0.5668985    
   5604.375      0.5649948    
   5607.646      0.5629392    
   5610.918      0.5607001    
   5614.190      0.5582944    
   5617.462      0.5558075    
   5620.734      0.5533351    
   5624.006      0.5509073    
   5627.278      0.5484884    
   5630.551      0.5460215    
   5633.823      0.5434768    
   5637.096      0.5408542    
   5640.368      0.5381528    
   5643.641      0.5353520    
   5646.913      0.5324365    
   5650.186      0.5294023    
   5653.458      0.5262209    
   5656.731      0.5228016    
   5660.004      0.5190300    
   5663.277      0.5148275    
   5666.551      0.5101793    
   5669.824      0.5051018    
   5673.097      0.4996079    
   5676.370      0.4937096    
   5679.644      0.4874511    
   5682.917      0.4809058    
   5686.190      0.4741004    
   5689.464      0.4669349    
   5692.738      0.4592154    
   5696.012      0.4507926    
   5699.286      0.4416795    
   5702.560      0.4320305    
   5705.833      0.4220102    
   5709.108      0.4116791    
   5712.382      0.4009798    
   5715.656      0.3898289    
   5718.930      0.3782325    
   5722.205      0.3663195    
   5725.479      0.3542500    
   5728.753      0.3420777    
   5732.028      0.3297085    
   5735.303      0.3170176    
   5738.578      0.3039998    
   5741.853      0.2908010    
   5745.127      0.2775998    
   5748.402      0.2645081    
   5751.677      0.2515834    
   5754.953      0.2389125    
   5758.228      0.2266355    
   5761.503      0.2148660    
   5764.778      0.2036082    
   5768.054      0.1927770    
   5771.330      0.1822927    
   5774.605      0.1721298    
   5777.881      0.1622814    
   5781.157      0.1527389    
   5784.433      0.1435320    
   5787.708      0.1347589    
   5790.984      0.1265375    
   5794.260      0.1189156    
   5797.537      0.1118377    
   5800.813      0.1051876    
   5804.089      9.8866157E-02
   5807.365      9.2831798E-02
   5810.642      8.7092169E-02
   5813.918      8.1679963E-02
   5817.195      7.6635890E-02
   5820.472      7.1988374E-02
   5823.749      6.7726493E-02
   5827.025      6.3794285E-02
   5830.302      6.0122725E-02
   5833.579      5.6671102E-02
   5836.856      5.3439140E-02
   5840.133      5.0439283E-02
   5843.411      4.7665399E-02
   5846.688      4.5091588E-02
   5849.965      4.2693771E-02
   5853.243      4.0460769E-02
   5856.521      3.8380351E-02
   5859.798      3.6432523E-02
   5863.076      3.4603056E-02
   5866.354      3.2894049E-02
   5869.632      3.1308655E-02
   5872.910      2.9832184E-02
   5876.188      2.8434956E-02
   5879.466      2.7097648E-02
   5882.744      2.5826380E-02
   5886.022      2.4642901E-02
   5889.300      2.3565760E-02
   5892.579      2.2595184E-02
   5895.857      2.1711402E-02
   5899.136      2.0887749E-02
   5902.415      2.0105997E-02
   5905.693      1.9358046E-02
   5908.972      1.8631993E-02
   5912.251      1.7909052E-02
   5915.530      1.7177060E-02
   5918.809      1.6444707E-02
   5922.088      1.5736194E-02
   5925.368      1.5080726E-02
   5928.647      1.4506340E-02
   5931.926      1.4034699E-02
   5935.206      1.3665827E-02
   5938.485      1.3365040E-02
   5941.765      1.3072270E-02
   5945.044      1.2734606E-02
   5948.324      1.2338213E-02
   5951.604      1.1918180E-02
   5954.884      1.1538422E-02
   5958.164      1.1252482E-02
   5961.444      1.1066534E-02
   5964.725      1.0934080E-02
   5968.005      1.0791098E-02
   5971.285      1.0597513E-02
   5974.566      1.0349614E-02
   5977.846      1.0063329E-02
   5981.126      9.7632231E-03
   5984.407      9.4767474E-03
   5987.688      9.2256460E-03
   5990.969      9.0134591E-03
   5994.250      8.8282870E-03
   5997.531      8.6593935E-03
   6000.812      8.5044559E-03
   6004.093      8.3629331E-03
   6007.375      8.2275840E-03
   6010.656      8.0921464E-03
   6013.937      7.9611894E-03
   6017.219      7.8415852E-03
   6020.500      7.7292188E-03
   6023.782      7.6150140E-03
   6027.064      7.5041405E-03
   6030.346      7.4205222E-03
   6033.627      7.3861936E-03
   6036.910      7.3995567E-03
   6040.191      7.4274535E-03
   6043.474      7.4215536E-03
   6046.756      7.3447358E-03
   6050.038      7.1921940E-03
   6053.320      6.9891359E-03
   6056.603      6.7724329E-03
   6059.886      6.5748184E-03
   6063.168      6.4217481E-03
   6066.451      6.3370988E-03
   6069.734      6.3397735E-03
   6073.017      6.4244098E-03
   6076.300      6.5475907E-03
   6079.583      6.6450508E-03
   6082.866      6.6719176E-03
   6086.149      6.6231787E-03
   6089.433      6.5182871E-03
   6092.716      6.3754912E-03
   6095.999      6.2052519E-03
   6099.283      6.0195373E-03
   6102.566      5.8393977E-03
   6105.850      5.6865611E-03
   6109.134      5.5694110E-03
   6112.418      5.4811896E-03
   6115.702      5.4146079E-03
   6118.986      5.3754058E-03
   6122.270      5.3736027E-03
   6125.555      5.4002190E-03
   6128.839      5.4214275E-03
   6132.123      5.4037077E-03
   6135.408      5.3448896E-03
   6138.692      5.2765985E-03
   6141.977      5.2317497E-03
   6145.262      5.2135643E-03
   6148.546      5.1954086E-03
   6151.831      5.1457537E-03
   6155.116      5.0443956E-03
   6158.401      4.8862291E-03
   6161.687      4.6891873E-03
   6164.972      4.5045307E-03
   6168.257      4.3983832E-03
   6171.542      4.4066901E-03
   6174.828      4.5100455E-03
   6178.114      4.6498040E-03
   6181.399      4.7638128E-03
   6184.685      4.8143254E-03
   6187.971      4.7965772E-03
   6191.257      4.7306675E-03
   6194.543      4.6433159E-03
   6197.829      4.5531821E-03
   6201.115      4.4690254E-03
   6204.401      4.3984777E-03
   6207.688      4.3548341E-03
   6210.974      4.3531661E-03
   6214.261      4.3940186E-03
   6217.547      4.4546900E-03
   6220.834      4.5007318E-03
   6224.121      4.5083342E-03
   6227.408      4.4703200E-03
   6230.695      4.3861847E-03
   6233.982      4.2566960E-03
   6237.269      4.0896307E-03
   6240.556      3.9065075E-03
   6243.843      3.7385442E-03
   6247.131      3.6143695E-03
   6250.418      3.5451469E-03
   6253.706      3.5192424E-03
   6256.994      3.5139080E-03
   6260.281      3.5159034E-03
   6263.569      3.5313205E-03
   6266.857      3.5738633E-03
   6270.145      3.6447258E-03
   6273.433      3.7280985E-03
   6276.721      3.8002715E-03
   6280.009      3.8412712E-03
   6283.298      3.8383123E-03
   6286.586      3.7876330E-03
   6289.875      3.6940970E-03
   6293.163      3.5673734E-03
   6296.452      3.4237546E-03
   6299.741      3.2864469E-03
   6303.030      3.1835004E-03
   6306.319      3.1381224E-03
   6309.607      3.1583703E-03
   6312.896      3.2258327E-03
   6316.186      3.2982121E-03
   6319.475      3.3341164E-03
   6322.765      3.3202667E-03
   6326.054      3.2745888E-03
   6329.344      3.2276141E-03
   6332.633      3.1981964E-03
   6335.923      3.1840822E-03
   6339.213      3.1710044E-03
   6342.503      3.1521404E-03
   6345.793      3.1369866E-03
   6349.083      3.1370276E-03
   6352.373      3.1469804E-03
   6355.663      3.1409974E-03
   6358.954      3.0941756E-03
   6362.244      3.0020312E-03
   6365.535      2.8795188E-03
   6368.825      2.7507453E-03
   6372.116      2.6480800E-03
   6375.407      2.6099382E-03
   6378.698      2.6604829E-03
   6381.989      2.7857153E-03
   6385.280      2.9290954E-03
   6388.571      3.0172572E-03
   6391.862      3.0011360E-03
   6395.153      2.8848089E-03
   6398.445      2.7181997E-03
   6401.737      2.5637841E-03
   6405.028      2.4640667E-03
   6408.320      2.4296108E-03
   6411.612      2.4449721E-03
   6414.904      2.4804373E-03
   6418.195      2.5004316E-03
   6421.487      2.4721459E-03
   6424.780      2.3838950E-03
   6428.072      2.2640238E-03
   6431.364      2.1704277E-03
   6434.657      2.1469712E-03
   6437.949      2.1936309E-03
   6441.242      2.2807054E-03
   6444.534      2.3852699E-03
   6447.827      2.4995483E-03
   6451.120      2.6130145E-03
   6454.413      2.7053419E-03
   6457.706      2.7614671E-03
   6460.999      2.7882268E-03
   6464.292      2.8075620E-03
   6467.586      2.8326462E-03
   6470.879      2.8499735E-03
   6474.173      2.8283312E-03
   6477.466      2.7467883E-03
   6480.760      2.6178027E-03
   6484.054      2.4882231E-03
   6487.348      2.4164647E-03
   6490.642      2.4362337E-03
   6493.936      2.5302025E-03
   6497.229      2.6413503E-03
   6500.524      2.7142621E-03
   6503.818      2.7303866E-03
   6507.113      2.7088232E-03
   6510.407      2.6904275E-03
   6513.702      2.7193855E-03
   6516.997      2.8196182E-03
   6520.292      2.9674566E-03
   6523.586      3.0937302E-03
   6526.881      3.1244815E-03
   6530.176      3.0293230E-03
   6533.471      2.8395336E-03
   6536.767      2.6330205E-03
   6540.062      2.4974209E-03
   6543.357      2.4822871E-03
   6546.653      2.5681686E-03
   6549.948      2.6818458E-03
   6553.244      2.7499655E-03
   6556.540      2.7388453E-03
   6559.836      2.6592014E-03
   6563.132      2.5516625E-03
   6566.428      2.4694891E-03
   6569.724      2.4528126E-03
   6573.020      2.5035376E-03
   6576.316      2.5816872E-03
   6579.613      2.6309104E-03
   6582.909      2.6141580E-03
   6586.206      2.5356726E-03
   6589.503      2.4364898E-03
   6592.799      2.3694194E-03
   6596.097      2.3720495E-03
   6599.394      2.4548699E-03
   6602.690      2.5984596E-03
   6605.988      2.7630485E-03
   6609.285      2.9030868E-03
   6612.583      2.9826185E-03
   6615.880      2.9818465E-03
   6619.177      2.9058934E-03
   6622.475      2.7876359E-03
   6625.773      2.6669772E-03
   6629.070      2.5603559E-03
   6632.369      2.4591708E-03
   6635.667      2.3586464E-03
   6638.965      2.2763056E-03
   6642.263      2.2400892E-03
   6645.561      2.2678683E-03
   6648.859      2.3561514E-03
   6652.158      2.4799968E-03
   6655.457      2.5983099E-03
   6658.755      2.6592102E-03
   6662.054      2.6187177E-03
   6665.353      2.4750808E-03
   6668.652      2.2876137E-03
   6671.951      2.1455928E-03
   6675.250      2.1095409E-03
   6678.549      2.1762678E-03
   6681.849      2.2923725E-03
   6685.148      2.3978041E-03
   6688.448      2.4610187E-03
   6691.748      2.4875067E-03
   6695.047      2.5010495E-03
   6698.347      2.5208103E-03
   6701.646      2.5449335E-03
   6704.947      2.5503018E-03
   6708.247      2.5141067E-03
   6711.547      2.4458200E-03
   6714.847      2.3875332E-03
   6718.148      2.3748830E-03
   6721.448      2.3993968E-03
   6724.749      2.4156664E-03
   6728.049      2.3817185E-03
   6731.350      2.2916582E-03
   6734.651      2.1782443E-03
   6737.952      2.0972975E-03
   6741.253      2.1069422E-03
   6744.554      2.2307197E-03
   6747.855      2.4329382E-03
   6751.157      2.6289946E-03
   6754.458      2.7386642E-03
   6757.760      2.7351037E-03
   6761.062      2.6604224E-03
   6764.363      2.5899659E-03
   6767.665      2.5746636E-03
   6770.967      2.6006836E-03
   6774.269      2.6184230E-03
   6777.571      2.6022531E-03
   6780.874      2.5814800E-03
   6784.176      2.6031183E-03
   6787.478      2.6738956E-03
   6790.780      2.7479685E-03
   6794.083      2.7768796E-03
   6797.386      2.7617051E-03
   6800.688      2.7340443E-03
   6803.992      2.7038672E-03
   6807.294      2.6494442E-03
   6810.598      2.5597562E-03
   6813.901      2.4496848E-03
   6817.204      2.3338802E-03
   6820.507      2.2163240E-03
   6823.811      2.1190108E-03
   6827.114      2.0912732E-03
   6830.418      2.1715085E-03
   6833.722      2.3447725E-03
   6837.026      2.5526113E-03
   6840.330      2.7379091E-03
   6843.634      2.8702095E-03
   6846.938      2.9388089E-03
   6850.242      2.9375639E-03
   6853.546      2.8737374E-03
   6856.851      2.7810363E-03
   6860.155      2.7044376E-03
   6863.460      2.6618720E-03
   6866.765      2.6294505E-03
   6870.070      2.5611569E-03
   6873.375      2.4223768E-03
   6876.680      2.2107190E-03
   6879.985      1.9648834E-03
   6883.290      1.7614284E-03
   6886.596      1.6779446E-03
   6889.901      1.7368437E-03
   6893.207      1.8790317E-03
   6896.512      2.0058195E-03
   6899.818      2.0565281E-03
   6903.124      2.0575635E-03
   6906.430      2.0949114E-03
   6909.736      2.2381737E-03
   6913.042      2.4736042E-03
   6916.348      2.7066283E-03
   6919.654      2.8200033E-03
   6922.960      2.7485539E-03
   6926.267      2.5099549E-03
   6929.574      2.1810015E-03
   6932.880      1.8525430E-03
   6936.188      1.5987818E-03
   6939.495      1.4660773E-03
   6942.801      1.4622574E-03
   6946.108      1.5528400E-03
   6949.416      1.6807858E-03
   6952.723      1.7995161E-03
   6956.030      1.8922091E-03
   6959.338      1.9708867E-03
   6962.646      2.0648595E-03
   6965.953      2.2037402E-03
   6969.261      2.3896254E-03
   6972.569      2.5850085E-03
   6975.877      2.7316541E-03
   6979.185      2.7890340E-03
   6982.493      2.7573407E-03
   6985.802      2.6680804E-03
   6989.110      2.5611948E-03
   6992.418      2.4700465E-03
   6995.727      2.4233083E-03
   6999.036      2.4477364E-03
   7002.345      2.5456704E-03
   7005.654      2.6665104E-03
   7008.963      2.7193171E-03
   7012.272      2.6373668E-03
   7015.581      2.4380838E-03
   7018.891      2.2131852E-03
   7022.200      2.0555982E-03
   7025.510      1.9955519E-03
   7028.819      1.9985035E-03
   7032.129      2.0186999E-03
   7035.438      1.9601285E-03
   7038.749      1.8477589E-03
   7042.059      1.7353967E-03
   7045.369      1.6230345E-03
   7048.679      1.5106648E-03
   7051.989      1.3983026E-03
   7055.300      1.2859330E-03
   7058.610      1.1735708E-03
   7061.921      1.0612085E-03
   7065.232      9.4883889E-04
   7068.542      8.3647668E-04
   7071.854      7.2410703E-04
   7075.165      6.1174482E-04
   7078.476      4.9937516E-04
   7081.787      3.8701296E-04
