 6.50004e+03  2.10953e-03
 6.50030e+03  2.17113e-03
 6.50056e+03  2.13733e-03
 6.50082e+03  2.15439e-03
 6.50109e+03  2.14110e-03
 6.50135e+03  2.11700e-03
 6.50161e+03  2.16517e-03
 6.50187e+03  2.14309e-03
 6.50213e+03  2.26683e-03
 6.50239e+03  2.28577e-03
 6.50265e+03  2.27966e-03
 6.50292e+03  2.30290e-03
 6.50318e+03  2.32563e-03
 6.50344e+03  2.18300e-03
 6.50370e+03  2.21822e-03
 6.50396e+03  2.22409e-03
 6.50422e+03  2.27258e-03
 6.50448e+03  2.24996e-03
 6.50474e+03  2.33734e-03
 6.50501e+03  2.33704e-03
 6.50527e+03  2.30429e-03
 6.50553e+03  2.41409e-03
 6.50579e+03  2.37629e-03
 6.50605e+03  2.42346e-03
 6.50631e+03  2.35839e-03
 6.50657e+03  2.35230e-03
 6.50683e+03  2.41797e-03
 6.50710e+03  2.48390e-03
 6.50736e+03  2.38494e-03
 6.50762e+03  2.36774e-03
 6.50788e+03  2.37549e-03
 6.50814e+03  2.48003e-03
 6.50840e+03  2.53364e-03
 6.50866e+03  2.52179e-03
 6.50892e+03  2.44410e-03
 6.50919e+03  2.51018e-03
 6.50945e+03  2.52771e-03
 6.50971e+03  2.55635e-03
 6.50997e+03  2.54996e-03
 6.51023e+03  2.58237e-03
 6.51049e+03  2.62701e-03
 6.51075e+03  2.58767e-03
 6.51102e+03  2.68609e-03
 6.51128e+03  2.68594e-03
 6.51154e+03  2.65560e-03
 6.51180e+03  2.64674e-03
 6.51206e+03  2.57432e-03
 6.51232e+03  2.66649e-03
 6.51258e+03  2.59364e-03
 6.51284e+03  2.67385e-03
 6.51311e+03  2.73049e-03
 6.51337e+03  2.61555e-03
 6.51363e+03  2.75525e-03
 6.51389e+03  2.83591e-03
 6.51415e+03  2.69587e-03
 6.51441e+03  2.72225e-03
 6.51467e+03  2.67709e-03
 6.51493e+03  2.74482e-03
 6.51520e+03  2.80246e-03
 6.51546e+03  2.79628e-03
 6.51572e+03  2.91798e-03
 6.51598e+03  2.87848e-03
 6.51624e+03  2.95781e-03
 6.51650e+03  2.85019e-03
 6.51676e+03  2.84191e-03
 6.51703e+03  2.92020e-03
 6.51729e+03  2.92966e-03
 6.51755e+03  2.94005e-03
 6.51781e+03  3.02783e-03
 6.51807e+03  2.83756e-03
 6.51833e+03  2.93550e-03
 6.51859e+03  3.00811e-03
 6.51885e+03  3.02078e-03
 6.51912e+03  3.02121e-03
 6.51938e+03  2.98475e-03
 6.51964e+03  3.06211e-03
 6.51990e+03  3.06361e-03
 6.52016e+03  3.02869e-03
 6.52042e+03  3.13882e-03
 6.52068e+03  3.06326e-03
 6.52094e+03  3.08958e-03
 6.52121e+03  3.12639e-03
 6.52147e+03  3.10940e-03
 6.52173e+03  3.14788e-03
 6.52199e+03  3.22738e-03
 6.52225e+03  3.17212e-03
 6.52251e+03  3.27984e-03
 6.52277e+03  3.22511e-03
 6.52304e+03  3.20301e-03
 6.52330e+03  3.30874e-03
 6.52356e+03  3.31832e-03
 6.52382e+03  3.31753e-03
 6.52408e+03  3.29200e-03
 6.52434e+03  3.39680e-03
 6.52460e+03  3.38045e-03
 6.52486e+03  3.46888e-03
 6.52513e+03  3.36647e-03
 6.52539e+03  3.36668e-03
 6.52565e+03  3.35846e-03
 6.52591e+03  3.37066e-03
 6.52617e+03  3.43278e-03
 6.52643e+03  3.54031e-03
 6.52669e+03  3.61697e-03
 6.52695e+03  3.54901e-03
 6.52722e+03  3.72099e-03
 6.52748e+03  3.55270e-03
 6.52774e+03  3.67290e-03
 6.52800e+03  3.61421e-03
 6.52826e+03  3.67825e-03
 6.52852e+03  3.83799e-03
 6.52878e+03  3.73912e-03
 6.52904e+03  3.69233e-03
 6.52931e+03  3.71492e-03
 6.52957e+03  3.81027e-03
 6.52983e+03  3.68108e-03
 6.53009e+03  3.75757e-03
 6.53035e+03  3.73986e-03
 6.53061e+03  3.70979e-03
 6.53087e+03  3.79830e-03
 6.53114e+03  3.87586e-03
 6.53140e+03  3.96989e-03
 6.53166e+03  3.87413e-03
 6.53192e+03  3.85937e-03
 6.53218e+03  3.93373e-03
 6.53244e+03  4.15902e-03
 6.53270e+03  4.15916e-03
 6.53296e+03  4.04756e-03
 6.53323e+03  4.03141e-03
 6.53349e+03  4.02992e-03
 6.53375e+03  4.12206e-03
 6.53401e+03  4.19655e-03
 6.53427e+03  4.19858e-03
 6.53453e+03  4.19637e-03
 6.53479e+03  4.12005e-03
 6.53505e+03  4.19300e-03
 6.53532e+03  4.35060e-03
 6.53558e+03  4.43729e-03
 6.53584e+03  4.19810e-03
 6.53610e+03  4.36434e-03
 6.53636e+03  4.44605e-03
 6.53662e+03  4.37953e-03
 6.53688e+03  4.34238e-03
 6.53715e+03  4.43371e-03
 6.53741e+03  4.42756e-03
 6.53767e+03  4.61858e-03
 6.53793e+03  4.44990e-03
 6.53819e+03  4.60934e-03
 6.53845e+03  4.63019e-03
 6.53871e+03  4.60213e-03
 6.53897e+03  4.60857e-03
 6.53924e+03  4.83265e-03
 6.53950e+03  4.70320e-03
 6.53976e+03  4.66770e-03
 6.54002e+03  4.93147e-03
 6.54028e+03  4.76807e-03
 6.54054e+03  4.91393e-03
 6.54080e+03  4.98279e-03
 6.54106e+03  4.72844e-03
 6.54133e+03  4.88861e-03
 6.54159e+03  4.93646e-03
 6.54185e+03  5.03254e-03
 6.54211e+03  4.97763e-03
 6.54237e+03  5.10792e-03
 6.54263e+03  5.18875e-03
 6.54289e+03  5.10453e-03
 6.54316e+03  5.20962e-03
 6.54342e+03  5.18962e-03
 6.54368e+03  5.31378e-03
 6.54394e+03  5.31804e-03
 6.54420e+03  5.24524e-03
 6.54446e+03  5.33051e-03
 6.54472e+03  5.37259e-03
 6.54498e+03  5.48800e-03
 6.54525e+03  5.46964e-03
 6.54551e+03  5.51919e-03
 6.54577e+03  5.60823e-03
 6.54603e+03  5.56727e-03
 6.54629e+03  5.68895e-03
 6.54655e+03  5.72674e-03
 6.54681e+03  5.69222e-03
 6.54707e+03  5.70383e-03
 6.54734e+03  5.76898e-03
 6.54760e+03  5.77623e-03
 6.54786e+03  5.94284e-03
 6.54812e+03  5.78619e-03
 6.54838e+03  5.83369e-03
 6.54864e+03  6.09871e-03
 6.54890e+03  6.04800e-03
 6.54917e+03  6.26744e-03
 6.54943e+03  6.14844e-03
 6.54969e+03  6.02421e-03
 6.54995e+03  6.22898e-03
 6.55021e+03  6.40245e-03
 6.55047e+03  6.15623e-03
 6.55073e+03  6.28178e-03
 6.55099e+03  6.25617e-03
 6.55126e+03  6.30767e-03
 6.55152e+03  6.47063e-03
 6.55178e+03  6.45314e-03
 6.55204e+03  6.48863e-03
 6.55230e+03  6.27463e-03
 6.55256e+03  6.69312e-03
 6.55282e+03  6.65630e-03
 6.55308e+03  6.79645e-03
 6.55335e+03  6.81571e-03
 6.55361e+03  6.68851e-03
 6.55387e+03  6.96377e-03
 6.55413e+03  6.94404e-03
 6.55439e+03  6.96918e-03
 6.55465e+03  6.80924e-03
 6.55491e+03  7.06853e-03
 6.55517e+03  7.03409e-03
 6.55544e+03  7.18491e-03
 6.55570e+03  7.31511e-03
 6.55596e+03  7.36907e-03
 6.55622e+03  7.31143e-03
 6.55648e+03  7.37978e-03
 6.55674e+03  7.51821e-03
 6.55700e+03  7.44818e-03
 6.55727e+03  7.56500e-03
 6.55753e+03  7.63827e-03
 6.55779e+03  7.77140e-03
 6.55805e+03  7.79543e-03
 6.55831e+03  7.81729e-03
 6.55857e+03  7.95431e-03
 6.55883e+03  7.87449e-03
 6.55909e+03  8.00158e-03
 6.55936e+03  8.09255e-03
 6.55962e+03  8.15371e-03
 6.55988e+03  8.23643e-03
 6.56014e+03  8.29820e-03
 6.56040e+03  8.22472e-03
 6.56066e+03  8.23287e-03
 6.56092e+03  8.62719e-03
 6.56119e+03  8.44859e-03
 6.56145e+03  8.51775e-03
 6.56171e+03  8.79624e-03
 6.56197e+03  8.52851e-03
 6.56223e+03  8.75924e-03
 6.56249e+03  8.75124e-03
 6.56275e+03  9.05580e-03
 6.56301e+03  9.07082e-03
 6.56328e+03  9.01749e-03
 6.56354e+03  8.96029e-03
 6.56380e+03  9.23239e-03
 6.56406e+03  9.27536e-03
 6.56432e+03  9.34050e-03
 6.56458e+03  9.38858e-03
 6.56484e+03  9.51579e-03
 6.56510e+03  9.63847e-03
 6.56537e+03  9.71859e-03
 6.56563e+03  9.77867e-03
 6.56589e+03  9.72524e-03
 6.56615e+03  9.91897e-03
 6.56641e+03  9.95645e-03
 6.56667e+03  9.84003e-03
 6.56693e+03  1.01484e-02
 6.56719e+03  1.00933e-02
 6.56746e+03  1.02320e-02
 6.56772e+03  1.04769e-02
 6.56798e+03  1.04378e-02
 6.56824e+03  1.05608e-02
 6.56850e+03  1.07338e-02
 6.56876e+03  1.06902e-02
 6.56902e+03  1.08655e-02
 6.56929e+03  1.10797e-02
 6.56955e+03  1.09462e-02
 6.56981e+03  1.11396e-02
 6.57007e+03  1.11440e-02
 6.57033e+03  1.10173e-02
 6.57059e+03  1.16856e-02
 6.57085e+03  1.15556e-02
 6.57111e+03  1.17036e-02
 6.57138e+03  1.14890e-02
 6.57164e+03  1.17856e-02
 6.57190e+03  1.18160e-02
 6.57216e+03  1.21002e-02
 6.57242e+03  1.21518e-02
 6.57268e+03  1.22915e-02
 6.57294e+03  1.22811e-02
 6.57320e+03  1.24780e-02
 6.57347e+03  1.25060e-02
 6.57373e+03  1.25578e-02
 6.57399e+03  1.28358e-02
 6.57425e+03  1.25906e-02
 6.57451e+03  1.28557e-02
 6.57477e+03  1.29760e-02
 6.57503e+03  1.33123e-02
 6.57529e+03  1.35159e-02
 6.57556e+03  1.34649e-02
 6.57582e+03  1.35960e-02
 6.57608e+03  1.37579e-02
 6.57634e+03  1.39596e-02
 6.57660e+03  1.39592e-02
 6.57686e+03  1.41262e-02
 6.57712e+03  1.43357e-02
 6.57739e+03  1.43295e-02
 6.57765e+03  1.46917e-02
 6.57791e+03  1.46277e-02
 6.57817e+03  1.48816e-02
 6.57843e+03  1.49270e-02
 6.57869e+03  1.49223e-02
 6.57895e+03  1.53375e-02
 6.57921e+03  1.54496e-02
 6.57948e+03  1.55479e-02
 6.57974e+03  1.55485e-02
 6.58000e+03  1.60095e-02
 6.58026e+03  1.57288e-02
 6.58052e+03  1.60313e-02
 6.58078e+03  1.63450e-02
 6.58104e+03  1.61128e-02
 6.58131e+03  1.64334e-02
 6.58157e+03  1.66421e-02
 6.58183e+03  1.69092e-02
 6.58209e+03  1.69868e-02
 6.58235e+03  1.71451e-02
 6.58261e+03  1.73318e-02
 6.58287e+03  1.75027e-02
 6.58313e+03  1.76897e-02
 6.58340e+03  1.78796e-02
 6.58366e+03  1.81150e-02
 6.58392e+03  1.80732e-02
 6.58418e+03  1.81054e-02
 6.58444e+03  1.81274e-02
 6.58470e+03  1.86085e-02
 6.58496e+03  1.87503e-02
 6.58522e+03  1.89793e-02
 6.58549e+03  1.89558e-02
 6.58575e+03  1.93060e-02
 6.58601e+03  1.98569e-02
 6.58627e+03  1.98193e-02
 6.58653e+03  2.00288e-02
 6.58679e+03  1.99171e-02
 6.58705e+03  2.03815e-02
 6.58731e+03  2.05416e-02
 6.58758e+03  2.10680e-02
 6.58784e+03  2.09477e-02
 6.58810e+03  2.06194e-02
 6.58836e+03  2.12108e-02
 6.58862e+03  2.17706e-02
 6.58888e+03  2.19612e-02
 6.58914e+03  2.18771e-02
 6.58941e+03  2.22548e-02
 6.58967e+03  2.21902e-02
 6.58993e+03  2.26157e-02
 6.59019e+03  2.28478e-02
 6.59045e+03  2.35453e-02
 6.59071e+03  2.34298e-02
 6.59097e+03  2.35132e-02
 6.59123e+03  2.39053e-02
 6.59150e+03  2.42890e-02
 6.59176e+03  2.46347e-02
 6.59202e+03  2.50959e-02
 6.59228e+03  2.47229e-02
 6.59254e+03  2.51482e-02
 6.59280e+03  2.54062e-02
 6.59306e+03  2.58481e-02
 6.59332e+03  2.59373e-02
 6.59359e+03  2.60875e-02
 6.59385e+03  2.66739e-02
 6.59411e+03  2.66116e-02
 6.59437e+03  2.74178e-02
 6.59463e+03  2.76038e-02
 6.59489e+03  2.79167e-02
 6.59515e+03  2.76611e-02
 6.59542e+03  2.80151e-02
 6.59568e+03  2.83010e-02
 6.59594e+03  2.92607e-02
 6.59620e+03  2.92955e-02
 6.59646e+03  2.91974e-02
 6.59672e+03  2.99174e-02
 6.59698e+03  2.99335e-02
 6.59724e+03  3.04893e-02
 6.59751e+03  3.11327e-02
 6.59777e+03  3.09667e-02
 6.59803e+03  3.09333e-02
 6.59829e+03  3.19534e-02
 6.59855e+03  3.24410e-02
 6.59881e+03  3.26134e-02
 6.59907e+03  3.30258e-02
 6.59933e+03  3.27788e-02
 6.59960e+03  3.37216e-02
 6.59986e+03  3.43983e-02
 6.60012e+03  3.45746e-02
 6.60038e+03  3.47089e-02
 6.60064e+03  3.47932e-02
 6.60090e+03  3.53989e-02
 6.60116e+03  3.60379e-02
 6.60143e+03  3.66482e-02
 6.60169e+03  3.67632e-02
 6.60195e+03  3.68837e-02
 6.60221e+03  3.69433e-02
 6.60247e+03  3.81688e-02
 6.60273e+03  3.88054e-02
 6.60299e+03  3.91762e-02
 6.60325e+03  3.94507e-02
 6.60352e+03  3.95877e-02
 6.60378e+03  4.01194e-02
 6.60404e+03  4.07519e-02
 6.60430e+03  4.10716e-02
 6.60456e+03  4.14794e-02
 6.60482e+03  4.18642e-02
 6.60508e+03  4.22040e-02
 6.60534e+03  4.28367e-02
 6.60561e+03  4.38882e-02
 6.60587e+03  4.38860e-02
 6.60613e+03  4.39781e-02
 6.60639e+03  4.46575e-02
 6.60665e+03  4.53434e-02
 6.60691e+03  4.61356e-02
 6.60717e+03  4.69001e-02
 6.60744e+03  4.69198e-02
 6.60770e+03  4.74472e-02
 6.60796e+03  4.76553e-02
 6.60822e+03  4.91985e-02
 6.60848e+03  4.98945e-02
 6.60874e+03  4.98610e-02
 6.60900e+03  5.03970e-02
 6.60926e+03  5.10067e-02
 6.60953e+03  5.19590e-02
 6.60979e+03  5.28867e-02
 6.61005e+03  5.33316e-02
 6.61031e+03  5.37024e-02
 6.61057e+03  5.43797e-02
 6.61083e+03  5.50954e-02
 6.61109e+03  5.60112e-02
 6.61135e+03  5.67632e-02
 6.61162e+03  5.73613e-02
 6.61188e+03  5.76101e-02
 6.61214e+03  5.85790e-02
 6.61240e+03  5.97339e-02
 6.61266e+03  6.09585e-02
 6.61292e+03  6.09596e-02
 6.61318e+03  6.10611e-02
 6.61344e+03  6.14137e-02
 6.61371e+03  6.26949e-02
 6.61397e+03  6.42022e-02
 6.61423e+03  6.50954e-02
 6.61449e+03  6.54463e-02
 6.61475e+03  6.59667e-02
 6.61501e+03  6.69812e-02
 6.61527e+03  6.82298e-02
 6.61554e+03  6.88754e-02
 6.61580e+03  6.95459e-02
 6.61606e+03  7.00030e-02
 6.61632e+03  7.03532e-02
 6.61658e+03  7.21988e-02
 6.61684e+03  7.42261e-02
 6.61710e+03  7.37597e-02
 6.61736e+03  7.39976e-02
 6.61763e+03  7.56392e-02
 6.61789e+03  7.65183e-02
 6.61815e+03  7.83699e-02
 6.61841e+03  7.89910e-02
 6.61867e+03  7.94914e-02
 6.61893e+03  7.96003e-02
 6.61919e+03  8.10906e-02
 6.61945e+03  8.32733e-02
 6.61972e+03  8.42383e-02
 6.61998e+03  8.43885e-02
 6.62024e+03  8.51625e-02
 6.62050e+03  8.68512e-02
 6.62076e+03  8.81270e-02
 6.62102e+03  8.97307e-02
 6.62128e+03  8.99726e-02
 6.62155e+03  9.04879e-02
 6.62181e+03  9.20488e-02
 6.62207e+03  9.35087e-02
 6.62233e+03  9.56180e-02
 6.62259e+03  9.63690e-02
 6.62285e+03  9.71988e-02
 6.62311e+03  9.77654e-02
 6.62337e+03  9.93767e-02
 6.62364e+03  1.01774e-01
 6.62390e+03  1.02996e-01
 6.62416e+03  1.03263e-01
 6.62442e+03  1.04316e-01
 6.62468e+03  1.06300e-01
 6.62494e+03  1.08695e-01
 6.62520e+03  1.09809e-01
 6.62546e+03  1.10488e-01
 6.62573e+03  1.11333e-01
 6.62599e+03  1.13231e-01
 6.62625e+03  1.15867e-01
 6.62651e+03  1.17657e-01
 6.62677e+03  1.19230e-01
 6.62703e+03  1.19492e-01
 6.62729e+03  1.20421e-01
 6.62756e+03  1.22664e-01
 6.62782e+03  1.24556e-01
 6.62808e+03  1.27156e-01
 6.62834e+03  1.28034e-01
 6.62860e+03  1.30051e-01
 6.62886e+03  1.30773e-01
 6.62912e+03  1.33304e-01
 6.62938e+03  1.36108e-01
 6.62965e+03  1.37454e-01
 6.62991e+03  1.37894e-01
 6.63017e+03  1.38931e-01
 6.63043e+03  1.42418e-01
 6.63069e+03  1.45005e-01
 6.63095e+03  1.47069e-01
 6.63121e+03  1.48474e-01
 6.63147e+03  1.49573e-01
 6.63174e+03  1.52024e-01
 6.63200e+03  1.54778e-01
 6.63226e+03  1.57179e-01
 6.63252e+03  1.58063e-01
 6.63278e+03  1.58800e-01
 6.63304e+03  1.61887e-01
 6.63330e+03  1.64852e-01
 6.63356e+03  1.67150e-01
 6.63383e+03  1.69142e-01
 6.63409e+03  1.69944e-01
 6.63435e+03  1.71668e-01
 6.63461e+03  1.74695e-01
 6.63487e+03  1.78868e-01
 6.63513e+03  1.81095e-01
 6.63539e+03  1.81575e-01
 6.63566e+03  1.83445e-01
 6.63592e+03  1.86022e-01
 6.63618e+03  1.89711e-01
 6.63644e+03  1.92191e-01
 6.63670e+03  1.94643e-01
 6.63696e+03  1.95612e-01
 6.63722e+03  1.98504e-01
 6.63748e+03  2.02469e-01
 6.63775e+03  2.05484e-01
 6.63801e+03  2.07445e-01
 6.63827e+03  2.08118e-01
 6.63853e+03  2.10773e-01
 6.63879e+03  2.14797e-01
 6.63905e+03  2.19271e-01
 6.63931e+03  2.21827e-01
 6.63957e+03  2.22603e-01
 6.63984e+03  2.24878e-01
 6.64010e+03  2.27532e-01
 6.64036e+03  2.32146e-01
 6.64062e+03  2.36095e-01
 6.64088e+03  2.37705e-01
 6.64114e+03  2.38801e-01
 6.64140e+03  2.42804e-01
 6.64167e+03  2.48009e-01
 6.64193e+03  2.51552e-01
 6.64219e+03  2.53917e-01
 6.64245e+03  2.55920e-01
 6.64271e+03  2.58283e-01
 6.64297e+03  2.63275e-01
 6.64323e+03  2.67791e-01
 6.64349e+03  2.71210e-01
 6.64376e+03  2.73009e-01
 6.64402e+03  2.75357e-01
 6.64428e+03  2.79309e-01
 6.64454e+03  2.83744e-01
 6.64480e+03  2.88342e-01
 6.64506e+03  2.91183e-01
 6.64532e+03  2.92256e-01
 6.64558e+03  2.96160e-01
 6.64585e+03  3.02351e-01
 6.64611e+03  3.06470e-01
 6.64637e+03  3.10145e-01
 6.64663e+03  3.13607e-01
 6.64689e+03  3.13768e-01
 6.64715e+03  3.18839e-01
 6.64741e+03  3.25303e-01
 6.64768e+03  3.29747e-01
 6.64794e+03  3.31873e-01
 6.64820e+03  3.32687e-01
 6.64846e+03  3.38379e-01
 6.64872e+03  3.43359e-01
 6.64898e+03  3.48640e-01
 6.64924e+03  3.53764e-01
 6.64950e+03  3.54673e-01
 6.64977e+03  3.57551e-01
 6.65003e+03  3.64056e-01
 6.65029e+03  3.67887e-01
 6.65055e+03  3.73628e-01
 6.65081e+03  3.74914e-01
 6.65107e+03  3.76679e-01
 6.65133e+03  3.81977e-01
 6.65159e+03  3.88729e-01
 6.65186e+03  3.93152e-01
 6.65212e+03  3.96061e-01
 6.65238e+03  3.97046e-01
 6.65264e+03  4.01601e-01
 6.65290e+03  4.08256e-01
 6.65316e+03  4.15465e-01
 6.65342e+03  4.17481e-01
 6.65369e+03  4.18882e-01
 6.65395e+03  4.21234e-01
 6.65421e+03  4.27267e-01
 6.65447e+03  4.35416e-01
 6.65473e+03  4.38475e-01
 6.65499e+03  4.41267e-01
 6.65525e+03  4.43034e-01
 6.65551e+03  4.47219e-01
 6.65578e+03  4.55692e-01
 6.65604e+03  4.60381e-01
 6.65630e+03  4.63353e-01
 6.65656e+03  4.64868e-01
 6.65682e+03  4.68578e-01
 6.65708e+03  4.75658e-01
 6.65734e+03  4.80150e-01
 6.65760e+03  4.84542e-01
 6.65787e+03  4.86207e-01
 6.65813e+03  4.87880e-01
 6.65839e+03  4.94890e-01
 6.65865e+03  5.00407e-01
 6.65891e+03  5.05764e-01
 6.65917e+03  5.08257e-01
 6.65943e+03  5.11721e-01
 6.65969e+03  5.15938e-01
 6.65996e+03  5.22484e-01
 6.66022e+03  5.28463e-01
 6.66048e+03  5.30133e-01
 6.66074e+03  5.34153e-01
 6.66100e+03  5.38037e-01
 6.66126e+03  5.41520e-01
 6.66152e+03  5.47748e-01
 6.66179e+03  5.53612e-01
 6.66205e+03  5.56121e-01
 6.66231e+03  5.58492e-01
 6.66257e+03  5.62411e-01
 6.66283e+03  5.69237e-01
 6.66309e+03  5.73884e-01
 6.66335e+03  5.75149e-01
 6.66361e+03  5.77982e-01
 6.66388e+03  5.80701e-01
 6.66414e+03  5.85963e-01
 6.66440e+03  5.91438e-01
 6.66466e+03  5.96375e-01
 6.66492e+03  5.95492e-01
 6.66518e+03  6.01876e-01
 6.66544e+03  6.06324e-01
 6.66571e+03  6.08768e-01
 6.66597e+03  6.13931e-01
 6.66623e+03  6.16985e-01
 6.66649e+03  6.18294e-01
 6.66675e+03  6.19741e-01
 6.66701e+03  6.26895e-01
 6.66727e+03  6.32110e-01
 6.66753e+03  6.34249e-01
 6.66780e+03  6.35464e-01
 6.66806e+03  6.38270e-01
 6.66832e+03  6.42690e-01
 6.66858e+03  6.46628e-01
 6.66884e+03  6.52506e-01
 6.66910e+03  6.54601e-01
 6.66936e+03  6.53335e-01
 6.66962e+03  6.57032e-01
 6.66989e+03  6.60771e-01
 6.67015e+03  6.65138e-01
 6.67041e+03  6.68265e-01
 6.67067e+03  6.66511e-01
 6.67093e+03  6.71269e-01
 6.67119e+03  6.75020e-01
 6.67145e+03  6.79888e-01
 6.67171e+03  6.80732e-01
 6.67198e+03  6.82382e-01
 6.67224e+03  6.82063e-01
 6.67250e+03  6.88824e-01
 6.67276e+03  6.91393e-01
 6.67302e+03  6.94483e-01
 6.67328e+03  6.94520e-01
 6.67354e+03  6.94700e-01
 6.67381e+03  6.98905e-01
 6.67407e+03  7.02643e-01
 6.67433e+03  7.06093e-01
 6.67459e+03  7.06667e-01
 6.67485e+03  7.05996e-01
 6.67511e+03  7.08102e-01
 6.67537e+03  7.11879e-01
 6.67563e+03  7.16252e-01
 6.67590e+03  7.16665e-01
 6.67616e+03  7.14975e-01
 6.67642e+03  7.18092e-01
 6.67668e+03  7.20549e-01
 6.67694e+03  7.24752e-01
 6.67720e+03  7.26354e-01
 6.67746e+03  7.28441e-01
 6.67772e+03  7.26630e-01
 6.67799e+03  7.28013e-01
 6.67825e+03  7.33079e-01
 6.67851e+03  7.34215e-01
 6.67877e+03  7.32819e-01
 6.67903e+03  7.34862e-01
 6.67929e+03  7.37513e-01
 6.67955e+03  7.38169e-01
 6.67981e+03  7.40609e-01
 6.68008e+03  7.41492e-01
 6.68034e+03  7.42155e-01
 6.68060e+03  7.41937e-01
 6.68086e+03  7.45086e-01
 6.68112e+03  7.46954e-01
 6.68138e+03  7.46631e-01
 6.68164e+03  7.46666e-01
 6.68191e+03  7.48434e-01
 6.68217e+03  7.48866e-01
 6.68243e+03  7.50614e-01
 6.68269e+03  7.51079e-01
 6.68295e+03  7.54316e-01
 6.68321e+03  7.54770e-01
 6.68347e+03  7.54701e-01
 6.68373e+03  7.53455e-01
 6.68400e+03  7.54510e-01
 6.68426e+03  7.56882e-01
 6.68452e+03  7.57835e-01
 6.68478e+03  7.58219e-01
 6.68504e+03  7.59219e-01
 6.68530e+03  7.61383e-01
 6.68556e+03  7.60520e-01
 6.68583e+03  7.63331e-01
 6.68609e+03  7.63329e-01
 6.68635e+03  7.60778e-01
 6.68661e+03  7.61457e-01
 6.68687e+03  7.63464e-01
 6.68713e+03  7.65081e-01
 6.68739e+03  7.65189e-01
 6.68765e+03  7.65288e-01
 6.68792e+03  7.63374e-01
 6.68818e+03  7.63606e-01
 6.68844e+03  7.68536e-01
 6.68870e+03  7.68035e-01
 6.68896e+03  7.66875e-01
 6.68922e+03  7.63846e-01
 6.68948e+03  7.65425e-01
 6.68974e+03  7.67509e-01
 6.69001e+03  7.67046e-01
 6.69027e+03  7.66546e-01
 6.69053e+03  7.67703e-01
 6.69079e+03  7.66185e-01
 6.69105e+03  7.69152e-01
 6.69131e+03  7.68607e-01
 6.69157e+03  7.69812e-01
 6.69183e+03  7.68426e-01
 6.69210e+03  7.69579e-01
 6.69236e+03  7.71408e-01
 6.69262e+03  7.70831e-01
 6.69288e+03  7.71087e-01
 6.69314e+03  7.70758e-01
 6.69340e+03  7.70467e-01
 6.69366e+03  7.69645e-01
 6.69393e+03  7.70826e-01
 6.69419e+03  7.70222e-01
 6.69445e+03  7.69072e-01
 6.69471e+03  7.69801e-01
 6.69497e+03  7.72046e-01
 6.69523e+03  7.72864e-01
 6.69549e+03  7.72562e-01
 6.69575e+03  7.69929e-01
 6.69602e+03  7.69633e-01
 6.69628e+03  7.72028e-01
 6.69654e+03  7.73424e-01
 6.69680e+03  7.70833e-01
 6.69706e+03  7.69967e-01
 6.69732e+03  7.73065e-01
 6.69758e+03  7.71994e-01
 6.69784e+03  7.72125e-01
 6.69811e+03  7.73076e-01
 6.69837e+03  7.70755e-01
 6.69863e+03  7.70245e-01
 6.69889e+03  7.72031e-01
 6.69915e+03  7.75086e-01
 6.69941e+03  7.73785e-01
 6.69967e+03  7.73379e-01
 6.69994e+03  7.71935e-01
 6.70020e+03  7.71831e-01
 6.70046e+03  7.69272e-01
 6.70072e+03  7.72505e-01
 6.70098e+03  7.73359e-01
 6.70124e+03  7.69424e-01
 6.70150e+03  7.70190e-01
 6.70176e+03  7.73343e-01
 6.70203e+03  7.70310e-01
 6.70229e+03  7.70877e-01
 6.70255e+03  7.71590e-01
 6.70281e+03  7.72253e-01
 6.70307e+03  7.73676e-01
 6.70333e+03  7.71044e-01
 6.70359e+03  7.70700e-01
 6.70385e+03  7.69626e-01
 6.70412e+03  7.70479e-01
 6.70438e+03  7.72594e-01
 6.70464e+03  7.73687e-01
 6.70490e+03  7.71924e-01
 6.70516e+03  7.68247e-01
 6.70542e+03  7.70265e-01
 6.70568e+03  7.71766e-01
 6.70595e+03  7.72087e-01
 6.70621e+03  7.70367e-01
 6.70647e+03  7.68957e-01
 6.70673e+03  7.71900e-01
 6.70699e+03  7.71833e-01
 6.70725e+03  7.71434e-01
 6.70751e+03  7.70372e-01
 6.70777e+03  7.72257e-01
 6.70804e+03  7.68704e-01
 6.70830e+03  7.74258e-01
 6.70856e+03  7.71842e-01
 6.70882e+03  7.71009e-01
 6.70908e+03  7.69903e-01
 6.70934e+03  7.71391e-01
 6.70960e+03  7.71066e-01
 6.70986e+03  7.72404e-01
 6.71013e+03  7.71018e-01
 6.71039e+03  7.71069e-01
 6.71065e+03  7.69187e-01
 6.71091e+03  7.72760e-01
 6.71117e+03  7.70426e-01
 6.71143e+03  7.70190e-01
 6.71169e+03  7.69678e-01
 6.71196e+03  7.69127e-01
 6.71222e+03  7.69841e-01
 6.71248e+03  7.70522e-01
 6.71274e+03  7.70567e-01
 6.71300e+03  7.69538e-01
 6.71326e+03  7.69429e-01
 6.71352e+03  7.68240e-01
 6.71378e+03  7.72862e-01
 6.71405e+03  7.70687e-01
 6.71431e+03  7.67962e-01
 6.71457e+03  7.69308e-01
 6.71483e+03  7.67586e-01
 6.71509e+03  7.69346e-01
 6.71535e+03  7.69165e-01
 6.71561e+03  7.68528e-01
 6.71587e+03  7.68288e-01
 6.71614e+03  7.69354e-01
 6.71640e+03  7.68231e-01
 6.71666e+03  7.70871e-01
 6.71692e+03  7.68983e-01
 6.71718e+03  7.66705e-01
 6.71744e+03  7.68034e-01
 6.71770e+03  7.68038e-01
 6.71796e+03  7.70468e-01
 6.71823e+03  7.68944e-01
 6.71849e+03  7.65785e-01
 6.71875e+03  7.68792e-01
 6.71901e+03  7.69246e-01
 6.71927e+03  7.68413e-01
 6.71953e+03  7.66990e-01
 6.71979e+03  7.64534e-01
 6.72006e+03  7.66808e-01
 6.72032e+03  7.66320e-01
 6.72058e+03  7.66862e-01
 6.72084e+03  7.64481e-01
 6.72110e+03  7.64318e-01
 6.72136e+03  7.66870e-01
 6.72162e+03  7.69217e-01
 6.72188e+03  7.67809e-01
 6.72215e+03  7.65019e-01
 6.72241e+03  7.64972e-01
 6.72267e+03  7.64869e-01
 6.72293e+03  7.66562e-01
 6.72319e+03  7.65437e-01
 6.72345e+03  7.65337e-01
 6.72371e+03  7.64723e-01
 6.72397e+03  7.67113e-01
 6.72424e+03  7.66793e-01
 6.72450e+03  7.65466e-01
 6.72476e+03  7.64813e-01
 6.72502e+03  7.63430e-01
 6.72528e+03  7.65600e-01
 6.72554e+03  7.65597e-01
 6.72580e+03  7.66677e-01
 6.72607e+03  7.64785e-01
 6.72633e+03  7.60849e-01
 6.72659e+03  7.61579e-01
 6.72685e+03  7.64227e-01
 6.72711e+03  7.66727e-01
 6.72737e+03  7.63534e-01
 6.72763e+03  7.61402e-01
 6.72789e+03  7.62025e-01
 6.72816e+03  7.62685e-01
 6.72842e+03  7.64657e-01
 6.72868e+03  7.62828e-01
 6.72894e+03  7.60998e-01
 6.72920e+03  7.58518e-01
 6.72946e+03  7.59491e-01
 6.72972e+03  7.62638e-01
 6.72998e+03  7.62112e-01
 6.73025e+03  7.61721e-01
 6.73051e+03  7.59156e-01
 6.73077e+03  7.59166e-01
 6.73103e+03  7.59558e-01
 6.73129e+03  7.61113e-01
 6.73155e+03  7.60267e-01
 6.73181e+03  7.56060e-01
 6.73208e+03  7.58280e-01
 6.73234e+03  7.58664e-01
 6.73260e+03  7.61205e-01
 6.73286e+03  7.58011e-01
 6.73312e+03  7.57783e-01
 6.73338e+03  7.57397e-01
 6.73364e+03  7.58195e-01
 6.73390e+03  7.57621e-01
 6.73417e+03  7.58553e-01
 6.73443e+03  7.55955e-01
 6.73469e+03  7.53596e-01
 6.73495e+03  7.55612e-01
 6.73521e+03  7.56356e-01
 6.73547e+03  7.54938e-01
 6.73573e+03  7.53909e-01
 6.73599e+03  7.54322e-01
 6.73626e+03  7.54935e-01
 6.73652e+03  7.55936e-01
 6.73678e+03  7.53960e-01
 6.73704e+03  7.53859e-01
 6.73730e+03  7.52987e-01
 6.73756e+03  7.51627e-01
 6.73782e+03  7.52288e-01
 6.73808e+03  7.50959e-01
 6.73835e+03  7.50434e-01
 6.73861e+03  7.50943e-01
 6.73887e+03  7.51890e-01
 6.73913e+03  7.51272e-01
 6.73939e+03  7.52316e-01
 6.73965e+03  7.48677e-01
 6.73991e+03  7.48847e-01
 6.74018e+03  7.49761e-01
 6.74044e+03  7.52225e-01
 6.74070e+03  7.50003e-01
 6.74096e+03  7.46751e-01
 6.74122e+03  7.46666e-01
 6.74148e+03  7.49257e-01
 6.74174e+03  7.49184e-01
 6.74200e+03  7.47994e-01
 6.74227e+03  7.48254e-01
 6.74253e+03  7.44362e-01
 6.74279e+03  7.45803e-01
 6.74305e+03  7.47496e-01
 6.74331e+03  7.46529e-01
 6.74357e+03  7.44236e-01
 6.74383e+03  7.42148e-01
 6.74409e+03  7.42514e-01
 6.74436e+03  7.45015e-01
 6.74462e+03  7.44849e-01
 6.74488e+03  7.42821e-01
 6.74514e+03  7.40876e-01
 6.74540e+03  7.39077e-01
 6.74566e+03  7.40482e-01
 6.74592e+03  7.41781e-01
 6.74619e+03  7.39249e-01
 6.74645e+03  7.37482e-01
 6.74671e+03  7.37321e-01
 6.74697e+03  7.37660e-01
 6.74723e+03  7.40665e-01
 6.74749e+03  7.40277e-01
 6.74775e+03  7.35000e-01
 6.74801e+03  7.33895e-01
 6.74828e+03  7.34432e-01
 6.74854e+03  7.37578e-01
 6.74880e+03  7.36305e-01
 6.74906e+03  7.32872e-01
 6.74932e+03  7.32180e-01
 6.74958e+03  7.31458e-01
 6.74984e+03  7.32393e-01
 6.75010e+03  7.32951e-01
 6.75037e+03  7.33566e-01
 6.75063e+03  7.29283e-01
 6.75089e+03  7.28614e-01
 6.75115e+03  7.30125e-01
 6.75141e+03  7.30839e-01
 6.75167e+03  7.31711e-01
 6.75193e+03  7.29023e-01
 6.75220e+03  7.27426e-01
 6.75246e+03  7.27347e-01
 6.75272e+03  7.28504e-01
 6.75298e+03  7.27662e-01
 6.75324e+03  7.25694e-01
 6.75350e+03  7.24805e-01
 6.75376e+03  7.24929e-01
 6.75402e+03  7.26571e-01
 6.75429e+03  7.25779e-01
 6.75455e+03  7.23543e-01
 6.75481e+03  7.23580e-01
 6.75507e+03  7.24028e-01
 6.75533e+03  7.25848e-01
 6.75559e+03  7.24253e-01
 6.75585e+03  7.21415e-01
 6.75611e+03  7.23693e-01
 6.75638e+03  7.22101e-01
 6.75664e+03  7.22666e-01
 6.75690e+03  7.20415e-01
 6.75716e+03  7.20355e-01
 6.75742e+03  7.19875e-01
 6.75768e+03  7.20852e-01
 6.75794e+03  7.22157e-01
 6.75821e+03  7.21220e-01
 6.75847e+03  7.19718e-01
 6.75873e+03  7.16663e-01
 6.75899e+03  7.20245e-01
 6.75925e+03  7.21336e-01
 6.75951e+03  7.19537e-01
 6.75977e+03  7.16043e-01
 6.76003e+03  7.14460e-01
 6.76030e+03  7.16495e-01
 6.76056e+03  7.18007e-01
 6.76082e+03  7.18442e-01
 6.76108e+03  7.15941e-01
 6.76134e+03  7.13788e-01
 6.76160e+03  7.13227e-01
 6.76186e+03  7.16524e-01
 6.76212e+03  7.17270e-01
 6.76239e+03  7.14694e-01
 6.76265e+03  7.11281e-01
 6.76291e+03  7.10667e-01
 6.76317e+03  7.13577e-01
 6.76343e+03  7.16338e-01
 6.76369e+03  7.14006e-01
 6.76395e+03  7.09282e-01
 6.76421e+03  7.06380e-01
 6.76448e+03  7.10384e-01
 6.76474e+03  7.11258e-01
 6.76500e+03  7.15036e-01
 6.76526e+03  7.08359e-01
 6.76552e+03  7.05812e-01
 6.76578e+03  7.06651e-01
 6.76604e+03  7.08482e-01
 6.76631e+03  7.12000e-01
 6.76657e+03  7.07761e-01
 6.76683e+03  7.04475e-01
 6.76709e+03  7.02812e-01
 6.76735e+03  7.06413e-01
 6.76761e+03  7.10938e-01
 6.76787e+03  7.08176e-01
 6.76813e+03  7.02309e-01
 6.76840e+03  7.01497e-01
 6.76866e+03  7.02562e-01
 6.76892e+03  7.06085e-01
 6.76918e+03  7.04561e-01
 6.76944e+03  7.02585e-01
 6.76970e+03  6.97760e-01
 6.76996e+03  7.01763e-01
 6.77023e+03  7.02868e-01
 6.77049e+03  7.04915e-01
 6.77075e+03  7.02144e-01
 6.77101e+03  7.00164e-01
 6.77127e+03  6.98843e-01
 6.77153e+03  7.01681e-01
 6.77179e+03  7.05096e-01
 6.77205e+03  7.03702e-01
 6.77232e+03  7.01199e-01
 6.77258e+03  7.00124e-01
 6.77284e+03  7.00888e-01
 6.77310e+03  7.02553e-01
 6.77336e+03  7.01079e-01
 6.77362e+03  6.98294e-01
 6.77388e+03  6.99945e-01
 6.77414e+03  7.01401e-01
 6.77441e+03  7.00556e-01
 6.77467e+03  7.00714e-01
 6.77493e+03  6.98323e-01
 6.77519e+03  6.99978e-01
 6.77545e+03  7.00718e-01
 6.77571e+03  7.03712e-01
 6.77597e+03  6.99694e-01
 6.77623e+03  7.00110e-01
 6.77650e+03  7.00956e-01
 6.77676e+03  7.00943e-01
 6.77702e+03  7.02633e-01
 6.77728e+03  7.03371e-01
 6.77754e+03  7.01086e-01
 6.77780e+03  7.00198e-01
 6.77806e+03  7.03267e-01
 6.77833e+03  7.02752e-01
 6.77859e+03  7.02276e-01
 6.77885e+03  7.00427e-01
 6.77911e+03  7.01050e-01
 6.77937e+03  7.02969e-01
 6.77963e+03  7.02469e-01
 6.77989e+03  7.03611e-01
 6.78015e+03  7.01166e-01
 6.78042e+03  6.99953e-01
 6.78068e+03  7.01591e-01
 6.78094e+03  7.05961e-01
 6.78120e+03  7.06430e-01
 6.78146e+03  7.02615e-01
 6.78172e+03  6.99146e-01
 6.78198e+03  6.99220e-01
 6.78224e+03  7.05731e-01
 6.78251e+03  7.06832e-01
 6.78277e+03  7.04163e-01
 6.78303e+03  7.02643e-01
 6.78329e+03  6.99007e-01
 6.78355e+03  7.05214e-01
 6.78381e+03  7.04730e-01
 6.78407e+03  7.05637e-01
 6.78433e+03  7.01940e-01
 6.78460e+03  7.00538e-01
 6.78486e+03  7.01515e-01
 6.78512e+03  7.07222e-01
 6.78538e+03  7.07307e-01
 6.78564e+03  7.02601e-01
 6.78590e+03  7.01107e-01
 6.78616e+03  6.99732e-01
 6.78643e+03  7.05178e-01
 6.78669e+03  7.04715e-01
 6.78695e+03  7.04951e-01
 6.78721e+03  7.01410e-01
 6.78747e+03  7.01236e-01
 6.78773e+03  7.04274e-01
 6.78799e+03  7.07171e-01
 6.78825e+03  7.05825e-01
 6.78852e+03  7.02735e-01
 6.78878e+03  7.01530e-01
 6.78904e+03  7.01784e-01
 6.78930e+03  7.05874e-01
 6.78956e+03  7.07079e-01
 6.78982e+03  7.04659e-01
 6.79008e+03  7.02260e-01
 6.79035e+03  7.03426e-01
 6.79061e+03  7.04993e-01
 6.79087e+03  7.08987e-01
 6.79113e+03  7.08273e-01
 6.79139e+03  7.04179e-01
 6.79165e+03  7.02289e-01
 6.79191e+03  7.06477e-01
 6.79217e+03  7.07258e-01
 6.79244e+03  7.08769e-01
 6.79270e+03  7.05471e-01
 6.79296e+03  7.03346e-01
 6.79322e+03  7.07574e-01
 6.79348e+03  7.07294e-01
 6.79374e+03  7.07702e-01
 6.79400e+03  7.06983e-01
 6.79426e+03  7.04540e-01
 6.79453e+03  7.06444e-01
 6.79479e+03  7.07406e-01
 6.79505e+03  7.08687e-01
 6.79531e+03  7.07209e-01
 6.79557e+03  7.06894e-01
 6.79583e+03  7.07112e-01
 6.79609e+03  7.11158e-01
 6.79635e+03  7.09818e-01
 6.79662e+03  7.09524e-01
 6.79688e+03  7.07440e-01
 6.79714e+03  7.09746e-01
 6.79740e+03  7.10981e-01
 6.79766e+03  7.08218e-01
 6.79792e+03  7.09735e-01
 6.79818e+03  7.06459e-01
 6.79845e+03  7.06675e-01
 6.79871e+03  7.10164e-01
 6.79897e+03  7.10840e-01
 6.79923e+03  7.07166e-01
 6.79949e+03  7.06895e-01
 6.79975e+03  7.05431e-01
 6.80001e+03  7.09255e-01
 6.80027e+03  7.10807e-01
 6.80054e+03  7.08633e-01
 6.80080e+03  7.06552e-01
 6.80106e+03  7.06691e-01
 6.80132e+03  7.08251e-01
 6.80158e+03  7.08988e-01
 6.80184e+03  7.09471e-01
 6.80210e+03  7.05321e-01
 6.80236e+03  7.05101e-01
 6.80263e+03  7.06046e-01
 6.80289e+03  7.09486e-01
 6.80315e+03  7.07335e-01
 6.80341e+03  7.03311e-01
 6.80367e+03  7.01544e-01
 6.80393e+03  7.02469e-01
 6.80419e+03  7.05064e-01
 6.80446e+03  7.02413e-01
 6.80472e+03  7.01140e-01
 6.80498e+03  6.97866e-01
 6.80524e+03  6.98689e-01
 6.80550e+03  7.00808e-01
 6.80576e+03  7.00254e-01
 6.80602e+03  7.00914e-01
 6.80628e+03  6.95378e-01
 6.80655e+03  6.91516e-01
 6.80681e+03  6.95389e-01
 6.80707e+03  6.97782e-01
 6.80733e+03  6.96146e-01
 6.80759e+03  6.91596e-01
 6.80785e+03  6.87245e-01
 6.80811e+03  6.88581e-01
 6.80837e+03  6.91132e-01
 6.80864e+03  6.90716e-01
 6.80890e+03  6.85881e-01
 6.80916e+03  6.80158e-01
 6.80942e+03  6.79076e-01
 6.80968e+03  6.83801e-01
 6.80994e+03  6.84712e-01
 6.81020e+03  6.79429e-01
 6.81047e+03  6.75331e-01
 6.81073e+03  6.69467e-01
 6.81099e+03  6.70962e-01
 6.81125e+03  6.74796e-01
 6.81151e+03  6.73656e-01
 6.81177e+03  6.66565e-01
 6.81203e+03  6.60566e-01
 6.81229e+03  6.63058e-01
 6.81256e+03  6.64012e-01
 6.81282e+03  6.65084e-01
 6.81308e+03  6.60112e-01
 6.81334e+03  6.53972e-01
 6.81360e+03  6.52380e-01
 6.81386e+03  6.51310e-01
 6.81412e+03  6.52741e-01
 6.81438e+03  6.48492e-01
 6.81465e+03  6.44287e-01
 6.81491e+03  6.38258e-01
 6.81517e+03  6.38845e-01
 6.81543e+03  6.38039e-01
 6.81569e+03  6.36886e-01
 6.81595e+03  6.31928e-01
 6.81621e+03  6.26626e-01
 6.81648e+03  6.22899e-01
 6.81674e+03  6.22701e-01
 6.81700e+03  6.23439e-01
 6.81726e+03  6.20303e-01
 6.81752e+03  6.13213e-01
 6.81778e+03  6.08765e-01
 6.81804e+03  6.08717e-01
 6.81830e+03  6.06712e-01
 6.81857e+03  6.04341e-01
 6.81883e+03  6.00027e-01
 6.81909e+03  5.97258e-01
 6.81935e+03  5.92563e-01
 6.81961e+03  5.89755e-01
 6.81987e+03  5.88554e-01
 6.82013e+03  5.85711e-01
 6.82039e+03  5.80620e-01
 6.82066e+03  5.77988e-01
 6.82092e+03  5.73291e-01
 6.82118e+03  5.70781e-01
 6.82144e+03  5.68016e-01
 6.82170e+03  5.63576e-01
 6.82196e+03  5.61533e-01
 6.82222e+03  5.57321e-01
 6.82248e+03  5.52927e-01
 6.82275e+03  5.49930e-01
 6.82301e+03  5.45359e-01
 6.82327e+03  5.45190e-01
 6.82353e+03  5.41157e-01
 6.82379e+03  5.36210e-01
 6.82405e+03  5.29271e-01
 6.82431e+03  5.27281e-01
 6.82458e+03  5.26081e-01
 6.82484e+03  5.23068e-01
 6.82510e+03  5.19325e-01
 6.82536e+03  5.11780e-01
 6.82562e+03  5.06746e-01
 6.82588e+03  5.03847e-01
 6.82614e+03  5.04205e-01
 6.82640e+03  4.98930e-01
 6.82667e+03  4.93378e-01
 6.82693e+03  4.85504e-01
 6.82719e+03  4.81282e-01
 6.82745e+03  4.82658e-01
 6.82771e+03  4.80944e-01
 6.82797e+03  4.75094e-01
 6.82823e+03  4.66488e-01
 6.82849e+03  4.59691e-01
 6.82876e+03  4.58459e-01
 6.82902e+03  4.60080e-01
 6.82928e+03  4.55966e-01
 6.82954e+03  4.47608e-01
 6.82980e+03  4.40545e-01
 6.83006e+03  4.37326e-01
 6.83032e+03  4.36896e-01
 6.83058e+03  4.34963e-01
 6.83085e+03  4.29209e-01
 6.83111e+03  4.20970e-01
 6.83137e+03  4.15208e-01
 6.83163e+03  4.12371e-01
 6.83189e+03  4.13796e-01
 6.83215e+03  4.11101e-01
 6.83241e+03  4.02154e-01
 6.83268e+03  3.94058e-01
 6.83294e+03  3.88969e-01
 6.83320e+03  3.89157e-01
 6.83346e+03  3.87565e-01
 6.83372e+03  3.82280e-01
 6.83398e+03  3.74688e-01
 6.83424e+03  3.68274e-01
 6.83450e+03  3.66570e-01
 6.83477e+03  3.67309e-01
 6.83503e+03  3.62794e-01
 6.83529e+03  3.56872e-01
 6.83555e+03  3.47942e-01
 6.83581e+03  3.45175e-01
 6.83607e+03  3.44442e-01
 6.83633e+03  3.44104e-01
 6.83660e+03  3.39496e-01
 6.83686e+03  3.33765e-01
 6.83712e+03  3.26270e-01
 6.83738e+03  3.22671e-01
 6.83764e+03  3.23590e-01
 6.83790e+03  3.20308e-01
 6.83816e+03  3.14812e-01
 6.83842e+03  3.09306e-01
 6.83869e+03  3.04405e-01
 6.83895e+03  3.02265e-01
 6.83921e+03  3.01877e-01
 6.83947e+03  2.98286e-01
 6.83973e+03  2.94443e-01
 6.83999e+03  2.87983e-01
 6.84025e+03  2.83492e-01
 6.84051e+03  2.82119e-01
 6.84078e+03  2.80644e-01
 6.84104e+03  2.77364e-01
 6.84130e+03  2.73593e-01
 6.84156e+03  2.67394e-01
 6.84182e+03  2.64562e-01
 6.84208e+03  2.62324e-01
 6.84234e+03  2.61680e-01
 6.84260e+03  2.58083e-01
 6.84287e+03  2.53167e-01
 6.84313e+03  2.48445e-01
 6.84339e+03  2.46254e-01
 6.84365e+03  2.45513e-01
 6.84391e+03  2.43479e-01
 6.84417e+03  2.40029e-01
 6.84443e+03  2.36065e-01
 6.84470e+03  2.31642e-01
 6.84496e+03  2.28572e-01
 6.84522e+03  2.27819e-01
 6.84548e+03  2.26511e-01
 6.84574e+03  2.23479e-01
 6.84600e+03  2.18768e-01
 6.84626e+03  2.14531e-01
 6.84652e+03  2.12983e-01
 6.84679e+03  2.12054e-01
 6.84705e+03  2.10474e-01
 6.84731e+03  2.06143e-01
 6.84757e+03  2.01979e-01
 6.84783e+03  1.98926e-01
 6.84809e+03  1.98551e-01
 6.84835e+03  1.97710e-01
 6.84861e+03  1.95322e-01
 6.84888e+03  1.90969e-01
 6.84914e+03  1.86371e-01
 6.84940e+03  1.85022e-01
 6.84966e+03  1.84239e-01
 6.84992e+03  1.83565e-01
 6.85018e+03  1.81028e-01
 6.85044e+03  1.75701e-01
 6.85071e+03  1.73313e-01
 6.85097e+03  1.70428e-01
 6.85123e+03  1.71820e-01
 6.85149e+03  1.69948e-01
 6.85175e+03  1.66718e-01
 6.85201e+03  1.61727e-01
 6.85227e+03  1.58907e-01
 6.85253e+03  1.59417e-01
 6.85280e+03  1.59135e-01
 6.85306e+03  1.57354e-01
 6.85332e+03  1.53054e-01
 6.85358e+03  1.49995e-01
 6.85384e+03  1.48398e-01
 6.85410e+03  1.48060e-01
 6.85436e+03  1.48311e-01
 6.85462e+03  1.44883e-01
 6.85489e+03  1.40748e-01
 6.85515e+03  1.38164e-01
 6.85541e+03  1.37203e-01
 6.85567e+03  1.37893e-01
 6.85593e+03  1.36332e-01
 6.85619e+03  1.33188e-01
 6.85645e+03  1.29842e-01
 6.85672e+03  1.27511e-01
 6.85698e+03  1.27517e-01
 6.85724e+03  1.27571e-01
 6.85750e+03  1.26497e-01
 6.85776e+03  1.23465e-01
 6.85802e+03  1.20650e-01
 6.85828e+03  1.18767e-01
 6.85854e+03  1.18558e-01
 6.85881e+03  1.18681e-01
 6.85907e+03  1.16811e-01
 6.85933e+03  1.13666e-01
 6.85959e+03  1.11392e-01
 6.85985e+03  1.11186e-01
 6.86011e+03  1.10070e-01
 6.86037e+03  1.10339e-01
 6.86063e+03  1.08516e-01
 6.86090e+03  1.05265e-01
 6.86116e+03  1.03101e-01
 6.86142e+03  1.03213e-01
 6.86168e+03  1.02500e-01
 6.86194e+03  1.01759e-01
 6.86220e+03  1.00071e-01
 6.86246e+03  9.77057e-02
 6.86273e+03  9.59746e-02
 6.86299e+03  9.53679e-02
 6.86325e+03  9.52664e-02
 6.86351e+03  9.43403e-02
 6.86377e+03  9.26732e-02
 6.86403e+03  9.10691e-02
 6.86429e+03  8.98408e-02
 6.86455e+03  8.90856e-02
 6.86482e+03  8.92538e-02
 6.86508e+03  8.81858e-02
 6.86534e+03  8.59774e-02
 6.86560e+03  8.45626e-02
 6.86586e+03  8.34962e-02
 6.86612e+03  8.29818e-02
 6.86638e+03  8.24648e-02
 6.86664e+03  8.21314e-02
 6.86691e+03  7.94248e-02
 6.86717e+03  7.86904e-02
 6.86743e+03  7.76346e-02
 6.86769e+03  7.76313e-02
 6.86795e+03  7.74394e-02
 6.86821e+03  7.65964e-02
 6.86847e+03  7.37283e-02
 6.86873e+03  7.27139e-02
 6.86900e+03  7.22854e-02
 6.86926e+03  7.27305e-02
 6.86952e+03  7.18589e-02
 6.86978e+03  7.06142e-02
 6.87004e+03  6.93027e-02
 6.87030e+03  6.73226e-02
 6.87056e+03  6.72822e-02
 6.87083e+03  6.76688e-02
 6.87109e+03  6.71197e-02
 6.87135e+03  6.54950e-02
 6.87161e+03  6.38759e-02
 6.87187e+03  6.31754e-02
 6.87213e+03  6.30420e-02
 6.87239e+03  6.36061e-02
 6.87265e+03  6.29575e-02
 6.87292e+03  6.07044e-02
 6.87318e+03  5.91198e-02
 6.87344e+03  5.86649e-02
 6.87370e+03  5.93636e-02
 6.87396e+03  5.85814e-02
 6.87422e+03  5.78855e-02
 6.87448e+03  5.65389e-02
 6.87475e+03  5.54354e-02
 6.87501e+03  5.53446e-02
 6.87527e+03  5.55267e-02
 6.87553e+03  5.50001e-02
 6.87579e+03  5.38589e-02
 6.87605e+03  5.23901e-02
 6.87631e+03  5.19682e-02
 6.87657e+03  5.20246e-02
 6.87684e+03  5.17657e-02
 6.87710e+03  5.10750e-02
 6.87736e+03  4.99728e-02
 6.87762e+03  4.88375e-02
 6.87788e+03  4.82845e-02
 6.87814e+03  4.82829e-02
 6.87840e+03  4.83762e-02
 6.87866e+03  4.78730e-02
 6.87893e+03  4.68929e-02
 6.87919e+03  4.57091e-02
 6.87945e+03  4.51157e-02
 6.87971e+03  4.54875e-02
 6.87997e+03  4.54219e-02
 6.88023e+03  4.48005e-02
 6.88049e+03  4.39002e-02
 6.88075e+03  4.26203e-02
 6.88102e+03  4.27107e-02
 6.88128e+03  4.26014e-02
 6.88154e+03  4.23813e-02
 6.88180e+03  4.16333e-02
 6.88206e+03  4.03911e-02
 6.88232e+03  4.03917e-02
 6.88258e+03  4.02080e-02
 6.88285e+03  3.98704e-02
 6.88311e+03  3.97971e-02
 6.88337e+03  3.95130e-02
 6.88363e+03  3.83898e-02
 6.88389e+03  3.77787e-02
 6.88415e+03  3.72092e-02
 6.88441e+03  3.80122e-02
 6.88467e+03  3.77273e-02
 6.88494e+03  3.68316e-02
 6.88520e+03  3.57889e-02
 6.88546e+03  3.54716e-02
 6.88572e+03  3.53724e-02
 6.88598e+03  3.55683e-02
 6.88624e+03  3.50843e-02
 6.88650e+03  3.49448e-02
 6.88676e+03  3.35435e-02
 6.88703e+03  3.32940e-02
 6.88729e+03  3.34343e-02
 6.88755e+03  3.33934e-02
 6.88781e+03  3.30753e-02
 6.88807e+03  3.23824e-02
 6.88833e+03  3.18275e-02
 6.88859e+03  3.14311e-02
 6.88885e+03  3.18327e-02
 6.88912e+03  3.17764e-02
 6.88938e+03  3.13008e-02
 6.88964e+03  2.97420e-02
 6.88990e+03  2.94302e-02
 6.89016e+03  2.95227e-02
 6.89042e+03  2.97251e-02
 6.89068e+03  3.13230e-02
 6.89095e+03  2.90314e-02
 6.89121e+03  2.83753e-02
 6.89147e+03  2.80760e-02
 6.89173e+03  2.79014e-02
 6.89199e+03  2.79700e-02
 6.89225e+03  2.79320e-02
 6.89251e+03  2.73430e-02
 6.89277e+03  2.66141e-02
 6.89304e+03  2.62573e-02
 6.89330e+03  2.64421e-02
 6.89356e+03  2.65418e-02
 6.89382e+03  2.63356e-02
 6.89408e+03  2.55785e-02
 6.89434e+03  2.50257e-02
 6.89460e+03  2.47461e-02
 6.89487e+03  2.47701e-02
 6.89513e+03  2.47027e-02
 6.89539e+03  2.45569e-02
 6.89565e+03  2.40073e-02
 6.89591e+03  2.36865e-02
 6.89617e+03  2.34307e-02
 6.89643e+03  2.35862e-02
 6.89669e+03  2.37850e-02
 6.89696e+03  2.32925e-02
 6.89722e+03  2.27733e-02
 6.89748e+03  2.22646e-02
 6.89774e+03  2.19929e-02
 6.89800e+03  2.23747e-02
 6.89826e+03  2.21051e-02
 6.89852e+03  2.17669e-02
 6.89878e+03  2.12938e-02
 6.89905e+03  2.12080e-02
 6.89931e+03  2.10725e-02
 6.89957e+03  2.08684e-02
 6.89983e+03  2.10449e-02
 6.90009e+03  2.03965e-02
 6.90035e+03  2.00201e-02
 6.90061e+03  1.98133e-02
 6.90088e+03  1.99047e-02
 6.90114e+03  2.00309e-02
 6.90140e+03  1.97752e-02
 6.90166e+03  1.94411e-02
 6.90192e+03  1.90655e-02
 6.90218e+03  1.89633e-02
 6.90244e+03  1.89386e-02
 6.90270e+03  1.89405e-02
 6.90297e+03  1.87792e-02
 6.90323e+03  1.83529e-02
 6.90349e+03  1.79167e-02
 6.90375e+03  1.80983e-02
 6.90401e+03  1.81761e-02
 6.90427e+03  1.80572e-02
 6.90453e+03  1.77943e-02
 6.90479e+03  1.71701e-02
 6.90506e+03  1.70614e-02
 6.90532e+03  1.69906e-02
 6.90558e+03  1.68729e-02
 6.90584e+03  1.71173e-02
 6.90610e+03  1.69126e-02
 6.90636e+03  1.66808e-02
 6.90662e+03  1.63539e-02
 6.90688e+03  1.60072e-02
 6.90715e+03  1.59771e-02
 6.90741e+03  1.62920e-02
 6.90767e+03  1.60540e-02
 6.90793e+03  1.56189e-02
 6.90819e+03  1.53562e-02
 6.90845e+03  1.51913e-02
 6.90871e+03  1.52754e-02
 6.90898e+03  1.53527e-02
 6.90924e+03  1.49815e-02
 6.90950e+03  1.45754e-02
 6.90976e+03  1.45675e-02
 6.91002e+03  1.44075e-02
 6.91028e+03  1.45915e-02
 6.91054e+03  1.45780e-02
 6.91080e+03  1.44115e-02
 6.91107e+03  1.39159e-02
 6.91133e+03  1.37168e-02
 6.91159e+03  1.38289e-02
 6.91185e+03  1.38697e-02
 6.91211e+03  1.39200e-02
 6.91237e+03  1.34335e-02
 6.91263e+03  1.32501e-02
 6.91289e+03  1.31526e-02
 6.91316e+03  1.31850e-02
 6.91342e+03  1.30261e-02
 6.91368e+03  1.30443e-02
 6.91394e+03  1.28350e-02
 6.91420e+03  1.24136e-02
 6.91446e+03  1.24778e-02
 6.91472e+03  1.25087e-02
 6.91498e+03  1.25579e-02
 6.91525e+03  1.25272e-02
 6.91551e+03  1.23002e-02
 6.91577e+03  1.19553e-02
 6.91603e+03  1.17914e-02
 6.91629e+03  1.19908e-02
 6.91655e+03  1.20174e-02
 6.91681e+03  1.19158e-02
 6.91708e+03  1.16659e-02
 6.91734e+03  1.15628e-02
 6.91760e+03  1.13367e-02
 6.91786e+03  1.14484e-02
 6.91812e+03  1.12286e-02
 6.91838e+03  1.14417e-02
 6.91864e+03  1.11138e-02
 6.91890e+03  1.09647e-02
 6.91917e+03  1.07859e-02
 6.91943e+03  1.08690e-02
 6.91969e+03  1.09013e-02
 6.91995e+03  1.07869e-02
 6.92021e+03  1.04729e-02
 6.92047e+03  1.02842e-02
 6.92073e+03  1.03554e-02
 6.92100e+03  1.04388e-02
 6.92126e+03  1.05405e-02
 6.92152e+03  1.03882e-02
 6.92178e+03  1.01118e-02
 6.92204e+03  9.82854e-03
 6.92230e+03  9.98973e-03
 6.92256e+03  1.00660e-02
 6.92282e+03  9.99110e-03
 6.92309e+03  9.84437e-03
 6.92335e+03  9.56398e-03
 6.92361e+03  9.41243e-03
 6.92387e+03  9.58560e-03
 6.92413e+03  9.54583e-03
 6.92439e+03  9.64299e-03
 6.92465e+03  9.31699e-03
 6.92491e+03  9.09791e-03
 6.92518e+03  8.91236e-03
 6.92544e+03  8.99926e-03
 6.92570e+03  9.09859e-03
 6.92596e+03  9.15263e-03
 6.92622e+03  8.98846e-03
 6.92648e+03  8.91521e-03
 6.92674e+03  8.62325e-03
 6.92700e+03  8.68112e-03
 6.92727e+03  8.80752e-03
 6.92753e+03  8.65371e-03
 6.92779e+03  8.38224e-03
 6.92805e+03  8.31798e-03
 6.92831e+03  8.29875e-03
 6.92857e+03  8.22135e-03
 6.92883e+03  8.45236e-03
 6.92910e+03  8.29669e-03
 6.92936e+03  8.02527e-03
 6.92962e+03  7.81249e-03
 6.92988e+03  7.97423e-03
 6.93014e+03  8.03512e-03
 6.93040e+03  8.12966e-03
 6.93066e+03  7.87512e-03
 6.93092e+03  7.88631e-03
 6.93119e+03  7.62739e-03
 6.93145e+03  7.62217e-03
 6.93171e+03  7.79566e-03
 6.93197e+03  7.56252e-03
 6.93223e+03  7.62336e-03
 6.93249e+03  7.35699e-03
 6.93275e+03  7.26761e-03
 6.93301e+03  7.37529e-03
 6.93328e+03  7.21208e-03
 6.93354e+03  7.34526e-03
 6.93380e+03  7.17165e-03
 6.93406e+03  7.05970e-03
 6.93432e+03  6.90292e-03
 6.93458e+03  6.86100e-03
 6.93484e+03  6.95643e-03
 6.93510e+03  7.14484e-03
 6.93537e+03  7.04417e-03
 6.93563e+03  6.73163e-03
 6.93589e+03  6.69619e-03
 6.93615e+03  6.74584e-03
 6.93641e+03  6.83319e-03
 6.93667e+03  6.82239e-03
 6.93693e+03  6.51996e-03
 6.93720e+03  6.46717e-03
 6.93746e+03  6.40009e-03
 6.93772e+03  6.49863e-03
 6.93798e+03  6.51797e-03
 6.93824e+03  6.40655e-03
 6.93850e+03  6.41342e-03
 6.93876e+03  6.19846e-03
 6.93902e+03  6.22757e-03
 6.93929e+03  6.10742e-03
 6.93955e+03  6.36235e-03
 6.93981e+03  6.25782e-03
 6.94007e+03  6.07458e-03
 6.94033e+03  6.06393e-03
 6.94059e+03  5.92449e-03
 6.94085e+03  5.94671e-03
 6.94112e+03  5.97824e-03
 6.94138e+03  6.11616e-03
 6.94164e+03  5.89854e-03
 6.94190e+03  5.77888e-03
 6.94216e+03  5.58202e-03
 6.94242e+03  5.70424e-03
 6.94268e+03  5.81008e-03
 6.94294e+03  5.76415e-03
 6.94321e+03  5.65419e-03
 6.94347e+03  5.51373e-03
 6.94373e+03  5.55172e-03
 6.94399e+03  5.63220e-03
 6.94425e+03  5.64067e-03
 6.94451e+03  5.62344e-03
 6.94477e+03  5.29241e-03
 6.94503e+03  5.30934e-03
 6.94530e+03  5.38124e-03
 6.94556e+03  5.32836e-03
 6.94582e+03  5.50638e-03
 6.94608e+03  5.41618e-03
 6.94634e+03  5.25159e-03
 6.94660e+03  5.18018e-03
 6.94686e+03  5.20043e-03
 6.94712e+03  5.16648e-03
 6.94739e+03  5.36661e-03
 6.94765e+03  5.23489e-03
 6.94791e+03  5.02229e-03
 6.94817e+03  4.95186e-03
 6.94843e+03  4.94871e-03
 6.94869e+03  5.00382e-03
 6.94895e+03  5.05000e-03
 6.94922e+03  4.90941e-03
 6.94948e+03  4.82613e-03
 6.94974e+03  4.64102e-03
 6.95000e+03  4.70462e-03
 6.95026e+03  4.70236e-03
 6.95052e+03  4.82690e-03
 6.95078e+03  4.75499e-03
 6.95104e+03  4.76359e-03
 6.95131e+03  4.56939e-03
 6.95157e+03  4.59275e-03
 6.95183e+03  4.73956e-03
 6.95209e+03  4.76850e-03
 6.95235e+03  4.67659e-03
 6.95261e+03  4.48456e-03
 6.95287e+03  4.35917e-03
 6.95313e+03  4.50574e-03
 6.95340e+03  4.49421e-03
 6.95366e+03  4.53300e-03
 6.95392e+03  4.33507e-03
 6.95418e+03  4.28028e-03
 6.95444e+03  4.20907e-03
 6.95470e+03  4.22969e-03
 6.95496e+03  4.25755e-03
 6.95523e+03  4.37411e-03
 6.95549e+03  4.25394e-03
 6.95575e+03  4.18717e-03
 6.95601e+03  4.12936e-03
 6.95627e+03  4.17031e-03
 6.95653e+03  4.18056e-03
 6.95679e+03  4.21227e-03
 6.95705e+03  4.05095e-03
 6.95732e+03  3.87305e-03
 6.95758e+03  3.95831e-03
 6.95784e+03  3.96820e-03
 6.95810e+03  4.01132e-03
 6.95836e+03  4.04619e-03
 6.95862e+03  4.04214e-03
 6.95888e+03  3.94017e-03
 6.95915e+03  3.88752e-03
 6.95941e+03  3.79568e-03
 6.95967e+03  3.90862e-03
 6.95993e+03  3.83388e-03
 6.96019e+03  3.79179e-03
 6.96045e+03  3.77070e-03
 6.96071e+03  3.76523e-03
 6.96097e+03  3.69409e-03
 6.96124e+03  3.80731e-03
 6.96150e+03  3.82396e-03
 6.96176e+03  3.69672e-03
 6.96202e+03  3.65536e-03
 6.96228e+03  3.59875e-03
 6.96254e+03  3.66596e-03
 6.96280e+03  3.60143e-03
 6.96306e+03  3.69126e-03
 6.96333e+03  3.49268e-03
 6.96359e+03  3.56163e-03
 6.96385e+03  3.48435e-03
 6.96411e+03  3.36684e-03
 6.96437e+03  3.62281e-03
 6.96463e+03  3.51064e-03
 6.96489e+03  3.47394e-03
 6.96515e+03  3.44941e-03
 6.96542e+03  3.38775e-03
 6.96568e+03  3.43763e-03
 6.96594e+03  3.46546e-03
 6.96620e+03  3.45813e-03
 6.96646e+03  3.31468e-03
 6.96672e+03  3.33484e-03
 6.96698e+03  3.24027e-03
 6.96725e+03  3.31584e-03
 6.96751e+03  3.31763e-03
 6.96777e+03  3.37265e-03
 6.96803e+03  3.22108e-03
 6.96829e+03  3.20519e-03
 6.96855e+03  3.26909e-03
 6.96881e+03  3.15870e-03
 6.96907e+03  3.19395e-03
 6.96934e+03  3.18432e-03
 6.96960e+03  3.18212e-03
 6.96986e+03  3.08522e-03
 6.97012e+03  3.05821e-03
 6.97038e+03  3.11482e-03
 6.97064e+03  3.16664e-03
 6.97090e+03  3.15523e-03
 6.97116e+03  3.09050e-03
 6.97143e+03  3.02583e-03
 6.97169e+03  3.00738e-03
 6.97195e+03  2.96419e-03
 6.97221e+03  3.04337e-03
 6.97247e+03  3.09256e-03
 6.97273e+03  2.91713e-03
 6.97299e+03  2.97230e-03
 6.97325e+03  2.93040e-03
 6.97352e+03  3.10426e-03
 6.97378e+03  2.99393e-03
 6.97404e+03  2.97178e-03
 6.97430e+03  2.79386e-03
 6.97456e+03  2.77517e-03
 6.97482e+03  2.81274e-03
 6.97508e+03  2.87257e-03
 6.97535e+03  2.90948e-03
 6.97561e+03  2.86944e-03
 6.97587e+03  2.71785e-03
 6.97613e+03  2.72162e-03
 6.97639e+03  2.67801e-03
 6.97665e+03  2.66449e-03
 6.97691e+03  2.74982e-03
 6.97717e+03  2.81319e-03
 6.97744e+03  2.65614e-03
 6.97770e+03  2.66364e-03
 6.97796e+03  2.64970e-03
 6.97822e+03  2.72768e-03
 6.97848e+03  2.76375e-03
 6.97874e+03  2.69930e-03
 6.97900e+03  2.62181e-03
 6.97927e+03  2.57452e-03
 6.97953e+03  2.59662e-03
 6.97979e+03  2.68238e-03
 6.98005e+03  2.55280e-03
 6.98031e+03  2.62948e-03
 6.98057e+03  2.53245e-03
 6.98083e+03  2.51661e-03
 6.98109e+03  2.40832e-03
 6.98136e+03  2.45975e-03
 6.98162e+03  2.55425e-03
 6.98188e+03  2.58966e-03
 6.98214e+03  2.46578e-03
 6.98240e+03  2.44776e-03
 6.98266e+03  2.50897e-03
 6.98292e+03  2.53435e-03
 6.98318e+03  2.48971e-03
 6.98345e+03  2.43133e-03
 6.98371e+03  2.40562e-03
 6.98397e+03  2.30474e-03
 6.98423e+03  2.39371e-03
 6.98449e+03  2.40197e-03
 6.98475e+03  2.47873e-03
 6.98501e+03  2.35405e-03
 6.98527e+03  2.22913e-03
 6.98554e+03  2.29354e-03
 6.98580e+03  2.36214e-03
 6.98606e+03  2.31781e-03
 6.98632e+03  2.40127e-03
 6.98658e+03  2.32750e-03
 6.98684e+03  2.35313e-03
 6.98710e+03  2.22289e-03
 6.98737e+03  2.20761e-03
 6.98763e+03  2.28720e-03
 6.98789e+03  2.29845e-03
 6.98815e+03  2.28180e-03
 6.98841e+03  2.21068e-03
 6.98867e+03  2.24803e-03
 6.98893e+03  2.18299e-03
 6.98919e+03  2.25155e-03
 6.98946e+03  2.30793e-03
 6.98972e+03  2.26939e-03
 6.98998e+03  2.18014e-03
 6.99024e+03  2.04819e-03
 6.99050e+03  2.09357e-03
 6.99076e+03  2.13416e-03
 6.99102e+03  2.25716e-03
 6.99128e+03  2.17472e-03
 6.99155e+03  2.17475e-03
 6.99181e+03  2.09902e-03
 6.99207e+03  2.12135e-03
 6.99233e+03  2.05405e-03
 6.99259e+03  2.15386e-03
 6.99285e+03  2.15313e-03
 6.99311e+03  2.02356e-03
 6.99338e+03  2.04191e-03
 6.99364e+03  2.10974e-03
 6.99390e+03  1.98309e-03
 6.99416e+03  2.10976e-03
 6.99442e+03  1.96233e-03
 6.99468e+03  2.06958e-03
 6.99494e+03  1.96262e-03
 6.99520e+03  1.94381e-03
 6.99547e+03  2.10003e-03
 6.99573e+03  2.02096e-03
 6.99599e+03  2.08151e-03
 6.99625e+03  1.83742e-03
 6.99651e+03  1.90201e-03
 6.99677e+03  1.90218e-03
 6.99703e+03  1.96600e-03
 6.99729e+03  2.00496e-03
 6.99756e+03  1.94695e-03
 6.99782e+03  1.93255e-03
 6.99808e+03  1.91693e-03
 6.99834e+03  1.87146e-03
 6.99860e+03  1.84833e-03
 6.99886e+03  1.94506e-03
 6.99912e+03  1.87396e-03
 6.99938e+03  1.83164e-03
 6.99965e+03  1.82709e-03
 6.99991e+03  1.80961e-03
 7.00017e+03  1.82437e-03
 7.00043e+03  1.99249e-03
