   4810.146     -3.7465792E-04
   4813.386     -3.6294074E-04
   4816.626     -3.5122354E-04
   4819.866     -3.3950637E-04
   4823.106     -3.2778917E-04
   4826.346     -3.1607199E-04
   4829.586     -3.0435479E-04
   4832.827     -2.9263759E-04
   4836.067     -2.8092042E-04
   4839.308     -2.6920321E-04
   4842.548     -2.5748604E-04
   4845.789     -2.4576884E-04
   4849.029     -2.3405165E-04
   4852.270     -2.2233445E-04
   4855.511     -2.1061726E-04
   4858.751     -1.9890007E-04
   4861.993     -1.8718289E-04
   4865.233     -1.7546570E-04
   4868.475     -1.6374850E-04
   4871.716     -1.5203131E-04
   4874.957     -1.4031414E-04
   4878.199     -1.2859693E-04
   4881.440     -1.1687973E-04
   4884.682     -1.0516256E-04
   4887.923     -9.3445356E-05
   4891.165     -8.1728183E-05
   4894.406     -7.0010981E-05
   4897.648     -5.8293779E-05
   4900.890     -4.6576606E-05
   4904.132     -3.4859404E-05
   4907.374     -2.3142231E-05
   4910.616     -1.1425029E-05
   4913.858      2.9217335E-07
   4917.101      1.2009346E-05
   4920.343      2.3726549E-05
   4923.585      3.5443722E-05
   4926.828      4.7160924E-05
   4930.070      5.8878126E-05
   4933.313      7.0595299E-05
   4936.556      8.2312501E-05
   4939.798      9.4029674E-05
   4943.041      1.0574685E-04
   4946.284      1.1746405E-04
   4949.527      1.2918125E-04
   4952.771      1.4089845E-04
   4956.013      1.5261566E-04
   4959.257      1.6433280E-04
   4962.500      1.7605000E-04
   4965.743      1.8776720E-04
   4968.987      1.9948441E-04
   4972.230      2.1120161E-04
   4975.474      2.2291875E-04
   4978.718      2.3463595E-04
   4981.961      2.4635316E-04
   4985.206      2.5807036E-04
   4988.449      2.6978756E-04
   4991.693      2.8150470E-04
   4994.938      2.9322191E-04
   4998.182      3.0493911E-04
   5001.426      3.1665631E-04
   5004.670      3.2837351E-04
   5007.915      3.4009066E-04
   5011.159      3.5180786E-04
   5014.403      3.6352506E-04
   5017.648      3.7524226E-04
   5020.893      3.8695947E-04
   5024.138      3.9867661E-04
   5027.382      4.1039381E-04
   5030.627      4.2211101E-04
   5033.872      4.3382822E-04
   5037.117      4.4554542E-04
   5040.362      4.5726256E-04
   5043.608      4.6897976E-04
   5046.853      4.8069697E-04
   5050.098      4.9241417E-04
   5053.344      5.0413137E-04
   5056.589      5.1584851E-04
   5059.835      5.2756572E-04
   5063.081      5.3928292E-04
   5066.326      5.5100012E-04
   5069.572      5.6271732E-04
   5072.818      5.7443447E-04
   5076.064      5.8615167E-04
   5079.310      5.9786881E-04
   5082.556      6.0958602E-04
   5085.802      6.2130322E-04
   5089.049      6.3302042E-04
   5092.295      6.4473762E-04
   5095.542      6.5645482E-04
   5098.788      6.6817203E-04
   5102.035      6.7988923E-04
   5105.281      6.9160643E-04
   5108.528      7.0332363E-04
   5111.775      7.1504072E-04
   5115.022      7.2675792E-04
   5118.269      7.3847512E-04
   5121.516      7.5019232E-04
   5124.763      7.6190953E-04
   5128.010      7.7362673E-04
   5131.257      7.8534393E-04
   5134.505      7.9706113E-04
   5137.752      8.0877834E-04
   5141.000      8.2049554E-04
   5144.248      8.3221262E-04
   5147.495      8.4392983E-04
   5150.743      8.5564703E-04
   5153.991      8.6736423E-04
   5157.238      8.7908143E-04
   5160.486      8.9079863E-04
   5163.734      9.0251584E-04
   5166.982      9.1423304E-04
   5170.231      9.2595024E-04
   5173.479      9.3766744E-04
   5176.728      9.4938453E-04
   5179.976      6.2344148E-04
   5183.224      6.9158751E-04
   5186.473      7.6078740E-04
   5189.722      8.3104143E-04
   5192.970      9.0234930E-04
   5196.219      9.7471109E-04
   5199.468      1.0481272E-03
   5202.717      1.1225968E-03
   5205.966      1.1981204E-03
   5209.215      1.2746983E-03
   5212.464      1.3523300E-03
   5215.713      1.4310158E-03
   5218.963      1.5107555E-03
   5222.212      1.5915494E-03
   5225.461      1.6733967E-03
   5228.711      1.7562985E-03
   5231.961      1.8402541E-03
   5235.210      1.9252636E-03
   5238.460      2.0113271E-03
   5241.710      2.0984444E-03
   5244.960      2.1866157E-03
   5248.210      2.2758413E-03
   5251.460      2.3661205E-03
   5254.710      2.4574541E-03
   5257.961      2.5498413E-03
   5261.211      2.6432828E-03
   5264.461      2.7377778E-03
   5267.712      2.8333273E-03
   5270.962      2.9299308E-03
   5274.213      3.0275872E-03
   5277.464      3.1262981E-03
   5280.715      3.2260637E-03
   5283.965      3.3268821E-03
   5287.216      3.4287553E-03
   5290.467      3.5316828E-03
   5293.719      3.6356635E-03
   5296.970      3.7406988E-03
   5300.221      3.8467881E-03
   5303.472      3.9539305E-03
   5306.724      4.0621273E-03
   5309.975      4.1713775E-03
   5313.227      4.2816820E-03
   5316.478      4.3930416E-03
   5319.730      4.5054541E-03
   5322.982      4.6189213E-03
   5326.233      4.7334414E-03
   5329.485      4.8490162E-03
   5332.737      4.9656453E-03
   5335.990      5.0833267E-03
   5339.242      5.2020638E-03
   5342.494      5.3218547E-03
   5345.747      5.4426985E-03
   5348.999      5.5645974E-03
   5352.251      5.6875497E-03
   5355.504      5.8115567E-03
   5358.756      5.9366161E-03
   5362.009      6.0627316E-03
   5365.262      6.1898991E-03
   5368.515      6.3181221E-03
   5371.768      6.4473981E-03
   5375.021      6.5777279E-03
   5378.273      6.7091114E-03
   5381.527      6.8415506E-03
   5384.780      6.9750436E-03
   5388.033      7.1095889E-03
   5391.287      7.2451890E-03
   5394.540      7.3818425E-03
   5397.793      7.5195511E-03
   5401.047      7.6583126E-03
   5404.301      7.7981278E-03
   5407.555      7.9389978E-03
   5410.809      8.0809230E-03
   5414.063      8.2239006E-03
   5417.316      8.3679315E-03
   5420.570      8.5130185E-03
   5423.825      8.6591570E-03
   5427.079      8.8063506E-03
   5430.333      8.9546973E-03
   5433.587      9.1047399E-03
   5436.842      9.2562884E-03
   5440.096      9.4107091E-03
   5443.351      9.5685320E-03
   5446.605      9.7325258E-03
   5449.860      9.9054826E-03
   5453.115      1.0091816E-02
   5456.370      1.0296755E-02
   5459.625      1.0527014E-02
   5462.880      1.0788777E-02
   5466.135      1.1087595E-02
   5469.391      1.1426796E-02
   5472.646      1.1805661E-02
   5475.901      1.2219019E-02
   5479.157      1.2658251E-02
   5482.412      1.3109881E-02
   5485.667      1.3561146E-02
   5488.923      1.3999661E-02
   5492.179      1.4417964E-02
   5495.435      1.4816419E-02
   5498.691      1.5203941E-02
   5501.947      1.5597242E-02
   5505.203      1.6020484E-02
   5508.459      1.6501589E-02
   5511.715      1.7069878E-02
   5514.971      1.7752239E-02
   5518.228      1.8573755E-02
   5521.484      1.9554742E-02
   5524.741      2.0715322E-02
   5527.997      2.2073736E-02
   5531.254      2.3650281E-02
   5534.511      2.5464507E-02
   5537.767      2.7537679E-02
   5541.024      2.9889463E-02
   5544.281      3.2540478E-02
   5547.538      3.5507925E-02
   5550.795      3.8810447E-02
   5554.052      4.2467207E-02
   5557.310      4.6499796E-02
   5560.567      5.0929263E-02
   5563.825      5.5778433E-02
   5567.082      6.1067171E-02
   5570.339      6.6811904E-02
   5573.597      7.3024191E-02
   5576.855      7.9712056E-02
   5580.113      8.6876832E-02
   5583.371      9.4518311E-02
   5586.628      0.1026337    
   5589.887      0.1112213    
   5593.145      0.1202791    
   5596.403      0.1298053    
   5599.661      0.1397967    
   5602.919      0.1502472    
   5606.178      0.1611468    
   5609.437      0.1724750    
   5612.695      0.1842047    
   5615.954      0.1962984    
   5619.212      0.2087095    
   5622.471      0.2213880    
   5625.730      0.2342779    
   5628.989      0.2473270    
   5632.248      0.2604831    
   5635.507      0.2737009    
   5638.766      0.2869342    
   5642.025      0.3001413    
   5645.285      0.3132800    
   5648.544      0.3263082    
   5651.803      0.3391802    
   5655.063      0.3518547    
   5658.323      0.3642961    
   5661.583      0.3764786    
   5664.842      0.3883921    
   5668.102      0.4000414    
   5671.362      0.4114434    
   5674.622      0.4226239    
   5677.882      0.4336100    
   5681.142      0.4444260    
   5684.402      0.4550859    
   5687.663      0.4655916    
   5690.923      0.4759354    
   5694.184      0.4861000    
   5697.444      0.4960614    
   5700.705      0.5057940    
   5703.965      0.5152705    
   5707.226      0.5244668    
   5710.487      0.5333679    
   5713.748      0.5419621    
   5717.009      0.5502494    
   5720.270      0.5582367    
   5723.531      0.5659347    
   5726.792      0.5733551    
   5730.054      0.5805092    
   5733.315      0.5874033    
   5736.577      0.5940402    
   5739.838      0.6004208    
   5743.100      0.6065450    
   5746.361      0.6124155    
   5749.623      0.6180392    
   5752.885      0.6234287    
   5756.146      0.6285985    
   5759.409      0.6335664    
   5762.671      0.6383473    
   5765.933      0.6429490    
   5769.195      0.6473725    
   5772.458      0.6516141    
   5775.720      0.6556646    
   5778.982      0.6595157    
   5782.245      0.6631678    
   5785.507      0.6666340    
   5788.770      0.6699379    
   5792.033      0.6731148    
   5795.295      0.6762072    
   5798.559      0.6792538    
   5801.821      0.6822888    
   5805.084      0.6853328    
   5808.348      0.6883925    
   5811.611      0.6914589    
   5814.874      0.6945127    
   5818.137      0.6975291    
   5821.401      0.7004825    
   5824.665      0.7033554    
   5827.928      0.7061437    
   5831.192      0.7088550    
   5834.456      0.7115090    
   5837.719      0.7141297    
   5840.983      0.7167380    
   5844.247      0.7193503    
   5847.511      0.7219691    
   5850.775      0.7245907    
   5854.040      0.7272035    
   5857.304      0.7297953    
   5860.568      0.7323514    
   5863.833      0.7348647    
   5867.097      0.7373264    
   5870.361      0.7397356    
   5873.626      0.7420889    
   5876.891      0.7443845    
   5880.156      0.7466205    
   5883.420      0.7487951    
   5886.686      0.7509054    
   5889.951      0.7529523    
   5893.216      0.7549365    
   5896.481      0.7568623    
   5899.746      0.7587404    
   5903.011      0.7605780    
   5906.277      0.7623885    
   5909.542      0.7641824    
   5912.808      0.7659729    
   5916.074      0.7677684    
   5919.339      0.7695705    
   5922.605      0.7713723    
   5925.871      0.7731556    
   5929.137      0.7748916    
   5932.403      0.7765447    
   5935.669      0.7780712    
   5938.935      0.7794275    
   5942.201      0.7805741    
   5945.468      0.7814751    
   5948.734      0.7821098    
   5952.000      0.7824637    
   5955.267      0.7825535    
   5958.534      0.7824167    
   5961.800      0.7821163    
   5965.067      0.7817324    
   5968.334      0.7813448    
   5971.601      0.7810086    
   5974.868      0.7807383    
   5978.135      0.7804923    
   5981.402      0.7801789    
   5984.669      0.7796714    
   5987.937      0.7788426    
   5991.204      0.7775995    
   5994.472      0.7759039    
   5997.739      0.7737898    
   6001.007      0.7713475    
   6004.275      0.7686998    
   6007.542      0.7659779    
   6010.810      0.7632860    
   6014.078      0.7606887    
   6017.346      0.7582024    
   6020.614      0.7558020    
   6023.882      0.7534390    
   6027.151      0.7510545    
   6030.419      0.7485973    
   6033.688      0.7460389    
   6036.956      0.7433779    
   6040.225      0.7406373    
   6043.493      0.7378594    
   6046.762      0.7350959    
   6050.030      0.7324004    
   6053.299      0.7298191    
   6056.568      0.7273809    
   6059.837      0.7251005    
   6063.106      0.7229798    
   6066.375      0.7210021    
   6069.645      0.7191459    
   6072.914      0.7173866    
   6076.183      0.7157035    
   6079.453      0.7140788    
   6082.722      0.7125043    
   6085.992      0.7109789    
   6089.262      0.7095068    
   6092.531      0.7080920    
   6095.801      0.7067386    
   6099.071      0.7054438    
   6102.341      0.7041990    
   6105.611      0.7029932    
   6108.881      0.7018069    
   6112.151      0.7006257    
   6115.422      0.6994398    
   6118.692      0.6982535    
   6121.962      0.6970835    
   6125.233      0.6959580    
   6128.504      0.6949096    
   6131.774      0.6939684    
   6135.045      0.6931539    
   6138.316      0.6924759    
   6141.587      0.6919266    
   6144.858      0.6914944    
   6148.129      0.6911643    
   6151.400      0.6909257    
   6154.671      0.6907749    
   6157.942      0.6907117    
   6161.214      0.6907398    
   6164.485      0.6908559    
   6167.757      0.6910498    
   6171.028      0.6912981    
   6174.300      0.6915706    
   6177.572      0.6918339    
   6180.844      0.6920652    
   6184.115      0.6922507    
   6187.387      0.6923956    
   6190.660      0.6925173    
   6193.932      0.6926451    
   6197.204      0.6928095    
   6200.476      0.6930346    
   6203.749      0.6933365    
   6207.021      0.6937171    
   6210.293      0.6941678    
   6213.566      0.6946753    
   6216.838      0.6952300    
   6220.111      0.6958258    
   6223.384      0.6964691    
   6226.657      0.6971736    
   6229.930      0.6979593    
   6233.203      0.6988416    
   6236.476      0.6998235    
   6239.750      0.7008959    
   6243.022      0.7020338    
   6246.296      0.7032012    
   6249.569      0.7043595    
   6252.843      0.7054747    
   6256.116      0.7065243    
   6259.390      0.7075011    
   6262.664      0.7084134    
   6265.938      0.7092834    
   6269.211      0.7101381    
   6272.485      0.7110093    
   6275.759      0.7119207    
   6279.033      0.7128888    
   6282.308      0.7139153    
   6285.582      0.7149982    
   6288.856      0.7161266    
   6292.130      0.7172913    
   6295.405      0.7184849    
   6298.680      0.7197059    
   6301.954      0.7209567    
   6305.229      0.7222424    
   6308.504      0.7235681    
   6311.779      0.7249336    
   6315.054      0.7263308    
   6318.329      0.7277457    
   6321.604      0.7291585    
   6324.879      0.7305452    
   6328.154      0.7318875    
   6331.429      0.7331689    
   6334.705      0.7343822    
   6337.980      0.7355250    
   6341.256      0.7365997    
   6344.531      0.7376109    
   6347.807      0.7385690    
   6351.083      0.7394876    
   6354.359      0.7403797    
   6357.635      0.7412606    
   6360.911      0.7421532    
   6364.187      0.7430803    
   6367.463      0.7440754    
   6370.739      0.7451764    
   6374.016      0.7464347    
   6377.292      0.7479134    
   6380.568      0.7496869    
   6383.845      0.7518268    
   6387.122      0.7543946    
   6390.398      0.7574287    
   6393.675      0.7609303    
   6396.952      0.7648570    
   6400.229      0.7691272    
   6403.505      0.7736230    
   6406.783      0.7781985    
   6410.060      0.7826982    
   6413.337      0.7869642    
   6416.614      0.7908595    
   6419.892      0.7942743    
   6423.169      0.7971445    
   6426.447      0.7994558    
   6429.725      0.8012425    
   6433.002      0.8025833    
   6436.280      0.8035783    
   6439.558      0.8043388    
   6442.835      0.8049598    
   6446.113      0.8055163    
   6449.392      0.8060465    
   6452.670      0.8065616    
   6455.948      0.8070559    
   6459.226      0.8075070    
   6462.504      0.8078930    
   6465.783      0.8082005    
   6469.062      0.8084279    
   6472.340      0.8085924    
   6475.619      0.8087155    
   6478.897      0.8088252    
   6482.176      0.8089467    
   6485.455      0.8091019    
   6488.734      0.8093010    
   6492.013      0.8095510    
   6495.292      0.8098511    
   6498.572      0.8101969    
   6501.851      0.8105771    
   6505.130      0.8109775    
   6508.410      0.8113829    
   6511.689      0.8117726    
   6514.969      0.8121344    
   6518.249      0.8124526    
   6521.528      0.8127247    
   6524.808      0.8129512    
   6528.088      0.8131368    
   6531.368      0.8132849    
   6534.648      0.8134007    
   6537.928      0.8134843    
   6541.208      0.8135332    
   6544.488      0.8135443    
   6547.769      0.8135151    
   6551.049      0.8134441    
   6554.330      0.8133333    
   6557.610      0.8131880    
   6560.891      0.8130181    
   6564.172      0.8128335    
   6567.453      0.8126504    
   6570.733      0.8124803    
   6574.014      0.8123369    
   6577.295      0.8122299    
   6580.577      0.8121638    
   6583.858      0.8121428    
   6587.139      0.8121617    
   6590.420      0.8122131    
   6593.702      0.8122846    
   6596.983      0.8123670    
   6600.265      0.8124507    
   6603.546      0.8125317    
   6606.828      0.8126130    
   6610.110      0.8126979    
   6613.392      0.8127942    
   6616.674      0.8129024    
   6619.956      0.8130196    
   6623.238      0.8131354    
   6626.520      0.8132340    
   6629.802      0.8133011    
   6633.084      0.8133254    
   6636.367      0.8133022    
   6639.649      0.8132380    
   6642.932      0.8131450    
   6646.215      0.8130415    
   6649.498      0.8129454    
   6652.780      0.8128719    
   6656.063      0.8128307    
   6659.346      0.8128231    
   6662.629      0.8128511    
   6665.912      0.8129088    
   6669.195      0.8129877    
   6672.479      0.8130801    
   6675.762      0.8131738    
   6679.045      0.8132577    
   6682.329      0.8133195    
   6685.612      0.8133488    
   6688.896      0.8133427    
   6692.180      0.8133027    
   6695.463      0.8132376    
   6698.747      0.8131598    
   6702.031      0.8130875    
   6705.315      0.8130354    
   6708.599      0.8130167    
   6711.883      0.8130385    
   6715.167      0.8131029    
   6718.452      0.8132068    
   6721.736      0.8133411    
   6725.021      0.8134906    
   6728.305      0.8136391    
   6731.590      0.8137677    
   6734.875      0.8138604    
   6738.159      0.8139094    
   6741.444      0.8139145    
   6744.729      0.8138863    
   6748.014      0.8138394    
   6751.299      0.8137922    
   6754.584      0.8137597    
   6757.870      0.8137479    
   6761.155      0.8137587    
   6764.440      0.8137831    
   6767.726      0.8138122    
   6771.011      0.8138378    
   6774.297      0.8138534    
   6777.583      0.8138582    
   6780.868      0.8138507    
   6784.154      0.8138299    
   6787.440      0.8137908    
   6790.726      0.8137268    
   6794.012      0.8136304    
   6797.298      0.8134953    
   6800.584      0.8133200    
   6803.871      0.8131096    
   6807.157      0.8128768    
   6810.443      0.8126411    
   6813.730      0.8124288    
   6817.017      0.8122685    
   6820.303      0.8121909    
   6823.590      0.8122256    
   6826.877      0.8123962    
   6830.164      0.8127221    
   6833.451      0.8132117    
   6836.738      0.8138654    
   6840.025      0.8146698    
   6843.312      0.8156027    
   6846.599      0.8166345    
   6849.887      0.8177304    
   6853.174      0.8188558    
   6856.461      0.8199806    
   6859.750      0.8210776    
   6863.037      0.8221247    
   6866.325      0.8231019    
   6869.613      0.8239922    
   6872.900      0.8247744    
   6876.188      0.8254286    
   6879.477      0.8259372    
   6882.765      0.8262884    
   6886.053      0.8264833    
   6889.341      0.8265324    
   6892.629      0.8264617    
   6895.918      0.8263075    
   6899.207      0.8261110    
   6902.495      0.8259110    
   6905.784      0.8257374    
   6909.072      0.8256057    
   6912.361      0.8255149    
   6915.650      0.8254475    
   6918.939      0.8253767    
   6922.228      0.8252720    
   6925.517      0.8251083    
   6928.806      0.8248730    
   6932.096      0.8245652    
   6935.385      0.8242006    
   6938.674      0.8238031    
   6941.964      0.8233979    
   6945.253      0.8230089    
   6948.543      0.8226500    
   6951.833      0.8223255    
   6955.123      0.8220329    
   6958.412      0.8217661    
   6961.702      0.8215218    
   6964.992      0.8212941    
   6968.282      0.8210846    
   6971.573      0.8208904    
   6974.863      0.8207092    
   6978.153      0.8205327    
   6981.444      0.8203452    
   6984.734      0.8201256    
   6988.024      0.8198480    
   6991.315      0.8194875    
   6994.606      0.8190218    
   6997.897      0.8184365    
   7001.188      0.8177243    
   7004.479      0.8168844    
   7007.770      0.8159221    
   7011.061      0.8148414    
   7014.352      0.8136446    
   7017.643      0.8123282    
   7020.935      0.8108805    
   7024.226      0.8092827    
   7027.517      0.8075114    
   7030.809      0.8055414    
   7034.101      0.8033469    
   7037.392      0.8009059    
   7040.684      0.7981961    
   7043.976      0.7951984    
   7047.268      0.7918898    
   7050.560      0.7882475    
   7053.852      0.7842442    
   7057.144      0.7798476    
   7060.436      0.7750242    
   7063.729      0.7697375    
   7067.021      0.7639557    
   7070.313      0.7576460    
   7073.606      0.7507839    
   7076.898      0.7433536    
   7080.191      0.7353478    
   7083.484      0.7267714    
   7086.777      0.7176391    
   7090.070      0.7079719    
   7093.363      0.6977950    
   7096.656      0.6871312    
   7099.949      0.6760019    
   7103.242      0.6644233    
   7106.536      0.6524101    
   7109.829      0.6399750    
   7113.122      0.6271307    
   7116.416      0.6138963    
   7119.709      0.6002960    
   7123.003      0.5863558    
   7126.297      0.5721048    
   7129.591      0.5575660    
   7132.885      0.5427536    
   7136.179      0.5276722    
   7139.473      0.5123136    
   7142.767      0.4966673    
   7146.061      0.4807262    
   7149.355      0.4645018    
   7152.649      0.4480362    
   7155.944      0.4314108    
   7159.238      0.4147465    
   7162.533      0.3981912    
   7165.828      0.3819048    
   7169.123      0.3660353    
   7172.417      0.3507007    
   7175.712      0.3359753    
   7179.007      0.3218862    
   7182.302      0.3084215    
   7185.598      0.2955416    
   7188.893      0.2831950    
   7192.188      0.2713306    
   7195.483      0.2599068    
   7198.779      0.2488927    
   7202.074      0.2382689    
   7205.370      0.2280243    
   7208.666      0.2181522    
   7211.961      0.2086492    
   7215.257      0.1995159    
   7218.553      0.1907493    
   7221.849      0.1823514    
   7225.145      0.1743260    
   7228.441      0.1666766    
   7231.737      0.1594048    
   7235.034      0.1525100    
   7238.330      0.1459843    
   7241.626      0.1398148    
   7244.923      0.1339812    
   7248.219      0.1284581    
   7251.516      0.1232171    
   7254.813      0.1182283    
   7258.109      0.1134646    
   7261.406      0.1089016    
   7264.704      0.1045207    
   7268.000      0.1003074    
   7271.297      9.6251197E-02
   7274.595      9.2344657E-02
   7277.892      8.8581905E-02
   7281.189      8.4959850E-02
   7284.487      8.1476443E-02
   7287.784      7.8132078E-02
   7291.082      7.4929051E-02
   7294.379      7.1870856E-02
   7297.677      6.8961933E-02
   7300.975      6.6206090E-02
   7304.273      6.3604660E-02
   7307.571      6.1157327E-02
   7310.869      5.8860783E-02
   7314.167      5.6709327E-02
   7317.465      5.4695055E-02
   7320.763      5.2808225E-02
   7324.062      5.1037293E-02
   7327.360      4.9368892E-02
   7330.659      4.7789298E-02
   7333.957      4.6284448E-02
   7337.256      4.4840701E-02
   7340.555      4.3446541E-02
   7343.854      4.2092953E-02
   7347.152      4.0774364E-02
   7350.451      3.9488114E-02
   7353.750      3.8234647E-02
   7357.049      3.7015621E-02
   7360.348      3.5834182E-02
   7363.647      3.4693249E-02
   7366.947      3.3595655E-02
   7370.246      3.2543812E-02
   7373.546      3.1539153E-02
   7376.845      3.0582754E-02
   7380.145      2.9674744E-02
   7383.445      2.8814133E-02
   7386.745      2.7999150E-02
   7390.044      2.7227063E-02
   7393.344      2.6494864E-02
   7396.644      2.5799319E-02
   7399.944      2.5136784E-02
   7403.245      2.4504377E-02
   7406.545      2.3899231E-02
   7409.845      2.3318823E-02
   7413.146      2.2761151E-02
   7416.446      2.2224130E-02
   7419.747      2.1705965E-02
   7423.047      2.1204999E-02
   7426.348      2.0719735E-02
   7429.648      2.0248204E-02
   7432.949      1.9788945E-02
   7436.250      1.9340657E-02
   7439.551      1.8902931E-02
   7442.852      1.8476542E-02
   7446.153      1.8063318E-02
   7449.455      1.7666288E-02
   7452.756      1.7289232E-02
   7456.058      1.6935540E-02
   7459.359      1.6608497E-02
   7462.660      1.6309485E-02
   7465.962      1.6038742E-02
   7469.264      1.5794253E-02
   7472.565      1.5571938E-02
   7475.867      1.5366292E-02
   7479.169      1.5170595E-02
   7482.471      1.4978147E-02
   7485.773      1.4782716E-02
   7489.075      1.4579717E-02
   7492.377      1.4366808E-02
   7495.680      1.4143971E-02
   7498.982      1.3912964E-02
   7502.285      1.3677530E-02
   7505.587      1.3441623E-02
   7508.890      1.3209519E-02
   7512.192      1.2984872E-02
   7515.495      1.2770268E-02
   7518.798      1.2567355E-02
   7522.101      1.2376067E-02
   7525.404      1.2195453E-02
   7528.707      1.2023602E-02
   7532.010      1.1858308E-02
   7535.313      1.1696984E-02
   7538.616      1.1537540E-02
   7541.920      1.1377569E-02
   7545.223      1.1215800E-02
   7548.527      1.1051537E-02
   7551.831      1.0884832E-02
   7555.134      1.0716786E-02
   7558.438      1.0549583E-02
   7561.742      1.0385582E-02
   7565.045      1.0227950E-02
   7568.350      1.0079515E-02
   7571.653      9.9422587E-03
   7574.958      9.8171728E-03
   7578.262      9.7034043E-03
   7581.566      9.5984237E-03
   7584.871      9.4981520E-03
   7588.175      9.3976399E-03
   7591.479      9.2912912E-03
   7594.784      9.1742650E-03
   7598.089      9.0433294E-03
   7601.394      8.8978643E-03
   7604.698      8.7397993E-03
   7608.003      8.5732676E-03
   7611.308      8.4044477E-03
   7614.613      8.2399594E-03
   7617.918      8.0858199E-03
   7621.223      7.9464316E-03
   7624.529      7.8248223E-03
   7627.834      7.7211428E-03
   7631.140      7.6340409E-03
   7634.445      7.5603887E-03
   7637.750      7.4967295E-03
   7641.056      7.4389358E-03
   7644.362      7.3834751E-03
   7647.667      7.3271082E-03
   7650.973      7.2677117E-03
   7654.279      7.2042281E-03
   7657.585      7.1366313E-03
   7660.892      7.0659462E-03
   7664.198      6.9941436E-03
   7667.504      6.9230911E-03
   7670.810      6.8550864E-03
   7674.117      6.7923861E-03
   7677.423      6.7364881E-03
   7680.730      6.6882158E-03
   7684.036      6.6474085E-03
   7687.343      6.6131544E-03
   7690.650      6.5836590E-03
   7693.957      6.5568238E-03
   7697.264      6.5294346E-03
   7700.571      6.4985119E-03
   7703.878      6.4616501E-03
   7707.185      6.4168377E-03
   7710.492      6.3634012E-03
   7713.799      6.3015427E-03
   7717.107      6.2326626E-03
   7720.415      6.1588348E-03
   7723.722      6.0825185E-03
   7727.030      6.0057025E-03
   7730.337      5.9306286E-03
   7733.645      5.8590211E-03
   7736.953      5.7922294E-03
   7740.261      5.7311133E-03
   7743.569      5.6765759E-03
   7746.877      5.6285961E-03
   7750.185      5.5867019E-03
   7753.493      5.5496697E-03
   7756.802      5.5156439E-03
   7760.110      5.4828352E-03
   7763.418      5.4488056E-03
   7766.727      5.4119625E-03
   7770.036      5.3712577E-03
   7773.344      5.3259311E-03
   7776.653      5.2764527E-03
   7779.962      5.2244314E-03
   7783.271      5.1731872E-03
   7786.580      5.1262835E-03
   7789.889      5.0874110E-03
   7793.198      5.0594280E-03
   7796.507      5.0437162E-03
   7799.816      5.0393576E-03
   7803.126      5.0428542E-03
   7806.436      5.0486093E-03
   7809.745      5.0504138E-03
   7813.055      5.0416584E-03
   7816.364      5.0169290E-03
   7819.674      4.9729785E-03
   7822.984      4.9094008E-03
   7826.293      4.8284116E-03
   7829.604      4.7349967E-03
   7832.914      4.6357554E-03
   7836.224      4.5377244E-03
   7839.534      4.4477386E-03
   7842.844      4.3709842E-03
   7846.155      4.3101790E-03
   7849.465      4.2657959E-03
   7852.776      4.2356015E-03
   7856.086      4.2154859E-03
   7859.397      4.2003090E-03
   7862.708      4.1842801E-03
   7866.019      4.1631707E-03
   7869.330      4.1335206E-03
   7872.640      4.0945942E-03
   7875.952      4.0476909E-03
   7879.263      3.9955126E-03
   7882.574      3.9421339E-03
   7885.885      3.8917798E-03
   7889.196      3.8487213E-03
   7892.508      3.8162479E-03
   7895.819      3.7966121E-03
   7899.131      3.7907085E-03
   7902.443      3.7986753E-03
   7905.754      3.8192591E-03
   7909.066      3.8501213E-03
   7912.378      3.8879218E-03
   7915.690      3.9286138E-03
   7919.002      3.9673238E-03
   7922.314      3.9986293E-03
   7925.626      4.0173428E-03
   7928.939      4.0191226E-03
   7932.251      4.0013944E-03
   7935.563      3.9635901E-03
   7938.876      3.9075152E-03
   7942.188      3.8369170E-03
   7945.501      3.7570067E-03
   7948.814      3.6733539E-03
   7952.126      3.5908394E-03
   7955.439      3.5139413E-03
   7958.752      3.4462409E-03
   7962.066      3.3898391E-03
   7965.379      3.3465012E-03
   7968.692      3.3169382E-03
   7972.005      3.3003257E-03
   7975.318      3.2950253E-03
   7978.632      3.2983825E-03
   7981.945      3.3073921E-03
   7985.259      3.3190225E-03
   7988.573      3.3311762E-03
   7991.886      3.3430310E-03
   7995.200      3.3550791E-03
   7998.514      3.3683379E-03
   8001.828      3.3837068E-03
   8005.142      3.4015162E-03
   8008.456      3.4207869E-03
   8011.771      3.4395216E-03
   8015.084      3.4559690E-03
   8018.399      3.4685249E-03
   8021.713      3.4763187E-03
   8025.028      3.4796384E-03
   8028.342      3.4791394E-03
   8031.657      3.4754006E-03
   8034.972      3.4686043E-03
   8038.287      3.4583989E-03
   8041.602      3.4441156E-03
   8044.917      3.4251586E-03
   8048.231      3.4018476E-03
   8051.546      3.3749193E-03
   8054.861      3.3459228E-03
   8058.177      3.3161961E-03
   8061.492      3.2869847E-03
   8064.808      3.2591755E-03
   8068.123      3.2326637E-03
   8071.438      3.2063520E-03
   8074.754      3.1788403E-03
   8078.070      3.1479229E-03
   8081.386      3.1118866E-03
   8084.702      3.0694362E-03
   8088.018      3.0204656E-03
   8091.333      2.9660533E-03
   8094.649      2.9087549E-03
   8097.966      2.8520753E-03
   8101.282      2.7997633E-03
   8104.598      2.7554710E-03
   8107.915      3.0752197E-03
   8111.231      3.0368753E-03
   8114.547      2.9985271E-03
   8117.864      2.9601790E-03
   8121.181      2.9218346E-03
   8124.498      2.8834864E-03
   8127.814      2.8451383E-03
   8131.131      2.8067939E-03
   8134.448      2.7684458E-03
   8137.766      2.7300976E-03
   8141.083      2.6917532E-03
   8144.400      2.6534051E-03
   8147.717      2.6150569E-03
   8151.035      2.5767125E-03
   8154.352      2.5383644E-03
   8157.669      2.5000162E-03
   8160.987      2.4616718E-03
   8164.305      2.4233237E-03
