   6221.750      2.4503100E-04
   6222.615      2.4539934E-04
   6223.480      2.4583656E-04
   6224.346      2.4632874E-04
   6225.210      2.4686000E-04
   6226.076      2.4741606E-04
   6226.940      2.4798623E-04
   6227.806      2.4856371E-04
   6228.671      2.4914433E-04
   6229.536      2.4972623E-04
   6230.401      2.5030860E-04
   6231.266      2.5089123E-04
   6232.131      2.5147377E-04
   6232.996      2.5205631E-04
   6233.861      2.5263889E-04
   6234.726      2.5322146E-04
   6235.591      2.5380403E-04
   6236.456      2.5438654E-04
   6237.321      2.5496914E-04
   6238.187      2.5555174E-04
   6239.051      2.5613428E-04
   6239.917      2.5671683E-04
   6240.781      2.5729937E-04
   6241.646      2.5788197E-04
   6242.512      2.5846448E-04
   6243.376      2.5904708E-04
   6244.242      2.5962968E-04
   6245.106      2.6021223E-04
   6245.972      2.6079477E-04
   6246.837      2.6137734E-04
   6247.702      2.6195988E-04
   6248.567      2.6254248E-04
   6249.432      2.6312508E-04
   6250.297      2.6370760E-04
   6251.162      2.6429011E-04
   6252.027      2.6487274E-04
   6252.892      2.6545528E-04
   6253.757      2.6603788E-04
   6254.622      2.6662037E-04
   6255.487      2.6720297E-04
   6256.352      2.6778554E-04
   6257.217      2.6836808E-04
   6258.082      2.6895062E-04
   6258.947      2.6953325E-04
   6259.812      2.7011582E-04
   6260.677      2.7069834E-04
   6261.542      2.7128091E-04
   6262.407      2.7186351E-04
   6263.272      2.7244602E-04
   6264.137      2.7302862E-04
   6265.002      2.7361116E-04
   6265.867      2.7419376E-04
   6266.732      2.7477631E-04
   6267.597      2.7535888E-04
   6268.462      2.7594145E-04
   6269.327      2.7652402E-04
   6270.192      2.7710653E-04
   6271.057      2.7768908E-04
   6271.922      2.7827171E-04
   6272.787      2.7885425E-04
   6273.652      2.7943679E-04
   6274.517      2.8001930E-04
   6275.382      2.8060187E-04
   6276.247      2.8118448E-04
   6277.112      2.8176705E-04
   6277.977      2.8234962E-04
   6278.842      2.8293219E-04
   6279.707      2.8351476E-04
   6280.572      2.8409733E-04
   6281.437      2.8467993E-04
   6282.302      2.8526242E-04
   6283.167      2.8584502E-04
   6284.032      2.8642759E-04
   6284.897      2.8701010E-04
   6285.762      2.8759267E-04
   6286.627      2.8817524E-04
   6287.492      2.8875782E-04
   6288.357      2.8934039E-04
   6289.222      2.8992287E-04
   6290.087      2.9050544E-04
   6290.952      2.9108807E-04
   6291.817      2.9167067E-04
   6292.682      2.9225321E-04
   6293.547      2.9283582E-04
   6294.412      2.9341833E-04
   6295.277      2.9400093E-04
   6296.142      2.9458347E-04
   6297.007      2.9516604E-04
   6297.872      2.9574858E-04
   6298.737      2.9633113E-04
   6299.602      2.9691367E-04
   6300.467      2.9749630E-04
   6301.332      2.9807881E-04
   6302.197      2.9866133E-04
   6303.062      2.9924393E-04
   6303.927      2.9982647E-04
   6304.792      3.0040904E-04
   6305.656      3.0099164E-04
   6306.521      3.0157421E-04
   6307.386      3.0215672E-04
   6308.251      3.0273935E-04
   6309.116      3.0332187E-04
   6309.981      3.0390450E-04
   6310.846      3.0448701E-04
   6311.711      3.0506958E-04
   6312.576      3.0565215E-04
   6313.441      3.0623467E-04
   6314.306      3.0681727E-04
   6315.171      3.0739981E-04
   6316.036      3.0798241E-04
   6316.901      3.0856492E-04
   6317.766      3.0914749E-04
   6318.631      3.0973009E-04
   6319.496      3.1031269E-04
   6320.361      3.1089521E-04
   6321.226      3.1147772E-04
   6322.090      3.1206035E-04
   6322.956      3.1264286E-04
   6323.820      3.1322546E-04
   6324.686      3.1380804E-04
   6325.550      3.1439064E-04
   6326.415      3.1497312E-04
   6327.280      3.1555569E-04
   6328.145      3.1613829E-04
   6329.010      3.1672086E-04
   6329.875      3.1730341E-04
   6330.740      3.1788592E-04
   6331.605      3.1846852E-04
   6332.470      3.1905112E-04
   6333.334      3.1963366E-04
   6334.200      3.2021620E-04
   6335.064      3.2079878E-04
   6335.930      3.2138135E-04
   6336.794      3.2196392E-04
   6337.659      3.2254652E-04
   6338.524      3.2312900E-04
   6339.389      3.2371160E-04
   6340.254      3.2429417E-04
   6341.119      3.2487672E-04
   6341.984      3.2545926E-04
   6342.849      3.2604186E-04
   6343.714      3.2662440E-04
   6344.579      3.2720700E-04
   6345.443      3.2778952E-04
   6346.309      3.2837209E-04
   6347.173      3.2895472E-04
   6348.038      3.2953723E-04
   6348.903      3.3011980E-04
   6349.768      3.3070234E-04
   6350.633      3.3128491E-04
   6351.498      3.3186746E-04
   6352.363      3.3245003E-04
   6353.228      3.3303257E-04
   6354.093      3.3361520E-04
   6354.958      3.3419766E-04
   6355.822      3.3478023E-04
   6356.688      3.3536289E-04
   6357.552      3.3594540E-04
   6358.417      3.3652800E-04
   6359.282      3.3711051E-04
   6360.147      3.3769314E-04
   6361.012      3.3827568E-04
   6361.877      3.3885828E-04
   6362.742      3.3944080E-04
   6363.606      3.4002340E-04
   6364.472      3.4060591E-04
   6365.336      3.4118845E-04
   6366.201      3.4177105E-04
   6367.066      3.4235363E-04
   6367.931      3.4293614E-04
   6368.796      3.4351871E-04
   6369.661      3.4410131E-04
   6370.526      3.4468385E-04
   6371.391      3.4526640E-04
   6372.255      3.4584905E-04
   6373.120      3.4643157E-04
   6373.985      3.4701417E-04
   6374.850      3.4759668E-04
   6375.715      3.4817928E-04
   6376.580      3.4876179E-04
   6377.445      3.4934439E-04
   6378.310      3.4992691E-04
   6379.174      3.5050948E-04
   6380.040      3.5109202E-04
   6380.904      3.5167465E-04
   6381.769      3.5225719E-04
   6382.634      3.5283974E-04
   6383.499      3.5342228E-04
   6384.364      3.5400488E-04
   6385.229      3.5458748E-04
   6386.093      3.5517002E-04
   6386.958      3.5575253E-04
   6387.823      3.5633513E-04
   6388.688      3.5691774E-04
   6389.553      3.5750025E-04
   6390.417      3.5808285E-04
   6391.283      3.5866539E-04
   6392.147      3.5924796E-04
   6393.012      3.5983050E-04
   6393.877      3.6041308E-04
   6394.742      3.6099565E-04
   6395.607      3.6157819E-04
   6396.472      3.6216073E-04
   6397.336      3.6274327E-04
   6398.201      3.6332587E-04
   6399.066      3.6390845E-04
   6399.931      3.6449099E-04
   6400.796      3.6507359E-04
   6401.661      3.6565613E-04
   6402.526      3.6623867E-04
   6403.391      3.6682122E-04
   6404.255      3.6740382E-04
   6405.120      3.6798645E-04
   6405.985      3.6856899E-04
   6406.850      3.6915153E-04
   6407.715      3.6973407E-04
   6408.580      3.7031667E-04
   6409.444      3.7089919E-04
   6410.309      3.7148179E-04
   6411.174      3.7206433E-04
   6412.039      3.7264690E-04
   6412.904      3.7322944E-04
   6413.769      3.7381204E-04
   6414.633      3.7439456E-04
   6415.498      3.7497716E-04
   6416.363      3.7555973E-04
   6417.228      3.7614233E-04
   6418.093      3.7672481E-04
   6418.958      3.7730741E-04
   6419.822      3.7788996E-04
   6420.687      3.7847256E-04
   6421.552      3.7905504E-04
   6422.417      3.7963770E-04
   6423.282      3.8022021E-04
   6424.146      3.8080278E-04
   6425.011      3.8138533E-04
   6425.876      3.8196796E-04
   6426.741      3.8255050E-04
   6427.606      3.8313304E-04
   6428.471      3.8371558E-04
   6429.335      3.8429818E-04
   6430.200      3.8488072E-04
   6431.065      3.8546324E-04
   6431.930      3.8604587E-04
   6432.794      3.8662844E-04
   6433.659      3.8721095E-04
   6434.524      3.8779355E-04
   6435.389      3.8837607E-04
   6436.254      3.8895867E-04
   6437.119      3.8954127E-04
   6437.983      3.9012381E-04
   6438.848      3.9070638E-04
   6439.713      3.9128892E-04
   6440.578      3.9187149E-04
   6441.443      3.9245404E-04
   6442.308      3.9303667E-04
   6443.172      3.9361915E-04
   6444.037      3.9420172E-04
   6444.902      3.9478429E-04
   6445.767      3.9536686E-04
   6446.631      3.9594944E-04
   6447.496      3.9653198E-04
   6448.361      3.9711449E-04
   6449.226      3.9769709E-04
   6450.091      3.9827966E-04
   6450.956      3.9886220E-04
   6451.820      3.9944483E-04
   6452.685      4.0002738E-04
   6453.550      4.0060995E-04
   6454.415      4.0119878E-04
   6455.279      4.0180131E-04
   6456.144      4.0221290E-04
   6457.009      4.0293450E-04
   6457.874      4.0353628E-04
   6458.738      4.0480835E-04
   6459.603      4.0744359E-04
   6460.468      4.1492327E-04
   6461.333      4.3272646E-04
   6462.198      4.6994831E-04
   6463.063      5.4029602E-04
   6463.927      6.6089060E-04
   6464.792      8.4777200E-04
   6465.657      1.1118406E-03
   6466.521      1.4492800E-03
   6467.386      1.8369338E-03
   6468.251      2.2257871E-03
   6469.116      2.5528481E-03
   6469.980      2.7576028E-03
   6470.845      2.8041345E-03
   6471.710      2.6975104E-03
   6472.575      2.4808873E-03
   6473.439      2.2194963E-03
   6474.304      1.9778188E-03
   6475.169      1.8041785E-03
   6476.034      1.7228090E-03
   6476.898      1.7355508E-03
   6477.763      1.8240536E-03
   6478.628      1.9562014E-03
   6479.493      2.0919058E-03
   6480.357      2.1962391E-03
   6481.222      2.2479361E-03
   6482.087      2.2441733E-03
   6482.952      2.1974740E-03
   6483.816      2.1313864E-03
   6484.681      2.0676046E-03
   6485.546      2.0254417E-03
   6486.411      2.0134004E-03
   6487.275      2.0309342E-03
   6488.140      2.0633764E-03
   6489.005      2.0888087E-03
   6489.870      2.0861891E-03
   6490.734      2.0417857E-03
   6491.599      1.9578857E-03
   6492.464      1.8498317E-03
   6493.329      1.7421091E-03
   6494.193      1.6581041E-03
   6495.058      1.6140201E-03
   6495.923      1.6123044E-03
   6496.788      1.6412962E-03
   6497.652      1.6817234E-03
   6498.517      1.7168092E-03
   6499.382      1.7418844E-03
   6500.247      1.7690343E-03
   6501.111      1.8230393E-03
   6501.976      1.9282171E-03
   6502.841      2.0929151E-03
   6503.706      2.3062311E-03
   6504.570      2.5377716E-03
   6505.435      2.7523423E-03
   6506.300      2.9209044E-03
   6507.165      3.0282463E-03
   6508.029      3.0747012E-03
   6508.894      3.0698946E-03
   6509.758      3.0289479E-03
   6510.623      2.9649977E-03
   6511.488      2.8904655E-03
   6512.353      2.8141707E-03
   6513.217      2.7476710E-03
   6514.082      2.7062707E-03
   6514.947      2.7081671E-03
   6515.812      2.7684751E-03
   6516.676      2.8910304E-03
   6517.541      3.0590417E-03
   6518.406      3.2379436E-03
   6519.271      3.3802278E-03
   6520.135      3.4423349E-03
   6521.000      3.3980794E-03
   6521.864      3.2452813E-03
   6522.729      3.0053786E-03
   6523.594      2.7172379E-03
   6524.458      2.4274713E-03
   6525.323      2.1815377E-03
   6526.188      2.0144351E-03
   6527.053      1.9428317E-03
   6527.917      1.9645619E-03
   6528.782      2.0617170E-03
   6529.647      2.2068562E-03
   6530.511      2.3673642E-03
   6531.376      2.5160625E-03
   6532.241      2.6320105E-03
   6533.105      2.7070921E-03
   6533.970      2.7444831E-03
   6534.835      2.7498410E-03
   6535.700      2.7265544E-03
   6536.564      2.6760863E-03
   6537.429      2.6044638E-03
   6538.293      2.5264961E-03
   6539.158      2.4610581E-03
   6540.023      2.4213688E-03
   6540.888      2.4120491E-03
   6541.752      2.4285496E-03
   6542.617      2.4695960E-03
   6543.482      2.5427833E-03
   6544.346      2.6616277E-03
   6545.211      2.8359015E-03
   6546.076      3.0606168E-03
   6546.940      3.3092853E-03
   6547.805      3.5390416E-03
   6548.670      3.7040554E-03
   6549.534      3.7753044E-03
   6550.399      3.7481575E-03
   6551.264      3.6451565E-03
   6552.128      3.5022623E-03
   6552.993      3.3567268E-03
   6553.858      3.2378261E-03
   6554.722      3.1620308E-03
   6555.587      3.1337230E-03
   6556.452      3.1431129E-03
   6557.316      3.1689373E-03
   6558.181      3.1837525E-03
   6559.046      3.1650728E-03
   6559.910      3.1037459E-03
   6560.775      3.0110190E-03
   6561.640      2.9131123E-03
   6562.504      2.8414021E-03
   6563.369      2.8254408E-03
   6564.234      2.8819416E-03
   6565.098      3.0090474E-03
   6565.963      3.1876531E-03
   6566.828      3.3833315E-03
   6567.692      3.5584217E-03
   6568.557      3.6824364E-03
   6569.421      3.7430273E-03
   6570.286      3.7469533E-03
   6571.151      3.7170986E-03
   6572.016      3.6812450E-03
   6572.880      3.6644915E-03
   6573.745      3.6845291E-03
   6574.609      3.7484965E-03
   6575.474      3.8581507E-03
   6576.339      4.0096818E-03
   6577.203      4.1916994E-03
   6578.068      4.3854453E-03
   6578.933      4.5642890E-03
   6579.797      4.7024577E-03
   6580.662      4.7829798E-03
   6581.526      4.8088636E-03
   6582.391      4.8019965E-03
   6583.256      4.8010722E-03
   6584.120      4.8469729E-03
   6584.985      4.9692336E-03
   6585.850      5.1755174E-03
   6586.714      5.4488890E-03
   6587.579      5.7552583E-03
   6588.443      6.0563330E-03
   6589.308      6.3157002E-03
   6590.173      6.5069622E-03
   6591.037      6.6130273E-03
   6591.902      6.6284132E-03
   6592.767      6.5613994E-03
   6593.631      6.4421799E-03
   6594.496      6.3125635E-03
   6595.360      6.2195938E-03
   6596.225      6.1990907E-03
   6597.090      6.2641446E-03
   6597.954      6.4038415E-03
   6598.819      6.5908520E-03
   6599.684      6.7938482E-03
   6600.548      6.9872523E-03
   6601.413      7.1542235E-03
   6602.277      7.2886930E-03
   6603.142      7.3945522E-03
   6604.006      7.4881506E-03
   6604.871      7.5936024E-03
   6605.736      7.7300207E-03
   6606.600      7.8988541E-03
   6607.465      8.0790911E-03
   6608.330      8.2391305E-03
   6609.194      8.3526233E-03
   6610.059      8.4172329E-03
   6610.923      8.4554628E-03
   6611.788      8.5057886E-03
   6612.652      8.6048814E-03
   6613.517      8.7774359E-03
   6614.382      9.0258587E-03
   6615.246      9.3310932E-03
   6616.111      9.6620284E-03
   6616.976      9.9839494E-03
   6617.840      1.0266894E-02
   6618.705      1.0490586E-02
   6619.569      1.0642698E-02
   6620.434      1.0720502E-02
   6621.298      1.0725234E-02
   6622.163      1.0663911E-02
   6623.027      1.0551916E-02
   6623.892      1.0421289E-02
   6624.757      1.0319820E-02
   6625.621      1.0303061E-02
   6626.486      1.0415060E-02
   6627.351      1.0665034E-02
   6628.215      1.1020008E-02
   6629.080      1.1412829E-02
   6629.944      1.1768879E-02
   6630.809      1.2037355E-02
   6631.673      1.2208761E-02
   6632.538      1.2318008E-02
   6633.402      1.2429515E-02
   6634.267      1.2612104E-02
   6635.132      1.2914050E-02
   6635.996      1.3346922E-02
   6636.861      1.3885240E-02
   6637.725      1.4479380E-02
   6638.590      1.5077055E-02
   6639.455      1.5637927E-02
   6640.319      1.6139321E-02
   6641.184      1.6572742E-02
   6642.048      1.6937075E-02
   6642.913      1.7237615E-02
   6643.777      1.7487437E-02
   6644.642      1.7707273E-02
   6645.506      1.7922563E-02
   6646.371      1.8159745E-02
   6647.235      1.8441617E-02
   6648.100      1.8784279E-02
   6648.964      1.9193333E-02
   6649.829      1.9658417E-02
   6650.694      2.0152813E-02
   6651.558      2.0637933E-02
   6652.423      2.1075374E-02
   6653.287      2.1445664E-02
   6654.152      2.1762148E-02
   6655.016      2.2072336E-02
   6655.881      2.2441164E-02
   6656.746      2.2923559E-02
   6657.610      2.3539409E-02
   6658.475      2.4267608E-02
   6659.339      2.5056221E-02
   6660.204      2.5846390E-02
   6661.068      2.6596203E-02
   6661.933      2.7293898E-02
   6662.797      2.7956218E-02
   6663.662      2.8616177E-02
   6664.526      2.9309807E-02
   6665.391      3.0066302E-02
   6666.255      3.0901911E-02
   6667.120      3.1820253E-02
   6667.984      3.2809757E-02
   6668.849      3.3847582E-02
   6669.713      3.4905680E-02
   6670.578      3.5956360E-02
   6671.442      3.6982384E-02
   6672.307      3.7981328E-02
   6673.171      3.8968768E-02
   6674.036      3.9978266E-02
   6674.900      4.1054491E-02
   6675.765      4.2242140E-02
   6676.629      4.3568715E-02
   6677.494      4.5036219E-02
   6678.359      4.6625908E-02
   6679.223      4.8305977E-02
   6680.088      5.0045017E-02
   6680.952      5.1816173E-02
   6681.817      5.3600129E-02
   6682.681      5.5392887E-02
   6683.546      5.7210300E-02
   6684.410      5.9087805E-02
   6685.275      6.1071850E-02
   6686.139      6.3203961E-02
   6687.004      6.5509476E-02
   6687.868      6.7997910E-02
   6688.733      7.0662104E-02
   6689.597      7.3484294E-02
   6690.462      7.6436736E-02
   6691.326      7.9487525E-02
   6692.191      8.2614742E-02
   6693.055      8.5815817E-02
   6693.920      8.9115061E-02
   6694.784      9.2550121E-02
   6695.649      9.6158139E-02
   6696.513      9.9961586E-02
   6697.378      0.1039679    
   6698.242      0.1081769    
   6699.107      0.1125858    
   6699.971      0.1171957    
   6700.835      0.1220079    
   6701.700      0.1270250    
   6702.564      0.1322562    
   6703.429      0.1377240    
   6704.293      0.1434698    
   6705.158      0.1495467    
   6706.022      0.1560035    
   6706.887      0.1628587    
   6707.751      0.1700859    
   6708.616      0.1776115    
   6709.480      0.1853408    
   6710.345      0.1931976    
   6711.209      0.2011518    
   6712.074      0.2092361    
   6712.938      0.2175237    
   6713.803      0.2261000    
   6714.667      0.2350305    
   6715.532      0.2443388    
   6716.396      0.2540054    
   6717.261      0.2639818    
   6718.125      0.2742206    
   6718.990      0.2846961    
   6719.854      0.2954211    
   6720.719      0.3064317    
   6721.583      0.3177657    
   6722.448      0.3294283    
   6723.312      0.3413913    
   6724.176      0.3536143    
   6725.041      0.3660789    
   6725.905      0.3787999    
   6726.770      0.3918036    
   6727.634      0.4050914    
   6728.499      0.4186098    
   6729.363      0.4322596    
   6730.228      0.4459443    
   6731.092      0.4596108    
   6731.957      0.4732695    
   6732.821      0.4869699    
   6733.686      0.5007494    
   6734.550      0.5146059    
   6735.415      0.5284792    
   6736.279      0.5422767    
   6737.143      0.5558969    
   6738.008      0.5692499    
   6738.872      0.5822590    
   6739.737      0.5948519    
   6740.601      0.6069553    
   6741.465      0.6185046    
   6742.330      0.6294549    
   6743.194      0.6397948    
   6744.059      0.6495399    
   6744.923      0.6587290    
   6745.788      0.6674111    
   6746.652      0.6756279    
   6747.517      0.6834013    
   6748.381      0.6907253    
   6749.246      0.6975628    
   6750.110      0.7038725    
   6750.974      0.7096245    
   6751.839      0.7148221    
   6752.703      0.7195023    
   6753.567      0.7237226    
   6754.432      0.7275516    
   6755.296      0.7310538    
   6756.161      0.7342842    
   6757.025      0.7372842    
   6757.890      0.7400741    
   6758.754      0.7426587    
   6759.619      0.7450210    
   6760.483      0.7471417    
   6761.347      0.7490062    
   6762.212      0.7506034    
   6763.076      0.7519286    
   6763.940      0.7529762    
   6764.805      0.7537645    
   6765.669      0.7543420    
   6766.534      0.7547933    
   6767.398      0.7552022    
   6768.263      0.7556294    
   6769.127      0.7560881    
   6769.991      0.7565516    
   6770.856      0.7569731    
   6771.720      0.7573071    
   6772.584      0.7575153    
   6773.449      0.7575780    
   6774.313      0.7575057    
   6775.178      0.7573522    
   6776.042      0.7572128    
   6776.907      0.7571911    
   6777.771      0.7573524    
   6778.635      0.7576896    
   6779.500      0.7581109    
   6780.364      0.7584767    
   6781.229      0.7586571    
   6782.093      0.7585684    
   6782.958      0.7582096    
   6783.822      0.7576552    
   6784.686      0.7570423    
   6785.551      0.7565302    
   6786.415      0.7562524    
   6787.279      0.7562677    
   6788.144      0.7565498    
   6789.008      0.7570044    
   6789.873      0.7575111    
   6790.737      0.7579702    
   6791.601      0.7583278    
   6792.466      0.7585883    
   6793.330      0.7587971    
   6794.194      0.7590238    
   6795.059      0.7593291    
   6795.923      0.7597499    
   6796.788      0.7602793    
   6797.652      0.7608823    
   6798.516      0.7615106    
   6799.380      0.7621148    
   6800.245      0.7626464    
   6801.109      0.7630663    
   6801.974      0.7633427    
   6802.838      0.7634797    
   6803.703      0.7635157    
   6804.567      0.7635170    
   6805.431      0.7635466    
   6806.295      0.7636365    
   6807.160      0.7637844    
   6808.024      0.7639787    
   6808.889      0.7642096    
   6809.753      0.7644778    
   6810.617      0.7647781    
   6811.482      0.7650828    
   6812.346      0.7653460    
   6813.210      0.7655125    
   6814.075      0.7655378    
   6814.939      0.7653978    
   6815.803      0.7651103    
   6816.668      0.7647270    
   6817.532      0.7643296    
   6818.396      0.7639871    
   6819.261      0.7637308    
   6820.125      0.7635247    
   6820.990      0.7632802    
   6821.854      0.7628809    
   6822.718      0.7622436    
   6823.583      0.7613423    
   6824.447      0.7602357    
   6825.311      0.7590432    
   6826.176      0.7579131    
   6827.040      0.7569809    
   6827.904      0.7563394    
   6828.769      0.7560287    
   6829.633      0.7560372    
   6830.497      0.7563134    
   6831.362      0.7568064    
   6832.226      0.7574807    
   6833.090      0.7583219    
   6833.955      0.7593218    
   6834.819      0.7604436    
   6835.683      0.7616186    
   6836.547      0.7627618    
   6837.412      0.7638024    
   6838.276      0.7646923    
   6839.141      0.7654209    
   6840.005      0.7659997    
   6840.869      0.7664605    
   6841.733      0.7668598    
   6842.598      0.7672805    
   6843.462      0.7678140    
   6844.327      0.7685382    
   6845.191      0.7694827    
   6846.055      0.7706090    
   6846.919      0.7718288    
   6847.784      0.7730225    
   6848.648      0.7740977    
   6849.512      0.7750146    
   6850.376      0.7757969    
   6851.241      0.7765160    
   6852.105      0.7772536    
   6852.970      0.7780661    
   6853.834      0.7789602    
   6854.698      0.7798966    
   6855.563      0.7808126    
   6856.427      0.7816538    
   6857.291      0.7823944    
   6858.155      0.7830397    
   6859.020      0.7836164    
   6859.884      0.7841504    
   6860.749      0.7846550    
   6861.613      0.7851398    
   6862.477      0.7856125    
   6863.341      0.7860812    
   6864.206      0.7865472    
   6865.070      0.7869928    
   6865.934      0.7873650    
   6866.798      0.7875842    
   6867.663      0.7875376    
   6868.527      0.7871161    
   6869.391      0.7862326    
   6870.255      0.7848520    
   6871.120      0.7830027    
   6871.984      0.7807518    
   6872.848      0.7781793    
   6873.712      0.7753261    
   6874.577      0.7721850    
   6875.441      0.7686909    
   6876.306      0.7647437    
   6877.170      0.7602329    
   6878.034      0.7550808    
   6878.898      0.7492593    
   6879.763      0.7427865    
   6880.627      0.7357084    
   6881.491      0.7280617    
   6882.355      0.7198590    
   6883.220      0.7110872    
   6884.084      0.7017276    
   6884.948      0.6917761    
   6885.813      0.6812449    
   6886.677      0.6701707    
   6887.541      0.6585963    
   6888.405      0.6465654    
   6889.270      0.6341136    
   6890.134      0.6212537    
   6890.998      0.6079926    
   6891.862      0.5943377    
   6892.727      0.5803261    
   6893.591      0.5660293    
   6894.455      0.5515553    
   6895.319      0.5370257    
   6896.184      0.5225503    
   6897.048      0.5081990    
   6897.912      0.4939955    
   6898.776      0.4799228    
   6899.641      0.4659440    
   6900.505      0.4520336    
   6901.369      0.4381919    
   6902.233      0.4244490    
   6903.098      0.4108524    
   6903.962      0.3974467    
   6904.826      0.3842652    
   6905.690      0.3713231    
   6906.555      0.3586206    
   6907.419      0.3461502    
   6908.283      0.3338974    
   6909.147      0.3218547    
   6910.012      0.3100257    
   6910.876      0.2984318    
   6911.740      0.2871054    
   6912.604      0.2760828    
   6913.468      0.2653923    
   6914.333      0.2550476    
   6915.197      0.2450495    
   6916.061      0.2353890    
   6916.925      0.2260539    
   6917.790      0.2170300    
   6918.654      0.2083054    
   6919.518      0.1998702    
   6920.382      0.1917189    
   6921.247      0.1838522    
   6922.111      0.1762771    
   6922.975      0.1690079    
   6923.839      0.1620540    
   6924.704      0.1554153    
   6925.567      0.1490835    
   6926.432      0.1430424    
   6927.296      0.1372805    
   6928.160      0.1317947    
   6929.024      0.1265893    
   6929.889      0.1216657    
   6930.753      0.1170088    
   6931.617      0.1125824    
   6932.481      0.1083393    
   6933.346      0.1042385    
   6934.210      0.1002590    
   6935.074      9.6405655E-02
   6935.938      9.2698537E-02
   6936.802      8.9160286E-02
   6937.667      8.5804112E-02
   6938.531      8.2632177E-02
   6939.395      7.9637900E-02
   6940.259      7.6805629E-02
   6941.124      7.4111275E-02
   6941.988      7.1528479E-02
   6942.852      6.9036461E-02
   6943.716      6.6627026E-02
   6944.580      6.4305298E-02
   6945.444      6.2086698E-02
   6946.309      5.9986748E-02
   6947.173      5.8009163E-02
   6948.037      5.6144677E-02
   6948.901      5.4372106E-02
   6949.765      5.2669272E-02
   6950.629      5.1024683E-02
   6951.494      4.9440797E-02
   6952.358      4.7930520E-02
   6953.222      4.6506383E-02
   6954.086      4.5170691E-02
   6954.950      4.3916661E-02
   6955.814      4.2734422E-02
   6956.679      4.1616473E-02
   6957.543      4.0557433E-02
   6958.407      3.9542764E-02
   6959.271      3.8548529E-02
   6960.136      3.7542474E-02
   6961.000      3.6496740E-02
   6961.864      3.5404112E-02
   6962.728      3.4281485E-02
   6963.592      3.3163168E-02
   6964.457      3.2086067E-02
   6965.321      3.1075031E-02
   6966.185      3.0135868E-02
   6967.049      2.9258801E-02
   6967.913      2.8428955E-02
   6968.777      2.7635513E-02
   6969.642      2.6878271E-02
   6970.505      2.6164537E-02
   6971.370      2.5502840E-02
   6972.234      2.4895463E-02
   6973.098      2.4338214E-02
   6973.962      2.3817712E-02
   6974.826      2.3316542E-02
   6975.690      2.2816006E-02
   6976.555      2.2303982E-02
   6977.419      2.1781154E-02
   6978.283      2.1259949E-02
   6979.147      2.0758100E-02
   6980.011      2.0288363E-02
   6980.875      1.9851821E-02
   6981.740      1.9439401E-02
   6982.604      1.9037241E-02
   6983.468      1.8633006E-02
   6984.332      1.8217944E-02
   6985.196      1.7784351E-02
   6986.061      1.7325837E-02
   6986.924      1.6839275E-02
   6987.789      1.6331559E-02
   6988.653      1.5820902E-02
   6989.517      1.5336354E-02
   6990.381      1.4908917E-02
   6991.245      1.4562730E-02
   6992.109      1.4307044E-02
   6992.974      1.4134440E-02
   6993.838      1.4022487E-02
   6994.702      1.3940980E-02
   6995.566      1.3858927E-02
   6996.430      1.3751554E-02
   6997.294      1.3606885E-02
   6998.158      1.3423869E-02
   6999.022      1.3210681E-02
   6999.887      1.2978190E-02
   7000.750      1.2735260E-02
   7001.615      1.2485134E-02
   7002.479      1.2227761E-02
   7003.343      1.1962174E-02
   7004.207      1.1692517E-02
   7005.071      1.1426856E-02
   7005.936      1.1174191E-02
   7006.800      1.0938969E-02
   7007.664      1.0718109E-02
   7008.528      1.0505048E-02
   7009.392      1.0295108E-02
   7010.256      1.0090919E-02
   7011.120      9.8981662E-03
   7011.984      9.7216470E-03
   7012.849      9.5596761E-03
   7013.712      9.4069615E-03
   7014.577      9.2596691E-03
   7015.441      9.1198254E-03
   7016.305      8.9932447E-03
   7017.169      8.8850399E-03
   7018.033      8.7915231E-03
   7018.897      8.7011876E-03
   7019.761      8.5992571E-03
   7020.625      8.4776729E-03
   7021.489      8.3396845E-03
   7022.354      8.2001043E-03
   7023.218      8.0764452E-03
   7024.082      7.9823742E-03
   7024.946      7.9216016E-03
   7025.810      7.8880098E-03
   7026.674      7.8692678E-03
   7027.538      7.8499308E-03
   7028.402      7.8165876E-03
   7029.267      7.7565783E-03
   7030.130      7.6601263E-03
   7030.995      7.5193150E-03
   7031.859      7.3317741E-03
   7032.723      7.1039787E-03
   7033.587      6.8537816E-03
   7034.451      6.6080242E-03
   7035.315      6.3959584E-03
   7036.179      6.2406966E-03
   7037.043      6.1515463E-03
   7037.907      6.1229561E-03
   7038.771      6.1385934E-03
   7039.635      6.1765895E-03
   7040.500      6.2140450E-03
   7041.364      6.2280172E-03
   7042.228      6.1998898E-03
   7043.092      6.1187618E-03
   7043.956      5.9891506E-03
   7044.820      5.8287689E-03
   7045.684      5.6636096E-03
   7046.548      5.5166441E-03
   7047.412      5.3999280E-03
   7048.276      5.3137764E-03
   7049.140      5.2493489E-03
   7050.004      5.1968372E-03
   7050.869      5.1498483E-03
   7051.732      5.1065055E-03
   7052.597      5.0654826E-03
   7053.460      5.0203875E-03
   7054.325      4.9573639E-03
   7055.189      4.8617516E-03
   7056.053      4.7273682E-03
   7056.917      4.5628967E-03
   7057.781      4.3905834E-03
   7058.645      4.2372542E-03
   7059.509      4.1249050E-03
   7060.373      4.0648617E-03
   7061.237      4.0553599E-03
   7062.101      4.0857061E-03
   7062.965      4.1365144E-03
   7063.830      4.1858153E-03
   7064.693      4.2124712E-03
   7065.558      4.1997638E-03
   7066.421      4.1378709E-03
   7067.286      4.0279813E-03
   7068.149      3.8840261E-03
   7069.014      3.7313181E-03
   7069.878      3.6041474E-03
   7070.742      3.5314886E-03
   7071.606      3.5270632E-03
   7072.470      3.5813064E-03
   7073.334      3.6659739E-03
   7074.198      3.7448453E-03
   7075.062      3.7904787E-03
   7075.926      3.7924924E-03
   7076.790      3.7581602E-03
   7077.654      3.7026480E-03
   7078.518      3.6390477E-03
   7079.382      3.5730328E-03
   7080.246      3.5048944E-03
   7081.110      3.4339605E-03
   7081.974      3.3624717E-03
   7082.838      3.2943811E-03
   7083.702      3.2333736E-03
   7084.566      3.1794806E-03
   7085.430      3.1278611E-03
   7086.294      3.0719668E-03
   7087.158      3.0070373E-03
   7088.022      2.9319560E-03
   7088.887      2.8460936E-03
   7089.750      2.7514410E-03
   7090.614      2.6491415E-03
   7091.479      2.5427493E-03
   7092.343      2.4375673E-03
   7093.207      2.3418192E-03
   7094.071      2.2633302E-03
   7094.935      2.2076352E-03
   7095.799      2.1752908E-03
   7096.663      2.1614467E-03
   7097.527      2.1560392E-03
   7098.391      2.1472638E-03
   7099.255      2.1249766E-03
   7100.119      2.0843067E-03
   7100.983      2.0268634E-03
   7101.847      1.9587805E-03
   7102.711      1.8880090E-03
   7103.575      1.8224888E-03
   7104.438      1.7674598E-03
   7105.303      1.7244457E-03
   7106.167      1.6931412E-03
