2.75000e+03    2.22575e-02
2.75200e+03    2.23460e-02
2.75400e+03    2.24912e-02
2.75600e+03    2.22494e-02
2.75800e+03    2.19664e-02
2.76000e+03    2.20950e-02
2.76200e+03    2.22251e-02
2.76400e+03    2.23708e-02
2.76600e+03    2.24349e-02
2.76800e+03    2.27466e-02
2.77000e+03    2.28741e-02
2.77200e+03    2.26553e-02
2.77400e+03    2.29061e-02
2.77600e+03    2.30231e-02
2.77800e+03    2.29474e-02
2.78000e+03    2.28040e-02
2.78200e+03    2.29175e-02
2.78400e+03    2.30739e-02
2.78600e+03    2.31913e-02
2.78800e+03    2.35834e-02
2.79000e+03    2.36879e-02
2.79200e+03    2.36330e-02
2.79400e+03    2.34808e-02
2.79600e+03    2.34038e-02
2.79800e+03    2.31025e-02
2.80000e+03    2.28547e-02
2.80200e+03    2.31324e-02
2.80400e+03    2.30837e-02
2.80600e+03    2.30368e-02
2.80800e+03    2.32361e-02
2.81000e+03    2.33199e-02
2.81200e+03    2.32264e-02
2.81400e+03    2.30842e-02
2.81600e+03    2.30008e-02
2.81800e+03    2.27649e-02
2.82000e+03    2.24779e-02
2.82200e+03    2.23114e-02
2.82400e+03    2.23306e-02
2.82600e+03    2.23584e-02
2.82800e+03    2.24625e-02
2.83000e+03    2.25040e-02
2.83200e+03    2.24374e-02
2.83400e+03    2.26241e-02
2.83600e+03    2.27960e-02
2.83800e+03    2.27215e-02
2.84000e+03    2.26847e-02
2.84200e+03    2.26410e-02
2.84400e+03    2.24575e-02
2.84600e+03    2.23310e-02
2.84800e+03    2.23624e-02
2.85000e+03    2.26255e-02
2.85200e+03    2.27711e-02
2.85400e+03    2.27730e-02
2.85600e+03    2.26579e-02
2.85800e+03    2.29150e-02
2.86000e+03    2.28646e-02
2.86200e+03    2.28987e-02
2.86400e+03    2.28058e-02
2.86600e+03    2.29057e-02
2.86800e+03    2.31458e-02
2.87000e+03    2.34139e-02
2.87200e+03    2.36298e-02
2.87400e+03    2.38849e-02
2.87600e+03    2.40991e-02
2.87800e+03    2.41697e-02
2.88000e+03    2.43477e-02
2.88200e+03    2.46321e-02
2.88400e+03    2.47720e-02
2.88600e+03    2.51636e-02
2.88800e+03    2.52223e-02
2.89000e+03    2.54190e-02
2.89200e+03    2.57769e-02
2.89400e+03    2.59431e-02
2.89600e+03    2.58761e-02
2.89800e+03    2.57183e-02
2.90000e+03    2.56021e-02
2.90200e+03    2.55458e-02
2.90400e+03    2.54921e-02
2.90600e+03    2.55551e-02
2.90800e+03    2.57722e-02
2.91000e+03    2.58587e-02
2.91200e+03    2.57066e-02
2.91400e+03    2.56037e-02
2.91600e+03    2.56099e-02
2.91800e+03    2.57149e-02
2.92000e+03    2.58762e-02
2.92200e+03    2.58258e-02
2.92400e+03    2.59681e-02
2.92600e+03    2.63290e-02
2.92800e+03    2.65803e-02
2.93000e+03    2.67151e-02
2.93200e+03    2.70025e-02
2.93400e+03    2.71460e-02
2.93600e+03    2.73578e-02
2.93800e+03    2.73995e-02
2.94000e+03    2.75564e-02
2.94200e+03    2.77586e-02
2.94400e+03    2.77480e-02
2.94600e+03    2.80502e-02
2.94800e+03    2.83056e-02
2.95000e+03    2.82606e-02
2.95200e+03    2.84881e-02
2.95400e+03    2.87043e-02
2.95600e+03    2.86540e-02
2.95800e+03    2.87534e-02
2.96000e+03    2.88754e-02
2.96200e+03    2.86509e-02
2.96400e+03    2.88663e-02
2.96600e+03    2.89015e-02
2.96800e+03    2.87913e-02
2.97000e+03    2.89592e-02
2.97200e+03    2.89672e-02
2.97400e+03    2.91993e-02
2.97600e+03    2.91925e-02
2.97800e+03    2.91202e-02
2.98000e+03    2.92789e-02
2.98200e+03    2.94304e-02
2.98400e+03    2.93481e-02
2.98600e+03    2.91188e-02
2.98800e+03    2.90492e-02
2.99000e+03    2.90453e-02
2.99200e+03    2.91107e-02
2.99400e+03    2.92000e-02
2.99600e+03    2.91856e-02
2.99800e+03    2.93665e-02
3.00000e+03    2.94545e-02
3.00200e+03    2.92741e-02
3.00400e+03    2.92056e-02
3.00600e+03    2.94939e-02
3.00800e+03    2.98138e-02
3.01000e+03    2.98290e-02
3.01200e+03    2.97767e-02
3.01400e+03    3.00155e-02
3.01600e+03    3.02492e-02
3.01800e+03    3.04850e-02
3.02000e+03    3.04682e-02
3.02200e+03    3.07338e-02
3.02400e+03    3.09635e-02
3.02600e+03    3.07961e-02
3.02800e+03    3.08895e-02
3.03000e+03    3.10969e-02
3.03200e+03    3.11141e-02
3.03400e+03    3.14488e-02
3.03600e+03    3.14886e-02
3.03800e+03    3.14779e-02
3.04000e+03    3.15242e-02
3.04200e+03    3.17203e-02
3.04400e+03    3.16469e-02
3.04600e+03    3.16262e-02
3.04800e+03    3.17756e-02
3.05000e+03    3.18393e-02
3.05200e+03    3.19134e-02
3.05400e+03    3.17719e-02
3.05600e+03    3.18927e-02
3.05800e+03    3.22023e-02
3.06000e+03    3.23257e-02
3.06200e+03    3.24504e-02
3.06400e+03    3.25825e-02
3.06600e+03    3.26526e-02
3.06800e+03    3.27191e-02
3.07000e+03    3.26288e-02
3.07200e+03    3.24421e-02
3.07400e+03    3.23717e-02
3.07600e+03    3.23847e-02
3.07800e+03    3.23992e-02
3.08000e+03    3.23152e-02
3.08200e+03    3.23098e-02
3.08400e+03    3.24907e-02
3.08600e+03    3.28214e-02
3.08800e+03    3.28387e-02
3.09000e+03    3.27402e-02
3.09200e+03    3.29118e-02
3.09400e+03    3.30718e-02
3.09600e+03    3.30341e-02
3.09800e+03    3.30658e-02
3.10000e+03    3.32542e-02
3.10200e+03    3.35499e-02
3.10400e+03    3.39456e-02
3.10600e+03    3.43480e-02
3.10800e+03    3.44746e-02
3.11000e+03    3.47039e-02
3.11200e+03    3.48893e-02
3.11400e+03    3.49212e-02
3.11600e+03    3.49378e-02
3.11800e+03    3.51270e-02
3.12000e+03    3.53602e-02
3.12200e+03    3.53328e-02
3.12400e+03    3.53799e-02
3.12600e+03    3.56011e-02
3.12800e+03    3.57726e-02
3.13000e+03    3.57684e-02
3.13200e+03    3.59715e-02
3.13400e+03    3.59941e-02
3.13600e+03    3.57491e-02
3.13800e+03    3.57352e-02
3.14000e+03    3.60067e-02
3.14200e+03    3.62601e-02
3.14400e+03    3.65028e-02
3.14600e+03    3.65696e-02
3.14800e+03    3.66581e-02
3.15000e+03    3.71313e-02
3.15200e+03    3.74738e-02
3.15400e+03    3.75863e-02
3.15600e+03    3.77359e-02
3.15800e+03    3.79105e-02
3.16000e+03    3.82019e-02
3.16200e+03    3.82556e-02
3.16400e+03    3.83034e-02
3.16600e+03    3.86303e-02
3.16800e+03    3.87433e-02
3.17000e+03    3.88587e-02
3.17200e+03    3.87723e-02
3.17400e+03    3.87655e-02
3.17600e+03    3.88100e-02
3.17800e+03    3.90356e-02
3.18000e+03    3.89024e-02
3.18200e+03    3.88239e-02
3.18400e+03    3.90204e-02
3.18600e+03    3.90819e-02
3.18800e+03    3.94442e-02
3.19000e+03    3.93651e-02
3.19200e+03    3.93311e-02
3.19400e+03    3.94663e-02
3.19600e+03    3.95286e-02
3.19800e+03    4.00112e-02
3.20000e+03    4.02464e-02
3.20200e+03    4.05020e-02
3.20400e+03    4.07376e-02
3.20600e+03    4.09088e-02
3.20800e+03    4.11114e-02
3.21000e+03    4.12275e-02
3.21200e+03    4.13033e-02
3.21400e+03    4.16326e-02
3.21600e+03    4.18785e-02
3.21800e+03    4.17637e-02
3.22000e+03    4.18865e-02
3.22200e+03    4.24332e-02
3.22400e+03    4.28353e-02
3.22600e+03    4.30117e-02
3.22800e+03    4.30824e-02
3.23000e+03    4.31847e-02
3.23200e+03    4.34604e-02
3.23400e+03    4.36260e-02
3.23600e+03    4.37460e-02
3.23800e+03    4.38712e-02
3.24000e+03    4.39564e-02
3.24200e+03    4.41594e-02
3.24400e+03    4.42821e-02
3.24600e+03    4.44180e-02
3.24800e+03    4.49451e-02
3.25000e+03    4.52019e-02
3.25200e+03    4.52247e-02
3.25400e+03    4.52767e-02
3.25600e+03    4.56414e-02
3.25800e+03    4.58814e-02
3.26000e+03    4.61371e-02
3.26200e+03    4.64069e-02
3.26400e+03    4.65386e-02
3.26600e+03    4.69813e-02
3.26800e+03    4.73718e-02
3.27000e+03    4.80149e-02
3.27200e+03    4.86822e-02
3.27400e+03    4.92277e-02
3.27600e+03    4.98547e-02
3.27800e+03    5.03284e-02
3.28000e+03    5.07132e-02
3.28200e+03    5.15903e-02
3.28400e+03    5.24655e-02
3.28600e+03    5.31099e-02
3.28800e+03    5.38118e-02
3.29000e+03    5.45227e-02
3.29200e+03    5.51460e-02
3.29400e+03    5.58678e-02
3.29600e+03    5.65722e-02
3.29800e+03    5.74189e-02
3.30000e+03    5.83811e-02
3.30200e+03    5.92811e-02
3.30400e+03    6.02352e-02
3.30600e+03    6.12124e-02
3.30800e+03    6.21944e-02
3.31000e+03    6.33171e-02
3.31200e+03    6.43958e-02
3.31400e+03    6.54055e-02
3.31600e+03    6.66730e-02
3.31800e+03    6.79233e-02
3.32000e+03    6.90967e-02
3.32200e+03    7.02485e-02
3.32400e+03    7.16441e-02
3.32600e+03    7.31783e-02
3.32800e+03    7.47462e-02
3.33000e+03    7.63966e-02
3.33200e+03    7.81225e-02
3.33400e+03    7.98640e-02
3.33600e+03    8.16218e-02
3.33800e+03    8.36065e-02
3.34000e+03    8.58564e-02
3.34200e+03    8.80619e-02
3.34400e+03    9.03412e-02
3.34600e+03    9.23041e-02
3.34800e+03    9.38641e-02
3.35000e+03    9.57910e-02
3.35200e+03    9.83447e-02
3.35400e+03    1.00905e-01
3.35600e+03    1.03080e-01
3.35800e+03    1.05191e-01
3.36000e+03    1.07020e-01
3.36200e+03    1.08876e-01
3.36400e+03    1.11312e-01
3.36600e+03    1.13897e-01
3.36800e+03    1.16091e-01
3.37000e+03    1.18020e-01
3.37200e+03    1.20282e-01
3.37400e+03    1.22983e-01
3.37600e+03    1.25907e-01
3.37800e+03    1.29465e-01
3.38000e+03    1.32932e-01
3.38200e+03    1.35608e-01
3.38400e+03    1.38229e-01
3.38600e+03    1.41516e-01
3.38800e+03    1.45351e-01
3.39000e+03    1.49270e-01
3.39200e+03    1.53073e-01
3.39400e+03    1.56313e-01
3.39600e+03    1.59223e-01
3.39800e+03    1.62469e-01
3.40000e+03    1.66201e-01
3.40200e+03    1.69975e-01
3.40400e+03    1.72659e-01
3.40600e+03    1.74819e-01
3.40800e+03    1.77604e-01
3.41000e+03    1.81036e-01
3.41200e+03    1.84892e-01
3.41400e+03    1.88222e-01
3.41600e+03    1.91132e-01
3.41800e+03    1.94019e-01
3.42000e+03    1.97582e-01
3.42200e+03    2.01361e-01
3.42400e+03    2.04466e-01
3.42600e+03    2.08127e-01
3.42800e+03    2.12137e-01
3.43000e+03    2.15335e-01
3.43200e+03    2.16146e-01
3.43400e+03    2.17035e-01
3.43600e+03    2.18781e-01
3.43800e+03    2.20334e-01
3.44000e+03    2.21810e-01
3.44200e+03    2.23795e-01
3.44400e+03    2.25853e-01
3.44600e+03    2.28562e-01
3.44800e+03    2.31567e-01
3.45000e+03    2.33247e-01
3.45200e+03    2.33501e-01
3.45400e+03    2.34451e-01
3.45600e+03    2.36383e-01
3.45800e+03    2.37742e-01
3.46000e+03    2.39532e-01
3.46200e+03    2.43954e-01
3.46400e+03    2.49975e-01
3.46600e+03    2.55084e-01
3.46800e+03    2.58575e-01
3.47000e+03    2.61388e-01
3.47200e+03    2.64677e-01
3.47400e+03    2.68461e-01
3.47600e+03    2.71735e-01
3.47800e+03    2.73965e-01
3.48000e+03    2.77711e-01
3.48200e+03    2.82568e-01
3.48400e+03    2.86243e-01
3.48600e+03    2.89366e-01
3.48800e+03    2.92320e-01
3.49000e+03    2.94480e-01
3.49200e+03    2.95718e-01
3.49400e+03    2.97635e-01
3.49600e+03    3.00400e-01
3.49800e+03    3.04656e-01
3.50000e+03    3.09303e-01
3.50200e+03    3.13427e-01
3.50400e+03    3.16353e-01
3.50600e+03    3.18936e-01
3.50800e+03    3.20704e-01
3.51000e+03    3.21940e-01
3.51200e+03    3.24506e-01
3.51400e+03    3.28884e-01
3.51600e+03    3.33098e-01
3.51800e+03    3.35218e-01
3.52000e+03    3.36133e-01
3.52200e+03    3.38195e-01
3.52400e+03    3.40966e-01
3.52600e+03    3.42665e-01
3.52800e+03    3.43538e-01
3.53000e+03    3.45227e-01
3.53200e+03    3.46817e-01
3.53400e+03    3.48582e-01
3.53600e+03    3.50337e-01
3.53800e+03    3.53196e-01
3.54000e+03    3.57297e-01
3.54200e+03    3.59364e-01
3.54400e+03    3.60252e-01
3.54600e+03    3.62470e-01
3.54800e+03    3.64980e-01
3.55000e+03    3.68290e-01
3.55200e+03    3.72745e-01
3.55400e+03    3.75004e-01
3.55600e+03    3.76686e-01
3.55800e+03    3.81500e-01
3.56000e+03    3.85776e-01
3.56200e+03    3.86529e-01
3.56400e+03    3.88205e-01
3.56600e+03    3.87112e-01
3.56800e+03    3.87469e-01
3.57000e+03    3.88653e-01
3.57200e+03    3.91074e-01
3.57400e+03    3.94916e-01
3.57600e+03    3.95486e-01
3.57800e+03    3.93315e-01
3.58000e+03    3.93985e-01
3.58200e+03    3.92292e-01
3.58400e+03    3.90095e-01
3.58600e+03    3.89537e-01
3.58800e+03    3.89361e-01
3.59000e+03    3.86669e-01
3.59200e+03    3.88404e-01
3.59400e+03    3.90029e-01
3.59600e+03    3.94867e-01
3.59800e+03    4.00858e-01
3.60000e+03    4.03747e-01
3.60200e+03    4.04989e-01
3.60400e+03    4.04141e-01
3.60600e+03    4.02186e-01
3.60800e+03    4.04157e-01
3.61000e+03    4.06753e-01
3.61200e+03    4.12616e-01
3.61400e+03    4.18929e-01
3.61600e+03    4.20262e-01
3.61800e+03    4.19849e-01
3.62000e+03    4.20164e-01
3.62200e+03    4.21536e-01
3.62400e+03    4.25252e-01
3.62600e+03    4.29183e-01
3.62800e+03    4.28263e-01
3.63000e+03    4.25479e-01
3.63200e+03    4.24809e-01
3.63400e+03    4.24298e-01
3.63600e+03    4.26793e-01
3.63800e+03    4.32015e-01
3.64000e+03    4.35262e-01
3.64200e+03    4.36255e-01
3.64400e+03    4.34122e-01
3.64600e+03    4.34547e-01
3.64800e+03    4.37233e-01
3.65000e+03    4.39323e-01
3.65200e+03    4.41633e-01
3.65400e+03    4.41228e-01
3.65600e+03    4.38783e-01
3.65800e+03    4.38935e-01
3.66000e+03    4.42949e-01
3.66200e+03    4.46112e-01
3.66400e+03    4.49421e-01
3.66600e+03    4.50932e-01
3.66800e+03    4.49619e-01
3.67000e+03    4.49096e-01
3.67200e+03    4.50671e-01
3.67400e+03    4.52927e-01
3.67600e+03    4.55760e-01
3.67800e+03    4.57875e-01
3.68000e+03    4.59740e-01
3.68200e+03    4.62008e-01
3.68400e+03    4.62195e-01
3.68600e+03    4.60045e-01
3.68800e+03    4.59135e-01
3.69000e+03    4.59871e-01
3.69200e+03    4.60284e-01
3.69400e+03    4.59317e-01
3.69600e+03    4.59370e-01
3.69800e+03    4.62723e-01
3.70000e+03    4.66878e-01
3.70200e+03    4.67640e-01
3.70400e+03    4.64994e-01
3.70600e+03    4.61987e-01
3.70800e+03    4.60304e-01
3.71000e+03    4.60552e-01
3.71200e+03    4.61479e-01
3.71400e+03    4.65752e-01
3.71600e+03    4.73359e-01
3.71800e+03    4.73871e-01
3.72000e+03    4.68326e-01
3.72200e+03    4.66468e-01
3.72400e+03    4.68657e-01
3.72600e+03    4.69266e-01
3.72800e+03    4.71431e-01
3.73000e+03    4.73018e-01
3.73200e+03    4.69300e-01
3.73400e+03    4.64363e-01
3.73600e+03    4.61879e-01
3.73800e+03    4.65480e-01
3.74000e+03    4.70784e-01
3.74200e+03    4.71575e-01
3.74400e+03    4.68196e-01
3.74600e+03    4.58843e-01
3.74800e+03    4.51824e-01
3.75000e+03    4.53008e-01
3.75200e+03    4.56611e-01
3.75400e+03    4.59986e-01
3.75600e+03    4.59116e-01
3.75800e+03    4.55312e-01
3.76000e+03    4.49770e-01
3.76200e+03    4.47712e-01
3.76400e+03    4.50751e-01
3.76600e+03    4.54927e-01
3.76800e+03    4.54351e-01
3.77000e+03    4.49782e-01
3.77200e+03    4.46276e-01
3.77400e+03    4.44817e-01
3.77600e+03    4.45486e-01
3.77800e+03    4.49721e-01
3.78000e+03    4.54677e-01
3.78200e+03    4.57391e-01
3.78400e+03    4.55598e-01
3.78600e+03    4.51932e-01
3.78800e+03    4.53028e-01
3.79000e+03    4.53645e-01
3.79200e+03    4.53773e-01
3.79400e+03    4.53155e-01
3.79600e+03    4.50773e-01
3.79800e+03    4.47665e-01
3.80000e+03    4.47327e-01
3.80200e+03    4.47530e-01
3.80400e+03    4.46645e-01
3.80600e+03    4.44490e-01
3.80800e+03    4.45459e-01
3.81000e+03    4.47043e-01
3.81200e+03    4.44508e-01
3.81400e+03    4.38144e-01
3.81600e+03    4.38235e-01
3.81800e+03    4.35745e-01
3.82000e+03    4.34267e-01
3.82200e+03    4.33081e-01
3.82400e+03    4.28827e-01
3.82600e+03    4.26191e-01
3.82800e+03    4.28084e-01
3.83000e+03    4.26708e-01
3.83200e+03    4.21451e-01
3.83400e+03    4.18243e-01
3.83600e+03    4.14851e-01
3.83800e+03    4.07273e-01
3.84000e+03    3.99067e-01
3.84200e+03    3.93801e-01
3.84400e+03    3.93055e-01
3.84600e+03    3.89712e-01
3.84800e+03    3.86889e-01
3.85000e+03    3.85608e-01
3.85200e+03    3.82192e-01
3.85400e+03    3.81498e-01
3.85600e+03    3.80630e-01
3.85800e+03    3.74467e-01
3.86000e+03    3.70529e-01
3.86200e+03    3.71120e-01
3.86400e+03    3.70405e-01
3.86600e+03    3.70117e-01
3.86800e+03    3.71171e-01
3.87000e+03    3.68953e-01
3.87200e+03    3.67020e-01
3.87400e+03    3.66132e-01
3.87600e+03    3.61884e-01
3.87800e+03    3.58839e-01
3.88000e+03    3.54714e-01
3.88200e+03    3.51491e-01
3.88400e+03    3.46192e-01
3.88600e+03    3.39230e-01
3.88800e+03    3.38143e-01
3.89000e+03    3.37732e-01
3.89200e+03    3.33216e-01
3.89400e+03    3.29300e-01
3.89600e+03    3.24098e-01
3.89800e+03    3.20208e-01
3.90000e+03    3.20420e-01
3.90200e+03    3.17316e-01
3.90400e+03    3.10013e-01
3.90600e+03    3.05998e-01
3.90800e+03    3.02256e-01
3.91000e+03    3.00358e-01
3.91200e+03    2.96363e-01
3.91400e+03    2.93626e-01
3.91600e+03    2.92960e-01
3.91800e+03    2.90751e-01
3.92000e+03    2.87249e-01
3.92200e+03    2.85583e-01
3.92400e+03    2.84148e-01
3.92600e+03    2.82193e-01
3.92800e+03    2.78457e-01
3.93000e+03    2.71083e-01
3.93200e+03    2.63490e-01
3.93400e+03    2.57907e-01
3.93600e+03    2.53139e-01
3.93800e+03    2.48581e-01
3.94000e+03    2.43020e-01
3.94200e+03    2.37065e-01
3.94400e+03    2.31491e-01
3.94600e+03    2.25731e-01
3.94800e+03    2.21481e-01
3.95000e+03    2.17582e-01
3.95200e+03    2.12196e-01
3.95400e+03    2.05879e-01
3.95600e+03    2.01309e-01
3.95800e+03    1.96703e-01
3.96000e+03    1.94970e-01
3.96200e+03    1.96241e-01
3.96400e+03    1.94422e-01
3.96600e+03    1.89972e-01
3.96800e+03    1.84716e-01
3.97000e+03    1.79970e-01
3.97200e+03    1.76436e-01
3.97400e+03    1.72263e-01
3.97600e+03    1.68865e-01
3.97800e+03    1.64714e-01
3.98000e+03    1.60826e-01
3.98200e+03    1.56335e-01
3.98400e+03    1.52357e-01
3.98600e+03    1.46801e-01
3.98800e+03    1.41835e-01
3.99000e+03    1.37209e-01
3.99200e+03    1.31452e-01
3.99400e+03    1.27578e-01
3.99600e+03    1.26075e-01
3.99800e+03    1.25073e-01
4.00000e+03    1.23183e-01
4.00200e+03    1.20515e-01
4.00400e+03    1.17751e-01
4.00600e+03    1.14616e-01
4.00800e+03    1.11232e-01
4.01000e+03    1.08075e-01
4.01200e+03    1.05130e-01
4.01400e+03    1.02161e-01
4.01600e+03    9.91807e-02
4.01800e+03    9.61517e-02
4.02000e+03    9.29107e-02
4.02200e+03    9.00286e-02
4.02400e+03    8.76792e-02
4.02600e+03    8.51244e-02
4.02800e+03    8.19700e-02
4.03000e+03    7.86529e-02
4.03200e+03    7.62498e-02
4.03400e+03    7.39924e-02
4.03600e+03    7.16519e-02
4.03800e+03    6.95285e-02
4.04000e+03    6.69411e-02
4.04200e+03    6.43132e-02
4.04400e+03    6.21445e-02
4.04600e+03    6.00320e-02
4.04800e+03    5.79039e-02
4.05000e+03    5.58913e-02
4.05200e+03    5.37905e-02
4.05400e+03    5.15787e-02
4.05600e+03    4.95739e-02
4.05800e+03    4.77647e-02
4.06000e+03    4.61382e-02
4.06200e+03    4.44979e-02
4.06400e+03    4.27745e-02
4.06600e+03    4.10316e-02
4.06800e+03    3.91244e-02
4.07000e+03    3.75927e-02
4.07200e+03    3.63029e-02
4.07400e+03    3.49127e-02
4.07600e+03    3.34566e-02
4.07800e+03    3.19937e-02
4.08000e+03    3.05622e-02
4.08200e+03    2.93219e-02
4.08400e+03    2.81211e-02
4.08600e+03    2.68588e-02
4.08800e+03    2.57437e-02
4.09000e+03    2.48190e-02
4.09200e+03    2.39040e-02
4.09400e+03    2.28781e-02
4.09600e+03    2.18481e-02
4.09800e+03    2.08571e-02
4.10000e+03    1.98902e-02
4.10200e+03    1.90685e-02
4.10400e+03    1.82815e-02
4.10600e+03    1.74540e-02
4.10800e+03    1.66965e-02
4.11000e+03    1.60648e-02
4.11200e+03    1.54066e-02
4.11400e+03    1.47194e-02
4.11600e+03    1.40509e-02
4.11800e+03    1.34015e-02
4.12000e+03    1.27670e-02
4.12200e+03    1.21268e-02
4.12400e+03    1.15451e-02
4.12600e+03    1.10496e-02
4.12800e+03    1.05823e-02
4.13000e+03    1.01156e-02
4.13200e+03    9.67520e-03
4.13400e+03    9.27083e-03
4.13600e+03    8.88356e-03
4.13800e+03    8.48841e-03
4.14000e+03    8.09352e-03
4.14200e+03    7.72953e-03
4.14400e+03    7.39644e-03
4.14600e+03    7.08291e-03
4.14800e+03    6.77657e-03
4.15000e+03    6.46751e-03
4.15200e+03    6.16365e-03
4.15400e+03    5.87463e-03
4.15600e+03    5.62347e-03
4.15800e+03    5.40846e-03
4.16000e+03    5.20306e-03
4.16200e+03    4.98318e-03
4.16400e+03    4.76419e-03
4.16600e+03    4.56957e-03
4.16800e+03    4.39337e-03
4.17000e+03    4.22069e-03
4.17200e+03    4.05205e-03
4.17400e+03    3.89238e-03
4.17600e+03    3.73874e-03
4.17800e+03    3.59239e-03
4.18000e+03    3.46086e-03
4.18200e+03    3.34323e-03
4.18400e+03    3.22987e-03
4.18600e+03    3.12117e-03
4.18800e+03    3.01813e-03
4.19000e+03    2.91564e-03
4.19200e+03    2.81236e-03
4.19400e+03    2.70740e-03
4.19600e+03    2.61417e-03
4.19800e+03    2.52088e-03
4.20000e+03    2.43033e-03
4.20200e+03    2.35382e-03
4.20400e+03    2.28215e-03
4.20600e+03    2.20551e-03
4.20800e+03    2.13871e-03
4.21000e+03    2.07762e-03
4.21200e+03    2.03570e-03
4.21400e+03    1.99962e-03
4.21600e+03    1.95038e-03
4.21800e+03    1.89108e-03
4.22000e+03    1.83576e-03
4.22200e+03    1.79173e-03
4.22400e+03    1.75744e-03
4.22600e+03    1.71924e-03
4.22800e+03    1.67887e-03
4.23000e+03    1.64787e-03
4.23200e+03    1.61631e-03
4.23400e+03    1.58825e-03
4.23600e+03    1.56385e-03
4.23800e+03    1.53479e-03
4.24000e+03    1.50766e-03
4.24200e+03    1.47430e-03
4.24400e+03    1.43302e-03
4.24600e+03    1.39630e-03
4.24800e+03    1.36544e-03
4.25000e+03    1.34165e-03
4.25200e+03    1.32263e-03
4.25400e+03    1.30318e-03
4.25600e+03    1.28681e-03
4.25800e+03    1.27515e-03
4.26000e+03    1.26442e-03
4.26200e+03    1.25038e-03
4.26400e+03    1.23181e-03
4.26600e+03    1.20765e-03
4.26800e+03    1.19035e-03
4.27000e+03    1.17829e-03
4.27200e+03    1.16224e-03
4.27400e+03    1.15194e-03
4.27600e+03    1.14012e-03
4.27800e+03    1.13429e-03
4.28000e+03    1.12796e-03
4.28200e+03    1.12217e-03
4.28400e+03    1.12074e-03
4.28600e+03    1.11795e-03
4.28800e+03    1.12172e-03
4.29000e+03    1.12602e-03
4.29200e+03    1.13780e-03
4.29400e+03    1.14824e-03
4.29600e+03    1.15023e-03
4.29800e+03    1.14677e-03
4.30000e+03    1.13669e-03
4.30200e+03    1.11945e-03
4.30400e+03    1.09487e-03
4.30600e+03    1.08129e-03
4.30800e+03    1.06871e-03
4.31000e+03    1.05822e-03
4.31200e+03    1.04089e-03
4.31400e+03    1.01244e-03
4.31600e+03    9.87017e-04
4.31800e+03    9.61220e-04
4.32000e+03    9.34672e-04
4.32200e+03    9.04328e-04
4.32400e+03    8.74553e-04
4.32600e+03    8.54838e-04
4.32800e+03    8.40455e-04
4.33000e+03    8.29692e-04
4.33200e+03    8.28138e-04
4.33400e+03    8.33136e-04
4.33600e+03    8.30178e-04
4.33800e+03    8.19142e-04
4.34000e+03    8.13501e-04
4.34200e+03    8.09164e-04
4.34400e+03    8.07440e-04
4.34600e+03    8.05633e-04
4.34800e+03    7.99220e-04
4.35000e+03    7.89203e-04
4.35200e+03    7.78128e-04
4.35400e+03    7.68062e-04
4.35600e+03    7.59421e-04
4.35800e+03    7.50229e-04
4.36000e+03    7.47343e-04
4.36200e+03    7.43385e-04
4.36400e+03    7.40435e-04
4.36600e+03    7.37717e-04
4.36800e+03    7.41842e-04
4.37000e+03    7.40490e-04
4.37200e+03    7.36127e-04
4.37400e+03    7.28458e-04
4.37600e+03    7.21107e-04
4.37800e+03    7.17275e-04
4.38000e+03    7.17240e-04
4.38200e+03    7.18605e-04
4.38400e+03    7.19835e-04
4.38600e+03    7.14482e-04
4.38800e+03    7.07051e-04
4.39000e+03    6.99190e-04
4.39200e+03    6.93186e-04
4.39400e+03    6.83110e-04
4.39600e+03    6.68188e-04
4.39800e+03    6.54015e-04
4.40000e+03    6.40230e-04
4.40200e+03    6.28609e-04
4.40400e+03    6.19845e-04
4.40600e+03    6.15101e-04
4.40800e+03    6.12681e-04
4.41000e+03    6.04606e-04
4.41200e+03    5.95932e-04
4.41400e+03    5.90728e-04
4.41600e+03    5.84576e-04
4.41800e+03    5.82176e-04
4.42000e+03    5.79562e-04
4.42200e+03    5.74345e-04
4.42400e+03    5.71697e-04
4.42600e+03    5.71138e-04
4.42800e+03    5.71994e-04
4.43000e+03    5.71051e-04
4.43200e+03    5.71483e-04
4.43400e+03    5.70575e-04
4.43600e+03    5.76375e-04
4.43800e+03    5.75618e-04
4.44000e+03    5.70577e-04
4.44200e+03    5.69706e-04
4.44400e+03    5.64531e-04
4.44600e+03    5.61467e-04
4.44800e+03    5.58425e-04
4.45000e+03    5.53725e-04
4.45200e+03    5.51789e-04
4.45400e+03    5.45648e-04
4.45600e+03    5.43840e-04
4.45800e+03    5.41778e-04
4.46000e+03    5.34920e-04
4.46200e+03    5.27678e-04
4.46400e+03    5.28265e-04
4.46600e+03    5.24921e-04
4.46800e+03    5.20510e-04
4.47000e+03    5.19115e-04
4.47200e+03    5.15809e-04
4.47400e+03    5.10314e-04
4.47600e+03    5.02546e-04
4.47800e+03    4.95113e-04
4.48000e+03    4.90356e-04
4.48200e+03    4.86956e-04
4.48400e+03    4.82876e-04
4.48600e+03    4.77039e-04
4.48800e+03    4.72726e-04
4.49000e+03    4.70611e-04
4.49200e+03    4.67601e-04
4.49400e+03    4.61669e-04
4.49600e+03    4.54115e-04
4.49800e+03    4.49568e-04
4.50000e+03    4.44189e-04
4.50200e+03    4.39716e-04
4.50400e+03    4.40813e-04
4.50600e+03    4.44183e-04
4.50800e+03    4.48564e-04
4.51000e+03    4.50408e-04
4.51200e+03    4.52180e-04
4.51400e+03    4.52325e-04
4.51600e+03    4.54214e-04
4.51800e+03    4.56176e-04
4.52000e+03    4.54455e-04
4.52200e+03    4.55321e-04
4.52400e+03    4.56806e-04
4.52600e+03    4.52437e-04
4.52800e+03    4.48149e-04
4.53000e+03    4.45630e-04
4.53200e+03    4.46014e-04
4.53400e+03    4.42204e-04
4.53600e+03    4.36757e-04
4.53800e+03    4.32990e-04
4.54000e+03    4.30427e-04
4.54200e+03    4.28546e-04
4.54400e+03    4.26451e-04
4.54600e+03    4.21327e-04
4.54800e+03    4.15754e-04
4.55000e+03    4.09271e-04
4.55200e+03    4.06999e-04
4.55400e+03    4.03746e-04
4.55600e+03    4.03814e-04
4.55800e+03    4.08353e-04
4.56000e+03    4.10491e-04
4.56200e+03    4.10822e-04
4.56400e+03    4.11982e-04
4.56600e+03    4.10119e-04
4.56800e+03    4.05487e-04
4.57000e+03    4.01806e-04
4.57200e+03    3.97778e-04
4.57400e+03    3.95503e-04
4.57600e+03    3.96489e-04
4.57800e+03    3.97952e-04
4.58000e+03    3.98812e-04
4.58200e+03    3.96739e-04
4.58400e+03    3.90313e-04
4.58600e+03    3.88379e-04
4.58800e+03    3.82829e-04
4.59000e+03    3.75792e-04
4.59200e+03    3.72210e-04
4.59400e+03    3.67508e-04
4.59600e+03    3.63277e-04
4.59800e+03    3.65868e-04
4.60000e+03    3.66762e-04
4.60200e+03    3.65923e-04
4.60400e+03    3.63648e-04
4.60600e+03    3.59470e-04
4.60800e+03    3.55629e-04
4.61000e+03    3.52717e-04
4.61200e+03    3.52555e-04
4.61400e+03    3.58059e-04
4.61600e+03    3.58574e-04
4.61800e+03    3.58451e-04
4.62000e+03    3.61649e-04
4.62200e+03    3.63280e-04
4.62400e+03    3.62359e-04
4.62600e+03    3.61726e-04
4.62800e+03    3.59186e-04
4.63000e+03    3.54891e-04
4.63200e+03    3.53449e-04
4.63400e+03    3.56209e-04
4.63600e+03    3.59031e-04
4.63800e+03    3.58757e-04
4.64000e+03    3.56479e-04
4.64200e+03    3.55016e-04
4.64400e+03    3.53341e-04
4.64600e+03    3.51203e-04
4.64800e+03    3.50768e-04
4.65000e+03    3.48398e-04
4.65200e+03    3.42807e-04
4.65400e+03    3.40848e-04
4.65600e+03    3.42298e-04
4.65800e+03    3.42023e-04
4.66000e+03    3.42274e-04
4.66200e+03    3.41014e-04
4.66400e+03    3.37566e-04
4.66600e+03    3.36482e-04
4.66800e+03    3.37404e-04
4.67000e+03    3.39660e-04
4.67200e+03    3.37900e-04
4.67400e+03    3.35102e-04
4.67600e+03    3.32528e-04
4.67800e+03    3.32783e-04
4.68000e+03    3.31616e-04
4.68200e+03    3.32805e-04
4.68400e+03    3.30119e-04
4.68600e+03    3.28766e-04
4.68800e+03    3.27108e-04
4.69000e+03    3.23185e-04
4.69200e+03    3.17330e-04
4.69400e+03    3.14345e-04
4.69600e+03    3.12079e-04
4.69800e+03    3.08118e-04
4.70000e+03    3.06431e-04
4.70200e+03    3.04643e-04
4.70400e+03    3.03726e-04
4.70600e+03    3.02790e-04
4.70800e+03    3.01725e-04
4.71000e+03    3.01444e-04
4.71200e+03    3.01286e-04
4.71400e+03    3.04832e-04
4.71600e+03    3.05640e-04
4.71800e+03    3.01990e-04
4.72000e+03    3.01987e-04
4.72200e+03    3.06095e-04
4.72400e+03    3.09163e-04
4.72600e+03    3.07080e-04
4.72800e+03    3.04360e-04
4.73000e+03    3.03917e-04
4.73200e+03    3.04277e-04
4.73400e+03    3.06701e-04
4.73600e+03    3.05176e-04
4.73800e+03    3.04970e-04
4.74000e+03    3.05421e-04
4.74200e+03    3.03809e-04
4.74400e+03    3.03182e-04
4.74600e+03    3.02070e-04
4.74800e+03    3.01723e-04
4.75000e+03    3.02465e-04
4.75200e+03    2.99520e-04
4.75400e+03    2.99126e-04
4.75600e+03    2.99555e-04
4.75800e+03    3.00739e-04
4.76000e+03    2.95086e-04
4.76200e+03    2.93347e-04
4.76400e+03    2.90391e-04
4.76600e+03    2.88052e-04
4.76800e+03    2.87464e-04
4.77000e+03    2.85873e-04
4.77200e+03    2.84832e-04
4.77400e+03    2.85049e-04
4.77600e+03    2.82203e-04
4.77800e+03    2.79961e-04
4.78000e+03    2.80245e-04
4.78200e+03    2.80870e-04
4.78400e+03    2.79814e-04
4.78600e+03    2.78769e-04
4.78800e+03    2.77663e-04
4.79000e+03    2.80218e-04
4.79200e+03    2.83634e-04
4.79400e+03    2.83958e-04
4.79600e+03    2.85183e-04
