 6.20022e+03  2.32381e-03
 6.20048e+03  2.40683e-03
 6.20074e+03  2.33012e-03
 6.20100e+03  2.40024e-03
 6.20126e+03  2.46810e-03
 6.20152e+03  2.39149e-03
 6.20178e+03  2.33311e-03
 6.20204e+03  2.49318e-03
 6.20231e+03  2.46914e-03
 6.20257e+03  2.46640e-03
 6.20283e+03  2.47394e-03
 6.20309e+03  2.52784e-03
 6.20335e+03  2.49880e-03
 6.20361e+03  2.58789e-03
 6.20387e+03  2.44505e-03
 6.20413e+03  2.57456e-03
 6.20440e+03  2.59702e-03
 6.20466e+03  2.56064e-03
 6.20492e+03  2.61264e-03
 6.20518e+03  2.60542e-03
 6.20544e+03  2.48936e-03
 6.20570e+03  2.56642e-03
 6.20596e+03  2.58600e-03
 6.20622e+03  2.50048e-03
 6.20648e+03  2.62854e-03
 6.20675e+03  2.67596e-03
 6.20701e+03  2.56186e-03
 6.20727e+03  2.66908e-03
 6.20753e+03  2.64162e-03
 6.20779e+03  2.58203e-03
 6.20805e+03  2.65828e-03
 6.20831e+03  2.66324e-03
 6.20857e+03  2.74787e-03
 6.20884e+03  2.75262e-03
 6.20910e+03  2.70036e-03
 6.20936e+03  2.65089e-03
 6.20962e+03  2.59568e-03
 6.20988e+03  2.54269e-03
 6.21014e+03  2.70363e-03
 6.21040e+03  2.71498e-03
 6.21066e+03  2.71053e-03
 6.21093e+03  2.78535e-03
 6.21119e+03  2.79403e-03
 6.21145e+03  2.81826e-03
 6.21171e+03  2.87775e-03
 6.21197e+03  2.87633e-03
 6.21223e+03  2.81667e-03
 6.21249e+03  2.84931e-03
 6.21275e+03  2.89200e-03
 6.21301e+03  2.77771e-03
 6.21328e+03  2.83692e-03
 6.21354e+03  2.78977e-03
 6.21380e+03  2.90177e-03
 6.21406e+03  2.91440e-03
 6.21432e+03  2.91328e-03
 6.21458e+03  2.90802e-03
 6.21484e+03  2.99363e-03
 6.21510e+03  3.01192e-03
 6.21537e+03  2.88830e-03
 6.21563e+03  2.84417e-03
 6.21589e+03  2.90985e-03
 6.21615e+03  2.93939e-03
 6.21641e+03  2.94733e-03
 6.21667e+03  3.02787e-03
 6.21693e+03  2.94472e-03
 6.21719e+03  3.11659e-03
 6.21746e+03  3.10470e-03
 6.21772e+03  3.06115e-03
 6.21798e+03  3.00810e-03
 6.21824e+03  3.07425e-03
 6.21850e+03  3.01895e-03
 6.21876e+03  3.16424e-03
 6.21902e+03  3.07053e-03
 6.21928e+03  3.11982e-03
 6.21954e+03  3.25559e-03
 6.21981e+03  3.22778e-03
 6.22007e+03  3.10520e-03
 6.22033e+03  3.25664e-03
 6.22059e+03  3.25722e-03
 6.22085e+03  3.20388e-03
 6.22111e+03  3.24601e-03
 6.22137e+03  3.25344e-03
 6.22163e+03  3.18714e-03
 6.22190e+03  3.34778e-03
 6.22216e+03  3.15971e-03
 6.22242e+03  3.26191e-03
 6.22268e+03  3.18271e-03
 6.22294e+03  3.33844e-03
 6.22320e+03  3.27882e-03
 6.22346e+03  3.42221e-03
 6.22372e+03  3.36532e-03
 6.22399e+03  3.36197e-03
 6.22425e+03  3.41571e-03
 6.22451e+03  3.43344e-03
 6.22477e+03  3.38484e-03
 6.22503e+03  3.42272e-03
 6.22529e+03  3.46885e-03
 6.22555e+03  3.52115e-03
 6.22581e+03  3.53435e-03
 6.22607e+03  3.49794e-03
 6.22634e+03  3.50515e-03
 6.22660e+03  3.66738e-03
 6.22686e+03  3.68062e-03
 6.22712e+03  3.62937e-03
 6.22738e+03  3.60657e-03
 6.22764e+03  3.63927e-03
 6.22790e+03  3.52372e-03
 6.22816e+03  3.64347e-03
 6.22843e+03  3.81284e-03
 6.22869e+03  3.75943e-03
 6.22895e+03  3.63255e-03
 6.22921e+03  3.61704e-03
 6.22947e+03  3.75937e-03
 6.22973e+03  3.75665e-03
 6.22999e+03  3.89572e-03
 6.23025e+03  3.84191e-03
 6.23052e+03  3.72530e-03
 6.23078e+03  3.93425e-03
 6.23104e+03  3.77996e-03
 6.23130e+03  3.74411e-03
 6.23156e+03  3.91713e-03
 6.23182e+03  3.85152e-03
 6.23208e+03  3.96197e-03
 6.23234e+03  4.03319e-03
 6.23260e+03  4.01275e-03
 6.23287e+03  3.94262e-03
 6.23313e+03  4.09089e-03
 6.23339e+03  4.06768e-03
 6.23365e+03  4.07907e-03
 6.23391e+03  4.10467e-03
 6.23417e+03  4.13377e-03
 6.23443e+03  4.23117e-03
 6.23469e+03  4.15364e-03
 6.23496e+03  4.32514e-03
 6.23522e+03  4.14367e-03
 6.23548e+03  4.10936e-03
 6.23574e+03  4.21890e-03
 6.23600e+03  4.22614e-03
 6.23626e+03  4.53044e-03
 6.23652e+03  4.35499e-03
 6.23678e+03  4.34903e-03
 6.23705e+03  4.38584e-03
 6.23731e+03  4.47369e-03
 6.23757e+03  4.49528e-03
 6.23783e+03  4.60394e-03
 6.23809e+03  4.45744e-03
 6.23835e+03  4.43404e-03
 6.23861e+03  4.55045e-03
 6.23887e+03  4.58483e-03
 6.23913e+03  4.68590e-03
 6.23940e+03  4.48370e-03
 6.23966e+03  4.49657e-03
 6.23992e+03  4.64257e-03
 6.24018e+03  4.73311e-03
 6.24044e+03  4.65042e-03
 6.24070e+03  4.68144e-03
 6.24096e+03  4.81030e-03
 6.24122e+03  4.87390e-03
 6.24149e+03  4.79804e-03
 6.24175e+03  4.82477e-03
 6.24201e+03  4.90328e-03
 6.24227e+03  4.94573e-03
 6.24253e+03  4.93023e-03
 6.24279e+03  5.03799e-03
 6.24305e+03  5.01553e-03
 6.24331e+03  4.99175e-03
 6.24358e+03  5.06640e-03
 6.24384e+03  5.17262e-03
 6.24410e+03  5.24863e-03
 6.24436e+03  5.15300e-03
 6.24462e+03  5.24888e-03
 6.24488e+03  5.28060e-03
 6.24514e+03  5.40196e-03
 6.24540e+03  5.33902e-03
 6.24567e+03  5.35294e-03
 6.24593e+03  5.34266e-03
 6.24619e+03  5.43753e-03
 6.24645e+03  5.50008e-03
 6.24671e+03  5.44944e-03
 6.24697e+03  5.58790e-03
 6.24723e+03  5.61538e-03
 6.24749e+03  5.61398e-03
 6.24775e+03  5.58574e-03
 6.24802e+03  5.69406e-03
 6.24828e+03  5.82640e-03
 6.24854e+03  5.74534e-03
 6.24880e+03  5.72242e-03
 6.24906e+03  5.91650e-03
 6.24932e+03  5.86141e-03
 6.24958e+03  5.85355e-03
 6.24984e+03  5.96802e-03
 6.25010e+03  6.01617e-03
 6.25037e+03  5.98567e-03
 6.25063e+03  6.24492e-03
 6.25089e+03  6.27410e-03
 6.25115e+03  6.19455e-03
 6.25141e+03  6.23427e-03
 6.25167e+03  6.41068e-03
 6.25193e+03  6.37178e-03
 6.25219e+03  6.32436e-03
 6.25246e+03  6.39835e-03
 6.25272e+03  6.50594e-03
 6.25298e+03  6.50406e-03
 6.25324e+03  6.59479e-03
 6.25350e+03  6.63695e-03
 6.25376e+03  6.73604e-03
 6.25402e+03  6.61872e-03
 6.25428e+03  6.86393e-03
 6.25455e+03  6.81168e-03
 6.25481e+03  6.79179e-03
 6.25507e+03  7.00032e-03
 6.25533e+03  6.98140e-03
 6.25559e+03  6.94161e-03
 6.25585e+03  7.14767e-03
 6.25611e+03  7.11614e-03
 6.25637e+03  7.16819e-03
 6.25664e+03  7.26936e-03
 6.25690e+03  7.27984e-03
 6.25716e+03  7.34906e-03
 6.25742e+03  7.62051e-03
 6.25768e+03  7.51694e-03
 6.25794e+03  7.47510e-03
 6.25820e+03  7.62893e-03
 6.25846e+03  7.76658e-03
 6.25872e+03  7.83496e-03
 6.25899e+03  7.77678e-03
 6.25925e+03  7.79588e-03
 6.25951e+03  7.81494e-03
 6.25977e+03  7.89719e-03
 6.26003e+03  8.02971e-03
 6.26029e+03  8.18166e-03
 6.26055e+03  8.34115e-03
 6.26081e+03  8.35040e-03
 6.26108e+03  8.38991e-03
 6.26134e+03  8.51388e-03
 6.26160e+03  8.63657e-03
 6.26186e+03  8.62414e-03
 6.26212e+03  8.88498e-03
 6.26238e+03  8.65496e-03
 6.26264e+03  8.82060e-03
 6.26290e+03  8.92849e-03
 6.26317e+03  9.13550e-03
 6.26343e+03  9.06400e-03
 6.26369e+03  9.18850e-03
 6.26395e+03  9.18632e-03
 6.26421e+03  9.32279e-03
 6.26447e+03  9.61463e-03
 6.26473e+03  9.55073e-03
 6.26499e+03  9.55035e-03
 6.26525e+03  9.78552e-03
 6.26552e+03  9.75875e-03
 6.26578e+03  9.93693e-03
 6.26604e+03  9.80067e-03
 6.26630e+03  1.02303e-02
 6.26656e+03  1.00433e-02
 6.26682e+03  1.02343e-02
 6.26708e+03  1.04950e-02
 6.26734e+03  1.04301e-02
 6.26761e+03  1.05665e-02
 6.26787e+03  1.06261e-02
 6.26813e+03  1.07382e-02
 6.26839e+03  1.07408e-02
 6.26865e+03  1.07496e-02
 6.26891e+03  1.10264e-02
 6.26917e+03  1.11626e-02
 6.26943e+03  1.13338e-02
 6.26970e+03  1.13063e-02
 6.26996e+03  1.14928e-02
 6.27022e+03  1.13986e-02
 6.27048e+03  1.17500e-02
 6.27074e+03  1.17313e-02
 6.27100e+03  1.20421e-02
 6.27126e+03  1.19790e-02
 6.27152e+03  1.21136e-02
 6.27178e+03  1.23996e-02
 6.27205e+03  1.25951e-02
 6.27231e+03  1.26054e-02
 6.27257e+03  1.27183e-02
 6.27283e+03  1.27752e-02
 6.27309e+03  1.31902e-02
 6.27335e+03  1.29279e-02
 6.27361e+03  1.30546e-02
 6.27387e+03  1.33400e-02
 6.27414e+03  1.36650e-02
 6.27440e+03  1.37345e-02
 6.27466e+03  1.37530e-02
 6.27492e+03  1.38642e-02
 6.27518e+03  1.42238e-02
 6.27544e+03  1.44593e-02
 6.27570e+03  1.42197e-02
 6.27596e+03  1.43208e-02
 6.27623e+03  1.43713e-02
 6.27649e+03  1.45753e-02
 6.27675e+03  1.47447e-02
 6.27701e+03  1.51903e-02
 6.27727e+03  1.52345e-02
 6.27753e+03  1.53410e-02
 6.27779e+03  1.55117e-02
 6.27805e+03  1.56477e-02
 6.27831e+03  1.60009e-02
 6.27858e+03  1.60345e-02
 6.27884e+03  1.62888e-02
 6.27910e+03  1.62507e-02
 6.27936e+03  1.65864e-02
 6.27962e+03  1.66945e-02
 6.27988e+03  1.69797e-02
 6.28014e+03  1.70536e-02
 6.28040e+03  1.72229e-02
 6.28067e+03  1.76539e-02
 6.28093e+03  1.78838e-02
 6.28119e+03  1.81397e-02
 6.28145e+03  1.84038e-02
 6.28171e+03  1.83340e-02
 6.28197e+03  1.86044e-02
 6.28223e+03  1.88183e-02
 6.28249e+03  1.89531e-02
 6.28276e+03  1.91283e-02
 6.28302e+03  1.94858e-02
 6.28328e+03  1.97668e-02
 6.28354e+03  2.01806e-02
 6.28380e+03  1.99399e-02
 6.28406e+03  2.05806e-02
 6.28432e+03  2.03696e-02
 6.28458e+03  2.09519e-02
 6.28484e+03  2.08644e-02
 6.28511e+03  2.17512e-02
 6.28537e+03  2.13072e-02
 6.28563e+03  2.19677e-02
 6.28589e+03  2.19958e-02
 6.28615e+03  2.24900e-02
 6.28641e+03  2.25835e-02
 6.28667e+03  2.28759e-02
 6.28693e+03  2.36480e-02
 6.28720e+03  2.31625e-02
 6.28746e+03  2.36887e-02
 6.28772e+03  2.40862e-02
 6.28798e+03  2.44557e-02
 6.28824e+03  2.49638e-02
 6.28850e+03  2.51272e-02
 6.28876e+03  2.51748e-02
 6.28902e+03  2.55397e-02
 6.28929e+03  2.59879e-02
 6.28955e+03  2.64880e-02
 6.28981e+03  2.66787e-02
 6.29007e+03  2.74291e-02
 6.29033e+03  2.75834e-02
 6.29059e+03  2.77723e-02
 6.29085e+03  2.81092e-02
 6.29111e+03  2.86291e-02
 6.29138e+03  2.85092e-02
 6.29164e+03  2.92325e-02
 6.29190e+03  2.97928e-02
 6.29216e+03  2.99469e-02
 6.29242e+03  3.06467e-02
 6.29268e+03  3.08886e-02
 6.29294e+03  3.14639e-02
 6.29320e+03  3.19566e-02
 6.29346e+03  3.20746e-02
 6.29373e+03  3.26218e-02
 6.29399e+03  3.27490e-02
 6.29425e+03  3.35294e-02
 6.29451e+03  3.40566e-02
 6.29477e+03  3.43676e-02
 6.29503e+03  3.51284e-02
 6.29529e+03  3.52736e-02
 6.29555e+03  3.57934e-02
 6.29582e+03  3.61309e-02
 6.29608e+03  3.67461e-02
 6.29634e+03  3.74154e-02
 6.29660e+03  3.74398e-02
 6.29686e+03  3.84022e-02
 6.29712e+03  3.84612e-02
 6.29738e+03  3.95251e-02
 6.29764e+03  4.05025e-02
 6.29790e+03  4.05829e-02
 6.29817e+03  4.13637e-02
 6.29843e+03  4.15437e-02
 6.29869e+03  4.23223e-02
 6.29895e+03  4.26775e-02
 6.29921e+03  4.31894e-02
 6.29947e+03  4.39379e-02
 6.29973e+03  4.49847e-02
 6.29999e+03  4.49817e-02
 6.30026e+03  4.64024e-02
 6.30052e+03  4.62247e-02
 6.30078e+03  4.73200e-02
 6.30104e+03  4.76447e-02
 6.30130e+03  4.81602e-02
 6.30156e+03  4.93970e-02
 6.30182e+03  5.01780e-02
 6.30208e+03  5.06782e-02
 6.30235e+03  5.16316e-02
 6.30261e+03  5.28468e-02
 6.30287e+03  5.32736e-02
 6.30313e+03  5.37831e-02
 6.30339e+03  5.46759e-02
 6.30365e+03  5.60945e-02
 6.30391e+03  5.62966e-02
 6.30417e+03  5.72754e-02
 6.30443e+03  5.76863e-02
 6.30470e+03  5.89866e-02
 6.30496e+03  5.99683e-02
 6.30522e+03  6.10286e-02
 6.30548e+03  6.19382e-02
 6.30574e+03  6.25350e-02
 6.30600e+03  6.31548e-02
 6.30626e+03  6.42733e-02
 6.30652e+03  6.51721e-02
 6.30679e+03  6.62928e-02
 6.30705e+03  6.72754e-02
 6.30731e+03  6.85522e-02
 6.30757e+03  6.95934e-02
 6.30783e+03  7.09873e-02
 6.30809e+03  7.13539e-02
 6.30835e+03  7.23937e-02
 6.30861e+03  7.45291e-02
 6.30888e+03  7.46180e-02
 6.30914e+03  7.63415e-02
 6.30940e+03  7.72512e-02
 6.30966e+03  7.88077e-02
 6.30992e+03  8.03115e-02
 6.31018e+03  8.09553e-02
 6.31044e+03  8.25547e-02
 6.31070e+03  8.38045e-02
 6.31096e+03  8.46274e-02
 6.31123e+03  8.58964e-02
 6.31149e+03  8.79803e-02
 6.31175e+03  8.99363e-02
 6.31201e+03  9.08797e-02
 6.31227e+03  9.15960e-02
 6.31253e+03  9.33748e-02
 6.31279e+03  9.55073e-02
 6.31305e+03  9.59582e-02
 6.31332e+03  9.79444e-02
 6.31358e+03  9.93835e-02
 6.31384e+03  1.00580e-01
 6.31410e+03  1.02751e-01
 6.31436e+03  1.04334e-01
 6.31462e+03  1.06485e-01
 6.31488e+03  1.07326e-01
 6.31514e+03  1.09536e-01
 6.31541e+03  1.11491e-01
 6.31567e+03  1.13071e-01
 6.31593e+03  1.14947e-01
 6.31619e+03  1.16169e-01
 6.31645e+03  1.18463e-01
 6.31671e+03  1.19768e-01
 6.31697e+03  1.22521e-01
 6.31723e+03  1.24909e-01
 6.31749e+03  1.26115e-01
 6.31776e+03  1.28280e-01
 6.31802e+03  1.30909e-01
 6.31828e+03  1.32704e-01
 6.31854e+03  1.34756e-01
 6.31880e+03  1.37497e-01
 6.31906e+03  1.39442e-01
 6.31932e+03  1.41663e-01
 6.31958e+03  1.44056e-01
 6.31985e+03  1.46984e-01
 6.32011e+03  1.48509e-01
 6.32037e+03  1.51236e-01
 6.32063e+03  1.53339e-01
 6.32089e+03  1.55748e-01
 6.32115e+03  1.58453e-01
 6.32141e+03  1.60942e-01
 6.32167e+03  1.64612e-01
 6.32194e+03  1.66151e-01
 6.32220e+03  1.69249e-01
 6.32246e+03  1.71631e-01
 6.32272e+03  1.75005e-01
 6.32298e+03  1.78086e-01
 6.32324e+03  1.80598e-01
 6.32350e+03  1.84460e-01
 6.32376e+03  1.86867e-01
 6.32402e+03  1.89475e-01
 6.32429e+03  1.92809e-01
 6.32455e+03  1.94966e-01
 6.32481e+03  1.99135e-01
 6.32507e+03  2.02065e-01
 6.32533e+03  2.05810e-01
 6.32559e+03  2.07815e-01
 6.32585e+03  2.11807e-01
 6.32611e+03  2.15682e-01
 6.32638e+03  2.18504e-01
 6.32664e+03  2.22328e-01
 6.32690e+03  2.25322e-01
 6.32716e+03  2.28745e-01
 6.32742e+03  2.33321e-01
 6.32768e+03  2.35885e-01
 6.32794e+03  2.40007e-01
 6.32820e+03  2.43853e-01
 6.32847e+03  2.47089e-01
 6.32873e+03  2.51387e-01
 6.32899e+03  2.54839e-01
 6.32925e+03  2.59677e-01
 6.32951e+03  2.62678e-01
 6.32977e+03  2.68115e-01
 6.33003e+03  2.70682e-01
 6.33029e+03  2.74861e-01
 6.33055e+03  2.79628e-01
 6.33082e+03  2.83732e-01
 6.33108e+03  2.88265e-01
 6.33134e+03  2.92316e-01
 6.33160e+03  2.95639e-01
 6.33186e+03  3.00528e-01
 6.33212e+03  3.06543e-01
 6.33238e+03  3.08616e-01
 6.33264e+03  3.13659e-01
 6.33291e+03  3.19491e-01
 6.33317e+03  3.23840e-01
 6.33343e+03  3.27166e-01
 6.33369e+03  3.32843e-01
 6.33395e+03  3.36339e-01
 6.33421e+03  3.40908e-01
 6.33447e+03  3.46005e-01
 6.33473e+03  3.51095e-01
 6.33500e+03  3.56509e-01
 6.33526e+03  3.61381e-01
 6.33552e+03  3.65890e-01
 6.33578e+03  3.70991e-01
 6.33604e+03  3.75731e-01
 6.33630e+03  3.80538e-01
 6.33656e+03  3.86211e-01
 6.33682e+03  3.90781e-01
 6.33708e+03  3.96844e-01
 6.33735e+03  4.02136e-01
 6.33761e+03  4.05162e-01
 6.33787e+03  4.12427e-01
 6.33813e+03  4.17469e-01
 6.33839e+03  4.22318e-01
 6.33865e+03  4.28116e-01
 6.33891e+03  4.32405e-01
 6.33917e+03  4.37754e-01
 6.33944e+03  4.42920e-01
 6.33970e+03  4.48953e-01
 6.33996e+03  4.53498e-01
 6.34022e+03  4.57521e-01
 6.34048e+03  4.63797e-01
 6.34074e+03  4.68609e-01
 6.34100e+03  4.73773e-01
 6.34126e+03  4.78557e-01
 6.34153e+03  4.84788e-01
 6.34179e+03  4.89510e-01
 6.34205e+03  4.95756e-01
 6.34231e+03  5.01573e-01
 6.34257e+03  5.06969e-01
 6.34283e+03  5.11485e-01
 6.34309e+03  5.17047e-01
 6.34335e+03  5.21857e-01
 6.34361e+03  5.28354e-01
 6.34388e+03  5.31492e-01
 6.34414e+03  5.38082e-01
 6.34440e+03  5.42574e-01
 6.34466e+03  5.48149e-01
 6.34492e+03  5.53279e-01
 6.34518e+03  5.57737e-01
 6.34544e+03  5.63597e-01
 6.34570e+03  5.66442e-01
 6.34597e+03  5.75509e-01
 6.34623e+03  5.76832e-01
 6.34649e+03  5.82382e-01
 6.34675e+03  5.88462e-01
 6.34701e+03  5.93757e-01
 6.34727e+03  5.98039e-01
 6.34753e+03  6.01681e-01
 6.34779e+03  6.05862e-01
 6.34806e+03  6.12472e-01
 6.34832e+03  6.16267e-01
 6.34858e+03  6.21718e-01
 6.34884e+03  6.23320e-01
 6.34910e+03  6.28984e-01
 6.34936e+03  6.35464e-01
 6.34962e+03  6.37899e-01
 6.34988e+03  6.43057e-01
 6.35015e+03  6.46373e-01
 6.35041e+03  6.50863e-01
 6.35067e+03  6.55296e-01
 6.35093e+03  6.58429e-01
 6.35119e+03  6.63857e-01
 6.35145e+03  6.67298e-01
 6.35171e+03  6.71364e-01
 6.35197e+03  6.75438e-01
 6.35223e+03  6.77627e-01
 6.35250e+03  6.80609e-01
 6.35276e+03  6.86197e-01
 6.35302e+03  6.89238e-01
 6.35328e+03  6.93579e-01
 6.35354e+03  6.96583e-01
 6.35380e+03  7.01760e-01
 6.35406e+03  7.03413e-01
 6.35432e+03  7.07389e-01
 6.35458e+03  7.08860e-01
 6.35485e+03  7.14481e-01
 6.35511e+03  7.17244e-01
 6.35537e+03  7.19939e-01
 6.35563e+03  7.22160e-01
 6.35589e+03  7.25109e-01
 6.35615e+03  7.29205e-01
 6.35641e+03  7.31713e-01
 6.35667e+03  7.36621e-01
 6.35694e+03  7.37048e-01
 6.35720e+03  7.40191e-01
 6.35746e+03  7.40405e-01
 6.35772e+03  7.45263e-01
 6.35798e+03  7.44154e-01
 6.35824e+03  7.49129e-01
 6.35850e+03  7.50730e-01
 6.35876e+03  7.53919e-01
 6.35903e+03  7.57909e-01
 6.35929e+03  7.62497e-01
 6.35955e+03  7.61469e-01
 6.35981e+03  7.63415e-01
 6.36007e+03  7.64732e-01
 6.36033e+03  7.67718e-01
 6.36059e+03  7.71610e-01
 6.36085e+03  7.72272e-01
 6.36112e+03  7.73691e-01
 6.36138e+03  7.75331e-01
 6.36164e+03  7.76615e-01
 6.36190e+03  7.80183e-01
 6.36216e+03  7.82813e-01
 6.36242e+03  7.82463e-01
 6.36268e+03  7.83456e-01
 6.36294e+03  7.84865e-01
 6.36320e+03  7.87777e-01
 6.36347e+03  7.88410e-01
 6.36373e+03  7.90088e-01
 6.36399e+03  7.90449e-01
 6.36425e+03  7.91805e-01
 6.36451e+03  7.94132e-01
 6.36477e+03  7.93843e-01
 6.36503e+03  7.96178e-01
 6.36529e+03  7.95111e-01
 6.36556e+03  7.98857e-01
 6.36582e+03  7.99113e-01
 6.36608e+03  8.02185e-01
 6.36634e+03  8.03620e-01
 6.36660e+03  8.04172e-01
 6.36686e+03  8.02135e-01
 6.36712e+03  8.05468e-01
 6.36738e+03  8.06034e-01
 6.36765e+03  8.08140e-01
 6.36791e+03  8.07341e-01
 6.36817e+03  8.08163e-01
 6.36843e+03  8.08008e-01
 6.36869e+03  8.08922e-01
 6.36895e+03  8.11505e-01
 6.36921e+03  8.10726e-01
 6.36947e+03  8.12818e-01
 6.36973e+03  8.12527e-01
 6.37000e+03  8.13793e-01
 6.37026e+03  8.16871e-01
 6.37052e+03  8.15763e-01
 6.37078e+03  8.15096e-01
 6.37104e+03  8.15119e-01
 6.37130e+03  8.15778e-01
 6.37156e+03  8.16709e-01
 6.37182e+03  8.17703e-01
 6.37209e+03  8.18802e-01
 6.37235e+03  8.18286e-01
 6.37261e+03  8.17663e-01
 6.37287e+03  8.20969e-01
 6.37313e+03  8.20478e-01
 6.37339e+03  8.19104e-01
 6.37365e+03  8.19694e-01
 6.37391e+03  8.19415e-01
 6.37418e+03  8.23847e-01
 6.37444e+03  8.21763e-01
 6.37470e+03  8.22796e-01
 6.37496e+03  8.21388e-01
 6.37522e+03  8.25023e-01
 6.37548e+03  8.23730e-01
 6.37574e+03  8.24727e-01
 6.37600e+03  8.21818e-01
 6.37626e+03  8.24747e-01
 6.37653e+03  8.23783e-01
 6.37679e+03  8.21829e-01
 6.37705e+03  8.25171e-01
 6.37731e+03  8.25797e-01
 6.37757e+03  8.26374e-01
 6.37783e+03  8.26398e-01
 6.37809e+03  8.25895e-01
 6.37835e+03  8.25304e-01
 6.37862e+03  8.27027e-01
 6.37888e+03  8.24536e-01
 6.37914e+03  8.26918e-01
 6.37940e+03  8.27950e-01
 6.37966e+03  8.27169e-01
 6.37992e+03  8.27829e-01
 6.38018e+03  8.27938e-01
 6.38044e+03  8.26566e-01
 6.38071e+03  8.24101e-01
 6.38097e+03  8.27337e-01
 6.38123e+03  8.27847e-01
 6.38149e+03  8.28517e-01
 6.38175e+03  8.27853e-01
 6.38201e+03  8.26077e-01
 6.38227e+03  8.27804e-01
 6.38253e+03  8.28699e-01
 6.38279e+03  8.26702e-01
 6.38306e+03  8.29467e-01
 6.38332e+03  8.27375e-01
 6.38358e+03  8.28647e-01
 6.38384e+03  8.26747e-01
 6.38410e+03  8.29045e-01
 6.38436e+03  8.28159e-01
 6.38462e+03  8.28250e-01
 6.38488e+03  8.26491e-01
 6.38515e+03  8.30528e-01
 6.38541e+03  8.28158e-01
 6.38567e+03  8.29672e-01
 6.38593e+03  8.26179e-01
 6.38619e+03  8.29055e-01
 6.38645e+03  8.27904e-01
 6.38671e+03  8.26408e-01
 6.38697e+03  8.28405e-01
 6.38724e+03  8.29737e-01
 6.38750e+03  8.25914e-01
 6.38776e+03  8.26162e-01
 6.38802e+03  8.29286e-01
 6.38828e+03  8.26212e-01
 6.38854e+03  8.28444e-01
 6.38880e+03  8.28530e-01
 6.38906e+03  8.27924e-01
 6.38932e+03  8.30084e-01
 6.38959e+03  8.28772e-01
 6.38985e+03  8.28496e-01
 6.39011e+03  8.24499e-01
 6.39037e+03  8.28354e-01
 6.39063e+03  8.26907e-01
 6.39089e+03  8.28548e-01
 6.39115e+03  8.29863e-01
 6.39141e+03  8.24398e-01
 6.39168e+03  8.28593e-01
 6.39194e+03  8.29265e-01
 6.39220e+03  8.27102e-01
 6.39246e+03  8.25251e-01
 6.39272e+03  8.27218e-01
 6.39298e+03  8.29539e-01
 6.39324e+03  8.26869e-01
 6.39350e+03  8.27462e-01
 6.39377e+03  8.25929e-01
 6.39403e+03  8.29635e-01
 6.39429e+03  8.26623e-01
 6.39455e+03  8.29197e-01
 6.39481e+03  8.25149e-01
 6.39507e+03  8.27085e-01
 6.39533e+03  8.26107e-01
 6.39559e+03  8.29120e-01
 6.39585e+03  8.26641e-01
 6.39612e+03  8.27598e-01
 6.39638e+03  8.25475e-01
 6.39664e+03  8.28563e-01
 6.39690e+03  8.26207e-01
 6.39716e+03  8.24770e-01
 6.39742e+03  8.25556e-01
 6.39768e+03  8.25035e-01
 6.39794e+03  8.28852e-01
 6.39821e+03  8.26967e-01
 6.39847e+03  8.25925e-01
 6.39873e+03  8.24726e-01
 6.39899e+03  8.25981e-01
 6.39925e+03  8.22950e-01
 6.39951e+03  8.25415e-01
 6.39977e+03  8.27216e-01
 6.40003e+03  8.26934e-01
 6.40030e+03  8.24099e-01
 6.40056e+03  8.24598e-01
 6.40082e+03  8.23166e-01
 6.40108e+03  8.24877e-01
 6.40134e+03  8.25068e-01
 6.40160e+03  8.26375e-01
 6.40186e+03  8.24694e-01
 6.40212e+03  8.25342e-01
 6.40238e+03  8.23915e-01
 6.40265e+03  8.24036e-01
 6.40291e+03  8.24580e-01
 6.40317e+03  8.25103e-01
 6.40343e+03  8.25788e-01
 6.40369e+03  8.24401e-01
 6.40395e+03  8.26221e-01
 6.40421e+03  8.25790e-01
 6.40447e+03  8.23010e-01
 6.40474e+03  8.25356e-01
 6.40500e+03  8.25556e-01
 6.40526e+03  8.26444e-01
 6.40552e+03  8.26718e-01
 6.40578e+03  8.27083e-01
 6.40604e+03  8.26941e-01
 6.40630e+03  8.24202e-01
 6.40656e+03  8.23806e-01
 6.40683e+03  8.21760e-01
 6.40709e+03  8.25533e-01
 6.40735e+03  8.26470e-01
 6.40761e+03  8.26246e-01
 6.40787e+03  8.25490e-01
 6.40813e+03  8.21726e-01
 6.40839e+03  8.23501e-01
 6.40865e+03  8.24700e-01
 6.40892e+03  8.24496e-01
 6.40918e+03  8.25797e-01
 6.40944e+03  8.24129e-01
 6.40970e+03  8.24798e-01
 6.40996e+03  8.23829e-01
 6.41022e+03  8.23820e-01
 6.41048e+03  8.21570e-01
 6.41074e+03  8.24010e-01
 6.41100e+03  8.25267e-01
 6.41127e+03  8.24611e-01
 6.41153e+03  8.25025e-01
 6.41179e+03  8.24887e-01
 6.41205e+03  8.25078e-01
 6.41231e+03  8.23508e-01
 6.41257e+03  8.25352e-01
 6.41283e+03  8.24493e-01
 6.41309e+03  8.23518e-01
 6.41335e+03  8.24176e-01
 6.41362e+03  8.26111e-01
 6.41388e+03  8.22911e-01
 6.41414e+03  8.22894e-01
 6.41440e+03  8.23387e-01
 6.41466e+03  8.23395e-01
 6.41492e+03  8.24526e-01
 6.41518e+03  8.23951e-01
 6.41544e+03  8.22819e-01
 6.41571e+03  8.22922e-01
 6.41597e+03  8.22446e-01
 6.41623e+03  8.20360e-01
 6.41649e+03  8.22320e-01
 6.41675e+03  8.19779e-01
 6.41701e+03  8.21304e-01
 6.41727e+03  8.20885e-01
 6.41753e+03  8.21877e-01
 6.41780e+03  8.22569e-01
 6.41806e+03  8.19729e-01
 6.41832e+03  8.19157e-01
 6.41858e+03  8.21376e-01
 6.41884e+03  8.20780e-01
 6.41910e+03  8.19683e-01
 6.41936e+03  8.19477e-01
 6.41962e+03  8.17976e-01
 6.41989e+03  8.17747e-01
 6.42015e+03  8.18220e-01
 6.42041e+03  8.17994e-01
 6.42067e+03  8.15169e-01
 6.42093e+03  8.14555e-01
 6.42119e+03  8.14963e-01
 6.42145e+03  8.17128e-01
 6.42171e+03  8.17226e-01
 6.42197e+03  8.13849e-01
 6.42224e+03  8.14958e-01
 6.42250e+03  8.15012e-01
 6.42276e+03  8.13427e-01
 6.42302e+03  8.14690e-01
 6.42328e+03  8.14772e-01
 6.42354e+03  8.14244e-01
 6.42380e+03  8.11416e-01
 6.42406e+03  8.10217e-01
 6.42433e+03  8.12357e-01
 6.42459e+03  8.09208e-01
 6.42485e+03  8.07730e-01
 6.42511e+03  8.10056e-01
 6.42537e+03  8.06821e-01
 6.42563e+03  8.04038e-01
 6.42589e+03  8.03643e-01
 6.42615e+03  8.02343e-01
 6.42642e+03  8.02851e-01
 6.42668e+03  8.01737e-01
 6.42694e+03  8.01589e-01
 6.42720e+03  7.99951e-01
 6.42746e+03  7.98246e-01
 6.42772e+03  7.96811e-01
 6.42798e+03  7.94944e-01
 6.42824e+03  7.94651e-01
 6.42850e+03  7.93269e-01
 6.42877e+03  7.92641e-01
 6.42903e+03  7.89519e-01
 6.42929e+03  7.90375e-01
 6.42955e+03  7.86151e-01
 6.42981e+03  7.84255e-01
 6.43007e+03  7.83768e-01
 6.43033e+03  7.82199e-01
 6.43059e+03  7.79047e-01
 6.43086e+03  7.79504e-01
 6.43112e+03  7.76447e-01
 6.43138e+03  7.73492e-01
 6.43164e+03  7.71952e-01
 6.43190e+03  7.69230e-01
 6.43216e+03  7.69131e-01
 6.43242e+03  7.67071e-01
 6.43268e+03  7.62630e-01
 6.43295e+03  7.60971e-01
 6.43321e+03  7.58124e-01
 6.43347e+03  7.55692e-01
 6.43373e+03  7.50526e-01
 6.43399e+03  7.50823e-01
 6.43425e+03  7.45990e-01
 6.43451e+03  7.43621e-01
 6.43477e+03  7.42247e-01
 6.43503e+03  7.37395e-01
 6.43530e+03  7.33083e-01
 6.43556e+03  7.32867e-01
 6.43582e+03  7.29682e-01
 6.43608e+03  7.26740e-01
 6.43634e+03  7.22259e-01
 6.43660e+03  7.20244e-01
 6.43686e+03  7.15136e-01
 6.43712e+03  7.12954e-01
 6.43739e+03  7.09378e-01
 6.43765e+03  7.04916e-01
 6.43791e+03  7.01887e-01
 6.43817e+03  6.98890e-01
 6.43843e+03  6.93014e-01
 6.43869e+03  6.89632e-01
 6.43895e+03  6.87831e-01
 6.43921e+03  6.81021e-01
 6.43948e+03  6.75038e-01
 6.43974e+03  6.71906e-01
 6.44000e+03  6.69883e-01
 6.44026e+03  6.67207e-01
 6.44052e+03  6.62526e-01
 6.44078e+03  6.57428e-01
 6.44104e+03  6.52296e-01
 6.44130e+03  6.47341e-01
 6.44156e+03  6.44462e-01
 6.44183e+03  6.36808e-01
 6.44209e+03  6.34221e-01
 6.44235e+03  6.28601e-01
 6.44261e+03  6.23262e-01
 6.44287e+03  6.16780e-01
 6.44313e+03  6.14450e-01
 6.44339e+03  6.07270e-01
 6.44365e+03  6.04065e-01
 6.44392e+03  5.99190e-01
 6.44418e+03  5.91153e-01
 6.44444e+03  5.87406e-01
 6.44470e+03  5.82363e-01
 6.44496e+03  5.77535e-01
 6.44522e+03  5.73117e-01
 6.44548e+03  5.67263e-01
 6.44574e+03  5.62950e-01
 6.44601e+03  5.57569e-01
 6.44627e+03  5.52659e-01
 6.44653e+03  5.44750e-01
 6.44679e+03  5.40159e-01
 6.44705e+03  5.36307e-01
 6.44731e+03  5.29820e-01
 6.44757e+03  5.23666e-01
 6.44783e+03  5.18648e-01
 6.44809e+03  5.13066e-01
 6.44836e+03  5.07629e-01
 6.44862e+03  5.03707e-01
 6.44888e+03  4.97389e-01
 6.44914e+03  4.91222e-01
 6.44940e+03  4.84285e-01
 6.44966e+03  4.79675e-01
 6.44992e+03  4.74659e-01
 6.45018e+03  4.68688e-01
 6.45045e+03  4.62810e-01
 6.45071e+03  4.58137e-01
 6.45097e+03  4.50979e-01
 6.45123e+03  4.47681e-01
 6.45149e+03  4.41877e-01
 6.45175e+03  4.37355e-01
 6.45201e+03  4.29646e-01
 6.45227e+03  4.24763e-01
 6.45254e+03  4.19641e-01
 6.45280e+03  4.13660e-01
 6.45306e+03  4.08432e-01
 6.45332e+03  4.02187e-01
 6.45358e+03  3.98405e-01
 6.45384e+03  3.93211e-01
 6.45410e+03  3.87749e-01
 6.45436e+03  3.83840e-01
 6.45462e+03  3.77010e-01
 6.45489e+03  3.72201e-01
 6.45515e+03  3.67525e-01
 6.45541e+03  3.62703e-01
 6.45567e+03  3.57934e-01
 6.45593e+03  3.52286e-01
 6.45619e+03  3.47221e-01
 6.45645e+03  3.42249e-01
 6.45671e+03  3.36738e-01
 6.45698e+03  3.32823e-01
 6.45724e+03  3.28052e-01
 6.45750e+03  3.24021e-01
 6.45776e+03  3.18039e-01
 6.45802e+03  3.14257e-01
 6.45828e+03  3.09070e-01
 6.45854e+03  3.04689e-01
 6.45880e+03  3.01121e-01
 6.45907e+03  2.95183e-01
 6.45933e+03  2.91716e-01
 6.45959e+03  2.87078e-01
 6.45985e+03  2.84353e-01
 6.46011e+03  2.78384e-01
 6.46037e+03  2.74979e-01
 6.46063e+03  2.71001e-01
 6.46089e+03  2.66415e-01
 6.46115e+03  2.62087e-01
 6.46142e+03  2.58236e-01
 6.46168e+03  2.54001e-01
 6.46194e+03  2.49931e-01
 6.46220e+03  2.46153e-01
 6.46246e+03  2.42025e-01
 6.46272e+03  2.39462e-01
 6.46298e+03  2.35196e-01
 6.46324e+03  2.31310e-01
 6.46351e+03  2.28471e-01
 6.46377e+03  2.24943e-01
 6.46403e+03  2.20694e-01
 6.46429e+03  2.16743e-01
 6.46455e+03  2.14611e-01
 6.46481e+03  2.09983e-01
 6.46507e+03  2.07211e-01
 6.46533e+03  2.04187e-01
 6.46560e+03  2.01827e-01
 6.46586e+03  1.97903e-01
 6.46612e+03  1.94782e-01
 6.46638e+03  1.91400e-01
 6.46664e+03  1.87991e-01
 6.46690e+03  1.85970e-01
 6.46716e+03  1.82792e-01
 6.46742e+03  1.80404e-01
 6.46768e+03  1.76651e-01
 6.46795e+03  1.74402e-01
 6.46821e+03  1.71866e-01
 6.46847e+03  1.68918e-01
 6.46873e+03  1.66249e-01
 6.46899e+03  1.63679e-01
 6.46925e+03  1.60501e-01
 6.46951e+03  1.59155e-01
 6.46977e+03  1.55800e-01
 6.47004e+03  1.53944e-01
 6.47030e+03  1.51346e-01
 6.47056e+03  1.49536e-01
 6.47082e+03  1.46809e-01
 6.47108e+03  1.44407e-01
 6.47134e+03  1.42085e-01
 6.47160e+03  1.39172e-01
 6.47186e+03  1.37425e-01
 6.47212e+03  1.35168e-01
 6.47239e+03  1.33330e-01
 6.47265e+03  1.31087e-01
 6.47291e+03  1.29098e-01
 6.47317e+03  1.26906e-01
 6.47343e+03  1.24617e-01
 6.47369e+03  1.22890e-01
 6.47395e+03  1.21081e-01
 6.47421e+03  1.19544e-01
 6.47448e+03  1.17690e-01
 6.47474e+03  1.16241e-01
 6.47500e+03  1.13992e-01
 6.47526e+03  1.12753e-01
 6.47552e+03  1.10521e-01
 6.47578e+03  1.09047e-01
 6.47604e+03  1.07148e-01
 6.47630e+03  1.05224e-01
 6.47657e+03  1.03690e-01
 6.47683e+03  1.02250e-01
 6.47709e+03  1.01074e-01
 6.47735e+03  9.91204e-02
 6.47761e+03  9.76617e-02
 6.47787e+03  9.61548e-02
 6.47813e+03  9.44068e-02
 6.47839e+03  9.30433e-02
 6.47866e+03  9.14807e-02
 6.47892e+03  9.06525e-02
 6.47918e+03  8.88427e-02
 6.47944e+03  8.74562e-02
 6.47970e+03  8.68221e-02
 6.47996e+03  8.59914e-02
 6.48022e+03  8.41207e-02
 6.48048e+03  8.20451e-02
 6.48074e+03  8.15125e-02
 6.48101e+03  7.96993e-02
 6.48127e+03  7.86717e-02
 6.48153e+03  7.77952e-02
 6.48179e+03  7.64155e-02
 6.48205e+03  7.48366e-02
 6.48231e+03  7.45240e-02
 6.48257e+03  7.34629e-02
 6.48283e+03  7.22709e-02
 6.48310e+03  7.05271e-02
 6.48336e+03  7.02061e-02
 6.48362e+03  6.93781e-02
 6.48388e+03  6.74946e-02
 6.48414e+03  6.70829e-02
 6.48440e+03  6.62596e-02
 6.48466e+03  6.49238e-02
 6.48492e+03  6.43539e-02
 6.48519e+03  6.32573e-02
 6.48545e+03  6.25814e-02
 6.48571e+03  6.16493e-02
 6.48597e+03  6.05791e-02
 6.48623e+03  5.98920e-02
 6.48649e+03  5.87947e-02
 6.48675e+03  5.78665e-02
 6.48701e+03  5.75433e-02
 6.48727e+03  5.64878e-02
 6.48754e+03  5.58222e-02
 6.48780e+03  5.46598e-02
 6.48806e+03  5.43594e-02
 6.48832e+03  5.34605e-02
 6.48858e+03  5.25801e-02
 6.48884e+03  5.19757e-02
 6.48910e+03  5.11390e-02
 6.48936e+03  5.03015e-02
 6.48963e+03  4.92920e-02
 6.48989e+03  4.92523e-02
 6.49015e+03  4.82686e-02
 6.49041e+03  4.77374e-02
 6.49067e+03  4.73535e-02
 6.49093e+03  4.67149e-02
 6.49119e+03  4.58841e-02
 6.49145e+03  4.50757e-02
 6.49172e+03  4.47879e-02
 6.49198e+03  4.38558e-02
 6.49224e+03  4.34384e-02
 6.49250e+03  4.26768e-02
 6.49276e+03  4.23506e-02
 6.49302e+03  4.17171e-02
 6.49328e+03  4.12820e-02
 6.49354e+03  4.07162e-02
 6.49380e+03  3.99616e-02
 6.49407e+03  3.96788e-02
 6.49433e+03  3.90589e-02
 6.49459e+03  3.83673e-02
 6.49485e+03  3.78961e-02
 6.49511e+03  3.74315e-02
 6.49537e+03  3.70783e-02
 6.49563e+03  3.67355e-02
 6.49589e+03  3.60041e-02
 6.49616e+03  3.57263e-02
 6.49642e+03  3.50800e-02
 6.49668e+03  3.44244e-02
 6.49694e+03  3.39858e-02
 6.49720e+03  3.40454e-02
 6.49746e+03  3.34197e-02
 6.49772e+03  3.27573e-02
 6.49798e+03  3.25433e-02
 6.49825e+03  3.21032e-02
 6.49851e+03  3.17479e-02
 6.49877e+03  3.13374e-02
 6.49903e+03  3.13184e-02
 6.49929e+03  3.07331e-02
 6.49955e+03  3.01919e-02
 6.49981e+03  2.97410e-02
 6.50007e+03  2.95516e-02
 6.50033e+03  2.90092e-02
 6.50060e+03  2.87615e-02
 6.50086e+03  2.82011e-02
 6.50112e+03  2.78210e-02
 6.50138e+03  2.78554e-02
 6.50164e+03  2.75373e-02
 6.50190e+03  2.71032e-02
 6.50216e+03  2.66591e-02
 6.50242e+03  2.64234e-02
 6.50269e+03  2.63523e-02
 6.50295e+03  2.58232e-02
 6.50321e+03  2.56369e-02
 6.50347e+03  2.53362e-02
 6.50373e+03  2.49221e-02
 6.50399e+03  2.44023e-02
 6.50425e+03  2.46765e-02
 6.50451e+03  2.35637e-02
 6.50478e+03  2.37034e-02
 6.50504e+03  2.33127e-02
 6.50530e+03  2.33731e-02
 6.50556e+03  2.29412e-02
 6.50582e+03  2.29585e-02
 6.50608e+03  2.25979e-02
 6.50634e+03  2.23236e-02
 6.50660e+03  2.20391e-02
 6.50686e+03  2.15890e-02
 6.50713e+03  2.14909e-02
 6.50739e+03  2.07468e-02
 6.50765e+03  2.09695e-02
 6.50791e+03  2.08100e-02
 6.50817e+03  2.06739e-02
 6.50843e+03  2.00962e-02
 6.50869e+03  1.98223e-02
 6.50895e+03  1.97123e-02
 6.50922e+03  1.96137e-02
 6.50948e+03  1.92362e-02
 6.50974e+03  1.91665e-02
 6.51000e+03  1.89067e-02
 6.51026e+03  1.88379e-02
 6.51052e+03  1.85222e-02
 6.51078e+03  1.85594e-02
 6.51104e+03  1.82183e-02
 6.51131e+03  1.80530e-02
 6.51157e+03  1.78265e-02
 6.51183e+03  1.75873e-02
 6.51209e+03  1.75049e-02
 6.51235e+03  1.70730e-02
 6.51261e+03  1.71290e-02
 6.51287e+03  1.67821e-02
 6.51313e+03  1.67998e-02
 6.51340e+03  1.65589e-02
 6.51366e+03  1.64884e-02
 6.51392e+03  1.62327e-02
 6.51418e+03  1.58738e-02
 6.51444e+03  1.56411e-02
 6.51470e+03  1.59164e-02
 6.51496e+03  1.56467e-02
 6.51522e+03  1.55420e-02
 6.51548e+03  1.52123e-02
 6.51575e+03  1.51325e-02
 6.51601e+03  1.48905e-02
 6.51627e+03  1.47131e-02
 6.51653e+03  1.44953e-02
 6.51679e+03  1.45678e-02
 6.51705e+03  1.41815e-02
 6.51731e+03  1.43730e-02
 6.51757e+03  1.40831e-02
 6.51783e+03  1.40785e-02
 6.51810e+03  1.36132e-02
 6.51836e+03  1.38093e-02
 6.51862e+03  1.35107e-02
 6.51888e+03  1.31706e-02
 6.51914e+03  1.30558e-02
 6.51940e+03  1.30788e-02
 6.51966e+03  1.29140e-02
 6.51992e+03  1.27294e-02
 6.52019e+03  1.27056e-02
 6.52045e+03  1.27257e-02
 6.52071e+03  1.25122e-02
 6.52097e+03  1.21693e-02
 6.52123e+03  1.22880e-02
 6.52149e+03  1.21063e-02
 6.52175e+03  1.20354e-02
 6.52201e+03  1.19481e-02
 6.52228e+03  1.19687e-02
 6.52254e+03  1.18915e-02
 6.52280e+03  1.18527e-02
 6.52306e+03  1.15192e-02
 6.52332e+03  1.13113e-02
 6.52358e+03  1.13455e-02
 6.52384e+03  1.09636e-02
 6.52410e+03  1.11177e-02
 6.52437e+03  1.08806e-02
 6.52463e+03  1.08657e-02
 6.52489e+03  1.09441e-02
 6.52515e+03  1.07094e-02
 6.52541e+03  1.05273e-02
 6.52567e+03  1.06947e-02
 6.52593e+03  1.04502e-02
 6.52619e+03  1.02526e-02
 6.52645e+03  1.02141e-02
 6.52672e+03  1.01280e-02
 6.52698e+03  1.00684e-02
 6.52724e+03  9.92866e-03
 6.52750e+03  9.81766e-03
 6.52776e+03  9.78701e-03
 6.52802e+03  9.67894e-03
 6.52828e+03  9.66118e-03
 6.52854e+03  9.55814e-03
 6.52881e+03  9.45210e-03
 6.52907e+03  9.32298e-03
 6.52933e+03  9.33043e-03
 6.52959e+03  9.20849e-03
 6.52985e+03  9.17491e-03
 6.53011e+03  9.09684e-03
 6.53037e+03  9.12164e-03
 6.53063e+03  9.01087e-03
 6.53090e+03  8.67483e-03
 6.53116e+03  8.74222e-03
 6.53142e+03  8.70236e-03
 6.53168e+03  8.68328e-03
 6.53194e+03  8.48109e-03
 6.53220e+03  8.38980e-03
 6.53246e+03  8.40639e-03
 6.53272e+03  8.39190e-03
 6.53298e+03  8.32523e-03
 6.53325e+03  8.45821e-03
 6.53351e+03  8.05520e-03
 6.53377e+03  8.18278e-03
 6.53403e+03  8.03800e-03
 6.53429e+03  8.08606e-03
 6.53455e+03  7.95877e-03
 6.53481e+03  8.03515e-03
 6.53507e+03  7.71252e-03
 6.53534e+03  7.76753e-03
 6.53560e+03  7.61286e-03
 6.53586e+03  7.59496e-03
 6.53612e+03  7.56512e-03
 6.53638e+03  7.60455e-03
 6.53664e+03  7.38683e-03
 6.53690e+03  7.46446e-03
 6.53716e+03  7.36735e-03
 6.53743e+03  7.23293e-03
 6.53769e+03  7.17583e-03
 6.53795e+03  7.27741e-03
 6.53821e+03  7.32310e-03
 6.53847e+03  7.10081e-03
 6.53873e+03  7.18927e-03
 6.53899e+03  7.09567e-03
 6.53925e+03  6.95525e-03
 6.53951e+03  7.02583e-03
 6.53978e+03  6.91388e-03
 6.54004e+03  6.80507e-03
 6.54030e+03  6.87851e-03
 6.54056e+03  6.74440e-03
 6.54082e+03  6.65503e-03
 6.54108e+03  6.51454e-03
 6.54134e+03  6.43138e-03
 6.54160e+03  6.37226e-03
 6.54187e+03  6.38028e-03
 6.54213e+03  6.51557e-03
 6.54239e+03  6.34882e-03
 6.54265e+03  6.36645e-03
 6.54291e+03  6.28719e-03
 6.54317e+03  6.17214e-03
 6.54343e+03  6.07069e-03
 6.54369e+03  6.20316e-03
 6.54396e+03  6.21058e-03
 6.54422e+03  5.97559e-03
 6.54448e+03  5.93152e-03
 6.54474e+03  5.96117e-03
 6.54500e+03  5.94061e-03
 6.54526e+03  5.95614e-03
 6.54552e+03  5.91674e-03
 6.54578e+03  5.83657e-03
 6.54604e+03  5.76521e-03
 6.54631e+03  5.73178e-03
 6.54657e+03  5.67354e-03
 6.54683e+03  5.71500e-03
 6.54709e+03  5.84564e-03
 6.54735e+03  5.66013e-03
 6.54761e+03  5.59980e-03
 6.54787e+03  5.55644e-03
 6.54813e+03  5.47284e-03
 6.54840e+03  5.63740e-03
 6.54866e+03  5.42018e-03
 6.54892e+03  5.34559e-03
 6.54918e+03  5.42476e-03
 6.54944e+03  5.42642e-03
 6.54970e+03  5.44680e-03
 6.54996e+03  5.26659e-03
 6.55022e+03  5.18324e-03
 6.55049e+03  5.29367e-03
 6.55075e+03  5.28859e-03
 6.55101e+03  5.06796e-03
 6.55127e+03  4.91153e-03
 6.55153e+03  5.04943e-03
 6.55179e+03  5.04042e-03
 6.55205e+03  5.00804e-03
 6.55231e+03  4.97785e-03
 6.55257e+03  4.98837e-03
 6.55284e+03  4.95910e-03
 6.55310e+03  4.85711e-03
 6.55336e+03  4.94879e-03
 6.55362e+03  4.94365e-03
 6.55388e+03  4.83260e-03
 6.55414e+03  4.68154e-03
 6.55440e+03  4.73560e-03
 6.55466e+03  4.76876e-03
 6.55493e+03  4.70151e-03
 6.55519e+03  4.79789e-03
 6.55545e+03  4.64106e-03
 6.55571e+03  4.55598e-03
 6.55597e+03  4.64897e-03
 6.55623e+03  4.56169e-03
 6.55649e+03  4.55812e-03
 6.55675e+03  4.57668e-03
 6.55702e+03  4.43979e-03
 6.55728e+03  4.46722e-03
 6.55754e+03  4.48521e-03
 6.55780e+03  4.33318e-03
 6.55806e+03  4.55137e-03
 6.55832e+03  4.46165e-03
 6.55858e+03  4.46446e-03
 6.55884e+03  4.22527e-03
 6.55910e+03  4.34377e-03
 6.55937e+03  4.42512e-03
 6.55963e+03  4.28487e-03
 6.55989e+03  4.26921e-03
 6.56015e+03  4.24018e-03
 6.56041e+03  4.23132e-03
 6.56067e+03  4.27874e-03
 6.56093e+03  4.15722e-03
 6.56119e+03  4.22600e-03
 6.56146e+03  4.10611e-03
 6.56172e+03  4.12330e-03
 6.56198e+03  4.00256e-03
 6.56224e+03  4.07176e-03
 6.56250e+03  4.10112e-03
 6.56276e+03  3.95985e-03
 6.56302e+03  3.88821e-03
 6.56328e+03  3.99705e-03
 6.56355e+03  4.02382e-03
 6.56381e+03  3.86691e-03
 6.56407e+03  3.99497e-03
 6.56433e+03  3.89914e-03
 6.56459e+03  4.01382e-03
 6.56485e+03  3.90616e-03
 6.56511e+03  3.80102e-03
 6.56537e+03  3.77017e-03
 6.56563e+03  3.77009e-03
 6.56590e+03  3.85002e-03
 6.56616e+03  3.80378e-03
 6.56642e+03  3.67952e-03
 6.56668e+03  3.81370e-03
 6.56694e+03  3.77548e-03
 6.56720e+03  3.68183e-03
 6.56746e+03  3.73915e-03
 6.56772e+03  3.75502e-03
 6.56799e+03  3.65791e-03
 6.56825e+03  3.77564e-03
 6.56851e+03  3.64299e-03
 6.56877e+03  3.71336e-03
 6.56903e+03  3.51956e-03
 6.56929e+03  3.55269e-03
 6.56955e+03  3.66681e-03
 6.56981e+03  3.58908e-03
 6.57008e+03  3.55933e-03
 6.57034e+03  3.43028e-03
 6.57060e+03  3.51250e-03
 6.57086e+03  3.44087e-03
 6.57112e+03  3.51222e-03
 6.57138e+03  3.49468e-03
 6.57164e+03  3.31473e-03
 6.57190e+03  3.43953e-03
 6.57217e+03  3.42055e-03
 6.57243e+03  3.33181e-03
 6.57269e+03  3.46058e-03
 6.57295e+03  3.35173e-03
 6.57321e+03  3.33967e-03
 6.57347e+03  3.40654e-03
 6.57373e+03  3.49846e-03
 6.57399e+03  3.30494e-03
 6.57425e+03  3.35646e-03
 6.57452e+03  3.35254e-03
 6.57478e+03  3.28200e-03
 6.57504e+03  3.28136e-03
 6.57530e+03  3.20188e-03
 6.57556e+03  3.23294e-03
 6.57582e+03  3.25958e-03
 6.57608e+03  3.22995e-03
 6.57634e+03  3.16203e-03
 6.57660e+03  3.12196e-03
 6.57687e+03  3.20747e-03
 6.57713e+03  3.27221e-03
 6.57739e+03  3.11625e-03
 6.57765e+03  3.12697e-03
 6.57791e+03  3.10059e-03
 6.57817e+03  3.14722e-03
 6.57843e+03  3.05608e-03
 6.57869e+03  3.17820e-03
 6.57896e+03  3.07508e-03
 6.57922e+03  3.09014e-03
 6.57948e+03  3.09609e-03
 6.57974e+03  3.02761e-03
 6.58000e+03  3.03766e-03
 6.58026e+03  3.04502e-03
 6.58052e+03  2.95749e-03
 6.58078e+03  2.98857e-03
 6.58105e+03  2.98145e-03
 6.58131e+03  2.99097e-03
 6.58157e+03  2.97378e-03
 6.58183e+03  2.96472e-03
 6.58209e+03  2.98856e-03
 6.58235e+03  2.96632e-03
 6.58261e+03  2.97622e-03
 6.58287e+03  2.95306e-03
 6.58314e+03  2.83837e-03
 6.58340e+03  2.87616e-03
 6.58366e+03  2.87891e-03
 6.58392e+03  2.86681e-03
 6.58418e+03  2.88049e-03
 6.58444e+03  2.80773e-03
 6.58470e+03  2.83388e-03
 6.58496e+03  2.88155e-03
 6.58522e+03  2.85458e-03
 6.58549e+03  2.83130e-03
 6.58575e+03  2.74766e-03
 6.58601e+03  2.90418e-03
 6.58627e+03  2.71005e-03
 6.58653e+03  2.73817e-03
 6.58679e+03  2.65331e-03
 6.58705e+03  2.76426e-03
 6.58731e+03  2.69724e-03
 6.58758e+03  2.83587e-03
 6.58784e+03  2.72444e-03
 6.58810e+03  2.69869e-03
 6.58836e+03  2.75560e-03
 6.58862e+03  2.76726e-03
 6.58888e+03  2.63902e-03
 6.58914e+03  2.61485e-03
 6.58940e+03  2.66768e-03
 6.58967e+03  2.67728e-03
 6.58993e+03  2.74923e-03
 6.59019e+03  2.65838e-03
 6.59045e+03  2.62317e-03
 6.59071e+03  2.59786e-03
 6.59097e+03  2.63890e-03
 6.59123e+03  2.58167e-03
 6.59149e+03  2.62906e-03
 6.59175e+03  2.50540e-03
 6.59202e+03  2.56119e-03
 6.59228e+03  2.66837e-03
 6.59254e+03  2.58516e-03
 6.59280e+03  2.61629e-03
 6.59306e+03  2.49530e-03
 6.59332e+03  2.55879e-03
 6.59358e+03  2.52599e-03
 6.59384e+03  2.45410e-03
 6.59411e+03  2.47587e-03
 6.59437e+03  2.52234e-03
 6.59463e+03  2.53756e-03
 6.59489e+03  2.52427e-03
 6.59515e+03  2.47998e-03
 6.59541e+03  2.47424e-03
 6.59567e+03  2.45049e-03
 6.59593e+03  2.44581e-03
 6.59620e+03  2.56026e-03
 6.59646e+03  2.44772e-03
 6.59672e+03  2.42701e-03
 6.59698e+03  2.44284e-03
 6.59724e+03  2.44429e-03
 6.59750e+03  2.51527e-03
 6.59776e+03  2.36217e-03
 6.59802e+03  2.41870e-03
 6.59828e+03  2.43977e-03
 6.59855e+03  2.40957e-03
 6.59881e+03  2.44574e-03
 6.59907e+03  2.31345e-03
 6.59933e+03  2.41325e-03
 6.59959e+03  2.34683e-03
 6.59985e+03  2.40670e-03
 6.60011e+03  2.34422e-03
