 5.05000e+03  2.46989e-03
 5.05026e+03  2.12181e-03
 5.05052e+03  1.91368e-03
 5.05078e+03  2.04473e-03
 5.05104e+03  1.98974e-03
 5.05130e+03  2.18636e-03
 5.05156e+03  2.27966e-03
 5.05182e+03  1.79172e-03
 5.05208e+03  2.06936e-03
 5.05234e+03  2.15304e-03
 5.05260e+03  2.54488e-03
 5.05286e+03  2.17965e-03
 5.05312e+03  2.53881e-03
 5.05338e+03  2.12888e-03
 5.05364e+03  1.90860e-03
 5.05390e+03  2.04161e-03
 5.05416e+03  2.44661e-03
 5.05442e+03  2.24071e-03
 5.05467e+03  2.19833e-03
 5.05493e+03  1.97617e-03
 5.05519e+03  1.96799e-03
 5.05545e+03  1.75530e-03
 5.05571e+03  2.25059e-03
 5.05597e+03  2.57540e-03
 5.05623e+03  2.09118e-03
 5.05649e+03  2.50414e-03
 5.05675e+03  2.23346e-03
 5.05701e+03  2.44428e-03
 5.05727e+03  2.36427e-03
 5.05753e+03  2.06141e-03
 5.05779e+03  2.36639e-03
 5.05805e+03  2.19273e-03
 5.05831e+03  2.63506e-03
 5.05857e+03  2.44927e-03
 5.05883e+03  2.27853e-03
 5.05909e+03  2.09003e-03
 5.05935e+03  2.25298e-03
 5.05961e+03  2.09152e-03
 5.05987e+03  2.38518e-03
 5.06013e+03  2.22337e-03
 5.06039e+03  2.24480e-03
 5.06065e+03  2.61740e-03
 5.06091e+03  2.22641e-03
 5.06117e+03  2.46527e-03
 5.06143e+03  2.61737e-03
 5.06169e+03  2.31752e-03
 5.06195e+03  2.03100e-03
 5.06221e+03  2.20526e-03
 5.06247e+03  2.33505e-03
 5.06273e+03  2.11770e-03
 5.06298e+03  2.55263e-03
 5.06324e+03  2.36810e-03
 5.06350e+03  2.33031e-03
 5.06376e+03  2.78174e-03
 5.06402e+03  2.37588e-03
 5.06428e+03  2.36664e-03
 5.06454e+03  2.54436e-03
 5.06480e+03  2.33409e-03
 5.06506e+03  2.48796e-03
 5.06532e+03  2.16995e-03
 5.06558e+03  2.50895e-03
 5.06584e+03  2.52004e-03
 5.06610e+03  2.38984e-03
 5.06636e+03  2.24754e-03
 5.06662e+03  2.33838e-03
 5.06688e+03  2.54207e-03
 5.06714e+03  2.38156e-03
 5.06740e+03  2.20887e-03
 5.06766e+03  2.42987e-03
 5.06792e+03  2.30695e-03
 5.06818e+03  2.30911e-03
 5.06844e+03  2.46361e-03
 5.06870e+03  2.67253e-03
 5.06896e+03  2.51708e-03
 5.06922e+03  2.25906e-03
 5.06948e+03  2.74108e-03
 5.06974e+03  2.57108e-03
 5.07000e+03  2.27584e-03
 5.07026e+03  2.58884e-03
 5.07052e+03  2.15784e-03
 5.07078e+03  2.67080e-03
 5.07104e+03  2.50319e-03
 5.07130e+03  2.43485e-03
 5.07156e+03  2.53845e-03
 5.07181e+03  2.60080e-03
 5.07207e+03  2.40896e-03
 5.07233e+03  2.76780e-03
 5.07259e+03  2.32104e-03
 5.07285e+03  2.63884e-03
 5.07311e+03  2.44382e-03
 5.07337e+03  2.35971e-03
 5.07363e+03  2.65780e-03
 5.07389e+03  2.37159e-03
 5.07415e+03  2.64436e-03
 5.07441e+03  2.67876e-03
 5.07467e+03  2.94412e-03
 5.07493e+03  2.59311e-03
 5.07519e+03  2.53186e-03
 5.07545e+03  2.28992e-03
 5.07571e+03  2.54058e-03
 5.07597e+03  2.73519e-03
 5.07623e+03  2.30881e-03
 5.07649e+03  2.55226e-03
 5.07675e+03  2.52821e-03
 5.07701e+03  2.75744e-03
 5.07727e+03  2.53219e-03
 5.07753e+03  2.47060e-03
 5.07779e+03  2.69206e-03
 5.07805e+03  2.60018e-03
 5.07831e+03  2.88521e-03
 5.07857e+03  2.53801e-03
 5.07883e+03  2.88863e-03
 5.07909e+03  2.79223e-03
 5.07935e+03  2.85740e-03
 5.07961e+03  2.64474e-03
 5.07987e+03  2.56883e-03
 5.08013e+03  2.60854e-03
 5.08038e+03  2.82426e-03
 5.08064e+03  2.71252e-03
 5.08090e+03  2.44647e-03
 5.08116e+03  2.90698e-03
 5.08142e+03  2.87681e-03
 5.08168e+03  2.39477e-03
 5.08194e+03  2.30661e-03
 5.08220e+03  2.61424e-03
 5.08246e+03  2.63741e-03
 5.08272e+03  2.99022e-03
 5.08298e+03  2.80883e-03
 5.08324e+03  2.75296e-03
 5.08350e+03  2.62930e-03
 5.08376e+03  2.58336e-03
 5.08402e+03  2.85192e-03
 5.08428e+03  2.65531e-03
 5.08454e+03  2.89087e-03
 5.08480e+03  2.90375e-03
 5.08506e+03  2.76048e-03
 5.08532e+03  3.00496e-03
 5.08558e+03  2.62756e-03
 5.08584e+03  2.45182e-03
 5.08610e+03  2.78254e-03
 5.08636e+03  2.70039e-03
 5.08662e+03  3.14677e-03
 5.08688e+03  2.80691e-03
 5.08714e+03  2.95618e-03
 5.08740e+03  2.50153e-03
 5.08766e+03  2.79656e-03
 5.08792e+03  3.00495e-03
 5.08818e+03  3.07716e-03
 5.08844e+03  2.88926e-03
 5.08870e+03  3.36328e-03
 5.08896e+03  2.96829e-03
 5.08921e+03  2.90073e-03
 5.08947e+03  2.75657e-03
 5.08973e+03  2.93956e-03
 5.08999e+03  3.31019e-03
 5.09025e+03  3.17088e-03
 5.09051e+03  2.86524e-03
 5.09077e+03  3.08121e-03
 5.09103e+03  3.32179e-03
 5.09129e+03  2.66929e-03
 5.09155e+03  2.84471e-03
 5.09181e+03  3.01015e-03
 5.09207e+03  3.03216e-03
 5.09233e+03  3.09149e-03
 5.09259e+03  3.05606e-03
 5.09285e+03  3.14497e-03
 5.09311e+03  3.11751e-03
 5.09337e+03  3.11554e-03
 5.09363e+03  3.18204e-03
 5.09389e+03  3.29778e-03
 5.09415e+03  3.08134e-03
 5.09441e+03  3.13419e-03
 5.09467e+03  3.06292e-03
 5.09493e+03  3.22870e-03
 5.09519e+03  3.04156e-03
 5.09545e+03  3.22230e-03
 5.09571e+03  3.19488e-03
 5.09597e+03  3.07118e-03
 5.09623e+03  3.29260e-03
 5.09649e+03  3.22262e-03
 5.09675e+03  3.35628e-03
 5.09701e+03  3.50689e-03
 5.09727e+03  3.20435e-03
 5.09753e+03  2.91215e-03
 5.09778e+03  3.31129e-03
 5.09804e+03  3.17658e-03
 5.09830e+03  3.29690e-03
 5.09856e+03  3.21908e-03
 5.09882e+03  3.37381e-03
 5.09908e+03  3.34992e-03
 5.09934e+03  3.16628e-03
 5.09960e+03  3.59156e-03
 5.09986e+03  3.42289e-03
 5.10012e+03  3.32334e-03
 5.10038e+03  3.50364e-03
 5.10064e+03  3.36284e-03
 5.10090e+03  3.27196e-03
 5.10116e+03  3.27995e-03
 5.10142e+03  3.36810e-03
 5.10168e+03  3.97933e-03
 5.10194e+03  3.27294e-03
 5.10220e+03  3.56430e-03
 5.10246e+03  3.79569e-03
 5.10272e+03  3.21391e-03
 5.10298e+03  3.77290e-03
 5.10324e+03  3.60869e-03
 5.10350e+03  3.77132e-03
 5.10376e+03  3.60279e-03
 5.10402e+03  3.43838e-03
 5.10428e+03  3.44088e-03
 5.10454e+03  3.32929e-03
 5.10480e+03  3.27428e-03
 5.10506e+03  3.61836e-03
 5.10532e+03  3.68868e-03
 5.10558e+03  3.54225e-03
 5.10584e+03  3.19931e-03
 5.10610e+03  3.64042e-03
 5.10635e+03  3.75215e-03
 5.10661e+03  3.70940e-03
 5.10687e+03  3.91005e-03
 5.10713e+03  3.92806e-03
 5.10739e+03  3.58316e-03
 5.10765e+03  3.44603e-03
 5.10791e+03  3.98474e-03
 5.10817e+03  3.77378e-03
 5.10843e+03  4.04638e-03
 5.10869e+03  3.66968e-03
 5.10895e+03  4.21613e-03
 5.10921e+03  3.46221e-03
 5.10947e+03  3.79567e-03
 5.10973e+03  3.80599e-03
 5.10999e+03  4.06836e-03
 5.11025e+03  3.84186e-03
 5.11051e+03  3.61170e-03
 5.11077e+03  3.93401e-03
 5.11103e+03  3.66099e-03
 5.11129e+03  4.14859e-03
 5.11155e+03  3.85211e-03
 5.11181e+03  4.05746e-03
 5.11207e+03  3.64422e-03
 5.11233e+03  3.85818e-03
 5.11259e+03  4.36373e-03
 5.11285e+03  3.96097e-03
 5.11311e+03  4.02696e-03
 5.11337e+03  4.23645e-03
 5.11363e+03  4.15113e-03
 5.11389e+03  4.09993e-03
 5.11415e+03  3.88262e-03
 5.11441e+03  4.41085e-03
 5.11467e+03  4.05671e-03
 5.11493e+03  4.37748e-03
 5.11518e+03  3.89833e-03
 5.11544e+03  4.46754e-03
 5.11570e+03  4.11445e-03
 5.11596e+03  3.99371e-03
 5.11622e+03  4.44949e-03
 5.11648e+03  3.71375e-03
 5.11674e+03  4.48337e-03
 5.11700e+03  4.32919e-03
 5.11726e+03  4.68752e-03
 5.11752e+03  4.33108e-03
 5.11778e+03  4.56832e-03
 5.11804e+03  4.58168e-03
 5.11830e+03  4.17734e-03
 5.11856e+03  4.61056e-03
 5.11882e+03  4.61414e-03
 5.11908e+03  4.56921e-03
 5.11934e+03  4.59189e-03
 5.11960e+03  4.72219e-03
 5.11986e+03  4.81576e-03
 5.12012e+03  4.44249e-03
 5.12038e+03  5.06587e-03
 5.12064e+03  4.72273e-03
 5.12090e+03  4.73922e-03
 5.12116e+03  4.69671e-03
 5.12142e+03  4.89698e-03
 5.12168e+03  5.18064e-03
 5.12194e+03  4.90060e-03
 5.12220e+03  4.81223e-03
 5.12246e+03  4.92418e-03
 5.12272e+03  5.11675e-03
 5.12298e+03  4.98582e-03
 5.12324e+03  5.29234e-03
 5.12350e+03  4.83430e-03
 5.12375e+03  5.00304e-03
 5.12401e+03  5.43411e-03
 5.12427e+03  5.13066e-03
 5.12453e+03  4.79685e-03
 5.12479e+03  5.28898e-03
 5.12505e+03  5.12451e-03
 5.12531e+03  5.29553e-03
 5.12557e+03  5.32610e-03
 5.12583e+03  5.41424e-03
 5.12609e+03  5.50290e-03
 5.12635e+03  5.29622e-03
 5.12661e+03  5.69649e-03
 5.12687e+03  5.68412e-03
 5.12713e+03  5.42044e-03
 5.12739e+03  5.57086e-03
 5.12765e+03  5.33471e-03
 5.12791e+03  5.40220e-03
 5.12817e+03  5.82820e-03
 5.12843e+03  6.05211e-03
 5.12869e+03  5.86373e-03
 5.12895e+03  6.00211e-03
 5.12921e+03  5.60748e-03
 5.12947e+03  5.88370e-03
 5.12973e+03  5.34568e-03
 5.12999e+03  5.95261e-03
 5.13025e+03  5.97534e-03
 5.13051e+03  5.82242e-03
 5.13077e+03  6.07515e-03
 5.13103e+03  5.76489e-03
 5.13129e+03  6.43360e-03
 5.13155e+03  6.04630e-03
 5.13181e+03  5.91893e-03
 5.13207e+03  6.19931e-03
 5.13233e+03  6.08500e-03
 5.13258e+03  6.18563e-03
 5.13284e+03  6.26388e-03
 5.13310e+03  6.22527e-03
 5.13336e+03  6.14404e-03
 5.13362e+03  6.16372e-03
 5.13388e+03  6.91406e-03
 5.13414e+03  6.95164e-03
 5.13440e+03  6.73053e-03
 5.13466e+03  6.67357e-03
 5.13492e+03  6.62171e-03
 5.13518e+03  6.91306e-03
 5.13544e+03  7.22245e-03
 5.13570e+03  6.80261e-03
 5.13596e+03  7.07002e-03
 5.13622e+03  6.94561e-03
 5.13648e+03  6.55917e-03
 5.13674e+03  7.48594e-03
 5.13700e+03  7.28677e-03
 5.13726e+03  6.99372e-03
 5.13752e+03  7.06745e-03
 5.13778e+03  7.83436e-03
 5.13804e+03  7.40085e-03
 5.13830e+03  7.37590e-03
 5.13856e+03  7.68692e-03
 5.13882e+03  7.71258e-03
 5.13908e+03  7.25914e-03
 5.13934e+03  7.56812e-03
 5.13960e+03  7.86808e-03
 5.13986e+03  7.78695e-03
 5.14012e+03  7.63144e-03
 5.14038e+03  8.03153e-03
 5.14064e+03  7.89635e-03
 5.14090e+03  8.18773e-03
 5.14115e+03  7.78813e-03
 5.14141e+03  8.04903e-03
 5.14167e+03  8.45809e-03
 5.14193e+03  8.53925e-03
 5.14219e+03  8.40817e-03
 5.14245e+03  7.78360e-03
 5.14271e+03  8.62113e-03
 5.14297e+03  8.66037e-03
 5.14323e+03  8.55320e-03
 5.14349e+03  8.71951e-03
 5.14375e+03  8.52670e-03
 5.14401e+03  9.03398e-03
 5.14427e+03  8.84987e-03
 5.14453e+03  9.32111e-03
 5.14479e+03  9.17279e-03
 5.14505e+03  9.25838e-03
 5.14531e+03  9.45674e-03
 5.14557e+03  9.13683e-03
 5.14583e+03  9.75611e-03
 5.14609e+03  9.99072e-03
 5.14635e+03  9.84591e-03
 5.14661e+03  1.01555e-02
 5.14687e+03  9.91680e-03
 5.14713e+03  1.00437e-02
 5.14739e+03  9.59680e-03
 5.14765e+03  1.01390e-02
 5.14791e+03  1.04056e-02
 5.14817e+03  1.04031e-02
 5.14843e+03  1.04833e-02
 5.14869e+03  1.01699e-02
 5.14895e+03  1.07764e-02
 5.14921e+03  1.10075e-02
 5.14947e+03  1.12447e-02
 5.14973e+03  1.11924e-02
 5.14998e+03  1.17713e-02
 5.15024e+03  1.16646e-02
 5.15050e+03  1.13891e-02
 5.15076e+03  1.13717e-02
 5.15102e+03  1.17725e-02
 5.15128e+03  1.19542e-02
 5.15154e+03  1.19406e-02
 5.15180e+03  1.17310e-02
 5.15206e+03  1.16420e-02
 5.15232e+03  1.17511e-02
 5.15258e+03  1.22762e-02
 5.15284e+03  1.22217e-02
 5.15310e+03  1.25478e-02
 5.15336e+03  1.30655e-02
 5.15362e+03  1.30312e-02
 5.15388e+03  1.27799e-02
 5.15414e+03  1.34028e-02
 5.15440e+03  1.34094e-02
 5.15466e+03  1.36065e-02
 5.15492e+03  1.34692e-02
 5.15518e+03  1.32372e-02
 5.15544e+03  1.36099e-02
 5.15570e+03  1.42100e-02
 5.15596e+03  1.44793e-02
 5.15622e+03  1.40997e-02
 5.15648e+03  1.43396e-02
 5.15674e+03  1.49547e-02
 5.15700e+03  1.48288e-02
 5.15726e+03  1.51311e-02
 5.15752e+03  1.54575e-02
 5.15778e+03  1.53869e-02
 5.15804e+03  1.57998e-02
 5.15829e+03  1.56465e-02
 5.15855e+03  1.57561e-02
 5.15881e+03  1.60225e-02
 5.15907e+03  1.58229e-02
 5.15933e+03  1.65941e-02
 5.15959e+03  1.63898e-02
 5.15985e+03  1.67166e-02
 5.16011e+03  1.74901e-02
 5.16037e+03  1.72282e-02
 5.16063e+03  1.73791e-02
 5.16089e+03  1.82399e-02
 5.16115e+03  1.81084e-02
 5.16141e+03  1.89526e-02
 5.16167e+03  1.83814e-02
 5.16193e+03  1.87117e-02
 5.16219e+03  1.88390e-02
 5.16245e+03  1.93049e-02
 5.16271e+03  1.92441e-02
 5.16297e+03  1.95445e-02
 5.16323e+03  2.03526e-02
 5.16349e+03  2.09045e-02
 5.16375e+03  2.11555e-02
 5.16401e+03  2.01687e-02
 5.16427e+03  2.07103e-02
 5.16453e+03  2.11015e-02
 5.16479e+03  2.10847e-02
 5.16505e+03  2.16545e-02
 5.16531e+03  2.17851e-02
 5.16557e+03  2.17675e-02
 5.16583e+03  2.27235e-02
 5.16609e+03  2.33478e-02
 5.16635e+03  2.28307e-02
 5.16661e+03  2.32587e-02
 5.16687e+03  2.37517e-02
 5.16712e+03  2.43637e-02
 5.16738e+03  2.47254e-02
 5.16764e+03  2.50534e-02
 5.16790e+03  2.51883e-02
 5.16816e+03  2.59144e-02
 5.16842e+03  2.59652e-02
 5.16868e+03  2.58863e-02
 5.16894e+03  2.75645e-02
 5.16920e+03  2.75384e-02
 5.16946e+03  2.80014e-02
 5.16972e+03  2.77636e-02
 5.16998e+03  2.85838e-02
 5.17024e+03  2.81976e-02
 5.17050e+03  2.90461e-02
 5.17076e+03  2.93945e-02
 5.17102e+03  3.03906e-02
 5.17128e+03  3.00746e-02
 5.17154e+03  3.07340e-02
 5.17180e+03  3.15148e-02
 5.17206e+03  3.15077e-02
 5.17232e+03  3.21694e-02
 5.17258e+03  3.29739e-02
 5.17284e+03  3.33534e-02
 5.17310e+03  3.35583e-02
 5.17336e+03  3.39747e-02
 5.17362e+03  3.52337e-02
 5.17388e+03  3.52345e-02
 5.17414e+03  3.67214e-02
 5.17440e+03  3.63091e-02
 5.17466e+03  3.74703e-02
 5.17492e+03  3.78111e-02
 5.17518e+03  3.87921e-02
 5.17544e+03  3.81803e-02
 5.17569e+03  3.93357e-02
 5.17595e+03  4.04385e-02
 5.17621e+03  4.06543e-02
 5.17647e+03  4.08595e-02
 5.17673e+03  4.26852e-02
 5.17699e+03  4.31176e-02
 5.17725e+03  4.35941e-02
 5.17751e+03  4.39608e-02
 5.17777e+03  4.56761e-02
 5.17803e+03  4.63877e-02
 5.17829e+03  4.55120e-02
 5.17855e+03  4.70633e-02
 5.17881e+03  4.81397e-02
 5.17907e+03  4.95376e-02
 5.17933e+03  4.92914e-02
 5.17959e+03  5.10827e-02
 5.17985e+03  5.23538e-02
 5.18011e+03  5.19988e-02
 5.18037e+03  5.42148e-02
 5.18063e+03  5.35586e-02
 5.18089e+03  5.55230e-02
 5.18115e+03  5.60962e-02
 5.18141e+03  5.78715e-02
 5.18167e+03  5.83843e-02
 5.18193e+03  5.84561e-02
 5.18219e+03  6.10186e-02
 5.18245e+03  6.09649e-02
 5.18271e+03  6.17270e-02
 5.18297e+03  6.37900e-02
 5.18323e+03  6.52034e-02
 5.18349e+03  6.60461e-02
 5.18375e+03  6.61240e-02
 5.18401e+03  6.77366e-02
 5.18427e+03  7.03617e-02
 5.18452e+03  7.08564e-02
 5.18478e+03  7.20669e-02
 5.18504e+03  7.37987e-02
 5.18530e+03  7.48620e-02
 5.18556e+03  7.56010e-02
 5.18582e+03  7.83764e-02
 5.18608e+03  7.84152e-02
 5.18634e+03  7.95548e-02
 5.18660e+03  8.15887e-02
 5.18686e+03  8.35202e-02
 5.18712e+03  8.45560e-02
 5.18738e+03  8.57624e-02
 5.18764e+03  8.75850e-02
 5.18790e+03  8.88665e-02
 5.18816e+03  9.09575e-02
 5.18842e+03  9.27052e-02
 5.18868e+03  9.48075e-02
 5.18894e+03  9.71943e-02
 5.18920e+03  9.76261e-02
 5.18946e+03  1.00123e-01
 5.18972e+03  1.03011e-01
 5.18998e+03  1.04281e-01
 5.19024e+03  1.06268e-01
 5.19050e+03  1.08716e-01
 5.19076e+03  1.11300e-01
 5.19102e+03  1.12828e-01
 5.19128e+03  1.14582e-01
 5.19154e+03  1.16201e-01
 5.19180e+03  1.19065e-01
 5.19206e+03  1.21504e-01
 5.19232e+03  1.25583e-01
 5.19258e+03  1.27499e-01
 5.19283e+03  1.30251e-01
 5.19309e+03  1.32593e-01
 5.19335e+03  1.34377e-01
 5.19361e+03  1.36412e-01
 5.19387e+03  1.38752e-01
 5.19413e+03  1.41999e-01
 5.19439e+03  1.44048e-01
 5.19465e+03  1.48159e-01
 5.19491e+03  1.49330e-01
 5.19517e+03  1.54670e-01
 5.19543e+03  1.55797e-01
 5.19569e+03  1.61242e-01
 5.19595e+03  1.62832e-01
 5.19621e+03  1.67558e-01
 5.19647e+03  1.68773e-01
 5.19673e+03  1.74353e-01
 5.19699e+03  1.77971e-01
 5.19725e+03  1.80026e-01
 5.19751e+03  1.83282e-01
 5.19777e+03  1.88899e-01
 5.19803e+03  1.89775e-01
 5.19829e+03  1.95016e-01
 5.19855e+03  1.98943e-01
 5.19881e+03  2.02399e-01
 5.19907e+03  2.08855e-01
 5.19933e+03  2.11594e-01
 5.19959e+03  2.18015e-01
 5.19985e+03  2.18879e-01
 5.20011e+03  2.22162e-01
 5.20037e+03  2.29776e-01
 5.20063e+03  2.31338e-01
 5.20089e+03  2.37067e-01
 5.20115e+03  2.40928e-01
 5.20141e+03  2.48325e-01
 5.20167e+03  2.51432e-01
 5.20192e+03  2.52205e-01
 5.20218e+03  2.62091e-01
 5.20244e+03  2.67690e-01
 5.20270e+03  2.71751e-01
 5.20296e+03  2.75483e-01
 5.20322e+03  2.77963e-01
 5.20348e+03  2.86755e-01
 5.20374e+03  2.89662e-01
 5.20400e+03  2.95733e-01
 5.20426e+03  3.02762e-01
 5.20452e+03  3.05511e-01
 5.20478e+03  3.11829e-01
 5.20504e+03  3.15731e-01
 5.20530e+03  3.24023e-01
 5.20556e+03  3.29388e-01
 5.20582e+03  3.33057e-01
 5.20608e+03  3.40653e-01
 5.20634e+03  3.45942e-01
 5.20660e+03  3.49375e-01
 5.20686e+03  3.55280e-01
 5.20712e+03  3.63111e-01
 5.20738e+03  3.69036e-01
 5.20764e+03  3.73612e-01
 5.20790e+03  3.77486e-01
 5.20816e+03  3.89578e-01
 5.20842e+03  3.92798e-01
 5.20868e+03  3.98710e-01
 5.20894e+03  4.03168e-01
 5.20920e+03  4.12176e-01
 5.20946e+03  4.17741e-01
 5.20972e+03  4.23059e-01
 5.20998e+03  4.30341e-01
 5.21023e+03  4.36486e-01
 5.21049e+03  4.43363e-01
 5.21075e+03  4.47824e-01
 5.21101e+03  4.54926e-01
 5.21127e+03  4.58925e-01
 5.21153e+03  4.69370e-01
 5.21179e+03  4.72986e-01
 5.21205e+03  4.78835e-01
 5.21231e+03  4.83958e-01
 5.21257e+03  4.89247e-01
 5.21283e+03  4.99759e-01
 5.21309e+03  5.01794e-01
 5.21335e+03  5.10208e-01
 5.21361e+03  5.13950e-01
 5.21387e+03  5.22395e-01
 5.21413e+03  5.27718e-01
 5.21439e+03  5.31472e-01
 5.21465e+03  5.39185e-01
 5.21491e+03  5.45009e-01
 5.21517e+03  5.49264e-01
 5.21543e+03  5.52170e-01
 5.21569e+03  5.61897e-01
 5.21595e+03  5.67623e-01
 5.21621e+03  5.68871e-01
 5.21647e+03  5.76552e-01
 5.21673e+03  5.82483e-01
 5.21699e+03  5.82784e-01
 5.21725e+03  5.90239e-01
 5.21751e+03  5.96299e-01
 5.21777e+03  6.01336e-01
 5.21803e+03  6.01410e-01
 5.21829e+03  6.07553e-01
 5.21855e+03  6.14342e-01
 5.21881e+03  6.19904e-01
 5.21906e+03  6.18190e-01
 5.21932e+03  6.24715e-01
 5.21958e+03  6.26091e-01
 5.21984e+03  6.37438e-01
 5.22010e+03  6.37207e-01
 5.22036e+03  6.38114e-01
 5.22062e+03  6.44697e-01
 5.22088e+03  6.46741e-01
 5.22114e+03  6.50416e-01
 5.22140e+03  6.55011e-01
 5.22166e+03  6.58795e-01
 5.22192e+03  6.62561e-01
 5.22218e+03  6.67642e-01
 5.22244e+03  6.67376e-01
 5.22270e+03  6.71600e-01
 5.22296e+03  6.74719e-01
 5.22322e+03  6.72442e-01
 5.22348e+03  6.73799e-01
 5.22374e+03  6.79798e-01
 5.22400e+03  6.83747e-01
 5.22426e+03  6.83491e-01
 5.22452e+03  6.89675e-01
 5.22478e+03  6.88465e-01
 5.22504e+03  6.89284e-01
 5.22530e+03  6.94617e-01
 5.22556e+03  6.95805e-01
 5.22582e+03  6.97328e-01
 5.22608e+03  7.03798e-01
 5.22634e+03  6.99877e-01
 5.22660e+03  7.00567e-01
 5.22686e+03  7.02385e-01
 5.22712e+03  7.08043e-01
 5.22738e+03  7.02214e-01
 5.22763e+03  7.09762e-01
 5.22789e+03  7.09295e-01
 5.22815e+03  7.09499e-01
 5.22841e+03  7.10681e-01
 5.22867e+03  7.09656e-01
 5.22893e+03  7.10389e-01
 5.22919e+03  7.16055e-01
 5.22945e+03  7.17074e-01
 5.22971e+03  7.19616e-01
 5.22997e+03  7.21645e-01
 5.23023e+03  7.17569e-01
 5.23049e+03  7.14674e-01
 5.23075e+03  7.17979e-01
 5.23101e+03  7.19503e-01
 5.23127e+03  7.21993e-01
 5.23153e+03  7.21274e-01
 5.23179e+03  7.19805e-01
 5.23205e+03  7.22168e-01
 5.23231e+03  7.20500e-01
 5.23257e+03  7.26360e-01
 5.23283e+03  7.21340e-01
 5.23309e+03  7.24887e-01
 5.23335e+03  7.28983e-01
 5.23361e+03  7.18119e-01
 5.23387e+03  7.23066e-01
 5.23413e+03  7.26053e-01
 5.23439e+03  7.21265e-01
 5.23465e+03  7.24744e-01
 5.23491e+03  7.27894e-01
 5.23517e+03  7.28171e-01
 5.23543e+03  7.28613e-01
 5.23569e+03  7.26345e-01
 5.23595e+03  7.22017e-01
 5.23621e+03  7.25880e-01
 5.23646e+03  7.26390e-01
 5.23672e+03  7.27293e-01
 5.23698e+03  7.26783e-01
 5.23724e+03  7.27150e-01
 5.23750e+03  7.29664e-01
 5.23776e+03  7.26622e-01
 5.23802e+03  7.29790e-01
 5.23828e+03  7.29245e-01
 5.23854e+03  7.28633e-01
 5.23880e+03  7.23837e-01
 5.23906e+03  7.31887e-01
 5.23932e+03  7.28431e-01
 5.23958e+03  7.25228e-01
 5.23984e+03  7.28024e-01
 5.24010e+03  7.25822e-01
 5.24036e+03  7.23444e-01
 5.24062e+03  7.24446e-01
 5.24088e+03  7.26736e-01
 5.24114e+03  7.28677e-01
 5.24140e+03  7.26150e-01
 5.24166e+03  7.30959e-01
 5.24192e+03  7.23509e-01
 5.24218e+03  7.31505e-01
 5.24244e+03  7.23059e-01
 5.24270e+03  7.30535e-01
 5.24296e+03  7.25293e-01
 5.24322e+03  7.27219e-01
 5.24348e+03  7.29933e-01
 5.24374e+03  7.29586e-01
 5.24400e+03  7.26360e-01
 5.24426e+03  7.21983e-01
 5.24452e+03  7.29067e-01
 5.24477e+03  7.31958e-01
 5.24503e+03  7.31490e-01
 5.24529e+03  7.31890e-01
 5.24555e+03  7.25299e-01
 5.24581e+03  7.28011e-01
 5.24607e+03  7.27233e-01
 5.24633e+03  7.26365e-01
 5.24659e+03  7.26497e-01
 5.24685e+03  7.29502e-01
 5.24711e+03  7.29066e-01
 5.24737e+03  7.30479e-01
 5.24763e+03  7.27788e-01
 5.24789e+03  7.27362e-01
 5.24815e+03  7.29893e-01
 5.24841e+03  7.28667e-01
 5.24867e+03  7.31420e-01
 5.24893e+03  7.27788e-01
 5.24919e+03  7.28034e-01
 5.24945e+03  7.23954e-01
 5.24971e+03  7.33460e-01
 5.24997e+03  7.31478e-01
 5.25023e+03  7.30072e-01
 5.25049e+03  7.28782e-01
 5.25075e+03  7.29872e-01
 5.25101e+03  7.28229e-01
 5.25127e+03  7.30646e-01
 5.25153e+03  7.30545e-01
 5.25179e+03  7.29967e-01
 5.25205e+03  7.28529e-01
 5.25231e+03  7.25560e-01
 5.25257e+03  7.31546e-01
 5.25283e+03  7.30120e-01
 5.25309e+03  7.31811e-01
 5.25335e+03  7.32824e-01
 5.25360e+03  7.27882e-01
 5.25386e+03  7.32898e-01
 5.25412e+03  7.30000e-01
 5.25438e+03  7.29930e-01
 5.25464e+03  7.32254e-01
 5.25490e+03  7.30305e-01
 5.25516e+03  7.32859e-01
 5.25542e+03  7.33437e-01
 5.25568e+03  7.33159e-01
 5.25594e+03  7.27951e-01
 5.25620e+03  7.30450e-01
 5.25646e+03  7.27515e-01
 5.25672e+03  7.29106e-01
 5.25698e+03  7.32999e-01
 5.25724e+03  7.30283e-01
 5.25750e+03  7.30742e-01
 5.25776e+03  7.29586e-01
 5.25802e+03  7.33528e-01
 5.25828e+03  7.34317e-01
 5.25854e+03  7.33033e-01
 5.25880e+03  7.31666e-01
 5.25906e+03  7.31576e-01
 5.25932e+03  7.30498e-01
 5.25958e+03  7.33814e-01
 5.25984e+03  7.30615e-01
 5.26010e+03  7.33451e-01
 5.26036e+03  7.25681e-01
 5.26062e+03  7.31917e-01
 5.26088e+03  7.29823e-01
 5.26114e+03  7.28976e-01
 5.26140e+03  7.27721e-01
 5.26166e+03  7.34090e-01
 5.26192e+03  7.28004e-01
 5.26217e+03  7.26719e-01
 5.26243e+03  7.32331e-01
 5.26269e+03  7.29619e-01
 5.26295e+03  7.29337e-01
 5.26321e+03  7.30751e-01
 5.26347e+03  7.33149e-01
 5.26373e+03  7.31560e-01
 5.26399e+03  7.35592e-01
 5.26425e+03  7.29944e-01
 5.26451e+03  7.27557e-01
 5.26477e+03  7.25397e-01
 5.26503e+03  7.29139e-01
 5.26529e+03  7.26762e-01
 5.26555e+03  7.32660e-01
 5.26581e+03  7.30117e-01
 5.26607e+03  7.27114e-01
 5.26633e+03  7.27485e-01
 5.26659e+03  7.27018e-01
 5.26685e+03  7.28576e-01
 5.26711e+03  7.26116e-01
 5.26737e+03  7.30116e-01
 5.26763e+03  7.23881e-01
 5.26789e+03  7.26096e-01
 5.26815e+03  7.26874e-01
 5.26841e+03  7.23446e-01
 5.26867e+03  7.26851e-01
 5.26893e+03  7.23471e-01
 5.26919e+03  7.27252e-01
 5.26945e+03  7.22932e-01
 5.26971e+03  7.25653e-01
 5.26997e+03  7.25718e-01
 5.27023e+03  7.25250e-01
 5.27049e+03  7.22988e-01
 5.27075e+03  7.20727e-01
 5.27100e+03  7.19641e-01
 5.27126e+03  7.22188e-01
 5.27152e+03  7.17486e-01
 5.27178e+03  7.23788e-01
 5.27204e+03  7.23962e-01
 5.27230e+03  7.24394e-01
 5.27256e+03  7.23071e-01
 5.27282e+03  7.21080e-01
 5.27308e+03  7.20578e-01
 5.27334e+03  7.21498e-01
 5.27360e+03  7.17584e-01
 5.27386e+03  7.18165e-01
 5.27412e+03  7.17494e-01
 5.27438e+03  7.20479e-01
 5.27464e+03  7.17027e-01
 5.27490e+03  7.18109e-01
 5.27516e+03  7.13253e-01
 5.27542e+03  7.16268e-01
 5.27568e+03  7.15351e-01
 5.27594e+03  7.14346e-01
 5.27620e+03  7.19132e-01
 5.27646e+03  7.12741e-01
 5.27672e+03  7.16671e-01
 5.27698e+03  7.18253e-01
 5.27724e+03  7.10429e-01
 5.27750e+03  7.14165e-01
 5.27776e+03  7.12444e-01
 5.27802e+03  7.13832e-01
 5.27828e+03  7.12499e-01
 5.27854e+03  7.10961e-01
 5.27880e+03  7.13238e-01
 5.27906e+03  7.12654e-01
 5.27932e+03  7.17957e-01
 5.27957e+03  7.09812e-01
 5.27983e+03  7.10964e-01
 5.28009e+03  7.11205e-01
 5.28035e+03  7.08534e-01
 5.28061e+03  7.10744e-01
 5.28087e+03  7.12364e-01
 5.28113e+03  7.10997e-01
 5.28139e+03  7.12025e-01
 5.28165e+03  7.07337e-01
 5.28191e+03  7.08825e-01
 5.28217e+03  7.08861e-01
 5.28243e+03  7.10480e-01
 5.28269e+03  7.06068e-01
 5.28295e+03  7.06100e-01
 5.28321e+03  7.03152e-01
 5.28347e+03  7.07980e-01
 5.28373e+03  7.08135e-01
 5.28399e+03  7.07506e-01
 5.28425e+03  7.06987e-01
 5.28451e+03  7.06180e-01
 5.28477e+03  7.09475e-01
 5.28503e+03  7.02381e-01
 5.28529e+03  7.05221e-01
 5.28555e+03  7.08082e-01
 5.28581e+03  7.05150e-01
 5.28607e+03  7.05045e-01
 5.28633e+03  7.03278e-01
 5.28659e+03  7.08501e-01
 5.28685e+03  7.06183e-01
 5.28711e+03  7.03437e-01
 5.28737e+03  7.06760e-01
 5.28763e+03  7.03593e-01
 5.28789e+03  7.04699e-01
 5.28815e+03  7.04974e-01
 5.28840e+03  7.01950e-01
 5.28866e+03  7.06492e-01
 5.28892e+03  7.00623e-01
 5.28918e+03  7.03014e-01
 5.28944e+03  7.01496e-01
 5.28970e+03  7.01143e-01
 5.28996e+03  7.01825e-01
 5.29022e+03  7.03260e-01
 5.29048e+03  7.03267e-01
 5.29074e+03  7.02302e-01
 5.29100e+03  6.98390e-01
 5.29126e+03  7.04196e-01
 5.29152e+03  7.03977e-01
 5.29178e+03  6.99105e-01
 5.29204e+03  6.99030e-01
 5.29230e+03  6.98314e-01
 5.29256e+03  7.00719e-01
 5.29282e+03  6.98443e-01
 5.29308e+03  7.01315e-01
 5.29334e+03  7.03068e-01
 5.29360e+03  7.02436e-01
 5.29386e+03  6.97193e-01
 5.29412e+03  6.97064e-01
 5.29438e+03  6.98844e-01
 5.29464e+03  7.01275e-01
 5.29490e+03  6.98039e-01
 5.29516e+03  6.97950e-01
 5.29542e+03  6.98090e-01
 5.29568e+03  6.98520e-01
 5.29594e+03  6.97112e-01
 5.29620e+03  6.98012e-01
 5.29646e+03  7.00259e-01
 5.29672e+03  6.97555e-01
 5.29697e+03  6.96861e-01
 5.29723e+03  6.94049e-01
 5.29749e+03  6.94051e-01
 5.29775e+03  6.96180e-01
 5.29801e+03  6.95846e-01
 5.29827e+03  6.95759e-01
 5.29853e+03  6.97332e-01
 5.29879e+03  6.97041e-01
 5.29905e+03  6.93519e-01
 5.29931e+03  6.90869e-01
 5.29957e+03  6.92696e-01
 5.29983e+03  6.90991e-01
 5.30009e+03  6.92759e-01
 5.30035e+03  6.88436e-01
 5.30061e+03  6.92463e-01
 5.30087e+03  6.88453e-01
 5.30113e+03  6.91025e-01
 5.30139e+03  6.85247e-01
 5.30165e+03  6.83140e-01
 5.30191e+03  6.86649e-01
 5.30217e+03  6.84995e-01
 5.30243e+03  6.81380e-01
 5.30269e+03  6.81303e-01
 5.30295e+03  6.82892e-01
 5.30321e+03  6.79959e-01
 5.30347e+03  6.74500e-01
 5.30373e+03  6.74266e-01
 5.30399e+03  6.74397e-01
 5.30425e+03  6.74838e-01
 5.30451e+03  6.73370e-01
 5.30477e+03  6.68601e-01
 5.30503e+03  6.67971e-01
 5.30529e+03  6.66771e-01
 5.30554e+03  6.63711e-01
 5.30580e+03  6.62195e-01
 5.30606e+03  6.58966e-01
 5.30632e+03  6.56882e-01
 5.30658e+03  6.57154e-01
 5.30684e+03  6.50351e-01
 5.30710e+03  6.47021e-01
 5.30736e+03  6.45482e-01
 5.30762e+03  6.44820e-01
 5.30788e+03  6.38873e-01
 5.30814e+03  6.39172e-01
 5.30840e+03  6.39632e-01
 5.30866e+03  6.34610e-01
 5.30892e+03  6.29600e-01
 5.30918e+03  6.28640e-01
 5.30944e+03  6.22269e-01
 5.30970e+03  6.23500e-01
 5.30996e+03  6.15148e-01
 5.31022e+03  6.14442e-01
 5.31048e+03  6.12211e-01
 5.31074e+03  6.04343e-01
 5.31100e+03  6.04839e-01
 5.31126e+03  5.99904e-01
 5.31152e+03  5.96143e-01
 5.31178e+03  5.91626e-01
 5.31204e+03  5.86449e-01
 5.31230e+03  5.79758e-01
 5.31256e+03  5.79005e-01
 5.31282e+03  5.74163e-01
 5.31308e+03  5.69846e-01
 5.31334e+03  5.66953e-01
 5.31360e+03  5.61309e-01
 5.31386e+03  5.56216e-01
 5.31412e+03  5.51169e-01
 5.31437e+03  5.47283e-01
 5.31463e+03  5.43330e-01
 5.31489e+03  5.35527e-01
 5.31515e+03  5.30572e-01
 5.31541e+03  5.24329e-01
 5.31567e+03  5.22231e-01
 5.31593e+03  5.16024e-01
 5.31619e+03  5.13597e-01
 5.31645e+03  5.11912e-01
 5.31671e+03  5.02021e-01
 5.31697e+03  4.94847e-01
 5.31723e+03  4.90599e-01
 5.31749e+03  4.86723e-01
 5.31775e+03  4.78178e-01
 5.31801e+03  4.73627e-01
 5.31827e+03  4.71386e-01
 5.31853e+03  4.64736e-01
 5.31879e+03  4.59200e-01
 5.31905e+03  4.53055e-01
 5.31931e+03  4.45577e-01
 5.31957e+03  4.44480e-01
 5.31983e+03  4.35257e-01
 5.32009e+03  4.29707e-01
 5.32035e+03  4.24665e-01
 5.32061e+03  4.16422e-01
 5.32087e+03  4.13623e-01
 5.32113e+03  4.07001e-01
 5.32139e+03  3.99564e-01
 5.32165e+03  3.96340e-01
 5.32191e+03  3.89039e-01
 5.32217e+03  3.82965e-01
 5.32243e+03  3.75858e-01
 5.32269e+03  3.71902e-01
 5.32294e+03  3.68147e-01
 5.32320e+03  3.62130e-01
 5.32346e+03  3.57326e-01
 5.32372e+03  3.49837e-01
 5.32398e+03  3.43167e-01
 5.32424e+03  3.38538e-01
 5.32450e+03  3.34251e-01
 5.32476e+03  3.29608e-01
 5.32502e+03  3.25402e-01
 5.32528e+03  3.18956e-01
 5.32554e+03  3.15374e-01
 5.32580e+03  3.09697e-01
 5.32606e+03  3.02327e-01
 5.32632e+03  2.96395e-01
 5.32658e+03  2.93269e-01
 5.32684e+03  2.88850e-01
 5.32710e+03  2.85193e-01
 5.32736e+03  2.77705e-01
 5.32762e+03  2.74395e-01
 5.32788e+03  2.71381e-01
 5.32814e+03  2.68096e-01
 5.32840e+03  2.61285e-01
 5.32866e+03  2.54860e-01
 5.32892e+03  2.52871e-01
 5.32918e+03  2.45466e-01
 5.32944e+03  2.42489e-01
 5.32970e+03  2.38392e-01
 5.32996e+03  2.35055e-01
 5.33022e+03  2.30958e-01
 5.33048e+03  2.26923e-01
 5.33074e+03  2.22613e-01
 5.33100e+03  2.17201e-01
 5.33126e+03  2.15925e-01
 5.33152e+03  2.11405e-01
 5.33177e+03  2.08143e-01
 5.33203e+03  2.02995e-01
 5.33229e+03  1.99415e-01
 5.33255e+03  1.95536e-01
 5.33281e+03  1.93091e-01
 5.33307e+03  1.89161e-01
 5.33333e+03  1.85656e-01
 5.33359e+03  1.83671e-01
 5.33385e+03  1.79060e-01
 5.33411e+03  1.75915e-01
 5.33437e+03  1.71093e-01
 5.33463e+03  1.69319e-01
 5.33489e+03  1.64760e-01
 5.33515e+03  1.62986e-01
 5.33541e+03  1.60263e-01
 5.33567e+03  1.57330e-01
 5.33593e+03  1.53331e-01
 5.33619e+03  1.52370e-01
 5.33645e+03  1.50400e-01
 5.33671e+03  1.47836e-01
 5.33697e+03  1.43622e-01
 5.33723e+03  1.41734e-01
 5.33749e+03  1.38311e-01
 5.33775e+03  1.36384e-01
 5.33801e+03  1.33628e-01
 5.33827e+03  1.31974e-01
 5.33853e+03  1.27880e-01
 5.33879e+03  1.25684e-01
 5.33905e+03  1.23602e-01
 5.33931e+03  1.22631e-01
 5.33957e+03  1.20287e-01
 5.33983e+03  1.17438e-01
 5.34008e+03  1.15745e-01
 5.34034e+03  1.13391e-01
 5.34060e+03  1.10666e-01
 5.34086e+03  1.09288e-01
 5.34112e+03  1.07889e-01
 5.34138e+03  1.05612e-01
 5.34164e+03  1.03265e-01
 5.34190e+03  1.01893e-01
 5.34216e+03  1.00487e-01
 5.34242e+03  9.83668e-02
 5.34268e+03  9.63046e-02
 5.34294e+03  9.51213e-02
 5.34320e+03  9.28645e-02
 5.34346e+03  9.08492e-02
 5.34372e+03  9.00313e-02
 5.34398e+03  8.71833e-02
 5.34424e+03  8.64368e-02
 5.34450e+03  8.41972e-02
 5.34476e+03  8.40830e-02
 5.34502e+03  8.31000e-02
 5.34528e+03  8.09166e-02
 5.34554e+03  7.90461e-02
 5.34580e+03  7.88501e-02
 5.34606e+03  7.61084e-02
 5.34632e+03  7.57801e-02
 5.34658e+03  7.55011e-02
 5.34684e+03  7.39646e-02
 5.34710e+03  7.22073e-02
 5.34736e+03  6.93990e-02
 5.34762e+03  6.87217e-02
 5.34788e+03  6.78017e-02
 5.34814e+03  6.76119e-02
 5.34840e+03  6.58571e-02
 5.34866e+03  6.47562e-02
 5.34892e+03  6.38479e-02
 5.34917e+03  6.34935e-02
 5.34943e+03  6.14984e-02
 5.34969e+03  6.03959e-02
 5.34995e+03  5.92829e-02
 5.35021e+03  5.82065e-02
 5.35047e+03  5.74768e-02
 5.35073e+03  5.75622e-02
 5.35099e+03  5.56481e-02
 5.35125e+03  5.57927e-02
 5.35151e+03  5.45833e-02
 5.35177e+03  5.32563e-02
 5.35203e+03  5.26350e-02
 5.35229e+03  5.17321e-02
 5.35255e+03  5.09537e-02
 5.35281e+03  5.07991e-02
 5.35307e+03  4.87020e-02
 5.35333e+03  4.88895e-02
 5.35359e+03  4.78389e-02
 5.35385e+03  4.67562e-02
 5.35411e+03  4.65773e-02
 5.35437e+03  4.58367e-02
 5.35463e+03  4.50569e-02
 5.35489e+03  4.44228e-02
 5.35515e+03  4.37326e-02
 5.35541e+03  4.29773e-02
 5.35567e+03  4.16296e-02
 5.35593e+03  4.15689e-02
 5.35619e+03  4.07666e-02
 5.35645e+03  3.94917e-02
 5.35671e+03  4.03112e-02
 5.35697e+03  3.91870e-02
 5.35723e+03  3.85906e-02
 5.35748e+03  3.74048e-02
 5.35774e+03  3.72198e-02
 5.35800e+03  3.70564e-02
 5.35826e+03  3.59822e-02
 5.35852e+03  3.59539e-02
 5.35878e+03  3.48462e-02
 5.35904e+03  3.57223e-02
 5.35930e+03  3.40684e-02
 5.35956e+03  3.38296e-02
 5.35982e+03  3.37391e-02
 5.36008e+03  3.24953e-02
 5.36034e+03  3.20439e-02
 5.36060e+03  3.16699e-02
 5.36086e+03  3.16272e-02
 5.36112e+03  3.08586e-02
 5.36138e+03  3.05252e-02
 5.36164e+03  3.00752e-02
 5.36190e+03  2.97288e-02
 5.36216e+03  2.96043e-02
 5.36242e+03  2.89298e-02
 5.36268e+03  2.78492e-02
 5.36294e+03  2.74244e-02
 5.36320e+03  2.72660e-02
 5.36346e+03  2.70635e-02
 5.36372e+03  2.72848e-02
 5.36398e+03  2.63105e-02
 5.36424e+03  2.58924e-02
 5.36450e+03  2.55985e-02
 5.36476e+03  2.49371e-02
 5.36502e+03  2.46660e-02
 5.36528e+03  2.44094e-02
 5.36554e+03  2.44491e-02
 5.36580e+03  2.41533e-02
 5.36606e+03  2.35983e-02
 5.36631e+03  2.31359e-02
 5.36657e+03  2.27293e-02
 5.36683e+03  2.31916e-02
 5.36709e+03  2.31255e-02
 5.36735e+03  2.25627e-02
 5.36761e+03  2.22075e-02
 5.36787e+03  2.11685e-02
 5.36813e+03  2.17630e-02
 5.36839e+03  2.17206e-02
 5.36865e+03  2.11373e-02
 5.36891e+03  2.06691e-02
 5.36917e+03  2.05734e-02
 5.36943e+03  2.04635e-02
 5.36969e+03  1.95815e-02
 5.36995e+03  1.96152e-02
 5.37021e+03  1.97327e-02
 5.37047e+03  1.96858e-02
 5.37073e+03  1.92736e-02
 5.37099e+03  1.85568e-02
 5.37125e+03  1.86386e-02
 5.37151e+03  1.83971e-02
 5.37177e+03  1.81989e-02
 5.37203e+03  1.78561e-02
 5.37229e+03  1.75784e-02
 5.37255e+03  1.76570e-02
 5.37281e+03  1.73117e-02
 5.37307e+03  1.70251e-02
 5.37333e+03  1.65811e-02
 5.37359e+03  1.66517e-02
 5.37385e+03  1.66501e-02
 5.37411e+03  1.58819e-02
 5.37437e+03  1.61763e-02
 5.37462e+03  1.58440e-02
 5.37488e+03  1.53862e-02
 5.37514e+03  1.55604e-02
 5.37540e+03  1.54823e-02
 5.37566e+03  1.52169e-02
 5.37592e+03  1.52172e-02
 5.37618e+03  1.45095e-02
 5.37644e+03  1.46908e-02
 5.37670e+03  1.47719e-02
 5.37696e+03  1.45575e-02
 5.37722e+03  1.40217e-02
 5.37748e+03  1.37951e-02
 5.37774e+03  1.40839e-02
 5.37800e+03  1.38220e-02
 5.37826e+03  1.31552e-02
 5.37852e+03  1.32745e-02
 5.37878e+03  1.31165e-02
 5.37904e+03  1.29658e-02
 5.37930e+03  1.32370e-02
 5.37956e+03  1.31964e-02
 5.37982e+03  1.22996e-02
 5.38008e+03  1.28080e-02
 5.38034e+03  1.27044e-02
 5.38060e+03  1.23081e-02
 5.38086e+03  1.21463e-02
 5.38112e+03  1.26212e-02
 5.38138e+03  1.16330e-02
 5.38164e+03  1.21885e-02
 5.38190e+03  1.19066e-02
 5.38216e+03  1.16682e-02
 5.38242e+03  1.18366e-02
 5.38268e+03  1.13424e-02
 5.38294e+03  1.13362e-02
 5.38320e+03  1.13653e-02
 5.38346e+03  1.07949e-02
 5.38371e+03  1.13068e-02
 5.38397e+03  1.08197e-02
 5.38423e+03  1.08036e-02
 5.38449e+03  1.03768e-02
 5.38475e+03  1.06899e-02
 5.38501e+03  1.05010e-02
 5.38527e+03  1.00591e-02
 5.38553e+03  1.04809e-02
 5.38579e+03  1.04907e-02
 5.38605e+03  9.77274e-03
 5.38631e+03  9.86196e-03
 5.38657e+03  9.85424e-03
 5.38683e+03  1.02734e-02
 5.38709e+03  9.58950e-03
 5.38735e+03  9.55466e-03
 5.38761e+03  9.33839e-03
 5.38787e+03  9.50079e-03
 5.38813e+03  9.71436e-03
 5.38839e+03  9.05781e-03
 5.38865e+03  9.38430e-03
 5.38891e+03  9.34751e-03
 5.38917e+03  8.69074e-03
 5.38943e+03  8.79646e-03
 5.38969e+03  8.51984e-03
 5.38995e+03  8.68753e-03
 5.39021e+03  8.71372e-03
 5.39047e+03  8.64955e-03
 5.39073e+03  8.22383e-03
 5.39099e+03  8.32257e-03
 5.39125e+03  8.17051e-03
 5.39151e+03  8.39885e-03
 5.39177e+03  7.47758e-03
 5.39202e+03  8.01314e-03
 5.39228e+03  8.04944e-03
 5.39254e+03  7.87424e-03
 5.39280e+03  7.60335e-03
 5.39306e+03  7.85096e-03
 5.39332e+03  7.67065e-03
 5.39358e+03  7.34654e-03
 5.39384e+03  7.99690e-03
 5.39410e+03  7.49745e-03
 5.39436e+03  7.44072e-03
 5.39462e+03  7.48043e-03
 5.39488e+03  7.40666e-03
 5.39514e+03  7.11214e-03
 5.39540e+03  7.23526e-03
 5.39566e+03  7.25221e-03
 5.39592e+03  7.67346e-03
 5.39618e+03  7.04086e-03
 5.39644e+03  7.13042e-03
 5.39670e+03  7.19082e-03
 5.39696e+03  6.92788e-03
 5.39722e+03  7.14216e-03
 5.39748e+03  6.68556e-03
 5.39774e+03  6.64352e-03
 5.39800e+03  6.69890e-03
 5.39826e+03  6.93843e-03
 5.39852e+03  6.53630e-03
 5.39878e+03  6.71856e-03
 5.39904e+03  6.31774e-03
 5.39930e+03  6.51103e-03
 5.39956e+03  6.72509e-03
 5.39982e+03  5.94186e-03
 5.40008e+03  5.90647e-03
 5.40034e+03  5.95304e-03
 5.40060e+03  6.28837e-03
 5.40085e+03  6.42201e-03
 5.40111e+03  6.47231e-03
 5.40137e+03  5.97420e-03
 5.40163e+03  5.78223e-03
 5.40189e+03  5.69313e-03
 5.40215e+03  5.99958e-03
 5.40241e+03  5.61348e-03
 5.40267e+03  5.79644e-03
 5.40293e+03  5.50345e-03
 5.40319e+03  5.70418e-03
 5.40345e+03  6.01657e-03
 5.40371e+03  5.81562e-03
 5.40397e+03  5.85137e-03
 5.40423e+03  5.65476e-03
 5.40449e+03  5.91896e-03
 5.40475e+03  5.69517e-03
 5.40501e+03  6.01634e-03
 5.40527e+03  5.44757e-03
 5.40553e+03  5.45504e-03
 5.40579e+03  5.16452e-03
 5.40605e+03  5.57318e-03
 5.40631e+03  5.56779e-03
 5.40657e+03  5.72463e-03
 5.40683e+03  5.46057e-03
 5.40709e+03  5.49786e-03
 5.40735e+03  5.35598e-03
 5.40761e+03  5.45268e-03
 5.40787e+03  5.13769e-03
 5.40813e+03  5.08265e-03
 5.40839e+03  5.00875e-03
 5.40865e+03  4.68409e-03
 5.40891e+03  4.83370e-03
 5.40917e+03  5.09619e-03
 5.40942e+03  5.02915e-03
 5.40968e+03  5.15567e-03
 5.40994e+03  4.79651e-03
 5.41020e+03  4.87672e-03
 5.41046e+03  4.96348e-03
 5.41072e+03  4.71836e-03
 5.41098e+03  4.96744e-03
 5.41124e+03  4.43079e-03
 5.41150e+03  4.83574e-03
 5.41176e+03  4.53550e-03
 5.41202e+03  4.85701e-03
 5.41228e+03  4.61063e-03
 5.41254e+03  4.67406e-03
 5.41280e+03  4.28608e-03
 5.41306e+03  4.55466e-03
 5.41332e+03  4.14065e-03
 5.41358e+03  4.58176e-03
 5.41384e+03  4.12597e-03
 5.41410e+03  4.51454e-03
 5.41436e+03  4.67653e-03
 5.41462e+03  4.33196e-03
 5.41488e+03  4.18695e-03
 5.41514e+03  4.54844e-03
 5.41540e+03  4.21849e-03
 5.41566e+03  4.20939e-03
 5.41592e+03  4.14814e-03
 5.41618e+03  4.48759e-03
 5.41644e+03  4.29258e-03
 5.41670e+03  3.86345e-03
 5.41696e+03  4.29904e-03
 5.41722e+03  4.13327e-03
 5.41748e+03  4.05437e-03
 5.41774e+03  4.15653e-03
 5.41800e+03  4.24515e-03
 5.41825e+03  4.36979e-03
 5.41851e+03  4.07907e-03
 5.41877e+03  4.18977e-03
 5.41903e+03  4.10843e-03
 5.41929e+03  4.20922e-03
 5.41955e+03  4.11435e-03
 5.41981e+03  4.00767e-03
 5.42007e+03  3.95291e-03
 5.42033e+03  3.97572e-03
 5.42059e+03  3.63093e-03
 5.42085e+03  3.67355e-03
 5.42111e+03  3.95114e-03
 5.42137e+03  3.91526e-03
 5.42163e+03  3.75538e-03
 5.42189e+03  3.93034e-03
 5.42215e+03  3.82067e-03
 5.42241e+03  3.72552e-03
 5.42267e+03  3.79435e-03
 5.42293e+03  3.85690e-03
 5.42319e+03  3.71277e-03
 5.42345e+03  3.88692e-03
 5.42371e+03  3.56611e-03
 5.42397e+03  3.59412e-03
 5.42423e+03  3.89684e-03
 5.42449e+03  3.21962e-03
 5.42475e+03  3.63622e-03
 5.42501e+03  3.89002e-03
 5.42527e+03  3.76750e-03
 5.42553e+03  3.48000e-03
 5.42579e+03  3.32604e-03
 5.42605e+03  3.83663e-03
 5.42631e+03  3.68811e-03
 5.42656e+03  3.37233e-03
 5.42682e+03  3.62723e-03
 5.42708e+03  3.37679e-03
 5.42734e+03  3.31025e-03
 5.42760e+03  3.44197e-03
 5.42786e+03  3.44804e-03
 5.42812e+03  3.48097e-03
 5.42838e+03  3.22453e-03
 5.42864e+03  3.53237e-03
 5.42890e+03  3.36303e-03
 5.42916e+03  3.07158e-03
 5.42942e+03  3.38555e-03
 5.42968e+03  3.32349e-03
 5.42994e+03  3.26869e-03
 5.43020e+03  3.07409e-03
 5.43046e+03  3.25743e-03
 5.43072e+03  3.25053e-03
 5.43098e+03  3.35755e-03
 5.43124e+03  3.25968e-03
 5.43150e+03  3.03882e-03
 5.43176e+03  3.27146e-03
 5.43202e+03  3.36804e-03
 5.43228e+03  3.60896e-03
 5.43254e+03  3.31395e-03
 5.43280e+03  3.24140e-03
 5.43306e+03  3.36366e-03
 5.43332e+03  3.13030e-03
 5.43358e+03  2.93406e-03
 5.43384e+03  3.05489e-03
 5.43410e+03  2.92781e-03
 5.43436e+03  3.09847e-03
 5.43462e+03  3.32225e-03
 5.43488e+03  3.05546e-03
 5.43514e+03  3.00059e-03
 5.43540e+03  2.98341e-03
 5.43565e+03  3.15328e-03
 5.43591e+03  2.86803e-03
 5.43617e+03  3.15772e-03
 5.43643e+03  2.91900e-03
 5.43669e+03  2.92831e-03
 5.43695e+03  2.98297e-03
 5.43721e+03  2.72262e-03
 5.43747e+03  3.04839e-03
 5.43773e+03  2.74452e-03
 5.43799e+03  3.19616e-03
 5.43825e+03  2.99720e-03
 5.43851e+03  2.82472e-03
 5.43877e+03  3.02103e-03
 5.43903e+03  2.58237e-03
 5.43929e+03  3.06069e-03
 5.43955e+03  2.98061e-03
 5.43981e+03  2.87298e-03
 5.44007e+03  2.88169e-03
 5.44033e+03  2.81957e-03
 5.44059e+03  2.83299e-03
 5.44085e+03  2.79893e-03
 5.44111e+03  2.93272e-03
 5.44137e+03  3.22274e-03
 5.44163e+03  2.84893e-03
 5.44189e+03  2.93718e-03
 5.44215e+03  2.85632e-03
 5.44241e+03  3.06193e-03
 5.44267e+03  2.92022e-03
 5.44293e+03  2.65323e-03
 5.44319e+03  2.79264e-03
 5.44345e+03  2.72661e-03
 5.44371e+03  2.84401e-03
 5.44396e+03  2.90788e-03
 5.44422e+03  3.02367e-03
 5.44448e+03  2.56451e-03
 5.44474e+03  2.70355e-03
 5.44500e+03  2.60402e-03
 5.44526e+03  2.83023e-03
 5.44552e+03  2.60244e-03
 5.44578e+03  2.73258e-03
 5.44604e+03  2.38240e-03
 5.44630e+03  2.86955e-03
 5.44656e+03  2.73572e-03
 5.44682e+03  2.64543e-03
 5.44708e+03  2.72823e-03
 5.44734e+03  2.62610e-03
 5.44760e+03  2.42592e-03
 5.44786e+03  2.42654e-03
 5.44812e+03  2.31460e-03
 5.44838e+03  2.62965e-03
 5.44864e+03  2.81105e-03
 5.44890e+03  2.34210e-03
 5.44916e+03  2.56195e-03
 5.44942e+03  2.45330e-03
 5.44968e+03  2.45212e-03
 5.44994e+03  2.28858e-03
 5.45020e+03  2.59383e-03
