950		0.004701329
949.5		0.005022123
949		0.005202699
948.5		0.005453616
948		0.005100349
947.5		0.004985555
947		0.0047942
946.5		0.005162741
946		0.005383141
945.5		0.00531346
945		0.004899933
944.5		0.005431609
944		0.005366775
943.5		0.0053031
943		0.005103061
942.5		0.005781317
942		0.004637845
941.5		0.005717741
941		0.005131996
940.5		0.005296598
940		0.004702505
939.5		0.005697436
939		0.005371725
938.5		0.00484038
938		0.005437177
937.5		0.005426195
937		0.005716149
936.5		0.005324461
936		0.005838854
935.5		0.005886872
935		0.004810425
934.5		0.004988329
934		0.005414051
933.5		0.004938189
933		0.005052931
932.5		0.005282543
932		0.005397156
931.5		0.005504625
931		0.005604165
930.5		0.005028575
930		0.00619468
929.5		0.00576746
929		0.004981546
928.5		0.005573269
928		0.005252108
927.5		0.005863337
927		0.005360879
926.5		0.005107775
926		0.005265243
925.5		0.005223379
925		0.005017838
924.5		0.00558082
924		0.005747874
923.5		0.005841089
923		0.005538578
922.5		0.004857405
922		0.005013441
921.5		0.005665191
921		0.005604501
920.5		0.0056173
920		0.005696503
919.5		0.005760023
919		0.005984457
918.5		0.005759911
918		0.005618725
917.5		0.005884715
917		0.006075242
916.5		0.005610486
916		0.006284999
915.5		0.006369643
915		0.006040381
914.5		0.006300075
914		0.006049877
913.5		0.006241795
913		0.005850155
912.5		0.00606298
912		0.006270343
911.5		0.005960281
911		0.006028865
910.5		0.006125188
910		0.006447268
909.5		0.006137683
909		0.006284282
908.5		0.006604088
908		0.007041214
907.5		0.006324956
907		0.006880408
906.5		0.007236751
906		0.006649499
905.5		0.007368509
905		0.007381428
904.5		0.006960869
904		0.007219662
903.5		0.007126094
903		0.00730078
902.5		0.007900336
902		0.007785315
901.5		0.007704649
901		0.008201269
900.5		0.008391706
900		0.008406677
899.5		0.00827489
899		0.008778889
898.5		0.00811093
898		0.008787863
897.5		0.009028402
897		0.009165599
896.5		0.008999909
896		0.008815927
895.5		0.009535013
895		0.010031765
894.5		0.009729952
894		0.009747434
893.5		0.010288049
893		0.010447443
892.5		0.011007321
892		0.01080848
891.5		0.012071491
891		0.011592844
890.5		0.012646859
890		0.012694015
889.5		0.013224993
889		0.013650253
888.5		0.013802729
888		0.014131817
887.5		0.015456948
887		0.01605597
886.5		0.016552113
886		0.016994642
885.5		0.017886678
885		0.018158413
884.5		0.019325139
884		0.020319447
883.5		0.021326927
883		0.021911988
882.5		0.023543481
882		0.024697535
881.5		0.025536705
881		0.027492171
880.5		0.028387815
880		0.029825829
879.5		0.031937297
879		0.033312842
878.5		0.035389725
878		0.03706437
877.5		0.03924809
877		0.042524368
876.5		0.044442352
876		0.046738703
875.5		0.05011069
875		0.053833697
874.5		0.056962609
874		0.060945168
873.5		0.064702213
873		0.069733165
872.5		0.074876897
872		0.079983689
871.5		0.086372569
871		0.09230496
870.5		0.099638499
870		0.10661009
869.5		0.115015857
869		0.124210909
868.5		0.134231702
868		0.14487806
867.5		0.157302603
867		0.169482529
866.5		0.183708057
866		0.199574858
865.5		0.216748357
865		0.235865936
864.5		0.256930113
864		0.280270517
863.5		0.304871738
863		0.3327851
862.5		0.364904583
862		0.398968846
861.5		0.437216044
861		0.478645504
860.5		0.526124597
860		0.576769471
859.5		0.635495067
859		0.701811671
858.5		0.774552524
858		0.854576647
857.5		0.943051934
857		1.042825937
856.5		1.153693199
856		1.284518123
855.5		1.427396894
855		1.583170891
854.5		1.763932824
854		1.959054232
853.5		2.183208704
853		2.442646503
852.5		2.735617399
852		3.055667877
851.5		3.416192532
851		3.822795391
850.5		4.279069424
850		4.805726051
849.5		5.207897186
849		5.859457016
848.5		6.596541405
848		7.433212757
847.5		8.355424881
847		9.38978672
846.5		10.57067394
846		11.8970108
845.5		13.36603737
845		15.02215672
844.5		16.85282707
844		18.84257507
843.5		21.06882858
843		23.51345253
842.5		26.12408638
842		28.97710228
841.5		32.03197098
841		35.24682236
840.5		38.56829453
840		42.05203629
839.5		45.63326263
839		49.23023605
838.5		52.89861679
838		56.48431015
837.5		59.92685699
837		63.28942871
836.5		66.5319519
836		69.52690887
835.5		72.35377502
835		74.9723587
834.5		77.35032654
834		79.46878815
833.5		81.35942841
833		83.09313965
832.5		84.55019379
832		85.87265015
831.5		87.0222702
831		88.01859283
830.5		88.86044312
830		89.5817337
829.5		90.22757721
829		90.76204681
828.5		91.21966553
828		91.6200943
827.5		91.96609497
827		92.25580597
826.5		92.48441315
826		92.69046783
825.5		92.89559174
825		93.04862976
824.5		93.17165375
824		93.29937744
823.5		93.41414642
823		93.50210571
822.5		93.57017517
822		93.6499176
821.5		93.71643829
821		93.77590179
820.5		93.81781769
820		93.89639282
819.5		93.91503143
819		93.9596405
818.5		94.01169586
818		94.0329895
817.5		94.07225037
817		94.12244415
816.5		94.16692352
816		94.19113922
815.5		94.21794128
815		94.26251984
814.5		94.29115295
814		94.32859802
813.5		94.35747528
813		94.38141632
812.5		94.41127014
812		94.43201447
811.5		94.46674347
811		94.4924469
810.5		94.50763702
810		94.50965881
809.5		94.53774261
809		94.57109833
808.5		94.56827545
808		94.57720947
807.5		94.58321381
807		94.59590912
806.5		94.59004974
806		94.59545135
805.5		94.58914185
805		94.58570862
804.5		94.56015015
804		94.53791809
803.5		94.53352356
803		94.51422882
802.5		94.48259735
802		94.48217773
801.5		94.43249512
801		94.41288757
800.5		94.3789444
800		94.34848022
799.5		94.31873322
799		94.30227661
798.5		94.27986145
798		94.25485992
797.5		94.20102692
797		94.18643188
796.5		94.16278076
796		94.13846588
795.5		94.11314392
795		94.09012604
794.5		94.08486938
794		94.06279755
793.5		94.03982544
793		94.03704071
792.5		94.03620148
792		94.01461792
791.5		94.02080536
791		94.00843048
790.5		94.01042175
790		94.02687836
789.5		94.03399658
789		94.05328369
788.5		94.04750824
788		94.04999542
787.5		94.09056091
787		94.10109711
786.5		94.12956238
786		94.14160919
785.5		94.16493988
785		94.18022156
784.5		94.20613098
784		94.23230743
783.5		94.26742554
783		94.29667664
782.5		94.32355499
782		94.34107971
781.5		94.38020325
781		94.39849091
780.5		94.42284393
780		94.46452332
779.5		94.47596741
779		94.50230408
778.5		94.51226044
778		94.5413208
777.5		94.54651642
777		94.58202362
776.5		94.58306122
776		94.60343933
775.5		94.61685181
775		94.64086914
774.5		94.65206146
774		94.65727997
773.5		94.67884064
773		94.67290497
772.5		94.68236542
772		94.68310547
771.5		94.68423462
771		94.69339752
770.5		94.68804932
770		94.67992401
769.5		94.68584442
769		94.68254089
768.5		94.68120575
768		94.67414093
767.5		94.66483307
767		94.67384338
766.5		94.65488434
766		94.66651917
765.5		94.63809967
765		94.62715912
764.5		94.61496735
764		94.61210632
763.5		94.60668182
763		94.5873642
762.5		94.56582642
762		94.56051636
761.5		94.54415131
761		94.53882599
760.5		94.52703857
760		94.50562286
759.5		94.49578857
759		94.47935486
758.5		94.45497131
758		94.4543457
757.5		94.40779877
757		94.40553284
756.5		94.39080811
756		94.37498474
755.5		94.34874725
755		94.32139587
754.5		94.30725861
754		94.28149414
753.5		94.25380707
753		94.22647858
752.5		94.21124268
752		94.18870544
751.5		94.15222168
751		94.11815643
750.5		94.10360718
750		94.06352997
749.5		94.03353119
749		93.99304199
748.5		93.97194672
748		93.93566132
747.5		93.89655304
747		93.85927582
746.5		93.81528473
746		93.78533936
745.5		93.73778534
745		93.69033813
744.5		93.65642548
744		93.60523224
743.5		93.54985046
743		93.50655365
742.5		93.45207214
742		93.41655731
741.5		93.34868622
741		93.29697418
740.5		93.23416138
740		93.15957642
739.5		93.10607147
739		93.04238892
738.5		92.98179626
738		92.90805817
737.5		92.81773376
737		92.739151
736.5		92.66458893
736		92.58891296
735.5		92.5089798
735		92.40950775
734.5		92.3218689
734		92.21194458
733.5		92.10508728
733		92.0057373
732.5		91.87814331
732		91.76396942
731.5		91.63011932
731		91.50317383
730.5		91.33447266
730		91.20632172
729.5		91.05731201
729		90.88774872
728.5		90.71866608
728		90.55268097
727.5		90.36045074
727		90.17232513
726.5		89.96945953
726		89.751091
725.5		89.52954102
725		89.2923584
724.5		89.06108093
724		88.79943085
723.5		88.5358963
723		88.2511673
722.5		87.97181702
722		87.66233826
721.5		87.3371582
721		87.00927734
720.5		86.6591568
720		86.29859924
719.5		85.92490387
719		85.52002716
718.5		85.1056366
718		84.68295288
717.5		84.23458099
717		83.77423859
716.5		83.29410553
716		82.77876282
715.5		82.26216888
715		81.7197113
714.5		81.15241241
714		80.56016541
713.5		79.9537735
713		79.32775879
712.5		78.667099
712		77.98130798
711.5		77.27651215
711		76.5353775
710.5		75.77975464
710		75.00531006
709.5		74.16982269
709		73.32274628
708.5		72.45427704
708		71.54180908
707.5		70.59775543
707		69.61265564
706.5		68.63661194
706		67.60726166
705.5		66.55049896
705		65.44277954
704.5		64.3086319
704		63.13300323
703.5		61.95150757
703		60.71235657
702.5		59.42245102
702		58.14735413
701.5		56.81497955
701		55.43878174
700.5		54.05073166
700		52.63105011
699.5		51.18551254
699		49.70472336
698.5		48.19485855
698		46.65297318
697.5		45.09452438
697		43.55324554
696.5		41.95392227
696		40.33918381
695.5		38.77183533
695		37.14864349
694.5		35.52229691
694		33.8939743
693.5		32.29420853
693		30.69293785
692.5		29.10008049
692		27.5331707
691.5		25.96121788
691		24.43495178
690.5		22.95597839
690		21.49110794
689.5		20.06428337
689		18.70645523
688.5		17.36362076
688		16.06982994
687.5		14.83738136
687		13.65820599
686.5		12.53212738
686		11.46343994
685.5		10.45144463
685		9.485164642
684.5		8.586227417
684		7.759519577
683.5		6.974437714
683		6.245431423
682.5		5.583399773
682		4.963449955
681.5		4.395840168
681		3.882972479
680.5		3.416971922
680		2.998186588
679.5		2.619857073
679		2.282950163
678.5		1.977611542
678		1.707724094
677.5		1.473954797
677		1.264016628
676.5		1.080205441
676		0.92117244
675.5		0.782066464
675		0.66095674
674.5		0.557718217
674		0.469155043
673.5		0.393426418
673		0.328716099
672.5		0.274227619
672		0.22720404
671.5		0.188164592
671		0.15583472
670.5		0.128423378
670		0.105480291
669.5		0.086522207
669		0.070849687
668.5		0.057764299
668		0.047042314
667.5		0.038390066
667		0.031178875
666.5		0.025291948
666		0.020549618
665.5		0.016524846
665		0.013387491
664.5		0.010804865
664		0.008708595
663.5		0.007036378
663		0.005603971
662.5		0.004527085
662		0.003620797
661.5		0.002913784
661		0.002429482
660.5		0.001831663
660		0.001590996
659.5		0.001244746
659		0.001054521
658.5		0.000951602
658		0.000659433
657.5		0.000527695
657		0.000418285
656.5		0.000412167
656		0.000368095
655.5		0.000248235
655		0.000216863
654.5		0.00010282
654		0.0002293
653.5		5.21E-05
653		4.55E-05
652.5		0.000107373
652		0.000105527
651.5		0.000130771
651		0.000161963
650.5		-1.36E-05
650		2.67E-05
649.5		6.42E-05
649		6.12E-05
648.5		7.34E-05
648		0.000146311
647.5		5.35E-06
647		5.24E-05
646.5		2.32E-05
646		8.23E-06
645.5		8.08E-05
645		0.000143207
644.5		5.74E-05
644		8.95E-05
643.5		1.39E-05
643		5.38E-05
642.5		-8.49E-05
642		-8.90E-05
641.5		-3.40E-06
641		-5.53E-05
640.5		5.02E-05
640		1.47E-06
639.5		7.91E-05
639		2.80E-05
638.5		-3.23E-05
638		4.69E-05
637.5		9.58E-05
637		-7.36E-06
636.5		0.000104496
636		6.86E-06
635.5		0.000176909
635		8.80E-05
634.5		7.04E-05
634		0.000111656
633.5		4.42E-05
633		0.000148955
632.5		5.41E-05
632		0.000102515
631.5		4.39E-05
631		0.000163254
630.5		3.63E-05
630		9.77E-05
629.5		4.70E-05
629		-5.51E-06
628.5		0.000143042
628		-1.44E-05
627.5		9.57E-05
627		3.05E-05
626.5		-4.62E-05
626		0.000130017
625.5		-6.32E-06
625		7.87E-05
624.5		7.57E-05
624		4.23E-05
623.5		7.33E-05
623		-5.11E-05
622.5		6.09E-05
622		0.000122902
621.5		4.07E-05
621		-3.40E-05
620.5		3.08E-05
620		4.54E-05
619.5		0.000156664
619		0.00011097
618.5		8.31E-05
618		4.86E-05
617.5		4.73E-06
617		-1.03E-05
616.5		3.23E-05
616		0.000162073
615.5		6.89E-05
615		-2.85E-05
614.5		0.000119701
614		-3.48E-06
613.5		3.27E-05
613		5.12E-05
612.5		1.10E-05
612		3.83E-05
611.5		-1.94E-06
611		-1.38E-05
610.5		9.91E-05
610		3.91E-05
609.5		-2.90E-05
609		0.00015829
608.5		3.79E-05
608		0.000133824
607.5		0.000125509
607		5.81E-05
606.5		0.000144655
606		1.17E-05
605.5		3.42E-05
605		4.35E-05
604.5		-2.40E-08
604		0.000151378
603.5		0.000152246
603		6.58E-06
602.5		0.000105091
602		0.000128583
601.5		8.81E-05
601		2.25E-05
600.5		2.00E-05
600		1.99E-05
