   3891.306     -1.6510487E-05
   3896.371     -1.6510487E-05
   3901.436     -1.6510487E-05
   3906.501     -1.6510487E-05
   3911.567     -1.6510487E-05
   3916.633     -1.6510487E-05
   3921.699     -1.6510487E-05
   3926.765     -1.6510487E-05
   3931.832     -1.6510487E-05
   3936.898     -1.6510487E-05
   3941.965     -1.6510487E-05
   3947.032     -1.6510487E-05
   3952.100     -1.6510487E-05
   3957.167     -1.6510487E-05
   3962.235     -1.6510487E-05
   3967.303     -1.6510487E-05
   3972.371     -1.6510487E-05
   3977.440     -1.6510487E-05
   3982.508     -1.6510487E-05
   3987.577     -1.6510487E-05
   3992.646     -1.6510487E-05
   3997.716     -1.6510487E-05
   4002.785     -1.6510487E-05
   4007.855     -1.6510487E-05
   4012.925     -1.6510487E-05
   4017.995     -1.6510487E-05
   4023.065     -1.6510487E-05
   4028.136     -1.6510487E-05
   4033.207     -1.6510487E-05
   4038.278     -1.6510487E-05
   4043.349     -1.6510487E-05
   4048.421     -1.6510487E-05
   4053.493     -1.6510487E-05
   4058.565     -1.6510487E-05
   4063.637     -1.6510487E-05
   4068.709     -1.6510487E-05
   4073.782     -1.6510487E-05
   4078.855     -1.6510487E-05
   4083.928     -1.6510487E-05
   4089.001     -1.6510487E-05
   4094.074     -1.6510487E-05
   4099.148     -1.6510487E-05
   4104.222     -1.6510487E-05
   4109.296     -1.6510487E-05
   4114.371     -1.6510487E-05
   4119.445     -1.6510487E-05
   4124.520     -1.6510487E-05
   4129.595     -1.6510487E-05
   4134.670     -1.6510487E-05
   4139.746     -1.6510487E-05
   4144.822     -1.6510487E-05
   4149.897     -1.6510487E-05
   4154.974     -1.6510487E-05
   4160.050     -1.6510487E-05
   4165.126     -1.6510487E-05
   4170.204     -1.6510487E-05
   4175.280     -1.6510487E-05
   4180.358     -1.6510487E-05
   4185.435     -1.6510487E-05
   4190.513     -1.6510487E-05
   4195.591     -1.6510487E-05
   4200.669     -1.6510487E-05
   4205.747     -1.6510487E-05
   4210.826     -1.6510487E-05
   4215.904     -1.6510487E-05
   4220.983     -1.6510487E-05
   4226.063     -1.6510487E-05
   4231.142     -1.6510487E-05
   4236.222     -1.6510487E-05
   4241.302     -1.6510487E-05
   4246.382     -1.6510487E-05
   4251.462     -1.6510487E-05
   4256.542     -1.6510487E-05
   4261.624     -1.6510487E-05
   4266.705     -1.6510487E-05
   4271.786     -1.6510487E-05
   4276.867     -1.6510487E-05
   4281.949     -1.6510487E-05
   4287.030     -1.6510487E-05
   4292.112     -1.6510487E-05
   4297.195     -1.6510487E-05
   4302.277     -1.6510487E-05
   4307.360     -1.6510487E-05
   4312.443     -1.6510487E-05
   4317.526     -1.6510487E-05
   4322.609     -1.6510487E-05
   4327.693     -1.6510487E-05
   4332.777     -1.6510487E-05
   4337.861     -1.6510487E-05
   4342.945     -1.6510487E-05
   4348.030     -1.6510487E-05
   4353.115     -1.6510487E-05
   4358.200     -1.6510487E-05
   4363.285     -1.6510487E-05
   4368.370     -1.6510487E-05
   4373.456     -1.6510487E-05
   4378.542     -1.6510487E-05
   4383.627     -1.6510487E-05
   4388.714     -1.6510487E-05
   4393.800     -1.6510487E-05
   4398.887     -1.6510487E-05
   4403.974     -1.6510487E-05
   4409.061     -1.6510487E-05
   4414.148     -1.6510487E-05
   4419.236     -1.6510487E-05
   4424.324     -1.6510487E-05
   4429.412     -1.6510487E-05
   4434.500     -1.6510487E-05
   4439.588     -1.6510487E-05
   4444.677     -1.6510487E-05
   4449.766     -1.6510487E-05
   4454.855     -1.6510487E-05
   4459.944     -1.6510487E-05
   4465.034     -1.6510487E-05
   4470.124     -1.6510487E-05
   4475.213     -1.6510487E-05
   4480.304     -1.6510487E-05
   4485.394     -1.6510487E-05
   4490.485     -1.6510487E-05
   4495.576     -1.6510487E-05
   4500.667     -1.6510487E-05
   4505.758     -1.6510487E-05
   4510.850     -1.6510487E-05
   4515.941     -1.6510487E-05
   4521.033     -1.6510487E-05
   4526.125     -1.6510487E-05
   4531.218     -1.6510487E-05
   4536.311     -1.6510487E-05
   4541.403     -1.6510487E-05
   4546.497     -1.6510487E-05
   4551.590     -1.6510487E-05
   4556.683     -1.6510487E-05
   4561.777     -1.6510487E-05
   4566.871     -1.6510487E-05
   4571.965     -1.6510487E-05
   4577.060     -1.6510487E-05
   4582.154     -1.6510487E-05
   4587.249     -1.6510487E-05
   4592.344     -1.6510487E-05
   4597.439     -1.6510487E-05
   4602.535     -1.6510487E-05
   4607.630     -1.6510487E-05
   4612.726     -1.6510487E-05
   4617.822     -1.6510487E-05
   4622.919     -1.6510487E-05
   4628.015     -1.6510487E-05
   4633.112     -1.6510487E-05
   4638.209     -1.6510487E-05
   4643.306     -1.6510487E-05
   4648.404     -1.6510487E-05
   4653.501     -1.6510487E-05
   4658.600     -1.6510487E-05
   4663.698     -1.6510487E-05
   4668.796     -1.6510487E-05
   4673.895     -1.6510487E-05
   4678.993     -1.6510487E-05
   4684.092     -1.6510487E-05
   4689.191     -1.6510487E-05
   4694.291     -1.6510487E-05
   4699.391     -1.6510487E-05
   4704.490     -1.6510487E-05
   4709.590     -1.6510487E-05
   4714.691     -1.6510487E-05
   4719.792     -1.6510487E-05
   4724.892     -1.6510487E-05
   4729.993     -1.6510487E-05
   4735.094     -1.6510487E-05
   4740.196     -1.6510487E-05
   4745.297     -1.6510487E-05
   4750.399     -1.6510487E-05
   4755.501     -1.6510487E-05
   4760.604     -1.6510487E-05
   4765.706     -1.6510487E-05
   4770.809     -1.6510487E-05
   4775.912     -1.6510487E-05
   4781.015     -1.6510487E-05
   4786.118     -1.6510487E-05
   4791.222     -1.6510487E-05
   4796.326     -1.6510487E-05
   4801.430     -1.6510487E-05
   4806.534     -1.6510487E-05
   4811.639     -1.6510487E-05
   4816.743     -1.6510487E-05
   4821.848     -1.6510487E-05
   4826.953     -1.6510487E-05
   4832.059     -1.6510487E-05
   4837.164     -1.6510487E-05
   4842.270     -1.6510487E-05
   4847.376     -1.6510487E-05
   4852.482     -1.6510487E-05
   4857.589     -1.6510487E-05
   4862.696     -1.6510487E-05
   4867.802     -1.6510487E-05
   4872.910     -1.6510487E-05
   4878.017     -1.6510487E-05
   4883.125     -1.6510487E-05
   4888.232     -1.6510487E-05
   4893.340     -1.6510487E-05
   4898.449     -1.6510487E-05
   4903.557     -1.6510487E-05
   4908.666     -1.6510487E-05
   4913.774     -1.6510487E-05
   4918.884     -1.6510487E-05
   4923.993     -1.6510487E-05
   4929.103     -1.6510487E-05
   4934.212     -1.6510487E-05
   4939.322     -1.6510487E-05
   4944.433     -1.6510487E-05
   4949.543     -1.6510487E-05
   4954.653     -1.6510487E-05
   4959.764     -1.6510487E-05
   4964.875     -1.6510487E-05
   4969.987     -1.6510487E-05
   4975.098     -1.6510487E-05
   4980.210     -1.6510487E-05
   4985.322     -1.6510487E-05
   4990.434     -1.6510487E-05
   4995.547     -1.6510487E-05
   5000.659     -1.6510487E-05
   5005.772     -1.6510487E-05
   5010.885     -1.6510487E-05
   5015.999     -1.6510487E-05
   5021.112     -1.6510487E-05
   5026.226     -1.6510487E-05
   5031.340     -1.6510487E-05
   5036.454     -1.6510487E-05
   5041.568     -1.6510487E-05
   5046.683     -1.6510487E-05
   5051.797     -1.6510487E-05
   5056.913     -1.6510487E-05
   5062.028     -1.6510487E-05
   5067.144     -1.6510487E-05
   5072.259     -1.6510487E-05
   5077.375     -1.6510487E-05
   5082.491     -1.6510487E-05
   5087.607     -1.6510487E-05
   5092.724     -1.6510487E-05
   5097.841     -1.6510487E-05
   5102.958     -1.6510487E-05
   5108.075     -1.6510487E-05
   5113.192     -1.6510487E-05
   5118.310     -1.6510487E-05
   5123.428     -1.6510487E-05
   5128.546     -1.6510487E-05
   5133.665     -1.6510487E-05
   5138.783     -1.6510487E-05
   5143.902     -1.6510487E-05
   5149.021     -1.6510487E-05
   5154.140     -1.6510487E-05
   5159.259     -1.6510487E-05
   5164.379     -1.6510487E-05
   5169.499     -1.6510487E-05
   5174.619     -1.6510487E-05
   5179.739     -1.6510487E-05
   5184.860     -1.6510487E-05
   5189.981     -1.6510487E-05
   5195.102     -1.6510487E-05
   5200.223     -1.6510487E-05
   5205.344     -1.6510487E-05
   5210.466     -1.6510487E-05
   5215.588     -1.6510487E-05
   5220.710     -1.6510487E-05
   5225.832     -1.6510487E-05
   5230.955     -1.6510487E-05
   5236.078     -1.6510487E-05
   5241.201     -1.6510487E-05
   5246.324     -1.6510487E-05
   5251.447     -1.6510487E-05
   5256.571     -1.6510487E-05
   5261.694     -1.6510487E-05
   5266.818     -1.6510487E-05
   5271.943     -1.6510487E-05
   5277.067     -1.6510487E-05
   5282.192     -1.6510487E-05
   5287.317     -1.6510487E-05
   5292.442     -1.6510487E-05
   5297.567     -1.6510487E-05
   5302.693     -1.6510487E-05
   5307.819     -1.6510487E-05
   5312.945     -1.6510487E-05
   5318.071     -1.6510487E-05
   5323.198     -1.6510487E-05
   5328.324     -1.6510487E-05
   5333.451     -1.6510487E-05
   5338.578     -1.6510487E-05
   5343.706     -1.6510487E-05
   5348.833     -1.6510487E-05
   5353.961     -1.6510487E-05
   5359.089     -1.6510487E-05
   5364.217     -1.6510487E-05
   5369.346     -1.6510487E-05
   5374.475     -1.6510487E-05
   5379.603     -1.6510487E-05
   5384.732     -1.6510487E-05
   5389.862     -1.6510487E-05
   5394.991     -1.6510487E-05
   5400.121     -1.6510487E-05
   5405.251     -1.6510487E-05
   5410.381     -1.6510487E-05
   5415.512     -1.6510487E-05
   5420.642     -1.6510487E-05
   5425.773     -1.6510487E-05
   5430.904     -1.6510487E-05
   5436.036     -1.6510487E-05
   5441.167     -1.6510487E-05
   5446.299     -1.6510487E-05
   5451.431     -1.6510487E-05
   5456.563     -1.6510487E-05
   5461.695     -1.6510487E-05
   5466.828     -1.6510487E-05
   5471.961     -1.6510487E-05
   5477.094     -1.6510487E-05
   5482.227     -1.6510487E-05
   5487.361     -1.6510487E-05
   5492.495     -1.6510487E-05
   5497.628     -1.6510487E-05
   5502.762     -1.6510487E-05
   5507.897     -1.6510487E-05
   5513.031     -1.6510487E-05
   5518.167     -1.6510487E-05
   5523.301     -1.6510487E-05
   5528.437     -1.6510487E-05
   5533.572     -1.6510487E-05
   5538.708     -1.6510487E-05
   5543.844     -1.6510487E-05
   5548.980     -1.6510487E-05
   5554.116     -1.6510487E-05
   5559.253     -1.6510487E-05
   5564.390     -1.6510487E-05
   5569.526     -1.6510487E-05
   5574.664     -1.6510487E-05
   5579.801     -1.6510487E-05
   5584.939     -1.6510487E-05
   5590.077     -1.6510487E-05
   5595.215     -1.6510487E-05
   5600.354     -1.6510487E-05
   5605.492     -1.6510487E-05
   5610.631     -1.6510487E-05
   5615.770     -1.6510487E-05
   5620.909     -1.6510487E-05
   5626.048     -1.6510487E-05
   5631.188     -1.6510487E-05
   5636.328     -1.6510487E-05
   5641.468     -1.6510487E-05
   5646.608     -1.6510487E-05
   5651.749     -1.6510487E-05
   5656.890     -1.6510487E-05
   5662.031     -1.6510487E-05
   5667.172     -1.6510487E-05
   5672.313     -1.6510487E-05
   5677.455     -1.6510487E-05
   5682.597     -1.6510487E-05
   5687.739     -1.6510487E-05
   5692.881     -1.6510487E-05
   5698.023     -1.6510487E-05
   5703.166     -1.6510487E-05
   5708.309     -1.6510487E-05
   5713.452     -1.6510487E-05
   5718.596     -1.6510487E-05
   5723.739     -1.6510487E-05
   5728.883     -1.6510487E-05
   5734.027     -1.6510487E-05
   5739.171     -1.6510487E-05
   5744.316     -1.6510487E-05
   5749.461     -1.6510487E-05
   5754.605     -1.6510487E-05
   5759.751     -1.6510487E-05
   5764.896     -1.6510487E-05
   5770.042     -1.6510487E-05
   5775.188     -1.6510487E-05
   5780.333     -1.6510487E-05
   5785.480     -1.6510487E-05
   5790.626     -1.6510487E-05
   5795.773     -1.6510487E-05
   5800.920     -1.6510487E-05
   5806.067     -1.6510487E-05
   5811.214     -1.6510487E-05
   5816.362     -1.6510487E-05
   5821.510     -1.6510487E-05
   5826.658     -1.6510487E-05
   5831.806     -1.6510487E-05
   5836.955     -1.6510487E-05
   5842.103     -1.6510487E-05
   5847.252     -1.6510487E-05
   5852.401     -1.6510487E-05
   5857.550     -1.6510487E-05
   5862.700     -1.6510487E-05
   5867.850     -1.6510487E-05
   5873.000     -1.6510487E-05
   5878.150     -1.6510487E-05
   5883.300     -1.6510487E-05
   5888.451     -1.6510487E-05
   5893.602     -1.6510487E-05
   5898.753     -1.6510487E-05
   5903.904     -1.6510487E-05
   5909.056     -1.6510487E-05
   5914.208     -1.6510487E-05
   5919.359     -1.6510487E-05
   5924.512     -1.6510487E-05
   5929.664     -1.6510487E-05
   5934.817     -1.6510487E-05
   5939.970     -1.6510487E-05
   5945.123     -1.6510487E-05
   5950.276     -1.6510487E-05
   5955.430     -1.6510487E-05
   5960.583     -1.6510487E-05
   5965.737     -1.6510487E-05
   5970.891     -1.6510487E-05
   5976.046     -1.6510487E-05
   5981.200     -1.6510487E-05
   5986.355     -1.6510487E-05
   5991.510     -1.6510487E-05
   5996.666     -1.6510487E-05
   6001.821     -1.6510487E-05
   6006.977     -1.6510487E-05
   6012.132     -1.6510487E-05
   6017.289     -1.6510487E-05
   6022.445     -1.6510487E-05
   6027.602     -1.6510487E-05
   6032.758     -1.6510487E-05
   6037.916     -1.6510487E-05
   6043.073     -1.6510487E-05
   6048.230     -1.6510487E-05
   6053.388     -1.6510487E-05
   6058.545     -1.6510487E-05
   6063.704     -1.6510487E-05
   6068.862     -1.6510487E-05
   6074.021     -1.6510487E-05
   6079.180     -1.6510487E-05
   6084.338     -1.6510487E-05
   6089.498     -1.6510487E-05
   6094.657     -1.6510487E-05
   6099.817     -1.6510487E-05
   6104.977     -1.6510487E-05
   6110.137     -1.6510487E-05
   6115.297     -1.6510487E-05
   6120.458     -1.6510487E-05
   6125.618     -1.6510487E-05
   6130.779     -1.6510487E-05
   6135.940     -1.6510487E-05
   6141.102     -1.6510487E-05
   6146.264     -1.6510487E-05
   6151.426     -1.6510487E-05
   6156.587     -1.6510487E-05
   6161.750     -1.6510487E-05
   6166.913     -1.6510487E-05
   6172.075     -1.6510487E-05
   6177.238     -1.6510487E-05
   6182.401     -1.6510487E-05
   6187.564     -1.6510487E-05
   6192.728     -1.6510487E-05
   6197.892     -1.6510487E-05
   6203.056     -1.6510487E-05
   6208.220     -1.6510487E-05
   6213.385     -1.6510487E-05
   6218.550     -1.6510487E-05
   6223.714     -1.6510487E-05
   6228.880     -1.6510487E-05
   6234.045     -1.6510487E-05
   6239.210     -1.6510487E-05
   6244.376     -1.6510487E-05
   6249.542     -1.6510487E-05
   6254.709     -1.6510487E-05
   6259.875     -1.6510487E-05
   6265.042     -1.6510487E-05
   6270.209     -1.6510487E-05
   6275.376     -1.6510487E-05
   6280.543     -1.6510487E-05
   6285.711     -1.6510487E-05
   6290.878     -1.6510487E-05
   6296.047     -1.6510487E-05
   6301.215     -1.6510487E-05
   6306.383     -1.6510487E-05
   6311.552     -1.6510487E-05
   6316.721     -1.6510487E-05
   6321.890     -1.6510487E-05
   6327.059     -1.6510487E-05
   6332.229     -1.6510487E-05
   6337.398     -1.6510487E-05
   6342.569     -1.6510487E-05
   6347.739     -1.6510487E-05
   6352.909     -1.6510487E-05
   6358.080     -1.6510487E-05
   6363.251     -1.6510487E-05
   6368.422     -1.6510487E-05
   6373.593     -1.6510487E-05
   6378.765     -1.6510487E-05
   6383.937     -1.6510487E-05
   6389.108     -1.6510487E-05
   6394.280     -1.6510487E-05
   6399.453     -1.6510487E-05
   6404.625     -1.6510487E-05
   6409.798     -1.6510487E-05
   6414.972     -1.6510487E-05
   6420.145     -1.6510487E-05
   6425.318     -1.6510487E-05
   6430.492     -1.6510487E-05
   6435.666     -1.6510487E-05
   6440.840     -1.6510487E-05
   6446.015     -1.6510487E-05
   6451.189     -1.6510487E-05
   6456.364     -1.6510487E-05
   6461.539     -1.6510487E-05
   6466.714     -1.6510487E-05
   6471.890     -1.6510487E-05
   6477.065     -1.6510487E-05
   6482.241     -4.8300717E-06
   6487.417     -7.4288109E-06
   6492.594     -1.0027550E-05
   6497.771     -1.2626289E-05
   6502.947     -1.5225029E-05
   6508.125     -1.7823768E-05
   6513.302     -2.0422507E-05
   6518.479     -2.3021246E-05
   6523.657      2.1034479E-04
   6528.834      3.1161308E-04
   6534.013      4.1925907E-04
   6539.191      5.3334236E-04
   6544.370      6.5380335E-04
   6549.548      7.8064203E-04
   6554.728      9.1385841E-04
   6559.907      1.0535717E-03
   6565.086      1.1996031E-03
   6570.266      1.3520122E-03
   6575.446      1.5109181E-03
   6580.625      1.6761422E-03
   6585.806      1.8477440E-03
   6590.986      2.0257831E-03
   6596.167      2.2102594E-03
   6601.348      2.4010539E-03
   6606.529      2.5982857E-03
   6611.711      2.8018951E-03
   6616.893      3.0120015E-03
   6622.074      3.2284260E-03
   6627.256      3.4512281E-03
   6632.439      3.6805272E-03
   6637.621      3.9161444E-03
   6642.804      4.4145864E-03
   6647.987      4.7987481E-03
   6653.170      5.3067333E-03
   6658.354      5.9201876E-03
   6663.537      6.6330684E-03
   6668.721      7.4635046E-03
   6673.905      8.4524900E-03
   6679.089      9.6389512E-03
   6684.273      1.1039919E-02
   6689.458      1.2645760E-02
   6694.644      1.4443191E-02
   6699.829      1.6442832E-02
   6705.014      1.8705701E-02
   6710.200      2.1353338E-02
   6715.385      2.4555789E-02
   6720.571      2.8526194E-02
   6725.758      3.3500548E-02
   6730.944      3.9721746E-02
   6736.131      4.7434017E-02
   6741.317      5.6905881E-02
   6746.505      6.8482101E-02
   6751.692      8.2662709E-02
   6756.880      0.1001274    
   6762.067      0.1216701    
   6767.256      0.1480327    
   6772.444      0.1796863    
   6777.632      0.2166374    
   6782.821      0.2584087    
   6788.010      0.3041196    
   6793.199      0.3526418    
   6798.388      0.4027241    
   6803.578      0.4530064    
   6808.768      0.5020354    
   6813.958      0.5483217    
   6819.147      0.5905237    
   6824.338      0.6276560    
   6829.529      0.6592653    
   6834.720      0.6854303    
   6839.911      0.7065870    
   6845.102      0.7233009    
   6850.293      0.7360694    
   6855.485      0.7453248    
   6860.677      0.7514769    
   6865.869      0.7550318    
   6871.062      0.7565922    
   6876.254      0.7568221    
   6881.447      0.7563254    
   6886.640      0.7555369    
   6891.834      0.7546462    
   6897.027      0.7535353    
   6902.221      0.7518970    
   6907.415      0.7493799    
   6912.609      0.7457344    
   6917.803      0.7409116    
   6922.998      0.7349979    
   6928.193      0.7281349    
   6933.388      0.7203569    
   6938.583      0.7115000    
   6943.778      0.7010968    
   6948.975      0.6883501    
   6954.170      0.6722432    
   6959.367      0.6517098    
   6964.563      0.6259317    
   6969.759      0.5945687    
   6974.956      0.5579280    
   6980.153      0.5168887    
   6985.351      0.4727222    
   6990.548      0.4267826    
   6995.746      0.3803481    
   7000.943      0.3345645    
   7006.142      0.2904882    
   7011.340      0.2491306    
   7016.539      0.2113629    
   7021.737      0.1778194    
   7026.937      0.1487905    
   7032.135      0.1242148    
   7037.335      0.1037587    
   7042.535      8.6912051E-02
   7047.734      7.3120385E-02
   7052.935      6.1839696E-02
   7058.135      5.2605350E-02
   7063.335      4.5048244E-02
   7068.536      3.8883381E-02
   7073.737      3.3899773E-02
   7078.938      2.9912522E-02
   7084.140      2.6737666E-02
   7089.341      2.4181502E-02
   7094.543      2.2048131E-02
   7099.745      2.0179825E-02
   7104.948      1.8488616E-02
   7110.150      1.6947797E-02
   7115.353      1.5570641E-02
   7120.556      1.4388853E-02
   7125.759      1.3412820E-02
   7130.962      1.2632783E-02
   7136.166      1.2011641E-02
   7141.370      1.1506138E-02
   7146.574      1.1072275E-02
   7151.778      1.0673201E-02
   7156.982      1.0271609E-02
   7162.188      9.8256748E-03
   7167.392      9.3119526E-03
   7172.598      8.7421210E-03
   7177.803      8.1800753E-03
   7183.008      7.5442791E-03
   7188.214      7.2286129E-03
   7193.420      6.9186687E-03
   7198.626      6.6145658E-03
   7203.833      6.3161850E-03
   7209.040      6.0234070E-03
   7214.247      5.7364702E-03
   7219.454      5.4552555E-03
   7224.661      5.1797628E-03
   7229.869      4.9099922E-03
   7235.076      4.6459436E-03
   7240.285      4.3876171E-03
   7245.493      4.1350126E-03
   7250.701      3.8881302E-03
   7255.910      3.6469698E-03
   7261.119      3.4115314E-03
   7266.328      3.1818151E-03
   7271.537      2.9577017E-03
   7276.747      2.7394295E-03
   7281.956      2.5269985E-03
   7287.167      2.3201704E-03
   7292.376      2.1190643E-03
   7297.587      1.9237995E-03
   7302.798      1.7341375E-03
   7308.009      1.5503168E-03
   7313.220      1.3720989E-03
   7318.431      1.1997223E-03
   7323.643      1.0330677E-03
   7328.854      8.7201595E-04
   7334.066      7.1680546E-04
   7339.278      5.6731701E-04
   7344.491      4.2355061E-04
   7349.703      2.8550625E-04
   7354.917      1.5318394E-04
   7360.129     -1.6510487E-05
   7365.343     -1.6510487E-05
   7370.556     -1.6510487E-05
   7375.770     -1.6510487E-05
   7380.984     -1.6510487E-05
   7386.198     -1.6510487E-05
   7391.412     -1.6510487E-05
   7396.627     -1.6510487E-05
   7401.842     -1.6510487E-05
   7407.057     -1.6510487E-05
   7412.272     -1.6510487E-05
   7417.487     -1.6510487E-05
   7422.703     -1.6510487E-05
   7427.919     -1.6510487E-05
   7433.135     -1.6510487E-05
   7438.352     -1.6510487E-05
   7443.568     -1.6510487E-05
   7448.785     -1.6510487E-05
   7454.002     -1.6510487E-05
   7459.219     -1.6510487E-05
   7464.437     -1.6510487E-05
   7469.654     -1.6510487E-05
   7474.872     -1.6510487E-05
   7480.090     -1.6510487E-05
   7485.309     -1.6510487E-05
   7490.527     -1.6510487E-05
   7495.746     -1.6510487E-05
   7500.965     -1.6510487E-05
   7506.184     -1.6510487E-05
   7511.404     -1.6510487E-05
   7516.624     -1.6510487E-05
   7521.843     -1.6510487E-05
   7527.063     -1.6510487E-05
   7532.284     -1.6510487E-05
   7537.504     -1.6510487E-05
   7542.725     -1.6510487E-05
   7547.946     -1.6510487E-05
   7553.167     -1.6510487E-05
   7558.389     -1.6510487E-05
   7563.610     -1.6510487E-05
   7568.832     -1.6510487E-05
   7574.054     -1.6510487E-05
   7579.277     -1.6510487E-05
   7584.499     -1.6510487E-05
   7589.722     -1.6510487E-05
   7594.945     -1.6510487E-05
   7600.168     -1.6510487E-05
   7605.391     -1.6510487E-05
   7610.615     -1.6510487E-05
   7615.839     -1.6510487E-05
   7621.063     -1.6510487E-05
   7626.287     -1.6510487E-05
   7631.511     -1.6510487E-05
   7636.736     -1.6510487E-05
   7641.961     -1.6510487E-05
   7647.187     -1.6510487E-05
   7652.412     -1.6510487E-05
   7657.638     -1.6510487E-05
   7662.863     -1.6510487E-05
   7668.089     -1.6510487E-05
   7673.315     -1.6510487E-05
   7678.542     -1.6510487E-05
   7683.769     -1.6510487E-05
   7688.996     -1.6510487E-05
   7694.223     -1.6510487E-05
   7699.450     -1.6510487E-05
   7704.678     -1.6510487E-05
   7709.905     -1.6510487E-05
   7715.133     -1.6510487E-05
   7720.361     -1.6510487E-05
   7725.590     -1.6510487E-05
   7730.819     -1.6510487E-05
   7736.048     -1.6510487E-05
   7741.277     -1.6510487E-05
   7746.506     -1.6510487E-05
   7751.736     -1.6510487E-05
   7756.965     -1.6510487E-05
   7762.195     -1.6510487E-05
   7767.425     -1.6510487E-05
   7772.656     -1.6510487E-05
   7777.887     -1.6510487E-05
   7783.118     -1.6510487E-05
   7788.349     -1.6510487E-05
   7793.580     -1.6510487E-05
   7798.812     -1.6510487E-05
   7804.043     -1.6510487E-05
   7809.275     -1.6510487E-05
   7814.507     -1.6510487E-05
   7819.740     -1.6510487E-05
   7824.972     -1.6510487E-05
   7830.205     -1.6510487E-05
   7835.438     -1.6510487E-05
   7840.672     -1.6510487E-05
   7845.905     -1.6510487E-05
   7851.139     -1.6510487E-05
   7856.373     -1.6510487E-05
   7861.607     -1.6510487E-05
   7866.841     -1.6510487E-05
   7872.076     -1.6510487E-05
   7877.311     -1.6510487E-05
   7882.545     -1.6510487E-05
   7887.781     -1.6510487E-05
   7893.016     -1.6510487E-05
   7898.252     -1.6510487E-05
   7903.488     -1.6510487E-05
   7908.724     -1.6510487E-05
   7913.960     -1.6510487E-05
   7919.197     -1.6510487E-05
   7924.434     -1.6510487E-05
   7929.671     -1.6510487E-05
   7934.908     -1.6510487E-05
   7940.146     -1.6510487E-05
   7945.383     -1.6510487E-05
   7950.621     -1.6510487E-05
   7955.859     -1.6510487E-05
   7961.098     -1.6510487E-05
   7966.336     -1.6510487E-05
   7971.575     -1.6510487E-05
   7976.814     -1.6510487E-05
   7982.053     -1.6510487E-05
   7987.293     -1.6510487E-05
   7992.532     -1.6510487E-05
   7997.772     -1.6510487E-05
   8003.012     -1.6510487E-05
   8008.253     -1.6510487E-05
   8013.493     -1.6510487E-05
   8018.734     -1.6510487E-05
   8023.975     -1.6510487E-05
   8029.216     -1.6510487E-05
   8034.458     -1.6510487E-05
   8039.699     -1.6510487E-05
   8044.941     -1.6510487E-05
   8050.183     -1.6510487E-05
   8055.425     -1.6510487E-05
   8060.668     -1.6510487E-05
   8065.911     -1.6510487E-05
   8071.153     -1.6510487E-05
   8076.397     -1.6510487E-05
   8081.640     -1.6510487E-05
   8086.884     -1.6510487E-05
   8092.127     -1.6510487E-05
   8097.372     -1.6510487E-05
   8102.616     -1.6510487E-05
   8107.860     -1.6510487E-05
   8113.105     -1.6510487E-05
   8118.350     -1.6510487E-05
   8123.595     -1.6510487E-05
   8128.840     -1.6510487E-05
   8134.086     -1.6510487E-05
   8139.332     -1.6510487E-05
   8144.578     -1.6510487E-05
   8149.824     -1.6510487E-05
   8155.071     -1.6510487E-05
   8160.317     -1.6510487E-05
   8165.564     -1.6510487E-05
   8170.812     -1.6510487E-05
   8176.059     -1.6510487E-05
   8181.307     -1.6510487E-05
   8186.554     -1.6510487E-05
   8191.802     -1.6510487E-05
   8197.051     -1.6510487E-05
   8202.299     -1.6510487E-05
   8207.548     -1.6510487E-05
   8212.797     -1.6510487E-05
   8218.046     -1.6510487E-05
   8223.295     -1.6510487E-05
   8228.545     -1.6510487E-05
   8233.794     -1.6510487E-05
   8239.045     -1.6510487E-05
   8244.295     -1.6510487E-05
   8249.545     -1.6510487E-05
   8254.796     -1.6510487E-05
   8260.047     -1.6510487E-05
   8265.298     -1.6510487E-05
   8270.549     -1.6510487E-05
   8275.801     -1.6510487E-05
   8281.053     -1.6510487E-05
   8286.305     -1.6510487E-05
   8291.557     -1.6510487E-05
   8296.809     -1.6510487E-05
   8302.062     -1.6510487E-05
   8307.314     -1.6510487E-05
   8312.567     -1.6510487E-05
   8317.820     -1.6510487E-05
   8323.074     -1.6510487E-05
   8328.328     -1.6510487E-05
   8333.582     -1.6510487E-05
   8338.836     -1.6510487E-05
   8344.091     -1.6510487E-05
   8349.345     -1.6510487E-05
   8354.600     -1.6510487E-05
   8359.855     -1.6510487E-05
   8365.110     -1.6510487E-05
   8370.365     -1.6510487E-05
   8375.621     -1.6510487E-05
   8380.877     -1.6510487E-05
   8386.134     -1.6510487E-05
   8391.390     -1.6510487E-05
   8396.646     -1.6510487E-05
   8401.903     -1.6510487E-05
   8407.160     -1.6510487E-05
   8412.417     -1.6510487E-05
   8417.675     -1.6510487E-05
   8422.933     -1.6510487E-05
   8428.190     -1.6510487E-05
   8433.448     -1.6510487E-05
   8438.707     -1.6510487E-05
   8443.966     -1.6510487E-05
   8449.224     -1.6510487E-05
   8454.483     -1.6510487E-05
   8459.742     -1.6510487E-05
   8465.002     -1.6510487E-05
   8470.262     -1.6510487E-05
   8475.521     -1.6510487E-05
   8480.781     -1.6510487E-05
   8486.042     -1.6510487E-05
   8491.303     -1.6510487E-05
   8496.563     -1.6510487E-05
   8501.824     -1.6510487E-05
   8507.085     -1.6510487E-05
   8512.347     -1.6510487E-05
   8517.608     -1.6510487E-05
   8522.870     -1.6510487E-05
   8528.132     -1.6510487E-05
   8533.395     -1.6510487E-05
   8538.657     -1.6510487E-05
   8543.920     -1.6510487E-05
   8549.183     -1.6510487E-05
   8554.446     -1.6510487E-05
   8559.709     -1.6510487E-05
   8564.974     -1.6510487E-05
   8570.237     -1.6510487E-05
   8575.501     -1.6510487E-05
   8580.766     -1.6510487E-05
   8586.029     -1.6510487E-05
   8591.295     -1.6510487E-05
   8596.560     -1.6510487E-05
   8601.824     -1.6510487E-05
   8607.090     -1.6510487E-05
   8612.355     -1.6510487E-05
   8617.621     -1.6510487E-05
   8622.888     -1.6510487E-05
   8628.153     -1.6510487E-05
   8633.420     -1.6510487E-05
   8638.687     -1.6510487E-05
   8643.953     -1.6510487E-05
   8649.221     -1.6510487E-05
   8654.488     -1.6510487E-05
   8659.756     -1.6510487E-05
   8665.023     -1.6510487E-05
   8670.292     -1.6510487E-05
   8675.560     -1.6510487E-05
   8680.828     -1.6510487E-05
   8686.097     -1.6510487E-05
   8691.366     -1.6510487E-05
   8696.635     -1.6510487E-05
   8701.904     -1.6510487E-05
   8707.174     -1.6510487E-05
   8712.443     -1.6510487E-05
   8717.714     -1.6510487E-05
   8722.983     -1.6510487E-05
   8728.254     -1.6510487E-05
   8733.524     -1.6510487E-05
   8738.796     -1.6510487E-05
   8744.066     -1.6510487E-05
   8749.338     -1.6510487E-05
   8754.609     -1.6510487E-05
   8759.882     -1.6510487E-05
   8765.153     -1.6510487E-05
   8770.426     -1.6510487E-05
   8775.698     -1.6510487E-05
   8780.971     -1.6510487E-05
   8786.243     -1.6510487E-05
   8791.517     -1.6510487E-05
   8796.790     -1.6510487E-05
   8802.063     -1.6510487E-05
   8807.337     -1.6510487E-05
   8812.610     -1.6510487E-05
   8817.885     -1.6510487E-05
   8823.159     -1.6510487E-05
   8828.435     -1.6510487E-05
   8833.709     -1.6510487E-05
   8838.984     -1.6510487E-05
   8844.259     -1.6510487E-05
   8849.534     -1.6510487E-05
   8854.811     -1.6510487E-05
   8860.086     -1.6510487E-05
   8865.362     -1.6510487E-05
   8870.639     -1.6510487E-05
   8875.915     -1.6510487E-05
   8881.192     -1.6510487E-05
   8886.470     -1.6510487E-05
   8891.746     -1.6510487E-05
   8897.024     -1.6510487E-05
   8902.302     -1.6510487E-05
   8907.580     -1.6510487E-05
   8912.857     -1.6510487E-05
   8918.136     -1.6510487E-05
   8923.415     -1.6510487E-05
   8928.693     -1.6510487E-05
   8933.973     -1.6510487E-05
   8939.251     -1.6510487E-05
   8944.531     -1.6510487E-05
   8949.811     -1.6510487E-05
   8955.091     -1.6510487E-05
   8960.370     -1.6510487E-05
   8965.651     -1.6510487E-05
   8970.932     -1.6510487E-05
   8976.213     -1.6510487E-05
   8981.493     -1.6510487E-05
   8986.774     -1.6510487E-05
   8992.056     -1.6510487E-05
   8997.337     -1.6510487E-05
   9002.619     -1.6510487E-05
   9007.901     -1.6510487E-05
   9013.184     -1.6510487E-05
   9018.466     -1.6510487E-05
   9023.749     -1.6510487E-05
   9029.032     -1.6510487E-05
   9034.315     -1.6510487E-05
   9039.599     -1.6510487E-05
   9044.882     -1.6510487E-05
   9050.166     -1.6510487E-05
   9055.450     -1.6510487E-05
   9060.734     -1.6510487E-05
   9066.019     -1.6510487E-05
   9071.304     -1.6510487E-05
   9076.588     -1.6510487E-05
   9081.874     -1.6510487E-05
   9087.159     -1.6510487E-05
   9092.444     -1.6510487E-05
   9097.730     -1.6510487E-05
   9103.017     -1.6510487E-05
   9108.303     -1.6510487E-05
   9113.589     -1.6510487E-05
   9118.876     -1.6510487E-05
   9124.162     -1.6510487E-05
   9129.450     -1.6510487E-05
   9134.737     -1.6510487E-05
   9140.024     -1.6510487E-05
   9145.313     -1.6510487E-05
   9150.601     -1.6510487E-05
   9155.889     -1.6510487E-05
   9161.178     -1.6510487E-05
   9166.466     -1.6510487E-05
   9171.755     -1.6510487E-05
   9177.044     -1.6510487E-05
   9182.333     -1.6510487E-05
   9187.623     -1.6510487E-05
