   4405.678      3.4513095E-04
   4406.539      4.7950572E-04
   4407.399      5.5432913E-04
   4408.259      6.1171316E-04
   4409.120      6.7869358E-04
   4409.980      7.2615000E-04
   4410.841      7.0565584E-04
   4411.701      6.2396907E-04
   4412.562      5.5964902E-04
   4413.422      5.9496937E-04
   4414.282      7.4455386E-04
   4415.143      9.5163094E-04
   4416.003      1.1342441E-03
   4416.864      1.2301364E-03
   4417.725      1.2303010E-03
   4418.585      1.1841811E-03
   4419.445      1.1555625E-03
   4420.306      1.1673092E-03
   4421.167      1.1894171E-03
   4422.027      1.1768427E-03
   4422.888      1.1093183E-03
   4423.748      9.9594344E-04
   4424.609      8.6749758E-04
   4425.469      7.6842570E-04
   4426.330      7.4436783E-04
   4427.190      8.1833859E-04
   4428.051      9.7780302E-04
   4428.912      1.1864170E-03
   4429.772      1.3979542E-03
   4430.633      1.5532600E-03
   4431.494      1.5972796E-03
   4432.354      1.5156470E-03
   4433.215      1.3458410E-03
   4434.076      1.1390495E-03
   4434.937      9.1641489E-04
   4435.797      6.7675603E-04
   4436.658      4.3150032E-04
   4437.519      2.2178362E-04
   4438.379      9.5617863E-05
   4439.240      8.1527302E-05
   4440.101      1.7173329E-04
   4440.961      3.2317181E-04
   4441.822      4.7257607E-04
   4442.683      5.5941084E-04
   4443.544      5.4586335E-04
   4444.405      4.3160617E-04
   4445.266      2.5985562E-04
   4446.126      1.0970843E-04
   4446.987      6.9327340E-05
   4447.848      1.9253124E-04
   4448.709      4.5785843E-04
   4449.570      7.5449503E-04
   4450.431      9.4324176E-04
   4451.292      9.5857063E-04
   4452.152      8.5566874E-04
   4453.013      7.4828987E-04
   4453.875      7.1133842E-04
   4454.735      7.4856664E-04
   4455.596      8.2051422E-04
   4456.457      8.7269524E-04
   4457.318      8.6263171E-04
   4458.179      7.8823295E-04
   4459.040      6.8698113E-04
   4459.901      6.0634885E-04
   4460.762      5.8004312E-04
   4461.623      6.2095001E-04
   4462.484      7.2283071E-04
   4463.345      8.6247624E-04
   4464.206      1.0098097E-03
   4465.067      1.1403726E-03
   4465.928      1.2527503E-03
   4466.789      1.3735065E-03
   4467.650      1.5213061E-03
   4468.511      1.6625440E-03
   4469.373      1.7230335E-03
   4470.233      1.6511336E-03
   4471.095      1.4692217E-03
   4471.956      1.2516319E-03
   4472.817      1.0534253E-03
   4473.678      8.6819939E-04
   4474.539      6.7509880E-04
   4475.400      5.1097583E-04
   4476.261      4.5544916E-04
   4477.123      5.4460432E-04
   4477.984      7.1974122E-04
   4478.845      8.7426073E-04
   4479.706      9.2621328E-04
   4480.567      8.5632439E-04
   4481.429      7.1439822E-04
   4482.290      5.9650949E-04
   4483.151      5.8962050E-04
   4484.012      7.1036047E-04
   4484.874      8.9631422E-04
   4485.735      1.0650452E-03
   4486.596      1.1761307E-03
   4487.458      1.2375847E-03
   4488.319      1.2644468E-03
   4489.180      1.2520675E-03
   4490.042      1.1907917E-03
   4490.903      1.0954128E-03
   4491.764      1.0141210E-03
   4492.625      1.0002722E-03
   4493.487      1.0713401E-03
   4494.348      1.2032464E-03
   4495.209      1.3740562E-03
   4496.071      1.5865666E-03
   4496.933      1.8253351E-03
   4497.794      2.0123266E-03
   4498.655      2.0434558E-03
   4499.517      1.8872179E-03
   4500.378      1.6334458E-03
   4501.240      1.4333071E-03
   4502.101      1.3812080E-03
   4502.962      1.4528655E-03
   4503.824      1.5563787E-03
   4504.686      1.6315070E-03
   4505.547      1.6956602E-03
   4506.409      1.8012299E-03
   4507.270      1.9605185E-03
   4508.131      2.1098536E-03
   4508.993      2.1487165E-03
   4509.854      2.0229702E-03
   4510.716      1.7766132E-03
   4511.578      1.5214230E-03
   4512.439      1.3599899E-03
   4513.301      1.3337417E-03
   4514.163      1.4191961E-03
   4515.024      1.5540068E-03
   4515.886      1.6770369E-03
   4516.748      1.7629185E-03
   4517.609      1.8231424E-03
   4518.471      1.8737726E-03
   4519.333      1.9051301E-03
   4520.194      1.8872275E-03
   4521.056      1.7972937E-03
   4521.917      1.6332407E-03
   4522.779      1.4122301E-03
   4523.641      1.1667093E-03
   4524.502      9.4879721E-04
   4525.364      8.2660961E-04
   4526.226      8.5359806E-04
   4527.087      1.0267859E-03
   4527.949      1.2782043E-03
   4528.811      1.5190808E-03
   4529.673      1.6980339E-03
   4530.535      1.8301881E-03
   4531.396      1.9569807E-03
   4532.258      2.0837223E-03
   4533.120      2.1599939E-03
   4533.982      2.1263424E-03
   4534.844      1.9732106E-03
   4535.706      1.7536154E-03
   4536.567      1.5531511E-03
   4537.429      1.4555794E-03
   4538.291      1.5095259E-03
   4539.153      1.7011407E-03
   4540.015      1.9574836E-03
   4540.877      2.1927692E-03
   4541.739      2.3548570E-03
   4542.601      2.4347831E-03
   4543.463      2.4489071E-03
   4544.325      2.4201197E-03
   4545.187      2.3837718E-03
   4546.048      2.3765475E-03
   4546.911      2.4183902E-03
   4547.772      2.4958332E-03
   4548.634      2.5655201E-03
   4549.497      2.5765707E-03
   4550.358      2.5091395E-03
   4551.221      2.3994024E-03
   4552.083      2.3089331E-03
   4552.944      2.2661057E-03
   4553.807      2.2443999E-03
   4554.668      2.2086021E-03
   4555.531      2.1691839E-03
   4556.393      2.1717355E-03
   4557.255      2.2395775E-03
   4558.117      2.3360529E-03
   4558.979      2.3811958E-03
   4559.841      2.3034951E-03
   4560.703      2.0894969E-03
   4561.565      1.8012476E-03
   4562.428      1.5410075E-03
   4563.290      1.3840065E-03
   4564.152      1.3405427E-03
   4565.014      1.3842611E-03
   4565.876      1.4967112E-03
   4566.738      1.6681112E-03
   4567.601      1.8696965E-03
   4568.463      2.0557349E-03
   4569.325      2.2000773E-03
   4570.188      2.3119815E-03
   4571.050      2.4070689E-03
   4571.912      2.4792789E-03
   4572.774      2.5037767E-03
   4573.636      2.4580399E-03
   4574.499      2.3416763E-03
   4575.361      2.1935068E-03
   4576.223      2.0755110E-03
   4577.085      2.0269649E-03
   4577.948      2.0280322E-03
   4578.810      2.0225202E-03
   4579.672      1.9756793E-03
   4580.535      1.9062946E-03
   4581.397      1.8664650E-03
   4582.260      1.8921797E-03
   4583.122      1.9733328E-03
   4583.984      2.0764042E-03
   4584.847      2.1925848E-03
   4585.709      2.3506396E-03
   4586.572      2.5718773E-03
   4587.434      2.8237500E-03
   4588.296      3.0305751E-03
   4589.159      3.1273772E-03
   4590.021      3.0945512E-03
   4590.884      2.9535131E-03
   4591.747      2.7531174E-03
   4592.609      2.5532832E-03
   4593.471      2.4012115E-03
   4594.334      2.3015446E-03
   4595.196      2.2204539E-03
   4596.059      2.1306206E-03
   4596.921      2.0524731E-03
   4597.784      2.0429937E-03
   4598.646      2.1452943E-03
   4599.509      2.3468267E-03
   4600.372      2.5827836E-03
   4601.234      2.7749282E-03
   4602.097      2.8770571E-03
   4602.959      2.8928712E-03
   4603.822      2.8538792E-03
   4604.685      2.7879693E-03
   4605.547      2.7043754E-03
   4606.410      2.6047872E-03
   4607.272      2.4953650E-03
   4608.135      2.3941810E-03
   4608.998      2.3283151E-03
   4609.861      2.3233593E-03
   4610.724      2.3849290E-03
   4611.586      2.4895140E-03
   4612.449      2.6059672E-03
   4613.312      2.7210081E-03
   4614.174      2.8379997E-03
   4615.037      2.9614447E-03
   4615.900      3.0955710E-03
   4616.763      3.2410852E-03
   4617.625      3.3786797E-03
   4618.488      3.4645800E-03
   4619.351      3.4628315E-03
   4620.214      3.3802814E-03
   4621.077      3.2725390E-03
   4621.939      3.2037792E-03
   4622.802      3.1915102E-03
   4623.665      3.1931107E-03
   4624.528      3.1619319E-03
   4625.391      3.1173094E-03
   4626.253      3.1340849E-03
   4627.116      3.2668319E-03
   4627.979      3.4871283E-03
   4628.842      3.6950151E-03
   4629.705      3.7822188E-03
   4630.568      3.7015169E-03
   4631.431      3.5023619E-03
   4632.294      3.3045427E-03
   4633.157      3.2194837E-03
   4634.020      3.2765837E-03
   4634.883      3.4114120E-03
   4635.746      3.5242222E-03
   4636.609      3.5530319E-03
   4637.472      3.5028984E-03
   4638.335      3.4234761E-03
   4639.198      3.3623101E-03
   4640.061      3.3494418E-03
   4640.924      3.3958801E-03
   4641.787      3.4915174E-03
   4642.650      3.5975436E-03
   4643.513      3.6590924E-03
   4644.376      3.6390277E-03
   4645.239      3.5461967E-03
   4646.102      3.4325230E-03
   4646.965      3.3558453E-03
   4647.829      3.3429740E-03
   4648.691      3.3864379E-03
   4649.555      3.4717517E-03
   4650.418      3.5980302E-03
   4651.281      3.7691339E-03
   4652.144      3.9699143E-03
   4653.007      4.1630217E-03
   4653.871      4.3005524E-03
   4654.734      4.3561659E-03
   4655.597      4.3489048E-03
   4656.460      4.3360372E-03
   4657.323      4.3666204E-03
   4658.187      4.4395537E-03
   4659.050      4.5152940E-03
   4659.913      4.5647584E-03
   4660.776      4.5994748E-03
   4661.640      4.6570785E-03
   4662.503      4.7684093E-03
   4663.366      4.9307216E-03
   4664.229      5.1107141E-03
   4665.093      5.2728197E-03
   4665.956      5.4047410E-03
   4666.819      5.5122743E-03
   4667.683      5.5990191E-03
   4668.546      5.6554470E-03
   4669.410      5.6685098E-03
   4670.273      5.6382199E-03
   4671.136      5.5939527E-03
   4672.000      5.5831852E-03
   4672.863      5.6332736E-03
   4673.727      5.7281679E-03
   4674.590      5.8290618E-03
   4675.453      5.9077675E-03
   4676.317      5.9524695E-03
   4677.180      5.9592063E-03
   4678.043      5.9432508E-03
   4678.907      5.9503624E-03
   4679.771      6.0312999E-03
   4680.634      6.1886474E-03
   4681.498      6.3638403E-03
   4682.361      6.4842654E-03
   4683.225      6.5195481E-03
   4684.088      6.4944453E-03
   4684.952      6.4652646E-03
   4685.815      6.4890021E-03
   4686.679      6.5947813E-03
   4687.542      6.7692483E-03
   4688.406      6.9726794E-03
   4689.270      7.1766553E-03
   4690.133      7.3796250E-03
   4690.997      7.5903432E-03
   4691.860      7.8028599E-03
   4692.724      8.0010770E-03
   4693.587      8.1772553E-03
   4694.451      8.3396547E-03
   4695.315      8.4954053E-03
   4696.179      8.6400127E-03
   4697.042      8.7637492E-03
   4697.906      8.8661108E-03
   4698.770      8.9539606E-03
   4699.633      9.0377582E-03
   4700.497      9.1310041E-03
   4701.361      9.2487102E-03
   4702.225      9.3963118E-03
   4703.088      9.5712114E-03
   4703.952      9.7734397E-03
   4704.816      1.0008112E-02
   4705.680      1.0270256E-02
   4706.543      1.0530844E-02
   4707.407      1.0746273E-02
   4708.271      1.0886972E-02
   4709.135      1.0960503E-02
   4709.999      1.1002642E-02
   4710.862      1.1054034E-02
   4711.726      1.1141472E-02
   4712.590      1.1278288E-02
   4713.454      1.1466359E-02
   4714.318      1.1697342E-02
   4715.182      1.1962347E-02
   4716.045      1.2264330E-02
   4716.909      1.2608873E-02
   4717.773      1.2981091E-02
   4718.637      1.3330319E-02
   4719.501      1.3604237E-02
   4720.365      1.3802174E-02
   4721.229      1.3990359E-02
   4722.093      1.4254923E-02
   4722.957      1.4631049E-02
   4723.821      1.5072611E-02
   4724.685      1.5483076E-02
   4725.549      1.5785662E-02
   4726.413      1.5978931E-02
   4727.277      1.6141735E-02
   4728.141      1.6379889E-02
   4729.005      1.6753202E-02
   4729.869      1.7245254E-02
   4730.733      1.7794147E-02
   4731.597      1.8338282E-02
   4732.461      1.8834205E-02
   4733.325      1.9250326E-02
   4734.189      1.9574260E-02
   4735.054      1.9830676E-02
   4735.917      2.0079669E-02
   4736.782      2.0381965E-02
   4737.646      2.0760354E-02
   4738.510      2.1189827E-02
   4739.374      2.1624466E-02
   4740.238      2.2040080E-02
   4741.103      2.2450645E-02
   4741.967      2.2886004E-02
   4742.831      2.3362817E-02
   4743.695      2.3887210E-02
   4744.559      2.4466507E-02
   4745.423      2.5099382E-02
   4746.288      2.5756324E-02
   4747.152      2.6398800E-02
   4748.016      2.7025934E-02
   4748.880      2.7684642E-02
   4749.745      2.8418453E-02
   4750.609      2.9223258E-02
   4751.473      3.0061752E-02
   4752.337      3.0904714E-02
   4753.202      3.1740755E-02
   4754.066      3.2565106E-02
   4754.931      3.3378892E-02
   4755.795      3.4194168E-02
   4756.659      3.5027731E-02
   4757.523      3.5886560E-02
   4758.388      3.6757719E-02
   4759.252      3.7619002E-02
   4760.117      3.8473401E-02
   4760.981      3.9361928E-02
   4761.846      4.0322766E-02
   4762.710      4.1337032E-02
   4763.574      4.2338844E-02
   4764.439      4.3291416E-02
   4765.303      4.4245936E-02
   4766.168      4.5307245E-02
   4767.032      4.6547528E-02
   4767.896      4.7966816E-02
   4768.761      4.9523927E-02
   4769.625      5.1170308E-02
   4770.490      5.2851699E-02
   4771.354      5.4514877E-02
   4772.219      5.6134544E-02
   4773.083      5.7725761E-02
   4773.948      5.9323877E-02
   4774.813      6.0955808E-02
   4775.677      6.2631711E-02
   4776.542      6.4358100E-02
   4777.407      6.6156514E-02
   4778.271      6.8058662E-02
   4779.136      7.0088729E-02
   4780.000      7.2260946E-02
   4780.865      7.4589409E-02
   4781.729      7.7087685E-02
   4782.594      7.9747133E-02
   4783.459      8.2523055E-02
   4784.324      8.5348763E-02
   4785.188      8.8183932E-02
   4786.053      9.1052040E-02
   4786.917      9.4027527E-02
   4787.782      9.7176969E-02
   4788.647      0.1005223    
   4789.512      0.1040538    
   4790.376      0.1077692    
   4791.241      0.1116775    
   4792.106      0.1157729    
   4792.971      0.1200149    
   4793.835      0.1243425    
   4794.700      0.1287183    
   4795.565      0.1331706    
   4796.430      0.1377762    
   4797.294      0.1425870    
   4798.160      0.1475924    
   4799.024      0.1527714    
   4799.889      0.1581657    
   4800.754      0.1638557    
   4801.619      0.1698869    
   4802.484      0.1762368    
   4803.349      0.1828532    
   4804.213      0.1896929    
   4805.079      0.1967277    
   4805.943      0.2039342    
   4806.808      0.2113087    
   4807.673      0.2189074    
   4808.538      0.2268461    
   4809.403      0.2352210    
   4810.268      0.2439972    
   4811.133      0.2529851    
   4811.998      0.2619479    
   4812.863      0.2707624    
   4813.728      0.2794923    
   4814.593      0.2883185    
   4815.458      0.2973922    
   4816.323      0.3067454    
   4817.188      0.3163213    
   4818.053      0.3260590    
   4818.918      0.3359297    
   4819.783      0.3458824    
   4820.648      0.3558022    
   4821.513      0.3655776    
   4822.378      0.3752222    
   4823.244      0.3848650    
   4824.108      0.3945956    
   4824.974      0.4043470    
   4825.839      0.4139647    
   4826.704      0.4233177    
   4827.569      0.4323394    
   4828.434      0.4410205    
   4829.299      0.4494122    
   4830.165      0.4575889    
   4831.030      0.4655619    
   4831.895      0.4732521    
   4832.760      0.4805588    
   4833.625      0.4874449    
   4834.491      0.4939549    
   4835.356      0.5001577    
   4836.221      0.5060619    
   4837.086      0.5115798    
   4837.952      0.5165766    
   4838.817      0.5209713    
   4839.682      0.5247872    
   4840.547      0.5281369    
   4841.413      0.5311641    
   4842.278      0.5339925    
   4843.144      0.5366738    
   4844.009      0.5391468    
   4844.874      0.5412567    
   4845.740      0.5428302    
   4846.605      0.5437922    
   4847.470      0.5442484    
   4848.335      0.5444627    
   4849.201      0.5446833    
   4850.066      0.5449353    
   4850.932      0.5449983    
   4851.797      0.5446185    
   4852.663      0.5437456    
   4853.528      0.5425913    
   4854.394      0.5414596    
   4855.259      0.5405082    
   4856.125      0.5396504    
   4856.990      0.5386907    
   4857.855      0.5375336    
   4858.721      0.5362401    
   4859.586      0.5349013    
   4860.452      0.5335087    
   4861.317      0.5319718    
   4862.183      0.5302473    
   4863.049      0.5284377    
   4863.914      0.5267269    
   4864.780      0.5252370    
   4865.646      0.5239604    
   4866.511      0.5228168    
   4867.376      0.5217388    
   4868.242      0.5207211    
   4869.108      0.5197695    
   4869.974      0.5188054    
   4870.839      0.5176604    
   4871.705      0.5162178    
   4872.570      0.5145430    
   4873.436      0.5128338    
   4874.302      0.5112556    
   4875.167      0.5098698    
   4876.033      0.5086924    
   4876.899      0.5077620    
   4877.765      0.5071099    
   4878.630      0.5066739    
   4879.496      0.5062814    
   4880.362      0.5057374    
   4881.228      0.5049416    
   4882.093      0.5039020    
   4882.959      0.5026712    
   4883.825      0.5012945    
   4884.691      0.4998339    
   4885.557      0.4983748    
   4886.422      0.4969620    
   4887.288      0.4955488    
   4888.154      0.4940457    
   4889.020      0.4924306    
   4889.886      0.4907678    
   4890.751      0.4891027    
   4891.617      0.4873441    
   4892.483      0.4852832    
   4893.349      0.4827531    
   4894.215      0.4797895    
   4895.081      0.4766330    
   4895.947      0.4735793    
   4896.813      0.4707819    
   4897.679      0.4681694    
   4898.545      0.4655032    
   4899.411      0.4625382    
   4900.277      0.4591403    
   4901.143      0.4553040    
   4902.009      0.4511054    
   4902.875      0.4466611    
   4903.741      0.4421053    
   4904.606      0.4375400    
   4905.473      0.4329631    
   4906.339      0.4282281    
   4907.205      0.4230934    
   4908.071      0.4173478    
   4908.937      0.4109613    
   4909.803      0.4041285    
   4910.669      0.3971565    
   4911.535      0.3902629    
   4912.401      0.3834623    
   4913.268      0.3766332    
   4914.134      0.3696778    
   4915.000      0.3625948    
   4915.866      0.3554346    
   4916.732      0.3482324    
   4917.598      0.3409712    
   4918.464      0.3335887    
   4919.331      0.3260265    
   4920.197      0.3182783    
   4921.063      0.3103927    
   4921.929      0.3024358    
   4922.795      0.2944588    
   4923.662      0.2865086    
   4924.528      0.2786464    
   4925.394      0.2709556    
   4926.260      0.2635111    
   4927.126      0.2563291    
   4927.993      0.2493445    
   4928.859      0.2424399    
   4929.726      0.2355105    
   4930.592      0.2285349    
   4931.458      0.2216081    
   4932.325      0.2148818    
   4933.191      0.2084373    
   4934.057      0.2022089    
   4934.924      0.1960374    
   4935.790      0.1898219    
   4936.656      0.1836187    
   4937.523      0.1775929    
   4938.389      0.1718846    
   4939.255      0.1665033    
   4940.122      0.1613369    
   4940.988      0.1562423    
   4941.855      0.1511476    
   4942.721      0.1460870    
   4943.588      0.1411531    
   4944.454      0.1364159    
   4945.321      0.1318789    
   4946.187      0.1275002    
   4947.054      0.1232490    
   4947.920      0.1191355    
   4948.787      0.1152018    
   4949.653      0.1114911    
   4950.520      0.1080124    
   4951.386      0.1047172    
   4952.253      0.1015150    
   4953.120      9.8339833E-02
   4953.986      9.5194034E-02
   4954.853      9.2132479E-02
   4955.719      8.9216426E-02
   4956.586      8.6477980E-02
   4957.453      8.3906688E-02
   4958.319      8.1454359E-02
   4959.186      7.9064079E-02
   4960.052      7.6706059E-02
   4960.919      7.4384898E-02
   4961.786      7.2113678E-02
   4962.652      6.9887318E-02
   4963.519      6.7698456E-02
   4964.386      6.5573424E-02
   4965.252      6.3573107E-02
   4966.119      6.1740600E-02
   4966.986      6.0049135E-02
   4967.853      5.8418006E-02
   4968.719      5.6787681E-02
   4969.586      5.5170052E-02
   4970.453      5.3617463E-02
   4971.320      5.2153174E-02
   4972.187      5.0749343E-02
   4973.053      4.9364690E-02
   4973.920      4.7988642E-02
   4974.787      4.6650868E-02
   4975.654      4.5396317E-02
   4976.521      4.4250391E-02
   4977.387      4.3193497E-02
   4978.254      4.2166866E-02
   4979.121      4.1109372E-02
   4979.988      4.0010024E-02
   4980.855      3.8922064E-02
   4981.722      3.7918590E-02
   4982.589      3.7030976E-02
   4983.456      3.6232796E-02
   4984.323      3.5470277E-02
   4985.189      3.4700464E-02
   4986.057      3.3909183E-02
   4986.923      3.3108260E-02
   4987.791      3.2325052E-02
   4988.657      3.1585231E-02
   4989.524      3.0896492E-02
   4990.391      3.0238518E-02
   4991.258      2.9566344E-02
   4992.125      2.8834281E-02
   4992.992      2.8037766E-02
   4993.859      2.7233448E-02
   4994.727      2.6507862E-02
   4995.593      2.5910901E-02
   4996.460      2.5419762E-02
   4997.328      2.4964428E-02
   4998.195      2.4481773E-02
   4999.062      2.3949016E-02
   4999.929      2.3384007E-02
   5000.796      2.2820840E-02
   5001.663      2.2281883E-02
   5002.530      2.1762792E-02
   5003.397      2.1244293E-02
   5004.265      2.0717958E-02
   5005.132      2.0202462E-02
   5005.999      1.9736290E-02
   5006.866      1.9351622E-02
   5007.733      1.9047162E-02
   5008.601      1.8779065E-02
   5009.468      1.8488046E-02
   5010.335      1.8144060E-02
   5011.202      1.7765773E-02
   5012.069      1.7398948E-02
   5012.937      1.7077986E-02
   5013.804      1.6805958E-02
   5014.671      1.6560968E-02
   5015.538      1.6309291E-02
   5016.405      1.6019139E-02
   5017.273      1.5671507E-02
   5018.140      1.5269762E-02
   5019.007      1.4839546E-02
   5019.875      1.4417967E-02
   5020.742      1.4037074E-02
   5021.609      1.3708153E-02
   5022.477      1.3422981E-02
   5023.344      1.3172039E-02
   5024.211      1.2956736E-02
   5025.079      1.2773952E-02
   5025.946      1.2592396E-02
   5026.813      1.2365629E-02
   5027.681      1.2077452E-02
   5028.548      1.1767192E-02
   5029.416      1.1500637E-02
   5030.283      1.1314061E-02
   5031.151      1.1189008E-02
   5032.018      1.1072403E-02
   5032.886      1.0914047E-02
   5033.753      1.0688717E-02
   5034.621      1.0402336E-02
   5035.488      1.0090749E-02
   5036.356      9.8071704E-03
   5037.223      9.5984535E-03
   5038.091      9.4806151E-03
   5038.958      9.4263684E-03
   5039.826      9.3771694E-03
   5040.693      9.2801452E-03
   5041.561      9.1257682E-03
   5042.429      8.9487936E-03
   5043.296      8.7912865E-03
   5044.164      8.6699268E-03
   5045.031      8.5748574E-03
   5045.899      8.4879342E-03
   5046.767      8.3942423E-03
   5047.634      8.2809292E-03
   5048.502      8.1350179E-03
   5049.370      7.9512633E-03
   5050.237      7.7441116E-03
   5051.105      7.5466456E-03
   5051.973      7.3912540E-03
   5052.840      7.2854892E-03
   5053.708      7.2104321E-03
   5054.576      7.1426886E-03
   5055.443      7.0715859E-03
   5056.311      6.9945538E-03
   5057.179      6.9085811E-03
   5058.047      6.8126847E-03
   5058.915      6.7140455E-03
   5059.782      6.6246740E-03
   5060.650      6.5510236E-03
   5061.518      6.4899107E-03
   5062.386      6.4324392E-03
   5063.253      6.3697989E-03
   5064.121      6.2952074E-03
   5064.989      6.2053171E-03
   5065.857      6.1024018E-03
   5066.725      5.9910160E-03
   5067.593      5.8692321E-03
   5068.460      5.7304627E-03
   5069.328      5.5763326E-03
   5070.196      5.4212953E-03
   5071.064      5.2831238E-03
   5071.932      5.1717204E-03
   5072.800      5.0852224E-03
   5073.668      5.0142333E-03
   5074.536      4.9510538E-03
   5075.404      4.8970184E-03
   5076.272      4.8592389E-03
   5077.140      4.8423689E-03
   5078.008      4.8427177E-03
   5078.875      4.8462413E-03
   5079.744      4.8301108E-03
   5080.612      4.7746520E-03
   5081.479      4.6783271E-03
   5082.348      4.5613195E-03
   5083.216      4.4507245E-03
   5084.084      4.3637841E-03
   5084.952      4.3000388E-03
   5085.820      4.2489846E-03
   5086.688      4.2006918E-03
   5087.556      4.1505382E-03
   5088.424      4.0958910E-03
   5089.292      4.0312377E-03
   5090.161      3.9558383E-03
   5091.029      3.8822661E-03
   5091.896      3.8311810E-03
   5092.765      3.8086073E-03
   5093.633      3.7940792E-03
   5094.501      3.7571944E-03
   5095.369      3.6816043E-03
   5096.237      3.5657270E-03
   5097.105      3.4095924E-03
   5097.974      3.2130301E-03
   5098.842      2.9917152E-03
   5099.710      2.7872738E-03
   5100.579      2.6554083E-03
   5101.447      2.6302803E-03
   5102.315      2.6968420E-03
   5103.183      2.8019219E-03
   5104.052      2.8936593E-03
   5104.920      2.9503726E-03
   5105.788      2.9733945E-03
   5106.656      2.9667721E-03
   5107.525      2.9292901E-03
   5108.393      2.8640225E-03
   5109.261      2.7847718E-03
   5110.130      2.7090125E-03
   5110.998      2.6421477E-03
   5111.867      2.5767114E-03
   5112.735      2.5109546E-03
   5113.603      2.4619552E-03
   5114.472      2.4532324E-03
   5115.340      2.4883260E-03
   5116.208      2.5418643E-03
   5117.077      2.5769575E-03
   5117.945      2.5685455E-03
   5118.814      2.5168909E-03
   5119.682      2.4465073E-03
   5120.551      2.3909351E-03
   5121.419      2.3716367E-03
   5122.288      2.3853022E-03
   5123.156      2.4111408E-03
   5124.024      2.4284858E-03
   5124.893      2.4273423E-03
   5125.762      2.4065559E-03
   5126.630      2.3700900E-03
   5127.499      2.3341910E-03
   5128.367      2.3276277E-03
   5129.236      2.3705713E-03
   5130.104      2.4476470E-03
   5130.973      2.5123437E-03
   5131.841      2.5206741E-03
   5132.710      2.4561039E-03
   5133.579      2.3288722E-03
   5134.447      2.1615198E-03
   5135.316      1.9798886E-03
   5136.185      1.8096990E-03
   5137.053      1.6739503E-03
   5137.922      1.5863717E-03
   5138.791      1.5480433E-03
   5139.659      1.5483486E-03
   5140.528      1.5727273E-03
   5141.396      1.6135478E-03
   5142.265      1.6750821E-03
   5143.134      1.7608657E-03
   5144.003      1.8526710E-03
   5144.872      1.9118966E-03
   5145.740      1.9093864E-03
   5146.609      1.8518525E-03
   5147.478      1.7755649E-03
   5148.347      1.7186409E-03
   5149.215      1.6956524E-03
   5150.084      1.6941398E-03
   5150.953      1.6911550E-03
   5151.822      1.6748605E-03
   5152.690      1.6520071E-03
   5153.560      1.6388930E-03
   5154.428      1.6495168E-03
   5155.297      1.6850571E-03
   5156.166      1.7283912E-03
   5157.035      1.7488333E-03
   5157.904      1.7222641E-03
   5158.772      1.6503378E-03
   5159.642      1.5591829E-03
   5160.510      1.4816521E-03
   5161.379      1.4413048E-03
   5162.248      1.4444472E-03
   5163.117      1.4790237E-03
   5163.986      1.5224596E-03
   5164.855      1.5578148E-03
   5165.724      1.5846492E-03
   5166.593      1.6099900E-03
   5167.462      1.6327880E-03
   5168.331      1.6385828E-03
   5169.200      1.6104484E-03
   5170.069      1.5426710E-03
   5170.938      1.4486675E-03
   5171.807      1.3563231E-03
   5172.676      1.2888107E-03
   5173.545      1.2463861E-03
   5174.414      1.2120082E-03
   5175.283      1.1784190E-03
   5176.152      1.1599590E-03
   5177.021      1.1739036E-03
   5177.891      1.2185035E-03
   5178.760      1.2725835E-03
   5179.629      1.3074701E-03
   5180.498      1.3007183E-03
   5181.367      1.2498340E-03
   5182.236      1.1791291E-03
   5183.105      1.1242785E-03
   5183.975      1.1070137E-03
   5184.844      1.1248885E-03
   5185.713      1.1609411E-03
   5186.582      1.1979679E-03
   5187.451      1.2232448E-03
   5188.321      1.2291005E-03
   5189.190      1.2121776E-03
   5190.059      1.1745923E-03
   5190.928      1.1217354E-03
   5191.797      1.0583826E-03
   5192.667      9.8886481E-04
   5193.536      9.2312484E-04
   5194.405      8.7558891E-04
   5195.275      8.5380021E-04
   5196.144      8.5090671E-04
   5197.013      8.5490715E-04
   5197.883      8.5871888E-04
   5198.752      8.5826952E-04
   5199.621      8.4947125E-04
   5200.491      8.3525525E-04
   5201.360      8.3177572E-04
   5202.229      8.5812161E-04
   5203.099      9.2156575E-04
   5203.968      1.0101902E-03
   5204.837      1.0954594E-03
   5205.707      1.1411246E-03
   5206.577      1.1203983E-03
   5207.446      1.0324717E-03
   5208.315      9.0609223E-04
   5209.185      7.8590668E-04
   5210.054      7.1398250E-04
   5210.924      7.1300106E-04
   5211.793      7.7659613E-04
   5212.663      8.7178370E-04
   5213.532      9.5672050E-04
   5214.402      1.0016280E-03
   5215.271      9.9954405E-04
   5216.141      9.6622837E-04
   5217.010      9.3049317E-04
   5217.880      9.1730076E-04
   5218.750      9.3269756E-04
   5219.619      9.6428330E-04
   5220.489      9.9486334E-04
   5221.358      1.0156105E-03
   5222.228      1.0295566E-03
   5223.098      1.0437400E-03
   5223.967      1.0566832E-03
   5224.837      1.0557480E-03
   5225.707      1.0285381E-03
   5226.576      9.7758172E-04
   5227.446      9.2217850E-04
   5228.315      8.8321487E-04
   5229.185      8.6590211E-04
   5230.055      8.5629261E-04
   5230.924      8.3840836E-04
   5231.794      8.1160531E-04
   5232.664      7.8885973E-04
   5233.534      7.7638432E-04
   5234.403      7.6308916E-04
   5235.273      7.3360582E-04
   5236.143      6.8742537E-04
   5237.013      6.3942675E-04
   5237.882      6.0579221E-04
   5238.752      5.9609552E-04
   5239.622      6.1124464E-04
   5240.492      6.3997437E-04
   5241.361      6.6241046E-04
   5242.231      6.6653604E-04
   5243.101      6.5909774E-04
   5243.971      6.5732346E-04
   5244.841      6.7193364E-04
   5245.711      7.0252485E-04
   5246.581      7.4269430E-04
   5247.451      7.8299339E-04
   5248.320      8.1001822E-04
   5249.190      8.1138796E-04
   5250.060      7.8274659E-04
   5250.930      7.3151663E-04
   5251.800      6.7354710E-04
   5252.670      6.2517182E-04
   5253.540      5.9481431E-04
   5254.410      5.8053632E-04
   5255.280      5.7802512E-04
   5256.150      5.8917038E-04
   5257.020      6.1728619E-04
   5257.890      6.5606186E-04
   5258.760      6.9145428E-04
   5259.630      7.1753911E-04
   5260.500      7.4439112E-04
   5261.370      7.8564207E-04
   5262.240      8.4053772E-04
   5263.110      8.9175167E-04
   5263.980      9.1907126E-04
   5264.851      9.1303251E-04
   5265.721      8.7947363E-04
   5266.590      8.3430472E-04
   5267.460      7.9028355E-04
   5268.331      7.4737496E-04
   5269.201      6.9967145E-04
   5270.071      6.4966339E-04
   5270.941      6.0607563E-04
   5271.812      5.6908489E-04
   5272.682      5.2378286E-04
   5273.552      4.5437313E-04
   5274.422     -5.4746866E-04
   5275.292     -5.4746866E-04
   5276.162     -5.4746866E-04
   5277.033     -5.4746866E-04
   5277.903     -5.4746866E-04
   5278.773     -5.4746866E-04
   5279.644     -5.4746866E-04
   5280.514     -5.4746866E-04
   5281.384     -5.4746866E-04
   5282.254     -5.4746866E-04
   5283.125     -5.4746866E-04
   5283.995     -5.4746866E-04
   5284.865     -5.4746866E-04
   5285.735     -5.4746866E-04
   5286.605     -5.4746866E-04
   5287.476     -5.4746866E-04
   5288.346     -5.4746866E-04
   5289.217     -5.4746866E-04
   5290.087     -5.4746866E-04
   5290.958     -5.4746866E-04
