   3701.714      7.4883347E-04
   3704.958      7.5858796E-04
   3708.201      7.6997257E-04
   3711.445      7.8285660E-04
   3714.688      7.9704652E-04
   3717.932      8.1231195E-04
   3721.176      8.2841504E-04
   3724.420      8.4513589E-04
   3727.664      8.6228747E-04
   3730.908      8.7972329E-04
   3734.152      8.9733623E-04
   3737.396      9.1505412E-04
   3740.639      9.3283044E-04
   3743.884      9.5063780E-04
   3747.127      9.6846058E-04
   3750.372      9.8629063E-04
   3753.616      1.0041239E-03
   3756.860      1.0219571E-03
   3760.104      1.0397906E-03
   3763.348      1.0576238E-03
   3766.592      1.0754573E-03
   3769.836      1.0932906E-03
   3773.081      1.1111241E-03
   3776.325      1.1289573E-03
   3779.569      1.1467907E-03
   3782.814      1.1646240E-03
   3786.058      1.1824572E-03
   3789.302      1.2002906E-03
   3792.547      1.2181242E-03
   3795.791      1.2359574E-03
   3799.036      1.2537907E-03
   3802.280      1.2716240E-03
   3805.525      1.2894574E-03
   3808.770      1.3072907E-03
   3812.014      1.3251242E-03
   3815.259      1.3429574E-03
   3818.503      1.3607907E-03
   3821.748      1.3786240E-03
   3824.993      1.3964575E-03
   3828.238      1.4142909E-03
   3831.482      1.4321242E-03
   3834.727      1.4499574E-03
   3837.972      1.4677905E-03
   3841.217      1.4856239E-03
   3844.462      1.5034572E-03
   3847.707      1.5212910E-03
   3850.952      1.5391242E-03
   3854.197      1.5569574E-03
   3857.442      1.5747909E-03
   3860.687      1.5926241E-03
   3863.932      1.6104575E-03
   3867.177      1.6282910E-03
   3870.423      1.6461239E-03
   3873.668      1.6639576E-03
   3876.913      1.6817908E-03
   3880.158      1.6996241E-03
   3883.404      1.7174574E-03
   3886.649      1.7352907E-03
   3889.894      1.7531243E-03
   3893.140      1.7709574E-03
   3896.385      1.7887909E-03
   3899.630      1.8066241E-03
   3902.876      1.8244574E-03
   3906.121      1.8422912E-03
   3909.367      1.8601245E-03
   3912.613      1.8779576E-03
   3915.858      1.8957907E-03
   3919.104      1.9136242E-03
   3922.350      1.9314577E-03
   3925.595      1.9492907E-03
   3928.841      1.9671244E-03
   3932.087      1.9849576E-03
   3935.333      2.0027906E-03
   3938.578      2.0206245E-03
   3941.824      2.0384577E-03
   3945.070      2.0562909E-03
   3948.316      2.0744563E-03
   3951.562      2.0930097E-03
   3954.808      2.1123420E-03
   3958.054      2.1331441E-03
   3961.300      2.1565491E-03
   3964.546      2.1842765E-03
   3967.792      2.2187207E-03
   3971.039      2.2629069E-03
   3974.285      2.3202288E-03
   3977.531      2.3939232E-03
   3980.777      2.4863051E-03
   3984.024      2.5979134E-03
   3987.270      2.7267931E-03
   3990.516      2.8681897E-03
   3993.763      3.0148607E-03
   3997.009      3.1580213E-03
   4000.256      3.2887554E-03
   4003.502      3.3995258E-03
   4006.749      3.4853830E-03
   4009.995      3.5445811E-03
   4013.242      3.5784771E-03
   4016.489      3.5908481E-03
   4019.735      3.5868960E-03
   4022.982      3.5722165E-03
   4026.229      3.5519982E-03
   4029.475      3.5305361E-03
   4032.722      3.5110677E-03
   4035.969      3.4958331E-03
   4039.216      3.4862731E-03
   4042.463      3.4832433E-03
   4045.710      3.4872221E-03
   4048.957      3.4983170E-03
   4052.204      3.5168827E-03
   4055.451      3.5429206E-03
   4058.698      3.5764296E-03
   4061.945      3.6174094E-03
   4065.192      3.6658607E-03
   4068.439      3.7217841E-03
   4071.687      3.7851783E-03
   4074.934      3.8560429E-03
   4078.181      3.9343801E-03
   4081.428      4.0201871E-03
   4084.676      4.1134674E-03
   4087.923      4.2142174E-03
   4091.171      4.3224394E-03
   4094.418      4.4381320E-03
   4097.666      4.5612962E-03
   4100.913      4.6919333E-03
   4104.161      4.8300396E-03
   4107.408      4.9756179E-03
   4110.656      5.1286682E-03
   4113.904      5.2891886E-03
   4117.151      5.4571806E-03
   4120.399      5.6326441E-03
   4123.647      5.8155786E-03
   4126.895      6.0059847E-03
   4130.143      6.2038633E-03
   4133.390      6.4092120E-03
   4136.638      6.6220309E-03
   4139.886      6.8423245E-03
   4143.134      7.0700864E-03
   4146.382      7.3053208E-03
   4149.630      7.5480253E-03
   4152.878      7.7982028E-03
   4156.126      8.0558509E-03
   4159.375      8.3209695E-03
   4162.623      8.5935621E-03
   4165.871      8.8736219E-03
   4169.120      9.1611557E-03
   4172.368      9.4561605E-03
   4175.616      9.7586354E-03
   4178.865      1.0068584E-02
   4182.113      1.0386002E-02
   4185.362      1.0710892E-02
   4188.610      1.1043254E-02
   4191.858      1.1383085E-02
   4195.107      1.1730391E-02
   4198.356      1.2085163E-02
   4201.604      1.2447411E-02
   4204.853      1.2817129E-02
   4208.102      1.3194316E-02
   4211.351      1.3578976E-02
   4214.600      1.3971110E-02
   4217.848      1.4370710E-02
   4221.097      1.4777786E-02
   4224.346      1.5192330E-02
   4227.595      1.5614348E-02
   4230.844      1.6043833E-02
   4234.093      1.6480796E-02
   4237.342      1.6925221E-02
   4240.591      1.7377127E-02
   4243.840      1.7836502E-02
   4247.090      1.8303348E-02
   4250.339      1.8777657E-02
   4253.588      1.9259445E-02
   4256.837      1.9748705E-02
   4260.087      2.0245435E-02
   4263.336      2.0749638E-02
   4266.585      2.1261308E-02
   4269.835      2.1780452E-02
   4273.084      2.2307074E-02
   4276.334      2.2841154E-02
   4279.583      2.3382716E-02
   4282.833      2.3931745E-02
   4286.083      2.4488246E-02
   4289.333      2.5051529E-02
   4292.582      2.5622239E-02
   4295.832      2.6198884E-02
   4299.082      2.6783142E-02
   4302.332      2.7372660E-02
   4305.582      2.7967183E-02
   4308.831      2.8567906E-02
   4312.081      2.9177509E-02
   4315.331      2.9798355E-02
   4318.581      3.0437842E-02
   4321.832      3.1110099E-02
   4325.082      3.1833369E-02
   4328.332      3.2626979E-02
   4331.582      3.3511858E-02
   4334.832      3.4504890E-02
   4338.082      3.5610396E-02
   4341.333      3.6818948E-02
   4344.583      3.8102176E-02
   4347.833      3.9418574E-02
   4351.083      4.0714797E-02
   4354.334      4.1940209E-02
   4357.584      4.3052979E-02
   4360.835      4.4033207E-02
   4364.086      4.4878524E-02
   4367.336      4.5610614E-02
   4370.587      4.6263300E-02
   4373.838      4.6872757E-02
   4377.088      4.7475152E-02
   4380.339      4.8093613E-02
   4383.590      4.8741959E-02
   4386.841      4.9426794E-02
   4390.092      5.0153360E-02
   4393.343      5.0924234E-02
   4396.594      5.1752102E-02
   4399.845      5.2657142E-02
   4403.096      5.3663205E-02
   4406.347      5.4795139E-02
   4409.598      5.6075960E-02
   4412.849      5.7519462E-02
   4416.101      5.9127998E-02
   4419.352      6.0891129E-02
   4422.603      6.2783286E-02
   4425.854      6.4768292E-02
   4429.106      6.6810802E-02
   4432.357      6.8871550E-02
   4435.609      7.0919886E-02
   4438.860      7.2941869E-02
   4442.112      7.4931324E-02
   4445.363      7.6899007E-02
   4448.615      7.8855462E-02
   4451.867      8.0817744E-02
   4455.118      8.2795642E-02
   4458.370      8.4789798E-02
   4461.622      8.6797744E-02
   4464.874      8.8810928E-02
   4468.125      9.0817250E-02
   4471.377      9.2808716E-02
   4474.629      9.4782874E-02
   4477.881      9.6744083E-02
   4481.134      9.8707944E-02
   4484.386      0.1006953    
   4487.638      0.1027334    
   4490.890      0.1048498    
   4494.142      0.1070794    
   4497.395      0.1094496    
   4500.647      0.1119858    
   4503.899      0.1147082    
   4507.151      0.1176251    
   4510.404      0.1207302    
   4513.656      0.1240105    
   4516.909      0.1274370    
   4520.162      0.1309800    
   4523.414      0.1346068    
   4526.667      0.1382926    
   4529.919      0.1420174    
   4533.172      0.1457736    
   4536.425      0.1495564    
   4539.678      0.1533692    
   4542.931      0.1572217    
   4546.184      0.1611213    
   4549.437      0.1650854    
   4552.689      0.1691275    
   4555.942      0.1732711    
   4559.195      0.1775434    
   4562.449      0.1819693    
   4565.702      0.1865812    
   4568.955      0.1914016    
   4572.208      0.1964431    
   4575.461      0.2017062    
   4578.715      0.2071711    
   4581.968      0.2128099    
   4585.222      0.2185854    
   4588.475      0.2244652    
   4591.729      0.2304239    
   4594.982      0.2364518    
   4598.236      0.2425581    
   4601.489      0.2487634    
   4604.743      0.2550983    
   4607.997      0.2615890    
   4611.250      0.2682546    
   4614.504      0.2750978    
   4617.758      0.2821115    
   4621.012      0.2892653    
   4624.266      0.2965276    
   4627.520      0.3038599    
   4630.774      0.3112279    
   4634.028      0.3186070    
   4637.282      0.3259881    
   4640.537      0.3333769    
   4643.791      0.3407956    
   4647.045      0.3482810    
   4650.299      0.3558741    
   4653.554      0.3636221    
   4656.808      0.3715593    
   4660.063      0.3797198    
   4663.317      0.3881159    
   4666.571      0.3967469    
   4669.826      0.4055968    
   4673.081      0.4146343    
   4676.335      0.4238113    
   4679.590      0.4330727    
   4682.845      0.4423542    
   4686.100      0.4515916    
   4689.354      0.4607290    
   4692.609      0.4697289    
   4695.864      0.4785731    
   4699.119      0.4872654    
   4702.375      0.4958339    
   4705.629      0.5043191    
   4708.884      0.5127640    
   4712.140      0.5212094    
   4715.395      0.5296790    
   4718.650      0.5381752    
   4721.905      0.5466770    
   4725.161      0.5551388    
   4728.416      0.5634955    
   4731.672      0.5716681    
   4734.927      0.5795760    
   4738.183      0.5871425    
   4741.438      0.5943156    
   4744.694      0.6010699    
   4747.950      0.6074180    
   4751.205      0.6134009    
   4754.461      0.6190841    
   4757.717      0.6245388    
   4760.973      0.6298214    
   4764.229      0.6349694    
   4767.484      0.6399825    
   4770.741      0.6448362    
   4773.997      0.6494857    
   4777.252      0.6538854    
   4780.509      0.6580027    
   4783.765      0.6618289    
   4787.021      0.6653851    
   4790.277      0.6687087    
   4793.534      0.6718581    
   4796.790      0.6748853    
   4800.047      0.6778349    
   4803.303      0.6807286    
   4806.560      0.6835760    
   4809.816      0.6863741    
   4813.073      0.6891136    
   4816.330      0.6917910    
   4819.586      0.6944119    
   4822.843      0.6969922    
   4826.100      0.6995469    
   4829.356      0.7020869    
   4832.613      0.7046198    
   4835.871      0.7071383    
   4839.127      0.7096347    
   4842.384      0.7120923    
   4845.642      0.7145035    
   4848.899      0.7168640    
   4852.156      0.7191761    
   4855.413      0.7214355    
   4858.670      0.7236319    
   4861.928      0.7257452    
   4865.185      0.7277400    
   4868.443      0.7295861    
   4871.700      0.7312534    
   4874.958      0.7327303    
   4878.215      0.7340161    
   4881.473      0.7351303    
   4884.730      0.7360988    
   4887.988      0.7369468    
   4891.246      0.7376955    
   4894.504      0.7383550    
   4897.762      0.7389212    
   4901.020      0.7393846    
   4904.278      0.7397333    
   4907.536      0.7399530    
   4910.793      0.7400414    
   4914.052      0.7400076    
   4917.310      0.7398717    
   4920.568      0.7396569    
   4923.827      0.7393897    
   4927.085      0.7390901    
   4930.343      0.7387655    
   4933.602      0.7384099    
   4936.860      0.7380123    
   4940.119      0.7375528    
   4943.377      0.7370169    
   4946.636      0.7363967    
   4949.895      0.7356905    
   4953.153      0.7349058    
   4956.412      0.7340499    
   4959.670      0.7331315    
   4962.930      0.7321529    
   4966.188      0.7311164    
   4969.447      0.7300137    
   4972.707      0.7288377    
   4975.965      0.7275823    
   4979.225      0.7262476    
   4982.484      0.7248299    
   4985.743      0.7233351    
   4989.002      0.7217707    
   4992.262      0.7201433    
   4995.521      0.7184601    
   4998.780      0.7167332    
   5002.040      0.7149646    
   5005.299      0.7131516    
   5008.559      0.7112841    
   5011.818      0.7093376    
   5015.078      0.7072732    
   5018.338      0.7050472    
   5021.598      0.7026121    
   5024.857      0.6999258    
   5028.117      0.6969643    
   5031.377      0.6937227    
   5034.637      0.6902225    
   5037.897      0.6865041    
   5041.157      0.6826264    
   5044.417      0.6786521    
   5047.678      0.6746386    
   5050.938      0.6706242    
   5054.198      0.6666275    
   5057.458      0.6626466    
   5060.719      0.6586530    
   5063.979      0.6546064    
   5067.240      0.6504604    
   5070.500      0.6461658    
   5073.761      0.6416737    
   5077.021      0.6369365    
   5080.282      0.6319137    
   5083.543      0.6265746    
   5086.804      0.6208997    
   5090.065      0.6148948    
   5093.326      0.6085829    
   5096.587      0.6020117    
   5099.848      0.5952486    
   5103.109      0.5883636    
   5106.370      0.5814255    
   5109.631      0.5744867    
   5112.892      0.5675763    
   5116.154      0.5607007    
   5119.415      0.5538375    
   5122.676      0.5469466    
   5125.938      0.5399731    
   5129.199      0.5328608    
   5132.461      0.5255586    
   5135.723      0.5180300    
   5138.984      0.5102657    
   5142.246      0.5022770    
   5145.508      0.4940977    
   5148.770      0.4857795    
   5152.031      0.4773793    
   5155.293      0.4689509    
   5158.555      0.4605373    
   5161.817      0.4521686    
   5165.079      0.4438618    
   5168.341      0.4356257    
   5171.604      0.4274644    
   5174.866      0.4193862    
   5178.128      0.4114001    
   5181.391      0.4035158    
   5184.653      0.3957426    
   5187.916      0.3880828    
   5191.178      0.3805236    
   5194.440      0.3730483    
   5197.703      0.3656295    
   5200.966      0.3582365    
   5204.229      0.3508477    
   5207.491      0.3434497    
   5210.754      0.3360412    
   5214.017      0.3286374    
   5217.280      0.3212660    
   5220.543      0.3139616    
   5223.806      0.3067624    
   5227.069      0.2996998    
   5230.333      0.2927946    
   5233.596      0.2860571    
   5236.859      0.2794813    
   5240.122      0.2730525    
   5243.385      0.2667500    
   5246.649      0.2605547    
   5249.913      0.2544475    
   5253.176      0.2484190    
   5256.439      0.2424641    
   5259.703      0.2365870    
   5262.967      0.2307955    
   5266.231      0.2251019    
   5269.495      0.2195220    
   5272.758      0.2140726    
   5276.022      0.2087681    
   5279.287      0.2036207    
   5282.550      0.1986379    
   5285.814      0.1938177    
   5289.079      0.1891519    
   5292.343      0.1846278    
   5295.607      0.1802266    
   5298.872      0.1759325    
   5302.136      0.1717361    
   5305.400      0.1676330    
   5308.665      0.1636283    
   5311.929      0.1597347    
   5315.194      0.1559605    
   5318.458      0.1523124    
   5321.724      0.1487904    
   5324.988      0.1453836    
   5328.253      0.1420758    
   5331.518      0.1388481    
   5334.783      0.1356817    
   5338.048      0.1325642    
   5341.313      0.1294905    
   5344.578      0.1264628    
   5347.843      0.1234867    
   5351.108      0.1205709    
   5354.374      0.1177238    
   5357.639      0.1149528    
   5360.905      0.1122606    
   5364.170      0.1096500    
   5367.436      0.1071189    
   5370.701      0.1046640    
   5373.967      0.1022802    
   5377.232      9.9962212E-02
   5380.498      9.7701795E-02
   5383.764      9.5491901E-02
   5387.030      9.3326956E-02
   5390.296      9.1203824E-02
   5393.562      8.9120299E-02
   5396.828      8.7080099E-02
   5400.094      8.5084125E-02
   5403.360      8.3134376E-02
   5406.626      8.1231885E-02
   5409.893      7.9373173E-02
   5413.159      7.7556424E-02
   5416.425      7.5780734E-02
   5419.691      7.4045494E-02
   5422.958      7.2352931E-02
   5426.225      7.0704222E-02
   5429.491      6.9100812E-02
   5432.758      6.7540601E-02
   5436.025      6.6020802E-02
   5439.292      6.4537719E-02
   5442.559      6.3088335E-02
   5445.825      6.1672244E-02
   5449.092      6.0291335E-02
   5452.359      5.8950078E-02
   5455.626      5.7652697E-02
   5458.894      5.6402411E-02
   5462.161      5.5199381E-02
   5465.428      5.4037932E-02
   5468.695      5.2912697E-02
   5471.962      5.1815242E-02
   5475.230      5.0737884E-02
   5478.498      4.9676538E-02
   5481.765      4.8633408E-02
   5485.033      4.7613323E-02
   5488.300      4.6625756E-02
   5491.568      4.5682561E-02
   5494.836      4.4795368E-02
   5498.104      4.3970376E-02
   5501.372      4.3212209E-02
   5504.640      4.2518023E-02
   5507.908      4.1880794E-02
   5511.176      4.1287735E-02
   5514.444      4.0721849E-02
   5517.712      4.0164776E-02
   5520.980      3.9599333E-02
   5524.249      3.9010406E-02
   5527.517      3.8389534E-02
   5530.786      3.7732832E-02
   5534.054      3.7044376E-02
   5537.323      3.6334515E-02
   5540.591      3.5616793E-02
   5543.860      3.4906793E-02
   5547.128      3.4219515E-02
   5550.397      3.3566363E-02
   5553.667      3.2954928E-02
   5556.935      3.2385908E-02
   5560.204      3.1855822E-02
   5563.473      3.1358741E-02
   5566.742      3.0886671E-02
   5570.012      3.0431461E-02
   5573.281      2.9985905E-02
   5576.550      2.9543392E-02
   5579.819      2.9094892E-02
   5583.089      2.8631385E-02
   5586.358      2.8142603E-02
   5589.628      2.7619869E-02
   5592.897      2.7057832E-02
   5596.167      2.6460448E-02
   5599.437      2.5836973E-02
   5602.707      2.5206499E-02
   5605.977      2.4589803E-02
   5609.246      2.4007048E-02
   5612.516      2.3473410E-02
   5615.787      2.2994263E-02
   5619.057      2.2566369E-02
   5622.327      2.2180170E-02
   5625.597      2.1824673E-02
   5628.867      2.1486824E-02
   5632.137      2.1157447E-02
   5635.408      2.0830531E-02
   5638.678      2.0501032E-02
   5641.949      2.0166155E-02
   5645.219      1.9823905E-02
   5648.490      1.9472804E-02
   5651.761      1.9113194E-02
   5655.031      1.8747749E-02
   5658.302      1.8382382E-02
   5661.573      1.8024333E-02
   5664.844      1.7680611E-02
   5668.115      1.7357463E-02
   5671.386      1.7057335E-02
   5674.657      1.6779289E-02
   5677.929      1.6519327E-02
   5681.200      1.6272107E-02
   5684.471      1.6032562E-02
   5687.743      1.5798301E-02
   5691.014      1.5569501E-02
   5694.286      1.5348352E-02
   5697.557      1.5138089E-02
   5700.829      1.4941602E-02
   5704.101      1.4756178E-02
   5707.372      1.4576842E-02
   5710.644      1.4394213E-02
   5713.916      1.4199279E-02
   5717.188      1.3983888E-02
   5720.460      1.3742571E-02
   5723.732      1.3473310E-02
   5727.004      1.3178144E-02
   5730.276      1.2862737E-02
   5733.548      1.2532352E-02
   5736.821      1.2193266E-02
   5740.093      1.1853209E-02
   5743.366      1.1521464E-02
   5746.638      1.1206285E-02
   5749.911      1.0917583E-02
   5753.184      1.0662663E-02
   5756.456      1.0444682E-02
   5759.729      1.0264014E-02
   5763.002      1.0116085E-02
   5766.275      9.9938586E-03
   5769.548      9.8888874E-03
   5772.821      9.7941030E-03
   5776.094      9.7058192E-03
   5779.367      9.6224593E-03
   5782.641      9.5453225E-03
   5785.914      9.4763236E-03
   5789.187      9.4168745E-03
   5792.460      9.3656667E-03
   5795.734      9.3203140E-03
   5799.008      9.2772897E-03
   5802.281      9.2326663E-03
   5805.555      9.1836173E-03
   5808.829      9.1281291E-03
   5812.103      9.0655452E-03
   5815.376      8.9932214E-03
   5818.650      8.9091510E-03
   5821.924      8.8128718E-03
   5825.198      8.7039527E-03
   5828.472      8.5829077E-03
   5831.747      8.4519563E-03
   5835.021      8.3143776E-03
   5838.295      8.1730410E-03
   5841.569      8.0307452E-03
   5844.844      7.8875497E-03
   5848.119      7.7437297E-03
   5851.393      7.5975028E-03
   5854.668      7.4488153E-03
   5857.942      7.2982255E-03
   5861.217      7.1479245E-03
   5864.492      7.0020230E-03
   5867.767      6.8637584E-03
   5871.042      6.7360234E-03
   5874.317      6.6188294E-03
   5877.592      6.5097166E-03
   5880.868      6.4056097E-03
   5884.143      6.3025448E-03
   5887.418      6.1976295E-03
   5890.693      6.0895686E-03
   5893.969      5.9788562E-03
   5897.244      5.8664205E-03
   5900.520      5.7520596E-03
   5903.796      5.6394739E-03
   5907.071      5.5310749E-03
   5910.347      5.4301023E-03
   5913.623      5.3401627E-03
   5916.899      5.2634934E-03
   5920.175      5.1993630E-03
   5923.451      5.1433574E-03
   5926.727      5.0889584E-03
   5930.003      5.0296835E-03
   5933.279      4.9616462E-03
   5936.556      4.8835981E-03
   5939.832      4.7993013E-03
   5943.108      4.7149705E-03
   5946.385      4.6386621E-03
   5949.662      4.5761080E-03
   5952.938      4.5301015E-03
   5956.215      4.4994568E-03
   5959.492      4.4811796E-03
   5962.769      4.4708434E-03
   5966.045      4.4651213E-03
   5969.323      4.4621499E-03
   5972.600      4.4611013E-03
   5975.877      4.4623981E-03
   5979.154      4.4651632E-03
   5982.431      4.4668438E-03
   5985.708      4.4647930E-03
   5988.986      4.4551673E-03
   5992.263      4.4354084E-03
   5995.541      4.4056163E-03
   5998.818      4.3671476E-03
   6002.096      4.3256772E-03
   6005.374      4.2844065E-03
   6008.652      4.2482675E-03
   6011.930      4.2203679E-03
   6015.208      4.2008399E-03
   6018.485      4.1894624E-03
   6021.764      4.1833171E-03
   6025.042      4.1784891E-03
   6028.320      4.1709566E-03
   6031.598      4.1557569E-03
   6034.876      4.1293814E-03
   6038.155      4.0902738E-03
   6041.434      4.0381863E-03
   6044.712      3.9744158E-03
   6047.991      3.9008951E-03
   6051.270      3.8200312E-03
   6054.548      3.7325853E-03
   6057.827      3.6391770E-03
   6061.106      3.5399890E-03
   6064.385      3.4378474E-03
   6067.664      3.3373679E-03
   6070.943      3.2465460E-03
   6074.222      3.1742388E-03
   6077.501      3.1295142E-03
   6080.781      3.1186170E-03
   6084.060      3.1437415E-03
   6087.339      3.2024090E-03
   6090.619      3.2867214E-03
   6093.898      3.3865133E-03
   6097.178      3.4878931E-03
   6100.458      3.5782359E-03
   6103.738      3.6432475E-03
   6107.018      3.6733458E-03
   6110.298      3.6607310E-03
   6113.578      3.6029413E-03
   6116.857      3.5023892E-03
   6120.138      3.3671693E-03
   6123.418      3.2100244E-03
   6126.698      3.0455589E-03
   6129.979      2.8895163E-03
   6133.259      2.7565637E-03
   6136.540      2.6563294E-03
   6139.820      2.5947047E-03
   6143.101      2.5716338E-03
   6146.381      2.5842483E-03
   6149.663      2.6253625E-03
   6152.943      2.6865101E-03
   6156.224      2.7592087E-03
   6159.505      2.8344253E-03
   6162.786      2.9043951E-03
   6166.067      2.9617196E-03
   6169.349      3.0020161E-03
   6172.630      3.0213688E-03
   6175.911      3.0187820E-03
   6179.192      2.9942340E-03
   6182.474      2.9498367E-03
   6185.756      2.8883503E-03
   6189.037      2.8125595E-03
   6192.319      2.7260871E-03
   6195.601      2.6319297E-03
   6198.883      2.5346610E-03
   6202.165      2.4384905E-03
   6205.447      2.3486374E-03
   6208.729      2.2684834E-03
   6212.011      2.2019583E-03
   6215.293      2.1500308E-03
   6218.575      2.1119367E-03
   6221.857      2.0840568E-03
   6225.140      2.0621608E-03
   6228.422      2.0418358E-03
   6231.705      2.0195008E-03
   6234.988      1.9946920E-03
   6238.271      1.9699833E-03
   6241.553      1.9497628E-03
   6244.836      1.9400655E-03
   6248.119      1.9464191E-03
   6251.402      1.9729671E-03
   6254.685      2.0206871E-03
   6257.968      2.0870541E-03
   6261.251      2.1660973E-03
   6264.535      2.2501478E-03
   6267.818      2.3295074E-03
   6271.102      2.3946266E-03
   6274.385      2.4396260E-03
   6277.668      2.4604436E-03
   6280.952      2.4577379E-03
   6284.236      2.4342882E-03
   6287.520      2.3961752E-03
   6290.804      2.3490351E-03
   6294.087      2.2984119E-03
   6297.372      2.2465775E-03
   6300.656      2.1934302E-03
   6303.940      2.1365399E-03
   6307.224      2.0716495E-03
   6310.508      1.9956697E-03
   6313.793      1.9053505E-03
   6317.077      1.8016200E-03
   6320.362      1.6875912E-03
   6323.646      1.5692754E-03
   6326.931      1.4550450E-03
   6330.216      1.3524526E-03
   6333.500      1.2683341E-03
   6336.786      1.2068046E-03
   6340.070      1.1701214E-03
   6343.355      1.1587287E-03
   6346.641      1.1712044E-03
   6349.926      1.2041456E-03
   6353.211      1.2535246E-03
   6356.497      1.3136507E-03
   6359.782      1.3778014E-03
   6363.067      1.4387586E-03
   6366.353      1.4894708E-03
   6369.639      1.5247432E-03
   6372.924      1.5409241E-03
   6376.210      1.5370601E-03
   6379.496      1.5152314E-03
   6382.782      1.4790071E-03
   6386.068      1.4343698E-03
   6389.354      1.3869863E-03
   6392.640      1.3428428E-03
   6395.926      1.3051588E-03
   6399.212      1.2756117E-03
   6402.499      1.2530956E-03
   6405.786      1.2349039E-03
   6409.072      1.2177634E-03
   6412.358      1.1996803E-03
   6415.646      1.1804970E-03
   6418.932      1.1628449E-03
   6422.219      1.1510458E-03
   6425.506      1.1499655E-03
   6428.793      1.1635226E-03
   6432.080      1.1945902E-03
   6435.367      1.2414454E-03
   6438.654      1.2985987E-03
   6441.941      1.3574556E-03
   6445.229      1.4054991E-03
   6448.516      1.4311890E-03
   6451.804      1.4247022E-03
   6455.091      1.3809323E-03
   6458.379      1.3010040E-03
   6461.667      1.1919653E-03
   6464.955      1.0665340E-03
   6468.243      9.3896239E-04
   6471.531      8.2446943E-04
   6474.818      7.3440868E-04
   6478.107      6.7633024E-04
   6481.395      6.5360375E-04
   6484.683      6.6531170E-04
   6487.972      7.0748845E-04
   6491.260      7.7383633E-04
   6494.548      8.5703458E-04
   6497.837      9.4839110E-04
   6501.125      1.0383804E-03
   6504.415      1.1183973E-03
   6507.703      1.1802814E-03
   6510.992      1.2182456E-03
   6514.281      1.2294913E-03
   6517.570      1.2139961E-03
   6520.859      1.1748571E-03
   6524.148      1.1173311E-03
   6527.438      1.0476303E-03
   6530.727      9.7225304E-04
   6534.017      8.9714915E-04
   6537.306      8.2764967E-04
   6540.596      7.6744135E-04
   6543.885      7.1906485E-04
   6547.175      6.8466924E-04
   6550.465      6.6390709E-04
   6553.755      6.5646711E-04
   6557.044      6.6029385E-04
   6560.334      6.7256310E-04
   6563.625      6.9000089E-04
   6566.915      7.0889120E-04
   6570.206      7.2674832E-04
   6573.496      7.4130209E-04
   6576.786      7.5272744E-04
   6580.077      7.6107885E-04
   6583.367      7.6660613E-04
   6586.658      7.7006523E-04
   6589.949      7.7012210E-04
   6593.239      7.6515472E-04
   6596.530      7.5295538E-04
   6599.821      7.3246355E-04
   6603.112      7.0375402E-04
   6606.403      6.6813972E-04
   6609.695      6.2980829E-04
   6612.986      5.9415377E-04
   6616.277      5.6641683E-04
   6619.569      5.5237545E-04
   6622.860      5.5518857E-04
   6626.152      5.7621766E-04
   6629.443      6.1438105E-04
   6632.735      6.6565495E-04
   6636.027      7.2509208E-04
   6639.319      7.8756461E-04
   6642.611      8.4867259E-04
   6645.903      9.0556010E-04
   6649.195      9.5673796E-04
   6652.488      1.0030027E-03
   6655.780      1.0438636E-03
   6659.072      1.0793864E-03
   6662.365      1.1082989E-03
   6665.657      1.1291055E-03
   6668.950      1.1404440E-03
   6672.243      1.1413555E-03
   6675.536      1.1328267E-03
   6678.828      1.1170475E-03
   6682.122      1.0971106E-03
   6685.415      1.0769431E-03
   6688.708      1.0589010E-03
   6692.001      1.0449517E-03
   6695.294      1.0348835E-03
   6698.587      1.0270502E-03
   6701.881      1.0189908E-03
   6705.174      1.0079936E-03
   6708.468      9.9191524E-04
   6711.762      9.6895004E-04
   6715.055      9.3814457E-04
   6718.349      9.0005534E-04
   6721.643      8.5544627E-04
   6724.937      8.0531067E-04
   6728.231      7.5199443E-04
   6731.525      6.9797708E-04
   6734.819      6.4710801E-04
   6738.114      6.0394406E-04
   6741.408      5.7268282E-04
   6744.703      5.5750844E-04
   6747.998      5.6079903E-04
   6751.292      5.8257539E-04
   6754.587      6.2026706E-04
   6757.881      6.6993653E-04
   6761.176      7.2604971E-04
   6764.471      7.8325241E-04
   6767.766      8.3644263E-04
   6771.062      8.8166795E-04
   6774.357      9.1641751E-04
   6777.652      9.3903003E-04
   6780.947      9.4903965E-04
   6784.243      9.4753382E-04
   6787.539      9.3664700E-04
   6790.834      9.1964612E-04
   6794.129      9.0002042E-04
   6797.425      8.8072813E-04
   6800.721      8.6330844E-04
   6804.018      8.4687769E-04
   6807.313      8.2992058E-04
   6810.609      8.0919953E-04
   6813.905      7.8249484E-04
   6817.202      7.4880081E-04
   6820.498      7.0802454E-04
   6823.794      6.6268386E-04
   6827.091      6.1552727E-04
   6830.388      5.6960405E-04
   6833.685      5.2715861E-04
   6836.981      4.8988295E-04
   6840.278      4.5791207E-04
   6843.575      4.3153527E-04
   6846.872      4.1025045E-04
   6850.169      3.9315087E-04
   6853.466      3.8064079E-04
   6856.764      3.7241826E-04
   6860.061      3.6880441E-04
   6863.358      3.7042159E-04
   6866.656      3.7850579E-04
   6869.954      3.9396927E-04
   6873.251      4.1772446E-04
   6876.549      4.4978413E-04
   6879.847      4.8905908E-04
   6883.145      5.3317979E-04
   6886.443      5.7875231E-04
   6889.741      6.2111346E-04
   6893.039      6.5668073E-04
   6896.337      6.8183785E-04
   6899.635      6.9438689E-04
   6902.934      6.9352321E-04
   6906.232      6.7947898E-04
   6909.531      6.5254403E-04
   6912.830      6.1379903E-04
   6916.128      5.6452822E-04
   6919.427      5.0699105E-04
   6922.726      4.4450260E-04
   6926.025      3.8141155E-04
   6929.324      3.2428582E-04
   6932.623      2.7898847E-04
   6935.923      2.3872359E-04
   6939.222      2.3116078E-04
   6942.521      2.2359798E-04
   6945.821      2.1603517E-04
   6949.121      2.0847237E-04
   6952.420      2.0090956E-04
   6955.720      1.9334722E-04
   6959.020      1.8578442E-04
   6962.320      1.7822161E-04
   6965.620      1.7065881E-04
   6968.920      1.6309600E-04
   6972.220      1.5553320E-04
   6975.520      1.4797086E-04
   6978.821      1.4040805E-04
   6982.121      1.3284525E-04
   6985.421      1.2528244E-04
   6988.722      1.1771964E-04
   6992.023      1.1015683E-04
   6995.324      1.0259449E-04
   6998.625      9.5031690E-05
   7001.925      8.7468885E-05
   7005.227      7.9906080E-05
   7008.528      7.2343275E-05
   7011.829      6.4780470E-05
   7015.130      5.7218131E-05
   7018.432      4.9655326E-05
   7021.733      4.2092521E-05
   7025.035      3.4529716E-05
   7028.336      2.6966911E-05
   7031.638      1.9404106E-05
   7034.940      1.1841767E-05
   7038.242      4.2789616E-06
   7041.543     -3.2838434E-06
   7044.846     -1.0846648E-05
