   4822.604      9.8609843E-04
   4825.832      1.3702529E-03
   4829.059      1.7009183E-03
   4832.287      1.9293560E-03
   4835.514      2.0327277E-03
   4838.742      2.0225677E-03
   4841.970      1.9408945E-03
   4845.198      1.8423367E-03
   4848.427      1.7740270E-03
   4851.655      1.7591300E-03
   4854.884      1.7945366E-03
   4858.113      1.8601068E-03
   4861.341      1.9294533E-03
   4864.571      1.9785664E-03
   4867.800      1.9869553E-03
   4871.029      1.9378834E-03
   4874.259      1.8195136E-03
   4877.488      1.6345201E-03
   4880.718      1.4055747E-03
   4883.948      1.1732716E-03
   4887.178      9.8407827E-04
   4890.408      8.7289163E-04
   4893.639      8.5319503E-04
   4896.869      9.1454259E-04
   4900.100      1.0275119E-03
   4903.331      1.1555245E-03
   4906.562      1.2669654E-03
   4909.793      1.3477046E-03
   4913.024      1.4043039E-03
   4916.255      1.4585195E-03
   4919.487      1.5330588E-03
   4922.719      1.6353618E-03
   4925.950      1.7472303E-03
   4929.183      1.8289314E-03
   4932.415      1.8381232E-03
   4935.647      1.7472521E-03
   4938.879      1.5585787E-03
   4942.112      1.3077190E-03
   4945.344      1.0511224E-03
   4948.577      8.4507908E-04
   4951.810      7.2917796E-04
   4955.043      7.1623031E-04
   4958.276      7.9129392E-04
   4961.510      9.2299905E-04
   4964.743      1.0762422E-03
   4967.977      1.2239167E-03
   4971.211      1.3491682E-03
   4974.445      1.4408355E-03
   4977.679      1.4922377E-03
   4980.913      1.4997470E-03
   4984.147      1.4649952E-03
   4987.382      1.3964390E-03
   4990.617      1.3042409E-03
   4993.852      1.1972804E-03
   4997.086      1.0809533E-03
   5000.321      9.6189039E-04
   5003.557      8.4532565E-04
   5006.792      7.3660153E-04
   5010.028      6.3920289E-04
   5013.263      5.5676117E-04
   5016.499      4.9602910E-04
   5019.735      4.7111971E-04
   5022.971      4.9586344E-04
   5026.207      5.7858514E-04
   5029.443      7.1715319E-04
   5032.680      8.9718582E-04
   5035.917      1.0989646E-03
   5039.153      1.3008314E-03
   5042.390      1.4824701E-03
   5045.627      1.6249276E-03
   5048.864      1.7168787E-03
   5052.102      1.7583183E-03
   5055.339      1.7637862E-03
   5058.577      1.7545770E-03
   5061.814      1.7495150E-03
   5065.052      1.7578927E-03
   5068.291      1.7786442E-03
   5071.528      1.8002121E-03
   5074.767      1.8120944E-03
   5078.005      1.8033377E-03
   5081.244      1.7687541E-03
   5084.482      1.7131526E-03
   5087.721      1.6520445E-03
   5090.960      1.6044222E-03
   5094.199      1.5863972E-03
   5097.438      1.6040575E-03
   5100.678      1.6528225E-03
   5103.917      1.7236068E-03
   5107.157      1.8058969E-03
   5110.397      1.8917964E-03
   5113.637      1.9706246E-03
   5116.877      2.0287875E-03
   5120.117      2.0512422E-03
   5123.357      2.0317070E-03
   5126.598      1.9767017E-03
   5129.838      1.9059469E-03
   5133.079      1.8454215E-03
   5136.320      1.8161798E-03
   5139.561      1.8263375E-03
   5142.802      1.8700464E-03
   5146.043      1.9273055E-03
   5149.285      1.9776898E-03
   5152.526      2.0082286E-03
   5155.768      2.0198710E-03
   5159.010      2.0260515E-03
   5162.251      2.0389091E-03
   5165.494      2.0580427E-03
   5168.736      2.0632485E-03
   5171.978      2.0216415E-03
   5175.221      1.9031245E-03
   5178.463      1.7020502E-03
   5181.706      1.4487038E-03
   5184.949      1.2046370E-03
   5188.192      1.0379994E-03
   5191.435      9.9309208E-04
   5194.678      1.0681687E-03
   5197.921      1.2193606E-03
   5201.165      1.3801111E-03
   5204.409      1.4905514E-03
   5207.652      1.5187402E-03
   5210.896      1.4661658E-03
   5214.141      1.3590123E-03
   5217.385      1.2353403E-03
   5220.629      1.1302845E-03
   5223.874      1.0682603E-03
   5227.118      1.0590353E-03
   5230.363      1.0972908E-03
   5233.607      1.1666099E-03
   5236.853      1.2428133E-03
   5240.098      1.3032441E-03
   5243.343      1.3349770E-03
   5246.588      1.3406537E-03
   5249.833      1.3353133E-03
   5253.079      1.3377707E-03
   5256.325      1.3584311E-03
   5259.571      1.3907664E-03
   5262.817      1.4133916E-03
   5266.063      1.4022586E-03
   5269.309      1.3436484E-03
   5272.556      1.2448636E-03
   5275.802      1.1323575E-03
   5279.049      1.0403841E-03
   5282.295      9.9524180E-04
   5285.542      1.0042030E-03
   5288.790      1.0523748E-03
   5292.037      1.1115341E-03
   5295.284      1.1527941E-03
   5298.531      1.1625587E-03
   5301.779      1.1459137E-03
   5305.026      1.1243509E-03
   5308.274      1.1223634E-03
   5311.522      1.1572300E-03
   5314.771      1.2323343E-03
   5318.019      1.3372649E-03
   5321.267      1.4532608E-03
   5324.515      1.5574647E-03
   5327.764      1.6306845E-03
   5331.013      1.6596220E-03
   5334.261      1.6409263E-03
   5337.510      1.5809361E-03
   5340.759      1.4939284E-03
   5344.009      1.3973408E-03
   5347.258      1.3064251E-03
   5350.507      1.2329522E-03
   5353.757      1.1867180E-03
   5357.007      1.1776245E-03
   5360.256      1.2137830E-03
   5363.506      1.2954042E-03
   5366.756      1.4105312E-03
   5370.007      1.5356709E-03
   5373.257      1.6443759E-03
   5376.507      1.7192104E-03
   5379.758      1.7570382E-03
   5383.009      1.7666923E-03
   5386.260      1.7610616E-03
   5389.510      1.7493184E-03
   5392.762      1.7337524E-03
   5396.013      1.7130770E-03
   5399.264      1.6839270E-03
   5402.516      1.6453055E-03
   5405.767      1.5978124E-03
   5409.019      1.5433350E-03
   5412.271      1.4837064E-03
   5415.522      1.4187758E-03
   5418.774      1.3474738E-03
   5422.027      1.2712718E-03
   5425.279      1.1966474E-03
   5428.532      1.1340278E-03
   5431.784      1.0953400E-03
   5435.037      1.0861104E-03
   5438.290      1.1033467E-03
   5441.542      1.1351857E-03
   5444.795      1.1662808E-03
   5448.049      1.1812337E-03
   5451.302      1.1727032E-03
   5454.555      1.1417264E-03
   5457.809      1.0982511E-03
   5461.063      1.0542431E-03
   5464.316      1.0191622E-03
   5467.570      9.9673949E-04
   5470.824      9.8624488E-04
   5474.078      9.8583347E-04
   5477.333      9.9695381E-04
   5480.587      1.0234248E-03
   5483.841      1.0673810E-03
   5487.096      1.1235375E-03
   5490.351      1.1757554E-03
   5493.605      1.2041681E-03
   5496.860      1.1956311E-03
   5500.116      1.1501107E-03
   5503.371      1.0813453E-03
   5506.626      1.0099602E-03
   5509.882      9.5315726E-04
   5513.137      9.1925450E-04
   5516.393      9.0524228E-04
   5519.649      9.0174511E-04
   5522.905      8.9643040E-04
   5526.161      8.8335382E-04
   5529.417      8.6578756E-04
   5532.673      8.5590145E-04
   5535.930      8.6838932E-04
   5539.186      9.1348874E-04
   5542.443      9.9417218E-04
   5545.699      1.1035989E-03
   5548.956      1.2274014E-03
   5552.213      1.3467072E-03
   5555.470      1.4407953E-03
   5558.728      1.4942396E-03
   5561.985      1.5021192E-03
   5565.242      1.4706672E-03
   5568.500      1.4147465E-03
   5571.758      1.3507458E-03
   5575.016      1.2895092E-03
   5578.273      1.2373622E-03
   5581.531      1.1985416E-03
   5584.790      1.1797701E-03
   5588.048      1.1898582E-03
   5591.306      1.2363995E-03
   5594.565      1.3238539E-03
   5597.823      1.4482213E-03
   5601.082      1.5978479E-03
   5604.341      1.7538859E-03
   5607.600      1.8917597E-03
   5610.859      1.9842468E-03
   5614.118      2.0077373E-03
   5617.377      1.9539236E-03
   5620.637      1.8355125E-03
   5623.896      1.6865500E-03
   5627.156      1.5528182E-03
   5630.416      1.4732411E-03
   5633.676      1.4663041E-03
   5636.936      1.5217160E-03
   5640.196      1.6070682E-03
   5643.456      1.6826922E-03
   5646.716      1.7171209E-03
   5649.977      1.6990005E-03
   5653.237      1.6386115E-03
   5656.498      1.5589113E-03
   5659.759      1.4837842E-03
   5663.020      1.4257930E-03
   5666.281      1.3835736E-03
   5669.542      1.3466565E-03
   5672.803      1.3055408E-03
   5676.064      1.2601207E-03
   5679.326      1.2200848E-03
   5682.587      1.2008898E-03
   5685.849      1.2130754E-03
   5689.111      1.2553177E-03
   5692.373      1.3133645E-03
   5695.635      1.3657199E-03
   5698.897      1.3930710E-03
   5702.159      1.3869703E-03
   5705.422      1.3525692E-03
   5708.684      1.3055399E-03
   5711.947      1.2643356E-03
   5715.209      1.2446434E-03
   5718.472      1.2561468E-03
   5721.735      1.2986461E-03
   5724.998      1.3631445E-03
   5728.261      1.4339191E-03
   5731.524      1.4946009E-03
   5734.788      1.5364137E-03
   5738.051      1.5627615E-03
   5741.315      1.5858983E-03
   5744.579      1.6172343E-03
   5747.842      1.6572592E-03
   5751.106      1.6934952E-03
   5754.370      1.7050856E-03
   5757.634      1.6764241E-03
   5760.898      1.6077094E-03
   5764.163      1.5161103E-03
   5767.427      1.4276186E-03
   5770.692      1.3654797E-03
   5773.957      1.3414978E-03
   5777.222      1.3536054E-03
   5780.486      1.3909185E-03
   5783.751      1.4386058E-03
   5787.017      1.4836944E-03
   5790.282      1.5171194E-03
   5793.547      1.5369301E-03
   5796.813      1.5476961E-03
   5800.078      1.5577303E-03
   5803.343      1.5754018E-03
   5806.609      1.6049760E-03
   5809.875      1.6463305E-03
   5813.141      1.6970342E-03
   5816.407      1.7538912E-03
   5819.673      1.8140650E-03
   5822.939      1.8726683E-03
   5826.206      1.9232770E-03
   5829.472      1.9586363E-03
   5832.739      1.9746604E-03
   5836.005      1.9730860E-03
   5839.272      1.9610287E-03
   5842.540      1.9469151E-03
   5845.806      1.9368038E-03
   5849.073      1.9321078E-03
   5852.341      1.9293613E-03
   5855.608      1.9234350E-03
   5858.875      1.9107200E-03
   5862.143      1.8914994E-03
   5865.411      1.8701701E-03
   5868.678      1.8557375E-03
   5871.946      1.8598289E-03
   5875.214      1.8920124E-03
   5878.482      1.9554596E-03
   5881.750      2.0436444E-03
   5885.019      2.1419972E-03
   5888.287      2.2325579E-03
   5891.556      2.3007686E-03
   5894.824      2.3394176E-03
   5898.093      2.3504042E-03
   5901.361      2.3432509E-03
   5904.630      2.3295132E-03
   5907.899      2.3190589E-03
   5911.168      2.3130018E-03
   5914.438      2.3044962E-03
   5917.707      2.2834921E-03
   5920.977      2.2446753E-03
   5924.246      2.1936167E-03
   5927.516      2.1436976E-03
   5930.785      2.1107511E-03
   5934.055      2.1064593E-03
   5937.325      2.1353366E-03
   5940.595      2.1934123E-03
   5943.865      2.2716818E-03
   5947.135      2.3557919E-03
   5950.406      2.4281573E-03
   5953.676      2.4708146E-03
   5956.946      2.4706535E-03
   5960.217      2.4239423E-03
   5963.488      2.3387531E-03
   5966.759      2.2346850E-03
   5970.029      2.1354174E-03
   5973.300      2.0624031E-03
   5976.572      2.0301724E-03
   5979.843      2.0418148E-03
   5983.114      2.0906792E-03
   5986.386      2.1620546E-03
   5989.657      2.2388317E-03
   5992.929      2.3067780E-03
   5996.200      2.3585707E-03
   5999.472      2.3957063E-03
   6002.744      2.4247800E-03
   6006.016      2.4555211E-03
   6009.288      2.4959012E-03
   6012.561      2.5494022E-03
   6015.833      2.6124050E-03
   6019.105      2.6755957E-03
   6022.378      2.7286308E-03
   6025.650      2.7642357E-03
   6028.923      2.7823108E-03
   6032.196      2.7901907E-03
   6035.469      2.7985878E-03
   6038.742      2.8166664E-03
   6042.015      2.8485714E-03
   6045.288      2.8910642E-03
   6048.561      2.9334459E-03
   6051.834      2.9636186E-03
   6055.108      2.9727956E-03
   6058.382      2.9604677E-03
   6061.655      2.9352240E-03
   6064.929      2.9113416E-03
   6068.203      2.9014342E-03
   6071.477      2.9111844E-03
   6074.751      2.9380820E-03
   6078.025      2.9744003E-03
   6081.299      3.0127426E-03
   6084.574      3.0487764E-03
   6087.848      3.0815280E-03
   6091.123      3.1118342E-03
   6094.397      3.1397243E-03
   6097.672      3.1661317E-03
   6100.947      3.1932725E-03
   6104.222      3.2253419E-03
   6107.497      3.2679862E-03
   6110.772      3.3245713E-03
   6114.047      3.3943846E-03
   6117.322      3.4719598E-03
   6120.598      3.5493204E-03
   6123.873      3.6177454E-03
   6127.148      3.6720457E-03
   6130.424      3.7110515E-03
   6133.700      3.7369512E-03
   6136.976      3.7540321E-03
   6140.252      3.7657977E-03
   6143.528      3.7738814E-03
   6146.804      3.7775314E-03
   6150.081      3.7740187E-03
   6153.356      3.7613432E-03
   6156.633      3.7402613E-03
   6159.910      3.7143745E-03
   6163.186      3.6911850E-03
   6166.463      3.6796683E-03
   6169.740      3.6860299E-03
   6173.017      3.7138166E-03
   6176.293      3.7627588E-03
   6179.570      3.8295432E-03
   6182.848      3.9101429E-03
   6186.125      3.9991522E-03
   6189.402      4.0911287E-03
   6192.680      4.1825026E-03
   6195.957      4.2740609E-03
   6199.235      4.3701907E-03
   6202.512      4.4767875E-03
   6205.790      4.5950762E-03
   6209.068      4.7194846E-03
   6212.346      4.8392774E-03
   6215.624      4.9429457E-03
   6218.902      5.0235069E-03
   6222.181      5.0795674E-03
   6225.459      5.1121414E-03
   6228.737      5.1237140E-03
   6232.016      5.1194578E-03
   6235.294      5.1086941E-03
   6238.573      5.1060603E-03
   6241.852      5.1279869E-03
   6245.130      5.1852106E-03
   6248.410      5.2790367E-03
   6251.688      5.4005049E-03
   6254.968      5.5349055E-03
   6258.247      5.6680078E-03
   6261.526      5.7904064E-03
   6264.806      5.8990358E-03
   6268.085      5.9949304E-03
   6271.365      6.0813664E-03
   6274.644      6.1608208E-03
   6277.924      6.2343837E-03
   6281.204      6.3013323E-03
   6284.484      6.3621514E-03
   6287.764      6.4203022E-03
   6291.044      6.4823320E-03
   6294.324      6.5565868E-03
   6297.604      6.6514364E-03
   6300.885      6.7726653E-03
   6304.165      6.9238511E-03
   6307.446      7.1068997E-03
   6310.726      7.3241191E-03
   6314.007      7.5779972E-03
   6317.288      7.8683076E-03
   6320.568      8.1884535E-03
   6323.850      8.5239327E-03
   6327.130      8.8549228E-03
   6330.412      9.1637736E-03
   6333.693      9.4427010E-03
   6336.974      9.6983854E-03
   6340.255      9.9500725E-03
   6343.537      1.0221197E-02
   6346.818      1.0530767E-02
   6350.100      1.0889211E-02
   6353.382      1.1298314E-02
   6356.664      1.1756296E-02
   6359.945      1.2263916E-02
   6363.228      1.2828816E-02
   6366.510      1.3465832E-02
   6369.792      1.4193101E-02
   6373.074      1.5028871E-02
   6376.356      1.5987329E-02
   6379.639      1.7080309E-02
   6382.921      1.8318051E-02
   6386.204      1.9710666E-02
   6389.486      2.1267068E-02
   6392.769      2.2992121E-02
   6396.052      2.4885181E-02
   6399.335      2.6941177E-02
   6402.618      2.9156512E-02
   6405.901      3.1535428E-02
   6409.184      3.4095686E-02
   6412.467      3.6868386E-02
   6415.750      3.9889842E-02
   6419.034      4.3186173E-02
   6422.317      4.6762191E-02
   6425.601      5.0596766E-02
   6428.884      5.4648895E-02
   6432.168      5.8869231E-02
   6435.452      6.3212827E-02
   6438.736      6.7649961E-02
   6442.020      7.2168872E-02
   6445.304      7.6773524E-02
   6448.588      8.1475183E-02
   6451.872      8.6285174E-02
   6455.156      9.1205694E-02
   6458.441      9.6227556E-02
   6461.725      0.1013299    
   6465.010      0.1064858    
   6468.294      0.1116697    
   6471.579      0.1168620    
   6474.864      0.1220509    
   6478.148      0.1272373    
   6481.434      0.1324419    
   6484.718      0.1377124    
   6488.003      0.1431289    
   6491.289      0.1487910    
   6494.574      0.1547983    
   6497.859      0.1612279    
   6501.145      0.1681181    
   6504.430      0.1754673    
   6507.715      0.1832432    
   6511.001      0.1913988    
   6514.287      0.1998979    
   6517.573      0.2087369    
   6520.858      0.2179614    
   6524.145      0.2276692    
   6527.430      0.2380023    
   6530.716      0.2491187    
   6534.002      0.2611632    
   6537.289      0.2742372    
   6540.575      0.2883802    
   6543.861      0.3035707    
   6547.148      0.3197421    
   6550.435      0.3368042    
   6553.721      0.3546634    
   6557.008      0.3732267    
   6560.294      0.3923956    
   6563.582      0.4120601    
   6566.868      0.4320959    
   6570.155      0.4523736    
   6573.442      0.4727655    
   6576.729      0.4931439    
   6580.017      0.5133746    
   6583.304      0.5333048    
   6586.591      0.5527482    
   6589.879      0.5714813    
   6593.167      0.5892510    
   6596.454      0.6057810    
   6599.742      0.6207910    
   6603.029      0.6340230    
   6606.317      0.6452711    
   6609.605      0.6544309    
   6612.893      0.6615203    
   6616.181      0.6666811    
   6619.469      0.6701365    
   6622.757      0.6721343    
   6626.046      0.6728840    
   6629.334      0.6725297    
   6632.623      0.6711426    
   6635.911      0.6687476    
   6639.200      0.6653648    
   6642.488      0.6610615    
   6645.777      0.6559842    
   6649.066      0.6503631    
   6652.354      0.6444717    
   6655.644      0.6385681    
   6658.933      0.6328424    
   6662.222      0.6273984    
   6665.511      0.6222619    
   6668.800      0.6174092    
   6672.089      0.6127846    
   6675.378      0.6083146    
   6678.668      0.6039284    
   6681.958      0.5995821    
   6685.247      0.5952956    
   6688.537      0.5911645    
   6691.826      0.5873422    
   6695.116      0.5839995    
   6698.406      0.5812743    
   6701.696      0.5792401    
   6704.986      0.5778953    
   6708.276      0.5771772    
   6711.566      0.5769874    
   6714.856      0.5772127    
   6718.146      0.5777484    
   6721.437      0.5785103    
   6724.727      0.5794358    
   6728.018      0.5804780    
   6731.308      0.5815935    
   6734.599      0.5827334    
   6737.890      0.5838503    
   6741.180      0.5849205    
   6744.471      0.5859593    
   6747.762      0.5870386    
   6751.053      0.5882609    
   6754.344      0.5897313    
   6757.635      0.5915169    
   6760.926      0.5936199    
   6764.217      0.5959811    
   6767.509      0.5984972    
   6770.800      0.6010475    
   6774.091      0.6035065    
   6777.383      0.6057660    
   6780.674      0.6077372    
   6783.966      0.6093658    
   6787.258      0.6106359    
   6790.550      0.6115677    
   6793.841      0.6122062    
   6797.133      0.6126128    
   6800.425      0.6128527    
   6803.717      0.6129850    
   6807.009      0.6130596    
   6810.301      0.6131136    
   6813.594      0.6131757    
   6816.886      0.6132713    
   6820.178      0.6134193    
   6823.471      0.6136358    
   6826.763      0.6139126    
   6830.056      0.6142141    
   6833.349      0.6144704    
   6836.641      0.6146011    
   6839.934      0.6145423    
   6843.227      0.6142645    
   6846.520      0.6137727    
   6849.813      0.6130784    
   6853.105      0.6121882    
   6856.398      0.6111009    
   6859.692      0.6098323    
   6862.985      0.6084295    
   6866.278      0.6069750    
   6869.571      0.6055713    
   6872.865      0.6043160    
   6876.158      0.6032773    
   6879.452      0.6024784    
   6882.746      0.6018899    
   6886.039      0.6014292    
   6889.333      0.6009769    
   6892.626      0.6003951    
   6895.920      0.5995549    
   6899.214      0.5983597    
   6902.508      0.5967553    
   6905.802      0.5947313    
   6909.096      0.5922992    
   6912.391      0.5894710    
   6915.685      0.5862455    
   6918.979      0.5826050    
   6922.273      0.5785320    
   6925.567      0.5740314    
   6928.862      0.5691457    
   6932.156      0.5639513    
   6935.451      0.5585354    
   6938.746      0.5529662    
   6942.041      0.5472761    
   6945.335      0.5414674    
   6948.630      0.5355309    
   6951.925      0.5294542    
   6955.220      0.5232295    
   6958.515      0.5168415    
   6961.810      0.5102565    
   6965.105      0.5034249    
   6968.400      0.4962941    
   6971.695      0.4888338    
   6974.990      0.4810609    
   6978.286      0.4730530    
   6981.581      0.4649400    
   6984.876      0.4568784    
   6988.172      0.4490205    
   6991.468      0.4414938    
   6994.763      0.4343941    
   6998.059      0.4277878    
   7001.355      0.4217202    
   7004.650      0.4162126    
   7007.946      0.4112696    
   7011.242      0.4068718    
   7014.538      0.4029744    
   7017.834      0.3995105    
   7021.130      0.3964029    
   7024.426      0.3935775    
   7027.723      0.3909745    
   7031.019      0.3885553    
   7034.315      0.3863015    
   7037.612      0.3842181    
   7040.908      0.3823310    
   7044.205      0.3806826    
   7047.501      0.3793173    
   7050.798      0.3782648    
   7054.094      0.3775273    
   7057.391      0.3770748    
   7060.688      0.3768407    
   7063.985      0.3767168    
   7067.282      0.3765476    
   7070.579      0.3761303    
   7073.875      0.3752241    
   7077.172      0.3735726    
   7080.470      0.3709279    
   7083.767      0.3670724    
   7087.064      0.3618303    
   7090.361      0.3550684    
   7093.659      0.3466963    
   7096.956      0.3366717    
   7100.253      0.3250078    
   7103.551      0.3117876    
   7106.848      0.2971761    
   7110.146      0.2814165    
   7113.443      0.2648206    
   7116.741      0.2477398    
   7120.039      0.2305320    
   7123.337      0.2135278    
   7126.635      0.1970109    
   7129.933      0.1812050    
   7133.230      0.1662732    
   7136.528      0.1523157    
   7139.827      0.1393733    
   7143.125      0.1274365    
   7146.423      0.1164631    
   7149.721      0.1063968    
   7153.020      9.7182788E-02
   7156.318      8.8775665E-02
   7159.616      8.1132762E-02
   7162.915      7.4208528E-02
   7166.213      6.7948483E-02
   7169.511      6.2294059E-02
   7172.810      5.7191793E-02
   7176.109      5.2600518E-02
   7179.407      4.8491411E-02
   7182.706      4.4841327E-02
   7186.005      4.1622236E-02
   7189.304      3.8795859E-02
   7192.603      3.6314651E-02
   7195.901      3.4126509E-02
   7199.200      3.2179482E-02
   7202.500      3.0425457E-02
   7205.799      2.8821439E-02
   7209.098      2.7331233E-02
   7212.397      2.5928387E-02
   7215.696      2.4597747E-02
   7218.995      2.3335796E-02
   7222.295      2.2148622E-02
   7225.594      2.1046584E-02
   7228.894      2.0037942E-02
   7232.193      1.9123778E-02
   7235.493      1.8296394E-02
   7238.792      1.7542936E-02
   7242.092      1.6851142E-02
   7245.392      1.6214643E-02
   7248.691      1.5633298E-02
   7251.991      1.5111057E-02
   7255.291      1.4650716E-02
   7258.590      1.4251216E-02
   7261.891      1.3906654E-02
   7265.190      1.3606247E-02
   7268.490      1.3338063E-02
   7271.791      1.3090434E-02
   7275.090      1.2854168E-02
   7278.391      1.2623156E-02
   7281.691      1.2393506E-02
   7284.991      1.2162325E-02
   7288.292      1.1928084E-02
   7291.591      1.1691717E-02
   7294.892      1.1457633E-02
   7298.192      1.1234229E-02
   7301.493      1.1030626E-02
   7304.793      1.0852039E-02
   7308.094      1.0696305E-02
   7311.395      1.0554176E-02
   7314.695      1.0412975E-02
   7317.996      1.0262015E-02
   7321.296      1.0097620E-02
   7324.597      9.9234013E-03
   7327.898      9.7485660E-03
   7331.199      9.5829628E-03
   7334.500      9.4337352E-03
   7337.801      9.3034627E-03
   7341.102      9.1906991E-03
   7344.403      9.0933703E-03
   7347.704      9.0104463E-03
   7351.005      8.9423526E-03
   7354.306      8.8897115E-03
   7357.607      8.8512031E-03
   7360.909      8.8226050E-03
   7364.210      8.7979939E-03
   7367.511      8.7715304E-03
   7370.813      8.7393653E-03
   7374.114      8.7002171E-03
   7377.416      8.6541167E-03
   7380.717      8.6014187E-03
   7384.019      8.5413139E-03
   7387.320      8.4720571E-03
   7390.622      8.3896834E-03
   7393.924      8.2890457E-03
   7397.226      8.1652086E-03
   7400.527      8.0158645E-03
   7403.829      7.8416346E-03
   7407.131      7.6448177E-03
   7410.433      7.4287564E-03
   7413.735      7.1965344E-03
   7417.037      6.9523412E-03
   7420.339      6.7009754E-03
   7423.641      6.4484221E-03
   7426.943      6.2012514E-03
   7430.245      5.9654769E-03
   7433.547      5.7467292E-03
   7436.850      5.5493130E-03
   7440.152      5.3759785E-03
   7443.454      5.2277101E-03
   7446.756      5.1039136E-03
   7450.059      5.0013596E-03
   7453.361      4.9140402E-03
   7456.664      4.8350049E-03
   7459.966      4.7581326E-03
   7463.269      4.6813665E-03
   7466.571      4.6063950E-03
   7469.874      4.5357519E-03
   7473.176      4.4706687E-03
   7476.479      4.4108084E-03
   7479.782      4.3554343E-03
   7483.085      4.3044467E-03
   7486.388      4.2590159E-03
   7489.690      4.2206063E-03
   7492.993      4.1895029E-03
   7496.296      4.1640294E-03
   7499.599      4.1408148E-03
   7502.902      4.1150306E-03
   7506.205      4.0818439E-03
   7509.508      4.0387576E-03
   7512.812      3.9859838E-03
   7516.115      3.9277319E-03
   7519.417      3.8708874E-03
   7522.721      3.8234189E-03
   7526.024      3.7911327E-03
   7529.328      3.7756311E-03
   7532.631      3.7733309E-03
   7535.934      3.7754807E-03
   7539.237      3.7716003E-03
   7542.541      3.7523019E-03
   7545.844      3.7115728E-03
   7549.148      3.6493349E-03
   7552.452      3.5705641E-03
   7555.755      3.4838966E-03
   7559.059      3.3987609E-03
   7562.362      3.3224206E-03
   7565.666      3.2598418E-03
   7568.970      3.2129241E-03
   7572.273      3.1819558E-03
   7575.577      3.1654791E-03
   7578.881      3.1590872E-03
   7582.185      3.1556659E-03
   7585.489      3.1462256E-03
   7588.793      3.1228117E-03
   7592.097      3.0829164E-03
   7595.401      3.0315174E-03
   7598.705      2.9795533E-03
   7602.009      2.9389304E-03
   7605.313      2.9179191E-03
   7608.617      2.9184176E-03
   7611.921      2.9350787E-03
   7615.226      2.9591008E-03
   7618.530      2.9806648E-03
   7621.834      2.9922284E-03
   7625.138      2.9913634E-03
   7628.442      2.9810292E-03
   7631.747      2.9686703E-03
   7635.051      2.9633841E-03
   7638.355      2.9714906E-03
   7641.660      2.9934465E-03
   7644.965      3.0213899E-03
   7648.269      3.0421903E-03
   7651.574      3.0418893E-03
   7654.878      3.0126865E-03
   7658.183      2.9575604E-03
   7661.488      2.8883205E-03
   7664.792      2.8209756E-03
   7668.097      2.7685750E-03
   7671.402      2.7361268E-03
   7674.707      2.7209634E-03
   7678.011      2.7148752E-03
   7681.316      2.7100209E-03
   7684.621      2.7028301E-03
   7687.926      2.6943646E-03
   7691.231      2.6886503E-03
   7694.536      2.6888938E-03
   7697.841      2.6948124E-03
   7701.146      2.7022506E-03
   7704.451      2.7043007E-03
   7707.756      2.6938603E-03
   7711.061      2.6667230E-03
   7714.366      2.6227515E-03
   7717.671      2.5675457E-03
   7720.976      2.5087663E-03
   7724.281      2.4545055E-03
   7727.587      2.4077408E-03
   7730.892      2.3659596E-03
   7734.197      2.3218740E-03
   7737.502      2.2664713E-03
   7740.808      2.1926395E-03
   7744.113      2.0999634E-03
   7747.419      1.9950834E-03
   7750.724      1.8910663E-03
   7754.030      1.8029518E-03
   7757.335      1.7426258E-03
   7760.641      1.7152420E-03
   7763.946      1.7204056E-03
   7767.251      1.7542058E-03
   7770.557      1.8119614E-03
   7773.863      1.8873279E-03
   7777.168      1.9729324E-03
   7780.474      2.0582897E-03
   7783.780      2.1308211E-03
   7787.085      2.1783190E-03
   7790.392      2.1931261E-03
   7793.697      2.1753262E-03
   7797.003      2.1342719E-03
   7800.309      2.0865230E-03
   7803.615      2.0497085E-03
   7806.920      2.0356940E-03
   7810.227      2.0455781E-03
   7813.532      2.0686546E-03
   7816.838      2.0866699E-03
   7820.145      2.0819996E-03
   7823.450      2.0458905E-03
   7826.756      1.9818386E-03
   7830.063      1.9045231E-03
   7833.368      1.8329804E-03
   7836.674      1.7816409E-03
   7839.980      1.7565162E-03
   7843.287      1.7535118E-03
   7846.593      1.7634991E-03
   7849.899      1.7753767E-03
   7853.206      1.7829752E-03
   7856.512      1.7845228E-03
   7859.818      1.7835250E-03
   7863.124      1.7840395E-03
   7866.431      1.7893583E-03
   7869.737      1.7989170E-03
   7873.043      1.8088069E-03
   7876.350      1.8130484E-03
   7879.656      1.8071627E-03
   7882.962      1.7925679E-03
   7886.269      1.7773171E-03
   7889.575      1.7732898E-03
   7892.882      1.7916599E-03
   7896.188      1.8353560E-03
   7899.495      1.8974110E-03
   7902.801      1.9622722E-03
   7906.108      2.0122237E-03
   7909.415      2.0335109E-03
   7912.721      2.0215504E-03
   7916.028      1.9824072E-03
   7919.334      1.9294953E-03
   7922.641      1.8792356E-03
   7925.948      1.8452952E-03
   7929.254      1.8365723E-03
   7932.561      1.8538183E-03
   7935.868      1.8909496E-03
   7939.175      1.9345204E-03
   7942.481      1.9666953E-03
   7945.789      1.9697638E-03
   7949.095      1.9328910E-03
   7952.402      1.8595273E-03
   7955.709      1.7663864E-03
   7959.016      1.6779923E-03
   7962.323      1.6142559E-03
   7965.629      1.5810096E-03
   7968.937      1.5712156E-03
   7972.244      1.5707570E-03
   7975.550      1.5681704E-03
   7978.857      1.5585300E-03
   7982.165      1.5435005E-03
   7985.472      1.5265330E-03
   7988.778      1.5096677E-03
   7992.085      1.4929305E-03
   7995.393      1.4747047E-03
   7998.700      1.4523832E-03
   8002.007      1.4248822E-03
   8005.314      1.3925197E-03
   8008.622      1.3572738E-03
   8011.929      1.3230995E-03
   8015.236      1.2949551E-03
   8018.543      1.2789344E-03
   8021.850      1.2791598E-03
   8025.157      1.2970597E-03
   8028.464      1.3317013E-03
   8031.772      1.3831058E-03
   8035.079      1.4511633E-03
   8038.387      1.5331610E-03
   8041.694      1.6194462E-03
   8045.001      1.6925180E-03
   8048.309      1.7308521E-03
   8051.616      1.7199039E-03
   8054.923      1.6636285E-03
   8058.230      1.5880377E-03
   8061.538      1.5316504E-03
   8064.846      1.5271960E-03
   8068.153      1.5844799E-03
   8071.460      1.6869055E-03
   8074.768      1.7986585E-03
   8078.075      1.8827318E-03
   8081.383      1.9152596E-03
   8084.690      1.8923958E-03
   8087.998      1.8289583E-03
   8091.305      1.7502792E-03
   8094.613      1.6819967E-03
   8097.920      1.6398528E-03
   8101.228      1.6278157E-03
   8104.536      1.6373413E-03
   8107.843      1.6556922E-03
   8111.151      1.6698570E-03
   8114.458      1.6714520E-03
   8117.766      1.6590622E-03
   8121.074      1.6391195E-03
   8124.381      1.6222086E-03
   8127.689      1.2584180E-03
   8130.997      1.2190528E-03
   8134.305      1.1796877E-03
   8137.612      1.1403225E-03
   8140.920      1.1009611E-03
   8144.228      1.0615960E-03
   8147.536      1.0222308E-03
   8150.843      9.8286569E-04
   8154.151      9.4350055E-04
   8157.459      9.0413913E-04
   8160.767      8.6477399E-04
   8164.074      8.2540885E-04
   8167.382      7.8604370E-04
   8170.690      7.4668229E-04
   8173.998      7.0731714E-04
   8177.306      6.6795200E-04
