   7895.003      6.2385425E-03
   7895.263      6.5420102E-03
   7895.524      6.9345976E-03
   7895.784      7.4087749E-03
   7896.044      7.9405066E-03
   7896.305      8.4910234E-03
   7896.565      9.0155648E-03
   7896.825      9.4763944E-03
   7897.086      9.8537933E-03
   7897.346      1.0149490E-02
   7897.606      1.0381394E-02
   7897.867      1.0573507E-02
   7898.127      1.0746283E-02
   7898.388      1.0911405E-02
   7898.648      1.1071309E-02
   7898.908      1.1222647E-02
   7899.169      1.1361668E-02
   7899.429      1.1487855E-02
   7899.689      1.1606033E-02
   7899.950      1.1723736E-02
   7900.210      1.1848564E-02
   7900.471      1.1984689E-02
   7900.731      1.2132191E-02
   7900.991      1.2287989E-02
   7901.252      1.2448042E-02
   7901.512      1.2610355E-02
   7901.772      1.2775324E-02
   7902.033      1.2945277E-02
   7902.293      1.3121970E-02
   7902.554      1.3305319E-02
   7902.814      1.3493665E-02
   7903.075      1.3685328E-02
   7903.335      1.3879863E-02
   7903.595      1.4077863E-02
   7903.856      1.4279853E-02
   7904.116      1.4485029E-02
   7904.376      1.4691482E-02
   7904.637      1.4897494E-02
   7904.897      1.5102386E-02
   7905.158      1.5307154E-02
   7905.418      1.5513159E-02
   7905.679      1.5720662E-02
   7905.939      1.5927995E-02
   7906.200      1.6132306E-02
   7906.460      1.6332144E-02
   7906.721      1.6528573E-02
   7906.981      1.6725669E-02
   7907.241      1.6928745E-02
   7907.502      1.7142702E-02
   7907.762      1.7370246E-02
   7908.023      1.7611701E-02
   7908.283      1.7864933E-02
   7908.543      1.8126452E-02
   7908.804      1.8392595E-02
   7909.064      1.8660150E-02
   7909.325      1.8927520E-02
   7909.585      1.9194243E-02
   7909.846      1.9461140E-02
   7910.106      1.9729745E-02
   7910.367      2.0002309E-02
   7910.627      2.0282092E-02
   7910.888      2.0572776E-02
   7911.148      2.0877261E-02
   7911.409      2.1196563E-02
   7911.669      2.1528983E-02
   7911.930      2.1870522E-02
   7912.190      2.2215918E-02
   7912.451      2.2560664E-02
   7912.711      2.2902116E-02
   7912.972      2.3239832E-02
   7913.232      2.3575788E-02
   7913.493      2.3913402E-02
   7913.753      2.4255764E-02
   7914.014      2.4604484E-02
   7914.274      2.4958819E-02
   7914.535      2.5317078E-02
   7914.795      2.5678631E-02
   7915.056      2.6044585E-02
   7915.316      2.6418226E-02
   7915.577      2.6803011E-02
   7915.837      2.7200757E-02
   7916.098      2.7610315E-02
   7916.358      2.8027404E-02
   7916.619      2.8446719E-02
   7916.879      2.8865732E-02
   7917.140      2.9286705E-02
   7917.400      2.9716786E-02
   7917.661      3.0164346E-02
   7917.921      3.0633664E-02
   7918.182      3.1123394E-02
   7918.442      3.1627323E-02
   7918.703      3.2138582E-02
   7918.963      3.2653477E-02
   7919.224      3.3172533E-02
   7919.485      3.3699922E-02
   7919.745      3.4240395E-02
   7920.006      3.4798175E-02
   7920.266      3.5375006E-02
   7920.527      3.5970576E-02
   7920.788      3.6582444E-02
   7921.048      3.7206583E-02
   7921.309      3.7837669E-02
   7921.569      3.8470037E-02
   7921.830      3.9098132E-02
   7922.090      3.9719503E-02
   7922.351      4.0335458E-02
   7922.611      4.0951539E-02
   7922.872      4.1576561E-02
   7923.133      4.2219784E-02
   7923.393      4.2888362E-02
   7923.654      4.3585233E-02
   7923.915      4.4307847E-02
   7924.175      4.5049522E-02
   7924.436      4.5802750E-02
   7924.696      4.6562344E-02
   7924.957      4.7328740E-02
   7925.217      4.8107509E-02
   7925.478      4.8906717E-02
   7925.738      4.9731974E-02
   7925.999      5.0583605E-02
   7926.260      5.1456906E-02
   7926.521      5.2345250E-02
   7926.781      5.3243361E-02
   7927.042      5.4149341E-02
   7927.302      5.5063475E-02
   7927.563      5.5987146E-02
   7927.823      5.6920975E-02
   7928.084      5.7865366E-02
   7928.345      5.8822166E-02
   7928.605      5.9795327E-02
   7928.866      6.0790386E-02
   7929.126      6.1812576E-02
   7929.387      6.2864982E-02
   7929.648      6.3947648E-02
   7929.908      6.5058485E-02
   7930.169      6.6194296E-02
   7930.430      6.7354240E-02
   7930.690      6.8539590E-02
   7930.951      6.9752917E-02
   7931.211      7.0995249E-02
   7931.472      7.2265029E-02
   7931.733      7.3558196E-02
   7931.994      7.4870884E-02
   7932.254      7.6201819E-02
   7932.515      7.7553630E-02
   7932.775      7.8931630E-02
   7933.036      8.0341063E-02
   7933.297      8.1783727E-02
   7933.558      8.3256982E-02
   7933.818      8.4755868E-02
   7934.079      8.6274996E-02
   7934.339      8.7812111E-02
   7934.600      8.9368835E-02
   7934.861      9.0950735E-02
   7935.122      9.2564136E-02
   7935.382      9.4214596E-02
   7935.643      9.5904633E-02
   7935.904      9.7634800E-02
   7936.165      9.9404454E-02
   7936.425      0.1012150    
   7936.686      0.1030701    
   7936.946      0.1049742    
   7937.207      0.1069283    
   7937.468      0.1089287    
   7937.729      0.1109662    
   7937.989      0.1130305    
   7938.250      0.1151133    
   7938.511      0.1172109    
   7938.771      0.1193251    
   7939.032      0.1214609    
   7939.293      0.1236249    
   7939.554      0.1258223    
   7939.814      0.1280560    
   7940.075      0.1303268    
   7940.336      0.1326342    
   7940.597      0.1349779    
   7940.857      0.1373597    
   7941.118      0.1397840    
   7941.378      0.1422580    
   7941.639      0.1447899    
   7941.900      0.1473879    
   7942.161      0.1500576    
   7942.421      0.1527987    
   7942.682      0.1556038    
   7942.943      0.1584597    
   7943.204      0.1613500    
   7943.465      0.1642615    
   7943.726      0.1671879    
   7943.986      0.1701324    
   7944.247      0.1731073    
   7944.508      0.1761276    
   7944.769      0.1792056    
   7945.029      0.1823462    
   7945.290      0.1855465    
   7945.551      0.1888006    
   7945.812      0.1921024    
   7946.072      0.1954493    
   7946.333      0.1988444    
   7946.594      0.2022945    
   7946.854      0.2058059    
   7947.115      0.2093809    
   7947.376      0.2130142    
   7947.637      0.2166926    
   7947.898      0.2203999    
   7948.159      0.2241233    
   7948.419      0.2278605    
   7948.680      0.2316212    
   7948.941      0.2354255    
   7949.202      0.2392943    
   7949.462      0.2432413    
   7949.723      0.2472671    
   7949.984      0.2513581    
   7950.245      0.2554948    
   7950.506      0.2596609    
   7950.767      0.2638515    
   7951.027      0.2680750    
   7951.288      0.2723480    
   7951.549      0.2766868    
   7951.810      0.2810951    
   7952.071      0.2855625    
   7952.332      0.2900695    
   7952.592      0.2945979    
   7952.853      0.2991409    
   7953.114      0.3037045    
   7953.375      0.3083030    
   7953.636      0.3129514    
   7953.896      0.3176579    
   7954.157      0.3224217    
   7954.418      0.3272350    
   7954.679      0.3320891    
   7954.940      0.3369800    
   7955.201      0.3419087    
   7955.461      0.3468759    
   7955.723      0.3518779    
   7955.983      0.3569050    
   7956.244      0.3619446    
   7956.505      0.3669886    
   7956.766      0.3720404    
   7957.027      0.3771144    
   7957.288      0.3822303    
   7957.548      0.3873995    
   7957.810      0.3926172    
   7958.070      0.3978646    
   7958.331      0.4031178    
   7958.592      0.4083618    
   7958.853      0.4135987    
   7959.114      0.4188437    
   7959.375      0.4241119    
   7959.636      0.4294065    
   7959.896      0.4347154    
   7960.157      0.4400167    
   7960.418      0.4452936    
   7960.679      0.4505431    
   7960.940      0.4557801    
   7961.201      0.4610297    
   7961.462      0.4663136    
   7961.723      0.4716393    
   7961.984      0.4769975    
   7962.245      0.4823687    
   7962.505      0.4877271    
   7962.767      0.4930498    
   7963.027      0.4983187    
   7963.289      0.5035228    
   7963.549      0.5086606    
   7963.810      0.5137430    
   7964.071      0.5187916    
   7964.332      0.5238334    
   7964.593      0.5288927    
   7964.854      0.5339814    
   7965.115      0.5390966    
   7965.376      0.5442228    
   7965.637      0.5493396    
   7965.897      0.5544282    
   7966.159      0.5594765    
   7966.419      0.5644819    
   7966.681      0.5694478    
   7966.941      0.5743803    
   7967.203      0.5792834    
   7967.463      0.5841529    
   7967.725      0.5889785    
   7967.985      0.5937479    
   7968.246      0.5984591    
   7968.507      0.6031200    
   7968.768      0.6077452    
   7969.029      0.6123452    
   7969.290      0.6169164    
   7969.551      0.6214372    
   7969.812      0.6258768    
   7970.073      0.6302053    
   7970.334      0.6344103    
   7970.595      0.6385049    
   7970.856      0.6425260    
   7971.117      0.6465194    
   7971.378      0.6505194    
   7971.639      0.6545362    
   7971.900      0.6585537    
   7972.161      0.6625412    
   7972.422      0.6664685    
   7972.683      0.6703171    
   7972.944      0.6740831    
   7973.205      0.6777769    
   7973.466      0.6814126    
   7973.727      0.6849997    
   7973.988      0.6885403    
   7974.249      0.6920303    
   7974.510      0.6954677    
   7974.771      0.6988580    
   7975.032      0.7022122    
   7975.293      0.7055383    
   7975.554      0.7088313    
   7975.815      0.7120706    
   7976.076      0.7152251    
   7976.337      0.7182691    
   7976.598      0.7211912    
   7976.859      0.7240012    
   7977.121      0.7267243    
   7977.381      0.7293895    
   7977.643      0.7320201    
   7977.904      0.7346251    
   7978.165      0.7372003    
   7978.426      0.7397351    
   7978.687      0.7422167    
   7978.948      0.7446360    
   7979.209      0.7469914    
   7979.470      0.7492886    
   7979.731      0.7515349    
   7979.992      0.7537321    
   7980.253      0.7558727    
   7980.514      0.7579437    
   7980.775      0.7599319    
   7981.036      0.7618305    
   7981.297      0.7636388    
   7981.559      0.7653650    
   7981.819      0.7670235    
   7982.081      0.7686360    
   7982.342      0.7702310    
   7982.603      0.7718357    
   7982.864      0.7734683    
   7983.125      0.7751290    
   7983.386      0.7767959    
   7983.647      0.7784368    
   7983.908      0.7800167    
   7984.169      0.7815101    
   7984.431      0.7829057    
   7984.691      0.7842035    
   7984.953      0.7854103    
   7985.214      0.7865408    
   7985.475      0.7876146    
   7985.736      0.7886534    
   7985.997      0.7896737    
   7986.258      0.7906836    
   7986.520      0.7916844    
   7986.781      0.7926724    
   7987.042      0.7936401    
   7987.303      0.7945798    
   7987.564      0.7954873    
   7987.825      0.7963645    
   7988.086      0.7972189    
   7988.347      0.7980583    
   7988.608      0.7988870    
   7988.870      0.7997011    
   7989.131      0.8004932    
   7989.392      0.8012551    
   7989.653      0.8019860    
   7989.914      0.8026931    
   7990.175      0.8033919    
   7990.437      0.8041006    
   7990.698      0.8048339    
   7990.959      0.8055936    
   7991.220      0.8063675    
   7991.481      0.8071297    
   7991.742      0.8078477    
   7992.003      0.8084900    
   7992.265      0.8090357    
   7992.526      0.8094822    
   7992.787      0.8098465    
   7993.048      0.8101603    
   7993.310      0.8104602    
   7993.570      0.8107777    
   7993.832      0.8111294    
   7994.093      0.8115181    
   7994.354      0.8119327    
   7994.615      0.8123572    
   7994.876      0.8127709    
   7995.138      0.8131593    
   7995.399      0.8135179    
   7995.660      0.8138546    
   7995.921      0.8141847    
   7996.183      0.8145236    
   7996.444      0.8148789    
   7996.705      0.8152468    
   7996.966      0.8156120    
   7997.228      0.8159538    
   7997.488      0.8162519    
   7997.750      0.8164933    
   7998.011      0.8166748    
   7998.272      0.8168026    
   7998.533      0.8168871    
   7998.794      0.8169364    
   7999.056      0.8169553    
   7999.317      0.8169498    
   7999.578      0.8169347    
   7999.839      0.8169340    
   8000.101      0.8169766    
   8000.362      0.8170801    
   8000.623      0.8172432    
   8000.885      0.8174424    
   8001.146      0.8176437    
   8001.407      0.8178151    
   8001.668      0.8179318    
   8001.930      0.8179731    
   8002.191      0.8179251    
   8002.452      0.8177839    
   8002.713      0.8175678    
   8002.975      0.8173197    
   8003.236      0.8170966    
   8003.497      0.8169518    
   8003.758      0.8169166    
   8004.020      0.8169918    
   8004.281      0.8171516    
   8004.542      0.8173563    
   8004.803      0.8175653    
   8005.065      0.8177490    
   8005.326      0.8178915    
   8005.587      0.8179883    
   8005.849      0.8180410    
   8006.110      0.8180496    
   8006.371      0.8180104    
   8006.632      0.8179197    
   8006.894      0.8177807    
   8007.155      0.8176076    
   8007.417      0.8174205    
   8007.678      0.8172401    
   8007.939      0.8170786    
   8008.200      0.8169387    
   8008.461      0.8168176    
   8008.723      0.8167060    
   8008.984      0.8165944    
   8009.246      0.8164748    
   8009.507      0.8163425    
   8009.768      0.8161994    
   8010.029      0.8160521    
   8010.291      0.8159123    
   8010.552      0.8157895    
   8010.813      0.8156878    
   8011.075      0.8156024    
   8011.336      0.8155167    
   8011.598      0.8154101    
   8011.859      0.8152727    
   8012.120      0.8151109    
   8012.381      0.8149453    
   8012.643      0.8147950    
   8012.904      0.8146605    
   8013.166      0.8145213    
   8013.427      0.8143472    
   8013.688      0.8141196    
   8013.950      0.8138455    
   8014.211      0.8135521    
   8014.472      0.8132712    
   8014.734      0.8130119    
   8014.995      0.8127576    
   8015.256      0.8124697    
   8015.518      0.8121108    
   8015.779      0.8116656    
   8016.041      0.8111510    
   8016.302      0.8106096    
   8016.563      0.8100869    
   8016.825      0.8096123    
   8017.086      0.8091889    
   8017.348      0.8087975    
   8017.609      0.8084100    
   8017.870      0.8080039    
   8018.131      0.8075713    
   8018.393      0.8071202    
   8018.654      0.8066719    
   8018.916      0.8062494    
   8019.177      0.8058731    
   8019.438      0.8055518    
   8019.700      0.8052821    
   8019.961      0.8050493    
   8020.223      0.8048308    
   8020.484      0.8046042    
   8020.746      0.8043482    
   8021.007      0.8040506    
   8021.269      0.8037086    
   8021.530      0.8033301    
   8021.792      0.8029270    
   8022.053      0.8025131    
   8022.314      0.8020943    
   8022.576      0.8016675    
   8022.837      0.8012221    
   8023.099      0.8007469    
   8023.360      0.8002387    
   8023.621      0.7997024    
   8023.883      0.7991470    
   8024.144      0.7985787    
   8024.406      0.7980000    
   8024.667      0.7974122    
   8024.929      0.7968222    
   8025.190      0.7962503    
   8025.452      0.7957248    
   8025.713      0.7952715    
   8025.975      0.7948957    
   8026.236      0.7945735    
   8026.497      0.7942610    
   8026.759      0.7939091    
   8027.020      0.7934896    
   8027.282      0.7930044    
   8027.543      0.7924799    
   8027.805      0.7919524    
   8028.066      0.7914546    
   8028.328      0.7910047    
   8028.589      0.7906066    
   8028.851      0.7902512    
   8029.112      0.7899212    
   8029.374      0.7895979    
   8029.635      0.7892587    
   8029.896      0.7888819    
   8030.158      0.7884501    
   8030.419      0.7879591    
   8030.681      0.7874229    
   8030.942      0.7868724    
   8031.204      0.7863438    
   8031.465      0.7858642    
   8031.727      0.7854422    
   8031.989      0.7850676    
   8032.250      0.7847224    
   8032.512      0.7843934    
   8032.773      0.7840747    
   8033.035      0.7837679    
   8033.296      0.7834702    
   8033.558      0.7831713    
   8033.819      0.7828537    
   8034.081      0.7825040    
   8034.342      0.7821199    
   8034.604      0.7817121    
   8034.865      0.7812979    
   8035.127      0.7808924    
   8035.388      0.7805046    
   8035.650      0.7801389    
   8035.912      0.7797953    
   8036.173      0.7794748    
   8036.435      0.7791793    
   8036.696      0.7789117    
   8036.958      0.7786744    
   8037.219      0.7784657    
   8037.481      0.7782785    
   8037.742      0.7780978    
   8038.004      0.7779070    
   8038.266      0.7776950    
   8038.527      0.7774639    
   8038.789      0.7772294    
   8039.050      0.7770118    
   8039.312      0.7768225    
   8039.573      0.7766541    
   8039.835      0.7764813    
   8040.097      0.7762750    
   8040.358      0.7760183    
   8040.620      0.7757146    
   8040.881      0.7753846    
   8041.143      0.7750525    
   8041.404      0.7747366    
   8041.666      0.7744458    
   8041.928      0.7741843    
   8042.189      0.7739580    
   8042.451      0.7737798    
   8042.712      0.7736669    
   8042.974      0.7736267    
   8043.235      0.7736488    
   8043.497      0.7736999    
   8043.759      0.7737312    
   8044.021      0.7736964    
   8044.282      0.7735670    
   8044.543      0.7733383    
   8044.805      0.7730330    
   8045.067      0.7726902    
   8045.329      0.7723551    
   8045.590      0.7720615    
   8045.852      0.7718228    
   8046.113      0.7716286    
   8046.375      0.7714531    
   8046.637      0.7712676    
   8046.898      0.7710544    
   8047.160      0.7708050    
   8047.421      0.7705201    
   8047.683      0.7702050    
   8047.945      0.7698707    
   8048.207      0.7695286    
   8048.468      0.7691863    
   8048.730      0.7688451    
   8048.992      0.7684953    
   8049.253      0.7681222    
   8049.515      0.7677130    
   8049.776      0.7672614    
   8050.038      0.7667710    
   8050.300      0.7662556    
   8050.562      0.7657314    
   8050.823      0.7652169    
   8051.085      0.7647262    
   8051.347      0.7642682    
   8051.608      0.7638419    
   8051.870      0.7634405    
   8052.131      0.7630524    
   8052.393      0.7626606    
   8052.655      0.7622463    
   8052.917      0.7617897    
   8053.178      0.7612692    
   8053.440      0.7606651    
   8053.702      0.7599667    
   8053.963      0.7591815    
   8054.225      0.7583376    
   8054.487      0.7574726    
   8054.749      0.7566190    
   8055.010      0.7557933    
   8055.272      0.7549904    
   8055.534      0.7541931    
   8055.795      0.7533740    
   8056.057      0.7525067    
   8056.319      0.7515671    
   8056.581      0.7505373    
   8056.842      0.7494089    
   8057.104      0.7481869    
   8057.366      0.7468872    
   8057.627      0.7455305    
   8057.889      0.7441403    
   8058.151      0.7427410    
   8058.413      0.7413514    
   8058.674      0.7399795    
   8058.936      0.7386169    
   8059.198      0.7372352    
   8059.459      0.7357962    
   8059.721      0.7342646    
   8059.983      0.7326205    
   8060.245      0.7308643    
   8060.506      0.7290088    
   8060.769      0.7270654    
   8061.030      0.7250383    
   8061.292      0.7229258    
   8061.554      0.7207243    
   8061.815      0.7184311    
   8062.077      0.7160506    
   8062.339      0.7135916    
   8062.601      0.7110694    
   8062.862      0.7085006    
   8063.124      0.7059013    
   8063.386      0.7032826    
   8063.648      0.7006472    
   8063.910      0.6979873    
   8064.171      0.6952868    
   8064.433      0.6925247    
   8064.695      0.6896815    
   8064.957      0.6867443    
   8065.218      0.6837062    
   8065.480      0.6805674    
   8065.742      0.6773334    
   8066.004      0.6740101    
   8066.266      0.6706033    
   8066.527      0.6671199    
   8066.790      0.6635669    
   8067.051      0.6599537    
   8067.313      0.6562889    
   8067.575      0.6525791    
   8067.836      0.6488287    
   8068.098      0.6450403    
   8068.360      0.6412136    
   8068.622      0.6373476    
   8068.884      0.6334350    
   8069.146      0.6294640    
   8069.408      0.6254183    
   8069.669      0.6212806    
   8069.931      0.6170396    
   8070.193      0.6126935    
   8070.455      0.6082525    
   8070.717      0.6037366    
   8070.979      0.5991678    
   8071.240      0.5945602    
   8071.502      0.5899188    
   8071.764      0.5852395    
   8072.026      0.5805142    
   8072.288      0.5757362    
   8072.550      0.5709065    
   8072.812      0.5660316    
   8073.073      0.5611200    
   8073.335      0.5561700    
   8073.597      0.5511699    
   8073.859      0.5461076    
   8074.121      0.5409809    
   8074.383      0.5358036    
   8074.645      0.5306022    
   8074.906      0.5253981    
   8075.168      0.5201987    
   8075.430      0.5149907    
   8075.692      0.5097488    
   8075.954      0.5044504    
   8076.216      0.4990887    
   8076.478      0.4936758    
   8076.740      0.4882395    
   8077.001      0.4828123    
   8077.264      0.4774201    
   8077.525      0.4720767    
   8077.787      0.4667830    
   8078.049      0.4615275    
   8078.311      0.4562919    
   8078.573      0.4510528    
   8078.835      0.4457865    
   8079.097      0.4404750    
   8079.359      0.4351109    
   8079.621      0.4297002    
   8079.882      0.4242582    
   8080.145      0.4188010    
   8080.406      0.4133364    
   8080.668      0.4078618    
   8080.930      0.4023704    
   8081.192      0.3968645    
   8081.454      0.3913625    
   8081.716      0.3858955    
   8081.978      0.3804965    
   8082.240      0.3751890    
   8082.502      0.3699801    
   8082.764      0.3648602    
   8083.026      0.3598109    
   8083.288      0.3548079    
   8083.550      0.3498276    
   8083.812      0.3448524    
   8084.074      0.3398741    
   8084.335      0.3348950    
   8084.598      0.3299246    
   8084.859      0.3249733    
   8085.122      0.3200489    
   8085.383      0.3151588    
   8085.646      0.3103119    
   8085.907      0.3055197    
   8086.169      0.3007942    
   8086.431      0.2961425    
   8086.693      0.2915608    
   8086.955      0.2870345    
   8087.217      0.2825453    
   8087.479      0.2780776    
   8087.741      0.2736282    
   8088.003      0.2692065    
   8088.265      0.2648296    
   8088.527      0.2605136    
   8088.789      0.2562636    
   8089.051      0.2520729    
   8089.313      0.2479256    
   8089.575      0.2438077    
   8089.837      0.2397152    
   8090.099      0.2356572    
   8090.361      0.2316504    
   8090.623      0.2277128    
   8090.885      0.2238545    
   8091.147      0.2200753    
   8091.409      0.2163678    
   8091.671      0.2127218    
   8091.933      0.2091289    
   8092.195      0.2055826    
   8092.457      0.2020803    
   8092.719      0.1986200    
   8092.981      0.1952000    
   8093.243      0.1918187    
   8093.505      0.1884736    
   8093.768      0.1851641    
   8094.029      0.1818942    
   8094.292      0.1786729    
   8094.554      0.1755127    
   8094.815      0.1724242    
   8095.078      0.1694121    
   8095.340      0.1664732    
   8095.602      0.1635991    
   8095.864      0.1607760    
   8096.126      0.1579899    
   8096.388      0.1552294    
   8096.650      0.1524904    
   8096.912      0.1497779    
   8097.174      0.1471032    
   8097.436      0.1444800    
   8097.698      0.1419185    
   8097.960      0.1394229    
   8098.222      0.1369913    
   8098.484      0.1346167    
   8098.747      0.1322888    
   8099.009      0.1299961    
   8099.271      0.1277281    
   8099.533      0.1254774    
   8099.795      0.1232420    
   8100.057      0.1210250    
   8100.319      0.1188343    
   8100.581      0.1166810    
   8100.843      0.1145764    
   8101.105      0.1125287    
   8101.368      0.1105396    
   8101.629      0.1086062    
   8101.892      0.1067209    
   8102.154      0.1048768    
   8102.416      0.1030711    
   8102.678      0.1013047    
   8102.940      9.9580579E-02
   8103.202      9.7897969E-02
   8103.464      9.6251175E-02
   8103.727      9.4629288E-02
   8103.989      9.3021244E-02
   8104.251      9.1419213E-02
   8104.513      8.9820780E-02
   8104.775      8.8228405E-02
   8105.037      8.6647540E-02
   8105.299      8.5086048E-02
   8105.562      8.3553441E-02
   8105.824      8.2060724E-02
   8106.086      8.0617465E-02
   8106.348      7.9227909E-02
   8106.610      7.7889144E-02
   8106.872      7.6591209E-02
   8107.134      7.5321525E-02
   8107.396      7.4069008E-02
   8107.659      7.2828680E-02
   8107.921      7.1600348E-02
   8108.183      7.0387542E-02
   8108.445      6.9196075E-02
   8108.707      6.8032272E-02
   8108.969      6.6902086E-02
   8109.231      6.5808013E-02
   8109.494      6.4747907E-02
   8109.756      6.3713983E-02
   8110.018      6.2696621E-02
   8110.280      6.1687887E-02
   8110.542      6.0684640E-02
   8110.805      5.9689071E-02
   8111.067      5.8706366E-02
   8111.329      5.7739850E-02
   8111.591      5.6789152E-02
   8111.854      5.5850521E-02
   8112.116      5.4920703E-02
   8112.378      5.4001238E-02
   8112.640      5.3098850E-02
   8112.902      5.2221984E-02
   8113.165      5.1376045E-02
   8113.427      5.0560649E-02
   8113.689      4.9771518E-02
   8113.951      4.9003307E-02
   8114.213      4.8251964E-02
   8114.476      4.7515858E-02
   8114.738      4.6794191E-02
   8115.000      4.6085145E-02
   8115.262      4.5384977E-02
   8115.524      4.4689592E-02
   8115.787      4.3995436E-02
   8116.049      4.3301061E-02
   8116.311      4.2607173E-02
   8116.573      4.1915946E-02
   8116.835      4.1230615E-02
   8117.098      4.0555660E-02
   8117.360      3.9896153E-02
   8117.622      3.9256699E-02
   8117.884      3.8639765E-02
   8118.146      3.8044181E-02
   8118.409      3.7465293E-02
   8118.671      3.6897179E-02
   8118.934      3.6335222E-02
   8119.196      3.5778254E-02
   8119.458      3.5229161E-02
   8119.720      3.4692362E-02
   8119.982      3.4171391E-02
   8120.245      3.3666652E-02
   8120.507      3.3175074E-02
   8120.769      3.2692641E-02
   8121.032      3.2215673E-02
   8121.294      3.1742055E-02
   8121.556      3.1271279E-02
   8121.818      3.0803561E-02
   8122.081      3.0339641E-02
   8122.343      2.9880943E-02
   8122.605      2.9429454E-02
   8122.868      2.8986733E-02
   8123.130      2.8553549E-02
   8123.392      2.8129974E-02
   8123.654      2.7715223E-02
   8123.917      2.7308904E-02
   8124.179      2.6910931E-02
   8124.441      2.6522223E-02
   8124.704      2.6143905E-02
   8124.966      2.5775889E-02
   8125.228      2.5414839E-02
   8125.490      2.5055161E-02
   8125.753      2.4690548E-02
   8126.015      2.4317550E-02
   8126.277      2.3937915E-02
   8126.540      2.3557708E-02
   8126.802      2.3185419E-02
   8127.064      2.2828491E-02
   8127.327      2.2491187E-02
   8127.589      2.2174483E-02
   8127.851      2.1876957E-02
   8128.114      2.1596236E-02
   8128.376      2.1329654E-02
   8128.638      2.1073731E-02
   8128.901      2.0822752E-02
   8129.163      2.0569690E-02
   8129.425      2.0308081E-02
   8129.688      2.0035196E-02
   8129.950      1.9754522E-02
   8130.212      1.9473951E-02
   8130.475      1.9203242E-02
   8130.737      1.8949311E-02
   8131.000      1.8714633E-02
   8131.262      1.8496819E-02
   8131.524      1.8290048E-02
   8131.787      1.8086847E-02
   8132.049      1.7879337E-02
   8132.311      1.7661134E-02
   8132.574      1.7429596E-02
   8132.836      1.7186727E-02
   8133.098      1.6939264E-02
   8133.361      1.6696328E-02
   8133.623      1.6466718E-02
   8133.885      1.6255543E-02
   8134.148      1.6062733E-02
   8134.410      1.5883433E-02
   8134.672      1.5710436E-02
   8134.935      1.5536760E-02
   8135.197      1.5358368E-02
   8135.460      1.5174331E-02
   8135.722      1.4985246E-02
   8135.984      1.4792207E-02
   8136.247      1.4595719E-02
   8136.509      1.4396648E-02
   8136.772      1.4197411E-02
   8137.034      1.4002389E-02
   8137.296      1.3817316E-02
   8137.559      1.3646687E-02
   8137.821      1.3492092E-02
   8138.084      1.3351775E-02
   8138.346      1.3221188E-02
   8138.609      1.3095394E-02
   8138.871      1.2970071E-02
   8139.133      1.2842501E-02
   8139.396      1.2710944E-02
   8139.658      1.2574350E-02
   8139.921      1.2432056E-02
   8140.183      1.2283939E-02
   8140.446      1.2130883E-02
   8140.708      1.1975066E-02
   8140.971      1.1819169E-02
   8141.233      1.1665333E-02
   8141.496      1.1514904E-02
   8141.758      1.1368541E-02
   8142.021      1.1226763E-02
   8142.283      1.1090272E-02
   8142.545      1.0959420E-02
   8142.808      1.0833835E-02
   8143.070      1.0712067E-02
   8143.333      1.0592469E-02
   8143.595      1.0473550E-02
   8143.857      1.0354448E-02
   8144.120      1.0235278E-02
   8144.382      1.0117249E-02
   8144.645      1.0003136E-02
   8144.907      9.8962504E-03
   8145.170      9.7992355E-03
   8145.432      9.7118746E-03
   8145.695      9.6303141E-03
   8145.958      9.5489174E-03
   8146.220      9.4625065E-03
   8146.482      9.3691936E-03
   8146.745      9.2702750E-03
   8147.007      9.1693988E-03
   8147.270      9.0702968E-03
   8147.532      8.9758020E-03
   8147.795      8.8871475E-03
   8148.057      8.8044871E-03
   8148.320      8.7271426E-03
   8148.582      8.6540608E-03
   8148.845      8.5845366E-03
   8149.107      8.5182078E-03
   8149.370      8.4549291E-03
   8149.632      8.3943047E-03
   8149.895      8.3352560E-03
   8150.157      8.2751792E-03
   8150.420      8.2103191E-03
   8150.682      8.1371255E-03
   8150.945      8.0537982E-03
   8151.208      7.9617910E-03
   8151.470      7.8657372E-03
   8151.732      7.7713374E-03
   8151.995      7.6844892E-03
   8152.257      7.6088491E-03
   8152.520      7.5457064E-03
   8152.783      7.4929935E-03
   8153.045      7.4456912E-03
   8153.308      7.3967199E-03
   8153.570      7.3399926E-03
   8153.833      7.2722482E-03
   8154.095      7.1953135E-03
   8154.358      7.1141967E-03
   8154.621      7.0343167E-03
   8154.883      6.9584567E-03
   8155.146      6.8862927E-03
   8155.408      6.8157730E-03
   8155.671      6.7451140E-03
   8155.933      6.6754008E-03
   8156.196      6.6096205E-03
   8156.458      6.5520275E-03
   8156.721      6.5058940E-03
   8156.983      6.4718276E-03
   8157.246      6.4470945E-03
   8157.509      6.4262650E-03
   8157.771      6.4021903E-03
   8158.034      6.3687246E-03
   8158.296      6.3221981E-03
   8158.559      6.2628696E-03
   8158.822      6.1950027E-03
   8159.084      6.1257896E-03
   8159.347      6.0629137E-03
   8159.609      6.0126977E-03
   8159.872      5.9772287E-03
   8160.135      5.9542456E-03
   8160.397      5.9375130E-03
   8160.660      5.9194635E-03
   8160.922      5.8934749E-03
   8161.185      5.8559407E-03
   8161.448      5.8069392E-03
   8161.710      5.7493104E-03
   8161.973      5.6883208E-03
   8162.235      5.6298482E-03
   8162.498      5.5791554E-03
