   4800.887     -8.3150982E-05
   4804.155     -7.1490555E-05
   4807.423     -5.7881745E-05
   4810.691     -4.2480064E-05
   4813.959     -2.5517595E-05
   4817.227     -7.2696662E-06
   4820.495      1.1979861E-05
   4823.763      3.1967698E-05
   4827.031      5.2470434E-05
   4830.300      7.3312869E-05
   4833.568      9.4367337E-05
   4836.836      1.1554699E-04
   4840.104      1.3679662E-04
   4843.373      1.5808322E-04
   4846.641      1.7938827E-04
   4849.910      2.0070211E-04
   4853.178      2.2201984E-04
   4856.446      2.4333756E-04
   4859.715      2.6465530E-04
   4862.983      2.8597304E-04
   4866.252      3.0729079E-04
   4869.521      3.2860847E-04
   4872.790      3.4992618E-04
   4876.058      3.7124395E-04
   4879.327      3.9256172E-04
   4882.596      4.1387940E-04
   4885.865      4.3519717E-04
   4889.134      4.5651488E-04
   4892.402      4.7783268E-04
   4895.671      4.9915042E-04
   4898.940      5.2046822E-04
   4902.209      5.4178579E-04
   4905.479      5.6310347E-04
   4908.748      5.8442121E-04
   4912.017      6.0573907E-04
   4915.286      6.2705670E-04
   4918.556      6.4837438E-04
   4921.825      6.6969229E-04
   4925.094      6.9100992E-04
   4928.363      7.1232772E-04
   4931.633      7.3364540E-04
   4934.902      7.5496308E-04
   4938.172      7.7628082E-04
   4941.441      7.9759862E-04
   4944.711      8.1891642E-04
   4947.980      8.4023410E-04
   4951.250      8.6155185E-04
   4954.520      8.8286953E-04
   4957.790      9.0418733E-04
   4961.060      9.2550507E-04
   4964.329      9.4682275E-04
   4967.599      9.6814038E-04
   4970.869      9.8945817E-04
   4974.139      1.0107760E-03
   4977.409      1.0320937E-03
   4980.679      1.0534112E-03
   4983.949      1.0747291E-03
   4987.219      1.0960468E-03
   4990.489      1.1173647E-03
   4993.759      1.1386824E-03
   4997.029      1.1599999E-03
   5000.300      1.1813176E-03
   5003.570      1.2026356E-03
   5006.840      1.2239532E-03
   5010.111      1.2452711E-03
   5013.381      1.2665886E-03
   5016.651      1.2879062E-03
   5019.922      1.3092241E-03
   5023.192      1.3305419E-03
   5026.463      1.3518595E-03
   5029.733      1.3731773E-03
   5033.004      1.3944953E-03
   5036.275      1.4158128E-03
   5039.546      1.4371307E-03
   5042.816      1.4584481E-03
   5046.087      1.4797661E-03
   5049.358      1.5010837E-03
   5052.629      1.5224016E-03
   5055.900      1.5437191E-03
   5059.171      1.5650368E-03
   5062.442      1.5863546E-03
   5065.713      1.6076724E-03
   5068.984      1.6289903E-03
   5072.255      1.6503078E-03
   5075.526      1.6716258E-03
   5078.797      1.6929434E-03
   5082.069      1.7142610E-03
   5085.340      1.7355789E-03
   5088.611      1.7568965E-03
   5091.883      1.7782142E-03
   5095.154      1.7995320E-03
   5098.425      1.8208495E-03
   5101.697      1.8421676E-03
   5104.968      1.8634850E-03
   5108.240      1.8848029E-03
   5111.512      1.9061208E-03
   5114.783      1.9274384E-03
   5118.055      1.9487562E-03
   5121.327      1.9700737E-03
   5124.598      1.9913916E-03
   5127.870      2.0127092E-03
   5131.142      2.0340269E-03
   5134.414      2.0553449E-03
   5137.686      2.0766624E-03
   5140.958      2.0979804E-03
   5144.229      2.1192976E-03
   5147.502      2.1406161E-03
   5150.774      2.1619336E-03
   5154.046      2.1832509E-03
   5157.318      2.2045688E-03
   5160.590      2.2258866E-03
   5163.862      2.2472045E-03
   5167.135      2.2685225E-03
   5170.407      2.2898405E-03
   5173.680      2.3111573E-03
   5176.952      2.3324750E-03
   5180.224      2.3537932E-03
   5183.497      2.3751105E-03
   5186.769      2.3964287E-03
   5190.042      2.4177458E-03
   5193.314      2.4390642E-03
   5196.587      2.4603815E-03
   5199.860      2.4816992E-03
   5203.132      2.5030170E-03
   5206.405      2.5243345E-03
   5209.678      2.5456524E-03
   5212.951      2.5669702E-03
   5216.224      2.5882879E-03
   5219.497      2.6096059E-03
   5222.770      2.6309234E-03
   5226.042      2.6522411E-03
   5229.315      2.6735589E-03
   5232.588      2.6948766E-03
   5235.862      2.7161946E-03
   5239.135      2.7375121E-03
   5242.408      2.7588301E-03
   5245.681      2.7801476E-03
   5248.955      2.8014653E-03
   5252.228      2.8227831E-03
   5255.501      2.8441008E-03
   5258.774      2.8654183E-03
   5262.048      2.8867361E-03
   5265.321      2.9080538E-03
   5268.595      2.9293715E-03
   5271.869      2.9506348E-03
   5275.142      2.9719495E-03
   5278.416      2.9934049E-03
   5281.689      3.0151950E-03
   5284.963      3.0377230E-03
   5288.237      3.0617660E-03
   5291.511      3.0887211E-03
   5294.784      3.1209404E-03
   5298.058      3.1621142E-03
   5301.332      3.2176415E-03
   5304.606      3.2948758E-03
   5307.880      3.4031172E-03
   5311.154      3.5532333E-03
   5314.428      3.7568873E-03
   5317.702      4.0254239E-03
   5320.977      4.3686326E-03
   5324.250      4.7936323E-03
   5327.525      5.3041475E-03
   5330.799      5.9003527E-03
   5334.073      6.5792766E-03
   5337.348      7.3356689E-03
   5340.622      8.1630535E-03
   5343.896      9.0546925E-03
   5347.171      1.0004882E-02
   5350.445      1.1008968E-02
   5353.720      1.2063198E-02
   5356.995      1.3166343E-02
   5360.269      1.4318218E-02
   5363.544      1.5520164E-02
   5366.818      1.6776567E-02
   5370.093      1.8092876E-02
   5373.368      1.9476475E-02
   5376.643      2.0935496E-02
   5379.917      2.2480119E-02
   5383.192      2.4119500E-02
   5386.467      2.5860349E-02
   5389.743      2.7708784E-02
   5393.018      2.9667566E-02
   5396.292      3.1738076E-02
   5399.567      3.3921435E-02
   5402.843      3.6219839E-02
   5406.118      3.8639326E-02
   5409.393      4.1189224E-02
   5412.668      4.3885387E-02
   5415.944      4.6750411E-02
   5419.219      4.9813088E-02
   5422.494      5.3108852E-02
   5425.770      5.6678485E-02
   5429.045      6.0567025E-02
   5432.321      6.4818703E-02
   5435.596      6.9476224E-02
   5438.872      7.4574202E-02
   5442.147      8.0138862E-02
   5445.423      8.6184762E-02
   5448.699      9.2716105E-02
   5451.975      9.9727586E-02
   5455.250      0.1072076    
   5458.526      0.1151423    
   5461.802      0.1235196    
   5465.078      0.1323329    
   5468.354      0.1415809    
   5471.630      0.1512689    
   5474.906      0.1614055    
   5478.182      0.1719987    
   5481.458      0.1830515    
   5484.734      0.1945585    
   5488.010      0.2065068    
   5491.286      0.2188730    
   5494.563      0.2316249    
   5497.839      0.2447287    
   5501.115      0.2581496    
   5504.392      0.2718543    
   5507.668      0.2858108    
   5510.944      0.2999898    
   5514.221      0.3143594    
   5517.498      0.3288835    
   5520.774      0.3435254    
   5524.050      0.3582408    
   5527.327      0.3729857    
   5530.604      0.3877125    
   5533.880      0.4023783    
   5537.157      0.4169417    
   5540.434      0.4313687    
   5543.711      0.4456300    
   5546.988      0.4597049    
   5550.265      0.4735755    
   5553.542      0.4872350    
   5556.819      0.5006806    
   5560.096      0.5139157    
   5563.373      0.5269474    
   5566.650      0.5397826    
   5569.927      0.5524254    
   5573.204      0.5648752    
   5576.481      0.5771219    
   5579.759      0.5891466    
   5583.036      0.6009266    
   5586.313      0.6124391    
   5589.591      0.6236637    
   5592.868      0.6345835    
   5596.146      0.6451846    
   5599.423      0.6554496    
   5602.701      0.6653586    
   5605.979      0.6748892    
   5609.256      0.6840255    
   5612.534      0.6927522    
   5615.812      0.7010750    
   5619.089      0.7090129    
   5622.367      0.7165963    
   5625.645      0.7238702    
   5628.923      0.7308742    
   5632.201      0.7376488    
   5635.479      0.7442200    
   5638.756      0.7505959    
   5642.035      0.7567775    
   5645.313      0.7627552    
   5648.591      0.7685158    
   5651.869      0.7740561    
   5655.147      0.7793780    
   5658.425      0.7844950    
   5661.704      0.7894289    
   5664.982      0.7942013    
   5668.260      0.7988334    
   5671.539      0.8033334    
   5674.817      0.8077036    
   5678.096      0.8119400    
   5681.374      0.8160349    
   5684.653      0.8199772    
   5687.931      0.8237618    
   5691.210      0.8273839    
   5694.489      0.8308421    
   5697.767      0.8341358    
   5701.046      0.8372620    
   5704.325      0.8402143    
   5707.604      0.8429886    
   5710.882      0.8455759    
   5714.162      0.8479812    
   5717.440      0.8502077    
   5720.719      0.8522756    
   5723.999      0.8542089    
   5727.277      0.8560306    
   5730.557      0.8577632    
   5733.835      0.8594121    
   5737.115      0.8609747    
   5740.394      0.8624420    
   5743.673      0.8637930    
   5746.953      0.8650149    
   5750.232      0.8661056    
   5753.511      0.8670749    
   5756.791      0.8679541    
   5760.070      0.8687914    
   5763.350      0.8696375    
   5766.629      0.8705486    
   5769.909      0.8715687    
   5773.188      0.8727252    
   5776.468      0.8740237    
   5779.748      0.8754486    
   5783.027      0.8769638    
   5786.307      0.8785223    
   5789.587      0.8800665    
   5792.867      0.8815477    
   5796.147      0.8829178    
   5799.427      0.8841448    
   5802.707      0.8852088    
   5805.987      0.8861063    
   5809.267      0.8868429    
   5812.547      0.8874336    
   5815.827      0.8878989    
   5819.107      0.8882628    
   5822.388      0.8885484    
   5825.668      0.8887797    
   5828.948      0.8889821    
   5832.229      0.8891738    
   5835.509      0.8893781    
   5838.789      0.8896077    
   5842.070      0.8898743    
   5845.350      0.8901840    
   5848.631      0.8905371    
   5851.911      0.8909242    
   5855.192      0.8913338    
   5858.473      0.8917447    
   5861.753      0.8921379    
   5865.034      0.8924972    
   5868.315      0.8928096    
   5871.596      0.8930693    
   5874.876      0.8932846    
   5878.157      0.8934669    
   5881.438      0.8936341    
   5884.719      0.8938105    
   5888.000      0.8940156    
   5891.281      0.8942640    
   5894.563      0.8945610    
   5897.844      0.8949064    
   5901.125      0.8952855    
   5904.406      0.8956789    
   5907.687      0.8960629    
   5910.968      0.8964157    
   5914.250      0.8967242    
   5917.531      0.8969804    
   5920.813      0.8971859    
   5924.094      0.8973450    
   5927.375      0.8974631    
   5930.657      0.8975424    
   5933.938      0.8975841    
   5937.220      0.8975853    
   5940.502      0.8975486    
   5943.784      0.8974763    
   5947.065      0.8973770    
   5950.347      0.8972625    
   5953.629      0.8971437    
   5956.911      0.8970307    
   5960.192      0.8969309    
   5963.475      0.8968460    
   5966.756      0.8967765    
   5970.039      0.8967184    
   5973.320      0.8966696    
   5976.603      0.8966236    
   5979.885      0.8965783    
   5983.167      0.8965324    
   5986.449      0.8964826    
   5989.731      0.8964283    
   5993.014      0.8963705    
   5996.296      0.8963076    
   5999.578      0.8962395    
   6002.861      0.8961663    
   6006.143      0.8960879    
   6009.426      0.8960044    
   6012.708      0.8959157    
   6015.991      0.8958220    
   6019.273      0.8957230    
   6022.556      0.8956189    
   6025.838      0.8955097    
   6029.122      0.8953955    
   6032.404      0.8952760    
   6035.687      0.8951512    
   6038.970      0.8950216    
   6042.252      0.8948867    
   6045.536      0.8947464    
   6048.818      0.8946013    
   6052.102      0.8944511    
   6055.385      0.8942956    
   6058.667      0.8941350    
   6061.951      0.8939693    
   6065.234      0.8937985    
   6068.517      0.8936225    
   6071.800      0.8934411    
   6075.083      0.8932549    
   6078.367      0.8930635    
   6081.650      0.8928670    
   6084.934      0.8926653    
   6088.217      0.8924584    
   6091.500      0.8922463    
   6094.784      0.8920293    
   6098.068      0.8918070    
   6101.351      0.8915797    
   6104.635      0.8913470    
   6107.918      0.8911095    
   6111.202      0.8908666    
   6114.486      0.8906187    
   6117.770      0.8903656    
   6121.054      0.8901072    
   6124.337      0.8898439    
   6127.622      0.8895754    
   6130.905      0.8893028    
   6134.189      0.8890269    
   6137.473      0.8887469    
   6140.757      0.8884658    
   6144.042      0.8881859    
   6147.326      0.8879109    
   6150.610      0.8876455    
   6153.894      0.8873932    
   6157.178      0.8871567    
   6160.463      0.8869366    
   6163.747      0.8867270    
   6167.031      0.8865157    
   6170.316      0.8862848    
   6173.601      0.8860124    
   6176.885      0.8856757    
   6180.169      0.8852589    
   6183.454      0.8847545    
   6186.739      0.8841690    
   6190.023      0.8835226    
   6193.308      0.8828439    
   6196.593      0.8821672    
   6199.877      0.8815221    
   6203.163      0.8809274    
   6206.447      0.8803896    
   6209.732      0.8798980    
   6213.017      0.8794291    
   6216.302      0.8789501    
   6219.587      0.8784317    
   6222.872      0.8778489    
   6226.157      0.8771937    
   6229.442      0.8764721    
   6232.728      0.8757043    
   6236.013      0.8749182    
   6239.298      0.8741418    
   6242.583      0.8733920    
   6245.869      0.8726777    
   6249.154      0.8719922    
   6252.439      0.8713246    
   6255.725      0.8706582    
   6259.010      0.8699771    
   6262.296      0.8692722    
   6265.582      0.8685442    
   6268.867      0.8678033    
   6272.153      0.8670667    
   6275.438      0.8663565    
   6278.724      0.8656951    
   6282.010      0.8650987    
   6285.296      0.8645763    
   6288.582      0.8641267    
   6291.868      0.8637392    
   6295.154      0.8633969    
   6298.439      0.8630771    
   6301.726      0.8627571    
   6305.012      0.8624144    
   6308.298      0.8620278    
   6311.584      0.8615826    
   6314.870      0.8610693    
   6318.156      0.8604851    
   6321.443      0.8598318    
   6324.729      0.8591186    
   6328.015      0.8583549    
   6331.302      0.8575523    
   6334.588      0.8567216    
   6337.875      0.8558718    
   6341.161      0.8550095    
   6344.447      0.8541405    
   6347.734      0.8532669    
   6351.021      0.8523925    
   6354.307      0.8515159    
   6357.594      0.8506389    
   6360.881      0.8497619    
   6364.167      0.8488846    
   6367.454      0.8480076    
   6370.741      0.8471307    
   6374.028      0.8462535    
   6377.315      0.8453764    
   6380.602      0.8444993    
   6383.889      0.8436224    
   6387.176      0.8427451    
   6390.463      0.8418682    
   6393.750      0.8409910    
   6397.038      0.8401141    
   6400.325      0.8392369    
   6403.612      0.8383601    
   6406.899      0.8374841    
   6410.187      0.8366089    
   6413.474      0.8357359    
   6416.761      0.8348675    
   6420.049      0.8340057    
   6423.336      0.8331550    
   6426.624      0.8323220    
   6429.911      0.8315130    
   6433.199      0.8307371    
   6436.487      0.8300029    
   6439.774      0.8293153    
   6443.062      0.8286775    
   6446.350      0.8280839    
   6449.638      0.8275239    
   6452.925      0.8269807    
   6456.213      0.8264320    
   6459.501      0.8258560    
   6462.789      0.8252354    
   6466.077      0.8245607    
   6469.365      0.8238308    
   6472.653      0.8230554    
   6475.941      0.8222508    
   6479.229      0.8214347    
   6482.518      0.8206249    
   6485.806      0.8198338    
   6489.094      0.8190665    
   6492.383      0.8183244    
   6495.671      0.8176029    
   6498.959      0.8168954    
   6502.248      0.8161950    
   6505.537      0.8154948    
   6508.825      0.8147917    
   6512.113      0.8140835    
   6515.402      0.8133720    
   6518.690      0.8126590    
   6521.979      0.8119498    
   6525.268      0.8112450    
   6528.557      0.8105434    
   6531.846      0.8098413    
   6535.134      0.8091285    
   6538.423      0.8083920    
   6541.712      0.8076175    
   6545.001      0.8067882    
   6548.290      0.8058956    
   6551.579      0.8049347    
   6554.868      0.8039101    
   6558.157      0.8028369    
   6561.447      0.8017366    
   6564.736      0.8006343    
   6568.025      0.7995521    
   6571.314      0.7985092    
   6574.604      0.7975121    
   6577.893      0.7965589    
   6581.182      0.7956407    
   6584.472      0.7947426    
   6587.761      0.7938496    
   6591.051      0.7929518    
   6594.340      0.7920390    
   6597.630      0.7911081    
   6600.919      0.7901563    
   6604.209      0.7891827    
   6607.499      0.7881845    
   6610.789      0.7871609    
   6614.079      0.7861145    
   6617.368      0.7850496    
   6620.658      0.7839797    
   6623.948      0.7829214    
   6627.238      0.7818987    
   6630.528      0.7809330    
   6633.818      0.7800428    
   6637.108      0.7792378    
   6640.398      0.7785174    
   6643.688      0.7778701    
   6646.979      0.7772728    
   6650.269      0.7766984    
   6653.559      0.7761172    
   6656.850      0.7755042    
   6660.140      0.7748374    
   6663.430      0.7741024    
   6666.721      0.7732916    
   6670.011      0.7724029    
   6673.302      0.7714346    
   6676.592      0.7703892    
   6679.883      0.7692702    
   6683.173      0.7680827    
   6686.464      0.7668344    
   6689.755      0.7655406    
   6693.045      0.7642164    
   6696.336      0.7628800    
   6699.627      0.7615491    
   6702.918      0.7602381    
   6706.209      0.7589545    
   6709.500      0.7577036    
   6712.791      0.7564843    
   6716.082      0.7552974    
   6719.373      0.7541447    
   6722.664      0.7530273    
   6725.955      0.7519503    
   6729.246      0.7509174    
   6732.538      0.7499308    
   6735.829      0.7489898    
   6739.120      0.7480922    
   6742.412      0.7472345    
   6745.703      0.7464125    
   6748.994      0.7456194    
   6752.286      0.7448452    
   6755.577      0.7440785    
   6758.869      0.7433026    
   6762.160      0.7425012    
   6765.452      0.7416586    
   6768.744      0.7407660    
   6772.035      0.7398204    
   6775.327      0.7388294    
   6778.619      0.7378027    
   6781.911      0.7367507    
   6785.203      0.7356778    
   6788.495      0.7345836    
   6791.786      0.7334585    
   6795.078      0.7322930    
   6798.371      0.7310777    
   6801.663      0.7298079    
   6804.955      0.7284850    
   6808.247      0.7271185    
   6811.539      0.7257196    
   6814.831      0.7243041    
   6818.123      0.7228864    
   6821.416      0.7214813    
   6824.708      0.7200997    
   6828.000      0.7187472    
   6831.292      0.7174246    
   6834.585      0.7161277    
   6837.877      0.7148472    
   6841.170      0.7135729    
   6844.463      0.7122939    
   6847.755      0.7110023    
   6851.048      0.7096944    
   6854.341      0.7083675    
   6857.633      0.7070234    
   6860.926      0.7056653    
   6864.219      0.7042970    
   6867.512      0.7029219    
   6870.805      0.7015429    
   6874.098      0.7001622    
   6877.391      0.6987806    
   6880.684      0.6973985    
   6883.977      0.6960167    
   6887.270      0.6946352    
   6890.563      0.6932537    
   6893.856      0.6918730    
   6897.149      0.6904925    
   6900.443      0.6891127    
   6903.736      0.6877329    
   6907.029      0.6863536    
   6910.323      0.6849747    
   6913.616      0.6835963    
   6916.909      0.6822181    
   6920.203      0.6808404    
   6923.497      0.6794629    
   6926.790      0.6780859    
   6930.083      0.6767092    
   6933.377      0.6753328    
   6936.671      0.6739570    
   6939.965      0.6725814    
   6943.258      0.6712062    
   6946.552      0.6698313    
   6949.846      0.6684569    
   6953.140      0.6670828    
   6956.434      0.6657091    
   6959.728      0.6643358    
   6963.022      0.6629628    
   6966.316      0.6615902    
   6969.610      0.6602180    
   6972.904      0.6588461    
   6976.198      0.6574747    
   6979.493      0.6561035    
   6982.787      0.6547328    
   6986.081      0.6533624    
   6989.375      0.6519923    
   6992.670      0.6506227    
   6995.964      0.6492535    
   6999.258      0.6478846    
   7002.553      0.6465160    
   7005.848      0.6451479    
   7009.142      0.6437802    
   7012.437      0.6424127    
   7015.731      0.6410457    
   7019.026      0.6396791    
   7022.321      0.6383128    
   7025.616      0.6369469    
   7028.910      0.6355813    
   7032.205      0.6342161    
   7035.500      0.6328513    
   7038.795      0.6314868    
   7042.090      0.6301227    
   7045.385      0.6287591    
   7048.680      0.6273957    
   7051.975      0.6260327    
   7055.270      0.6246702    
   7058.565      0.6233079    
   7061.860      0.6219462    
   7065.156      0.6205846    
   7068.451      0.6192235    
   7071.746      0.6178628    
   7075.042      0.6165025    
   7078.337      0.6151423    
   7081.632      0.6137829    
   7084.928      0.6124236    
   7088.224      0.6110647    
   7091.519      0.6097062    
   7094.814      0.6083481    
   7098.110      0.6069903    
   7101.406      0.6056329    
   7104.702      0.6042758    
   7107.998      0.6029192    
   7111.293      0.6015629    
   7114.589      0.6002070    
   7117.885      0.5988514    
   7121.181      0.5974962    
   7124.477      0.5961414    
   7127.773      0.5947871    
   7131.069      0.5934330    
   7134.365      0.5920792    
   7137.661      0.5907259    
   7140.957      0.5893731    
   7144.253      0.5880204    
   7147.549      0.5866681    
   7150.846      0.5853162    
   7154.142      0.5839649    
   7157.438      0.5826138    
   7160.735      0.5812631    
   7164.031      0.5799127    
   7167.328      0.5785629    
   7170.624      0.5772130    
   7173.921      0.5758639    
   7177.217      0.5745150    
   7180.514      0.5731665    
   7183.811      0.5718184    
   7187.107      0.5704707    
   7190.404      0.5691233    
   7193.701      0.5677763    
   7196.998      0.5664296    
   7200.294      0.5650833    
   7203.591      0.5637375    
   7206.889      0.5623920    
   7210.186      0.5610468    
   7213.482      0.5597019    
   7216.780      0.5583575    
   7220.077      0.5570135    
   7223.374      0.5556698    
   7226.671      0.5543265    
   7229.968      0.5529835    
   7233.265      0.5516410    
   7236.563      0.5502988    
   7239.860      0.5489569    
   7243.157      0.5476155    
   7246.455      0.5462743    
   7249.752      0.5449336    
   7253.050      0.5435933    
   7256.348      0.5422534    
   7259.645      0.5409137    
   7262.942      0.5395744    
   7266.240      0.5382356    
   7269.538      0.5368971    
   7272.835      0.5355591    
   7276.133      0.5342214    
   7279.431      0.5328839    
   7282.729      0.5315468    
   7286.027      0.5302101    
   7289.325      0.5288740    
   7292.623      0.5275381    
   7295.921      0.5262026    
   7299.219      0.5248674    
   7302.517      0.5235327    
   7305.815      0.5221983    
   7309.113      0.5208643    
   7312.412      0.5195306    
   7315.710      0.5181972    
   7319.008      0.5168644    
   7322.307      0.5155318    
   7325.605      0.5141994    
   7328.903      0.5128677    
   7332.202      0.5115363    
   7335.500      0.5102052    
   7338.799      0.5088746    
   7342.097      0.5075442    
   7345.396      0.5062143    
   7348.695      0.5048847    
   7351.993      0.5035554    
   7355.292      0.5022265    
   7358.591      0.5008979    
   7361.890      0.4995700    
   7365.188      0.4982422    
   7368.487      0.4969148    
   7371.786      0.4955879    
   7375.085      0.4942612    
   7378.384      0.4929349    
   7381.684      0.4916090    
   7384.982      0.4902835    
   7388.281      0.4889584    
   7391.581      0.4876337    
   7394.880      0.4863092    
   7398.179      0.4849851    
   7401.479      0.4836615    
   7404.778      0.4823382    
   7408.077      0.4810154    
   7411.376      0.4796927    
   7414.676      0.4783706    
   7417.976      0.4770488    
   7421.275      0.4757273    
   7424.575      0.4744063    
   7427.874      0.4730856    
   7431.174      0.4717652    
   7434.474      0.4704453    
   7437.773      0.4691257    
   7441.073      0.4678066    
   7444.373      0.4664877    
   7447.673      0.4651692    
   7450.973      0.4638511    
   7454.272      0.4625334    
   7457.572      0.4612160    
   7460.873      0.4598990    
   7464.172      0.4585823    
   7467.473      0.4572661    
   7470.773      0.4559502    
   7474.073      0.4546348    
   7477.373      0.4533196    
   7480.673      0.4520049    
   7483.974      0.4506904    
   7487.274      0.4493765    
   7490.574      0.4480628    
   7493.875      0.4467495    
   7497.175      0.4454366    
   7500.476      0.4441240    
   7503.776      0.4428118    
   7507.077      0.4415000    
   7510.377      0.4401887    
   7513.678      0.4388776    
   7516.979      0.4375669    
   7520.279      0.4362566    
   7523.580      0.4349467    
   7526.881      0.4336371    
   7530.182      0.4323279    
   7533.482      0.4310192    
   7536.784      0.4297107    
   7540.084      0.4284026    
   7543.386      0.4270949    
   7546.687      0.4257875    
   7549.987      0.4244806    
   7553.289      0.4231739    
   7556.590      0.4218676    
   7559.891      0.4205619    
   7563.192      0.4192563    
   7566.494      0.4179511    
   7569.795      0.4166463    
   7573.096      0.4153420    
   7576.397      0.4140380    
   7579.699      0.4127343    
   7583.000      0.4114310    
   7586.302      0.4101282    
   7589.604      0.4088256    
   7592.905      0.4075235    
   7596.207      0.4062217    
   7599.508      0.4049203    
   7602.810      0.4036192    
   7606.112      0.4023186    
   7609.414      0.4010183    
   7612.716      0.3997183    
   7616.018      0.3984188    
   7619.319      0.3971196    
   7622.621      0.3958207    
   7625.923      0.3945223    
   7629.225      0.3932243    
   7632.527      0.3919265    
   7635.830      0.3906292    
   7639.132      0.3893327    
   7642.434      0.3880367    
   7645.736      0.3867420    
   7649.038      0.3854493    
   7652.340      0.3841599    
   7655.643      0.3828759    
   7658.945      0.3815997    
   7662.248      0.3803354    
   7665.550      0.3790879    
   7668.853      0.3778616    
   7672.155      0.3766616    
   7675.458      0.3754917    
   7678.761      0.3743532    
   7682.063      0.3732445    
   7685.366      0.3721610    
   7688.668      0.3710944    
   7691.971      0.3700341    
   7695.274      0.3689677    
   7698.577      0.3678829    
   7701.880      0.3667688    
   7705.183      0.3656173    
   7708.486      0.3644242    
   7711.789      0.3631893    
   7715.092      0.3619175    
   7718.395      0.3606171    
   7721.698      0.3592987    
   7725.001      0.3579741    
   7728.305      0.3566549    
   7731.608      0.3553503    
   7734.911      0.3540666    
   7738.215      0.3528078    
   7741.518      0.3515746    
   7744.821      0.3503662    
   7748.125      0.3491795    
   7751.428      0.3480116    
   7754.732      0.3468592    
   7758.036      0.3457180    
   7761.339      0.3445853    
   7764.643      0.3434579    
   7767.946      0.3423334    
   7771.250      0.3412110    
   7774.554      0.3400895    
   7777.858      0.3389685    
   7781.162      0.3378474    
   7784.465      0.3367236    
   7787.770      0.3355938    
   7791.073      0.3344537    
   7794.377      0.3332994    
   7797.682      0.3321275    
   7800.986      0.3309379    
   7804.290      0.3297324    
   7807.594      0.3285158    
   7810.898      0.3272957    
   7814.202      0.3260816    
   7817.507      0.3248829    
   7820.811      0.3237074    
   7824.115      0.3225599    
   7827.420      0.3214405    
   7830.724      0.3203433    
   7834.029      0.3192594    
   7837.333      0.3181770    
   7840.638      0.3170849    
   7843.942      0.3159754    
   7847.247      0.3148461    
   7850.552      0.3136984    
   7853.856      0.3125377    
   7857.161      0.3113708    
   7860.466      0.3102050    
   7863.771      0.3090443    
   7867.076      0.3078908    
   7870.381      0.3067453    
   7873.686      0.3056063    
   7876.991      0.3044726    
   7880.296      0.3033445    
   7883.601      0.3022237    
   7886.906      0.3011121    
   7890.211      0.3000113    
   7893.517      0.2989214    
   7896.822      0.2978407    
   7900.127      0.2967652    
   7903.432      0.2956892    
   7906.738      0.2946076    
   7910.043      0.2935157    
   7913.349      0.2924104    
   7916.654      0.2912909    
   7919.959      0.2901583    
   7923.265      0.2890159    
   7926.571      0.2878667    
   7929.876      0.2867137    
   7933.182      0.2855601    
   7936.488      0.2844078    
   7939.793      0.2832581    
   7943.099      0.2821114    
   7946.405      0.2809693    
   7949.711      0.2798331    
   7953.017      0.2787051    
   7956.323      0.2775889    
   7959.629      0.2764887    
   7962.935      0.2754085    
   7966.241      0.2743517    
   7969.547      0.2733175    
   7972.854      0.2723016    
   7976.160      0.2712957    
   7979.466      0.2702862    
   7982.772      0.2692570    
   7986.079      0.2681914    
   7989.385      0.2670756    
   7992.691      0.2659010    
   7995.998      0.2646663    
   7999.304      0.2633774    
   8002.611      0.2620468    
   8005.917      0.2606914    
   8009.224      0.2593277    
   8012.530      0.2579712    
   8015.837      0.2566318    
   8019.144      0.2553150    
   8022.451      0.2540214    
   8025.757      0.2527481    
   8029.064      0.2514920    
   8032.371      0.2502510    
   8035.678      0.2490240    
   8038.985      0.2478138    
   8042.292      0.2466245    
   8045.599      0.2454610    
   8048.906      0.2443266    
   8052.213      0.2432234    
   8055.521      0.2421486    
   8058.828      0.2410951    
   8062.135      0.2400529    
   8065.442      0.2390115    
   8068.750      0.2379621    
   8072.057      0.2369013    
   8075.364      0.2358308    
   8078.671      0.2347568    
   8081.979      0.2336895    
   8085.287      0.2326387    
   8088.594      0.2316117    
   8091.901      0.2306117    
   8095.209      0.2296359    
   8098.517      0.2286785    
   8101.825      0.2277311    
   8105.132      0.2267858    
   8108.440      0.2258358    
   8111.748      0.2248786    
   8115.056      0.2239135    
   8118.364      0.2229425    
   8121.672      0.2219681    
   8124.980      0.2209921    
   8128.288      0.2200157    
   8131.596      0.2190384    
   8134.904      0.2180596    
   8138.212      0.2170797    
   8141.520      0.2161007    
   8144.829      0.2151254    
   8148.137      0.2141577    
   8151.445      0.2132022    
   8154.753      0.2122625    
   8158.062      0.2113409    
   8161.370      0.2104381    
   8164.679      0.2095522    
   8167.987      0.2086805    
   8171.296      0.2078183    
   8174.604      0.2069611    
   8177.913      0.2061047    
   8181.222      0.2052474    
   8184.530      0.2043886    
   8187.839      0.2035306    
   8191.148      0.2026785    
   8194.457      0.2018383    
   8197.766      0.2010168    
   8201.074      0.2002179    
   8204.384      0.1994437    
   8207.692      0.1986917    
   8211.001      0.1979575    
   8214.311      0.1972335    
   8217.620      0.1965109    
   8220.929      0.1957806    
   8224.238      0.1950331    
   8227.547      0.1942606    
   8230.856      0.1934571    
   8234.166      0.1926192    
   8237.476      0.1917489    
   8240.784      0.1908512    
   8244.094      0.1899345    
   8247.403      0.1890102    
   8250.713      0.1880885    
   8254.022      0.1871765    
   8257.332      0.1862788    
   8260.642      0.1853976    
   8263.951      0.1845308    
   8267.261      0.1836769    
   8270.570      0.1828350    
   8273.880      0.1820058    
   8277.190      0.1811915    
   8280.500      0.1803967    
   8283.810      0.1796247    
   8287.120      0.1788778    
   8290.430      0.1781562    
   8293.740      0.1774550    
   8297.050      0.1767673    
   8300.360      0.1760826    
   8303.670      0.1753903    
   8306.980      0.1746801    
   8310.291      0.1739465    
   8313.601      0.1731868    
   8316.911      0.1724053    
   8320.222      0.1716090    
   8323.532      0.1708093    
   8326.842      0.1700176    
   8330.152      0.1692442    
   8333.463      0.1684962    
   8336.773      0.1677768    
   8340.084      0.1670844    
   8343.395      0.1664151    
   8346.705      0.1657620    
   8350.017      0.1651161    
   8353.327      0.1644703    
   8356.638      0.1638165    
   8359.948      0.1631492    
   8363.260      0.1624643    
   8366.570      0.1617610    
   8369.881      0.1610401    
   8373.192      0.1603058    
   8376.503      0.1595656    
   8379.814      0.1588281    
   8383.125      0.1581006    
   8386.437      0.1573896    
   8389.748      0.1566985    
   8393.059      0.1560270    
   8396.370      0.1553718    
   8399.682      0.1547283    
   8402.993      0.1540910    
   8406.304      0.1534548    
   8409.615      0.1528172    
   8412.927      0.1521769    
   8416.238      0.1515341    
   8419.550      0.1508903    
   8422.861      0.1502475    
   8426.173      0.1496070    
   8429.485      0.1489709    
   8432.797      0.1483392    
   8436.108      0.1477124    
   8439.420      0.1470875    
   8442.731      0.1464600    
   8446.044      0.1458230    
   8449.355      0.1451681    
   8452.667      0.1444884    
   8455.979      0.1437777    
   8459.291      0.1430362    
   8462.604      0.1422690    
   8465.915      0.1414863    
   8469.228      0.1407039    
   8472.540      0.1399382    
   8475.852      0.1392041    
   8479.164      0.1385128    
   8482.477      0.1378690    
   8485.789      0.1372718    
   8489.102      0.1367143    
   8492.414      0.1361855    
   8495.726      0.1356742    
   8499.038      0.1351690    
   8502.352      0.1346612    
   8505.664      0.1341446    
   8508.977      0.1336139    
   8512.289      0.1330648    
   8515.602      0.1324954    
   8518.914      0.1319050    
   8522.228      0.1312950    
   8525.540      0.1306697    
   8528.853      0.1300351    
   8532.166      0.1293990    
   8535.479      0.1287688    
   8538.791      0.1281503    
   8542.104      0.1275490    
   8545.417      0.1269670    
   8548.730      0.1264054    
   8552.043      0.1258639    
   8555.356      0.1253399    
   8558.670      0.1248296    
   8561.983      0.1243269    
   8565.297      0.1238227    
   8568.609      0.1233098    
   8571.923      0.1227801    
   8575.236      0.1222302    
   8578.550      0.1216608    
   8581.863      0.1210757    
   8585.177      0.1204842    
   8588.490      0.1198953    
   8591.804      0.1193185    
   8595.118      0.1187599    
   8598.432      0.1182220    
   8601.745      0.1177032    
   8605.059      0.1171975    
   8608.373      0.1166972    
   8611.687      0.1161940    
   8615.000      0.1156811    
   8618.314      0.1151542    
   8621.628      0.1146134    
   8624.942      0.1140630    
   8628.256      0.1135110    
   8631.570      0.1129674    
   8634.885      0.1124425    
   8638.198      0.1119437    
   8641.513      0.1114742    
   8644.827      0.1110320    
   8648.142      0.1106110    
   8651.455      0.1102026    
   8654.770      0.1097977    
   8658.084      0.1093890    
   8661.398      0.1089711    
   8664.713      0.1085411    
   8668.027      0.1080979    
   8671.342      0.1076397    
   8674.656      0.1071660    
   8677.972      0.1066756    
   8681.286      0.1061681    
   8684.601      0.1056447    
   8687.916      0.1051075    
   8691.230      0.1045622    
   8694.545      0.1040141    
   8697.860      0.1034704    
   8701.175      0.1029369    
   8704.489      0.1024191    
   8707.805      0.1019207    
   8711.120      0.1014439    
   8714.435      0.1009908    
   8717.750      0.1005608    
   8721.065      0.1001528    
   8724.380      9.9764422E-02
   8727.695      9.9391259E-02
   8731.011      9.9028058E-02
   8734.326      9.8669097E-02
   8737.642      9.8308176E-02
   8740.957      9.7940043E-02
   8744.272      9.7561732E-02
   8747.588      9.7170494E-02
   8750.903      9.6765660E-02
   8754.219      9.6347302E-02
   8757.534      9.5916085E-02
   8760.850      9.5473237E-02
   8764.165      9.5019974E-02
   8767.481      9.4557412E-02
   8770.797      9.4087638E-02
   8774.112      9.3613632E-02
   8777.429      9.3138956E-02
   8780.744      9.2668325E-02
   8784.061      9.2206188E-02
   8787.376      9.1756791E-02
   8790.692      9.1321640E-02
   8794.008      9.0899996E-02
   8797.324      9.0489909E-02
   8800.641      9.0087250E-02
   8803.957      8.9688718E-02
   8807.272      8.9290895E-02
   8810.589      8.8891499E-02
   8813.905      8.8490240E-02
   8817.222      8.8087954E-02
   8820.538      8.7687090E-02
   8823.854      8.7289870E-02
   8827.171      8.6898454E-02
   8830.487      8.6514190E-02
   8833.804      8.6137362E-02
   8837.120      8.5766323E-02
   8840.437      8.5397817E-02
   8843.753      8.5027210E-02
   8847.070      8.4647864E-02
   8850.387      8.4255278E-02
   8853.703      8.3845913E-02
   8857.021      8.3419353E-02
   8860.337      8.2979329E-02
   8863.654      8.2533181E-02
   8866.971      8.2090884E-02
   8870.288      8.1662349E-02
   8873.604      8.1254706E-02
   8876.922      8.0872327E-02
   8880.239      8.0515280E-02
   8883.556      8.0179952E-02
   8886.873      7.9860546E-02
   8890.190      7.9549827E-02
   8893.507      7.9242028E-02
   8896.824      7.8930497E-02
   8900.142      7.8610674E-02
   8903.459      7.8279212E-02
   8906.776      7.7935085E-02
   8910.094      7.7578060E-02
   8913.411      7.7209808E-02
   8916.729      7.6832987E-02
   8920.046      7.6450951E-02
   8923.364      7.6066174E-02
   8926.682      7.5682096E-02
   8929.999      7.5301029E-02
   8933.317      7.4924469E-02
   8936.635      7.4553192E-02
   8939.952      7.4188061E-02
   8943.271      7.3829256E-02
   8946.588      7.3477045E-02
   8949.906      7.3132217E-02
   8953.224      7.2794169E-02
   8956.542      7.2462320E-02
   8959.859      7.2136335E-02
   8963.178      7.1815297E-02
   8966.496      7.1499541E-02
   8969.814      7.1190558E-02
   8973.133      7.0891514E-02
   8976.450      7.0605993E-02
   8979.769      7.0337608E-02
   8983.087      7.0088089E-02
   8986.405      6.9857351E-02
   8989.724      6.9641270E-02
   8993.042      6.9433160E-02
   8996.360      6.9225036E-02
   8999.679      6.9009379E-02
   9002.998      6.8780951E-02
   9006.316      6.8538405E-02
   9009.635      6.8284594E-02
   9012.953      6.8027601E-02
   9016.272      6.7776576E-02
   9019.591      6.7539528E-02
   9022.909      6.7321949E-02
   9026.229      6.7124657E-02
   9029.547      6.6942051E-02
   9032.866      6.6765204E-02
   9036.185      6.6583268E-02
   9039.504      6.6385873E-02
   9042.822      6.6164099E-02
   9046.142      6.5913178E-02
   9049.461      6.5631926E-02
   9052.780      6.5321922E-02
   9056.100      6.4988427E-02
   9059.418      6.4636961E-02
   9062.737      6.4274773E-02
   9066.057      6.3909017E-02
   9069.376      6.3546024E-02
   9072.695      6.3191943E-02
   9076.015      6.2851794E-02
   9079.334      6.2528849E-02
   9082.653      6.2223155E-02
   9085.974      6.1932880E-02
   9089.293      6.1653942E-02
   9092.612      6.1381686E-02
   9095.933      6.1111804E-02
   9099.252      6.0842134E-02
   9102.571      6.0574029E-02
   9105.892      6.0310837E-02
   9109.211      6.0057532E-02
   9112.531      5.9818611E-02
   9115.851      5.9597034E-02
   9119.171      5.9392650E-02
   9122.490      5.9202779E-02
   9125.811      5.9022918E-02
   9129.131      5.8848482E-02
   9132.450      5.8675416E-02
   9135.771      5.8500666E-02
   9139.091      5.8321673E-02
   9142.411      5.8137346E-02
   9145.731      5.7944868E-02
   9149.052      5.7742979E-02
   9152.372      5.7528947E-02
   9155.692      5.7302251E-02
   9159.013      5.7064425E-02
   9162.333      5.6820430E-02
   9165.653      5.6576774E-02
   9168.975      5.6341372E-02
   9172.295      5.6120444E-02
   9175.615      5.5916764E-02
   9178.936      5.5729441E-02
   9182.257      5.5556342E-02
   9185.577      5.5393584E-02
   9188.898      5.5239055E-02
   9192.219      5.5095147E-02
   9195.539      5.4967973E-02
   9198.860      5.4866705E-02
   9202.182      5.4799978E-02
   9205.502      5.4775655E-02
   9208.823      5.4794002E-02
   9212.145      5.4848969E-02
   9215.465      5.4927152E-02
   9218.786      5.5009678E-02
   9222.107      5.5077881E-02
   9225.429      5.5113129E-02
   9228.750      5.5101991E-02
   9232.071      5.5035427E-02
   9235.393      5.4907665E-02
   9238.714      5.4715104E-02
   9242.035      5.4453712E-02
   9245.356      5.4119073E-02
   9248.678      5.3709302E-02
   9252.000      5.3224273E-02
   9255.321      5.2672483E-02
   9258.643      5.2068595E-02
   9261.965      5.1434301E-02
   9265.286      5.0795656E-02
   9268.607      5.0179306E-02
   9271.930      4.9609177E-02
   9275.251      4.9104817E-02
   9278.573      4.8678078E-02
   9281.895      4.8335519E-02
   9285.217      4.8077349E-02
   9288.539      4.7900811E-02
   9291.860      4.7799822E-02
   9295.183      4.7765482E-02
   9298.505      4.7787279E-02
   9301.827      4.7852151E-02
   9305.149      4.7945924E-02
   9308.471      4.8054792E-02
   9311.794      4.8167497E-02
   9315.115      4.8275005E-02
   9318.438      4.8371840E-02
   9321.761      4.8457690E-02
   9325.083      4.8532397E-02
   9328.405      4.8597787E-02
   9331.728      4.8651710E-02
   9335.050      4.8691120E-02
   9338.372      4.8711006E-02
   9341.695      4.8703376E-02
   9345.018      4.8663229E-02
   9348.340      4.8587881E-02
   9351.663      4.8477452E-02
   9354.985      4.8336484E-02
   9358.309      4.8172388E-02
   9361.631      4.7994290E-02
   9364.954      4.7812086E-02
   9368.277      4.7635294E-02
   9371.600      4.7473487E-02
   9374.923      4.7334660E-02
   9378.246      4.7223832E-02
   9381.569      4.7145229E-02
   9384.893      4.7096886E-02
   9388.215      4.7073483E-02
   9391.538      4.7064852E-02
   9394.861      4.7059320E-02
   9398.185      4.7043029E-02
   9401.508      4.7005404E-02
   9404.832      4.6941362E-02
   9408.155      4.6849255E-02
   9411.479      4.6732035E-02
   9414.802      4.6597444E-02
   9418.125      4.6454057E-02
   9421.448      4.6310242E-02
   9424.772      4.6170067E-02
   9428.096      4.6035808E-02
   9431.419      4.5904879E-02
   9434.743      4.5774493E-02
   9438.067      4.5638908E-02
   9441.391      4.5495972E-02
   9444.715      4.5346614E-02
   9448.038      4.5192774E-02
   9451.362      4.5039147E-02
   9454.687      4.4890948E-02
   9458.010      4.4750024E-02
   9461.334      4.4615433E-02
   9464.658      4.4483248E-02
   9467.982      4.4347133E-02
   9471.307      4.4201005E-02
   9474.631      4.4040009E-02
   9477.955      4.3862965E-02
   9481.279      4.3671843E-02
   9484.604      4.3470252E-02
   9487.928      4.3263961E-02
   9491.252      4.3057781E-02
   9494.576      4.2855781E-02
   9497.900      4.2659719E-02
   9501.226      4.2472005E-02
   9504.550      4.2293284E-02
   9507.874      4.2123318E-02
   9511.199      4.1963413E-02
   9514.523      4.1813649E-02
   9517.849      4.1673448E-02
   9521.173      4.1541845E-02
   9524.498      4.1417275E-02
   9527.822      4.1298755E-02
   9531.147      4.1184407E-02
   9534.472      4.1073237E-02
   9537.797      4.0963486E-02
   9541.122      4.0855214E-02
   9544.447      4.0747147E-02
   9547.772      4.0639371E-02
   9551.098      4.0532038E-02
   9554.422      4.0424708E-02
   9557.748      4.0317368E-02
   9561.072      4.0210035E-02
   9564.397      4.0102698E-02
   9567.724      3.9995376E-02
   9571.049      3.9888028E-02
   9574.374      3.9780699E-02
   9577.699      3.9673366E-02
   9581.024      3.9566025E-02
   9584.350      3.9458692E-02
   9587.676      3.9351348E-02
   9591.001      3.9244022E-02
   9594.327      3.9136682E-02
   9597.652      3.9029356E-02
   9600.979      3.8922012E-02
   9604.304      3.8814683E-02
   9607.629      3.8707349E-02
   9610.955      3.8600016E-02
   9614.281      3.8492676E-02
   9617.606      3.8385339E-02
   9620.933      3.8278010E-02
   9624.259      3.8170669E-02
   9627.585      3.8063340E-02
   9630.911      3.7956003E-02
   9634.237      3.7848674E-02
   9637.563      3.7741341E-02
   9640.890      3.7634004E-02
   9644.216      3.7526671E-02
   9647.541      3.7419334E-02
   9650.868      3.7311997E-02
   9654.194      3.7204668E-02
   9657.521      3.7097327E-02
   9660.847      3.6989991E-02
   9664.174      3.6882661E-02
   9667.500      3.6775324E-02
   9670.826      3.6667984E-02
   9674.153      3.6560643E-02
   9677.479      3.6453318E-02
   9680.807      3.6345981E-02
   9684.133      3.6238655E-02
   9687.459      3.6131315E-02
   9690.786      3.6023982E-02
   9694.113      3.5916645E-02
   9697.439      3.5809308E-02
   9700.767      3.5701972E-02
   9704.094      3.5594635E-02
   9707.421      3.5487302E-02
   9710.747      3.5379965E-02
   9714.074      3.5272639E-02
   9717.401      3.5165299E-02
   9720.729      3.5057962E-02
   9724.056      3.4950633E-02
   9727.383      3.4843300E-02
   9730.710      3.4735955E-02
   9734.037      3.4628626E-02
   9737.364      3.4521293E-02
   9740.692      3.4413967E-02
   9744.020      3.4306627E-02
   9747.347      3.4199294E-02
   9750.674      3.4091957E-02
   9754.002      3.3984620E-02
   9757.329      3.3877295E-02
   9760.657      3.3769950E-02
   9763.984      3.3662621E-02
   9767.313      3.3555284E-02
   9770.640      3.3447951E-02
   9773.968      3.3340614E-02
   9777.296      3.3233281E-02
   9780.623      3.3125944E-02
   9783.951      3.3018615E-02
   9787.279      3.2911278E-02
   9790.606      3.2803938E-02
   9793.936      3.2696605E-02
   9797.263      3.2589268E-02
   9800.591      3.2481935E-02
   9803.919      3.2374602E-02
   9807.247      3.2267261E-02
   9810.575      3.2159932E-02
   9813.903      3.2052599E-02
   9817.231      3.1945262E-02
   9820.561      3.1837922E-02
   9823.889      3.1730585E-02
   9827.217      3.1623255E-02
   9830.545      3.1515926E-02
   9833.874      3.1408589E-02
   9837.202      3.1301256E-02
   9840.530      3.1193919E-02
   9843.859      3.1086585E-02
   9847.188      3.0979251E-02
   9850.517      3.0871915E-02
   9853.845      3.0764582E-02
   9857.174      3.0657245E-02
   9860.503      3.0549914E-02
   9863.831      3.0442577E-02
   9867.160      3.0335236E-02
   9870.489      3.0227907E-02
   9873.818      3.0120570E-02
   9877.147      3.0013233E-02
   9880.477      2.9905902E-02
   9883.805      2.9798567E-02
   9887.135      2.9691232E-02
   9890.464      2.9583897E-02
   9893.793      2.9476563E-02
   9897.122      2.9369229E-02
   9900.451      2.9261898E-02
   9903.780      2.9154561E-02
   9907.109      2.9047228E-02
   9910.439      2.8939890E-02
   9913.769      2.8832553E-02
   9917.098      2.8725222E-02
   9920.428      2.8617887E-02
   9923.757      2.8510554E-02
   9927.087      2.8403215E-02
   9930.416      2.8295882E-02
   9933.746      2.8188547E-02
   9937.075      2.8081214E-02
   9940.405      2.7973877E-02
   9943.734      2.7866548E-02
   9947.064      2.7759207E-02
   9950.395      2.7651872E-02
   9953.725      2.7544543E-02
   9957.054      2.7437204E-02
   9960.385      2.7329871E-02
   9963.714      2.7222535E-02
   9967.044      2.7115203E-02
   9970.375      2.7007867E-02
   9973.704      2.6900530E-02
   9977.034      2.6793197E-02
   9980.365      2.6685860E-02
   9983.695      2.6578525E-02
   9987.025      2.6471190E-02
   9990.355      2.6363859E-02
   9993.687      2.6256522E-02
   9997.017      2.6149187E-02
   10000.35      2.6041852E-02
   10003.68      2.5934523E-02
   10007.01      2.5827190E-02
   10010.34      2.5719851E-02
   10013.67      2.5612513E-02
   10017.00      2.5505181E-02
   10020.33      2.5397846E-02
   10023.66      2.5290512E-02
   10026.99      2.5183177E-02
   10030.32      2.5075844E-02
   10033.65      2.4968507E-02
   10036.98      2.4861170E-02
   10040.32      2.4753837E-02
   10043.65      2.4646502E-02
   10046.98      2.4539171E-02
   10050.31      2.4431836E-02
   10053.64      2.4324501E-02
   10056.97      2.4217164E-02
   10060.30      2.4109827E-02
   10063.63      2.4002494E-02
   10066.96      2.3895161E-02
   10070.29      2.3787824E-02
   10073.63      2.3680490E-02
   10076.96      2.3573155E-02
   10080.29      2.3465820E-02
   10083.62      2.3358487E-02
   10086.95      2.3251148E-02
   10090.28      2.3143815E-02
   10093.62      2.3036482E-02
   10096.95      2.2929151E-02
   10100.28      2.2821816E-02
   10103.61      2.2714479E-02
   10106.94      2.2607142E-02
   10110.27      2.2499815E-02
   10113.61      2.2392476E-02
   10116.94      2.2285141E-02
   10120.27      2.2177804E-02
   10123.60      2.2070471E-02
   10126.93      2.1963136E-02
   10130.26      2.1855801E-02
   10133.60      2.1748466E-02
   10136.93      2.1641135E-02
   10140.26      2.1533797E-02
   10143.59      2.1426462E-02
   10146.93      2.1319129E-02
   10150.26      2.1211792E-02
   10153.59      2.1104461E-02
   10156.92      2.0997124E-02
   10160.25      2.0889787E-02
   10163.59      2.0782452E-02
   10166.92      2.0675115E-02
   10170.25      2.0567782E-02
   10173.58      2.0460455E-02
   10176.92      2.0353114E-02
   10180.25      2.0245777E-02
   10183.58      2.0138446E-02
   10186.92      2.0031111E-02
   10190.25      1.9923775E-02
   10193.58      1.9816440E-02
   10196.91      1.9709108E-02
   10200.25      1.9601773E-02
   10203.58      1.9494439E-02
   10206.91      1.9387102E-02
   10210.24      1.9279771E-02
   10213.58      1.9172436E-02
   10216.91      1.9065099E-02
   10220.24      1.8957766E-02
   10223.58      1.8850431E-02
   10226.91      1.8743094E-02
   10230.24      1.8635780E-02
   10233.58      1.8528508E-02
   10236.91      1.8421328E-02
   10240.24      1.8314337E-02
   10243.58      1.8207699E-02
   10246.91      1.8101688E-02
   10250.24      1.7996743E-02
   10253.58      1.7893512E-02
   10256.91      1.7792875E-02
   10260.24      1.7695954E-02
   10263.58      1.7604077E-02
   10266.91      1.7518671E-02
   10270.24      1.7441124E-02
   10273.58      1.7372603E-02
   10276.91      1.7313892E-02
