   5099.827      2.8755623E-03
   5100.689      2.9613336E-03
   5101.552      3.0539494E-03
   5102.415      3.1632502E-03
   5103.277      3.2845505E-03
   5104.140      3.3876428E-03
   5105.003      3.4296806E-03
   5105.866      3.3779184E-03
   5106.729      3.2339580E-03
   5107.591      3.0420907E-03
   5108.454      2.8770440E-03
   5109.317      2.8191262E-03
   5110.180      2.9188602E-03
   5111.042      3.1780484E-03
   5111.905      3.5510538E-03
   5112.769      3.9652828E-03
   5113.631      4.3501370E-03
   5114.494      4.6536569E-03
   5115.357      4.8523834E-03
   5116.220      4.9506393E-03
   5117.083      4.9758144E-03
   5117.946      4.9645239E-03
   5118.809      4.9482002E-03
   5119.672      4.9451953E-03
   5120.535      4.9542957E-03
   5121.398      4.9638064E-03
   5122.262      4.9518980E-03
   5123.125      4.8993896E-03
   5123.988      4.7925175E-03
   5124.851      4.6310471E-03
   5125.714      4.4307150E-03
   5126.577      4.2216699E-03
   5127.440      4.0429304E-03
   5128.304      3.9252695E-03
   5129.167      3.8874329E-03
   5130.030      3.9320751E-03
   5130.894      4.0498450E-03
   5131.757      4.2229653E-03
   5132.620      4.4286442E-03
   5133.483      4.6430449E-03
   5134.347      4.8442851E-03
   5135.210      5.0187572E-03
   5136.074      5.1641632E-03
   5136.937      5.2866540E-03
   5137.800      5.3920704E-03
   5138.664      5.4798150E-03
   5139.527      5.5414448E-03
   5140.391      5.5681430E-03
   5141.254      5.5588312E-03
   5142.118      5.5274847E-03
   5142.981      5.5022086E-03
   5143.845      5.5132606E-03
   5144.708      5.5795894E-03
   5145.572      5.7023088E-03
   5146.436      5.8613671E-03
   5147.299      6.0302909E-03
   5148.163      6.1800894E-03
   5149.026      6.2951907E-03
   5149.890      6.3680937E-03
   5150.753      6.4020124E-03
   5151.617      6.4040422E-03
   5152.481      6.3798358E-03
   5153.345      6.3347318E-03
   5154.208      6.2763691E-03
   5155.072      6.2232465E-03
   5155.936      6.2044645E-03
   5156.800      6.2498627E-03
   5157.664      6.3742176E-03
   5158.527      6.5678828E-03
   5159.391      6.7946259E-03
   5160.255      7.0089498E-03
   5161.119      7.1701854E-03
   5161.982      7.2571430E-03
   5162.847      7.2737839E-03
   5163.710      7.2502173E-03
   5164.574      7.2315284E-03
   5165.438      7.2673331E-03
   5166.302      7.3876381E-03
   5167.166      7.5918380E-03
   5168.030      7.8453207E-03
   5168.894      8.1008635E-03
   5169.758      8.3136102E-03
   5170.622      8.4628444E-03
   5171.486      8.5523454E-03
   5172.350      8.6000497E-03
   5173.214      8.6235544E-03
   5174.078      8.6316150E-03
   5174.942      8.6308978E-03
   5175.807      8.6340969E-03
   5176.670      8.6636962E-03
   5177.535      8.7458547E-03
   5178.399      8.8969599E-03
   5179.263      9.1128219E-03
   5180.127      9.3755331E-03
   5180.991      9.6621504E-03
   5181.855      9.9576497E-03
   5182.720      1.0253707E-02
   5183.584      1.0544085E-02
   5184.448      1.0812167E-02
   5185.313      1.1039267E-02
   5186.177      1.1212870E-02
   5187.041      1.1338498E-02
   5187.905      1.1441525E-02
   5188.770      1.1553432E-02
   5189.634      1.1694423E-02
   5190.499      1.1864118E-02
   5191.363      1.2044277E-02
   5192.227      1.2212479E-02
   5193.092      1.2354013E-02
   5193.956      1.2469520E-02
   5194.820      1.2575638E-02
   5195.685      1.2693277E-02
   5196.549      1.2839224E-02
   5197.414      1.3018626E-02
   5198.278      1.3225317E-02
   5199.143      1.3445972E-02
   5200.007      1.3666051E-02
   5200.872      1.3870893E-02
   5201.736      1.4048320E-02
   5202.601      1.4195991E-02
   5203.465      1.4333897E-02
   5204.330      1.4504392E-02
   5205.194      1.4766675E-02
   5206.059      1.5172509E-02
   5206.924      1.5742442E-02
   5207.789      1.6458679E-02
   5208.653      1.7270185E-02
   5209.518      1.8115399E-02
   5210.382      1.8938899E-02
   5211.247      1.9703927E-02
   5212.112      2.0394094E-02
   5212.977      2.1011634E-02
   5213.841      2.1574708E-02
   5214.706      2.2116918E-02
   5215.570      2.2679226E-02
   5216.435      2.3303086E-02
   5217.300      2.4024315E-02
   5218.165      2.4870079E-02
   5219.030      2.5855782E-02
   5219.895      2.6980020E-02
   5220.759      2.8228246E-02
   5221.624      2.9576991E-02
   5222.489      3.1003127E-02
   5223.354      3.2494016E-02
   5224.219      3.4048576E-02
   5225.083      3.5677202E-02
   5225.948      3.7397772E-02
   5226.813      3.9232668E-02
   5227.678      4.1203633E-02
   5228.543      4.3324482E-02
   5229.408      4.5595810E-02
   5230.273      4.8005395E-02
   5231.138      5.0542787E-02
   5232.003      5.3211082E-02
   5232.868      5.6036800E-02
   5233.733      5.9060801E-02
   5234.598      6.2322289E-02
   5235.463      6.5843008E-02
   5236.328      6.9623940E-02
   5237.193      7.3659949E-02
   5238.058      7.7957630E-02
   5238.923      8.2550973E-02
   5239.788      8.7501556E-02
   5240.653      9.2884056E-02
   5241.518      9.8771997E-02
   5242.383      0.1052212    
   5243.249      0.1122576    
   5244.114      0.1198871    
   5244.979      0.1280982    
   5245.844      0.1368688    
   5246.709      0.1461757    
   5247.574      0.1559934    
   5248.439      0.1663089    
   5249.305      0.1771344    
   5250.170      0.1885116    
   5251.035      0.2005153    
   5251.900      0.2132244    
   5252.766      0.2267003    
   5253.631      0.2409681    
   5254.496      0.2560101    
   5255.361      0.2717874    
   5256.227      0.2882531    
   5257.092      0.3053569    
   5257.958      0.3230377    
   5258.823      0.3411973    
   5259.688      0.3596924    
   5260.553      0.3783343    
   5261.418      0.3969083    
   5262.284      0.4152153    
   5263.149      0.4330949    
   5264.015      0.4504546    
   5264.880      0.4672605    
   5265.746      0.4835070    
   5266.611      0.4991957    
   5267.477      0.5143017    
   5268.342      0.5287582    
   5269.207      0.5424586    
   5270.073      0.5552606    
   5270.938      0.5670239    
   5271.804      0.5776451    
   5272.669      0.5870968    
   5273.535      0.5954412    
   5274.400      0.6027944    
   5275.266      0.6092957    
   5276.131      0.6150620    
   5276.997      0.6201634    
   5277.862      0.6246313    
   5278.728      0.6284686    
   5279.593      0.6316808    
   5280.459      0.6342998    
   5281.324      0.6363893    
   5282.190      0.6380359    
   5283.056      0.6393193    
   5283.921      0.6402916    
   5284.787      0.6409838    
   5285.652      0.6414167    
   5286.518      0.6416361    
   5287.384      0.6417205    
   5288.250      0.6417618    
   5289.115      0.6418481    
   5289.980      0.6420415    
   5290.846      0.6423775    
   5291.712      0.6428624    
   5292.578      0.6434889    
   5293.443      0.6442297    
   5294.309      0.6450348    
   5295.175      0.6458462    
   5296.041      0.6466127    
   5296.906      0.6473190    
   5297.772      0.6479904    
   5298.638      0.6486810    
   5299.503      0.6494431    
   5300.369      0.6503032    
   5301.235      0.6512537    
   5302.101      0.6522617    
   5302.967      0.6532875    
   5303.833      0.6543068    
   5304.698      0.6553192    
   5305.564      0.6563352    
   5306.430      0.6573638    
   5307.296      0.6583977    
   5308.162      0.6594238    
   5309.027      0.6604333    
   5309.894      0.6614395    
   5310.759      0.6624867    
   5311.625      0.6636278    
   5312.491      0.6649242    
   5313.357      0.6664222    
   5314.223      0.6681449    
   5315.089      0.6700768    
   5315.955      0.6721614    
   5316.821      0.6743181    
   5317.687      0.6764627    
   5318.552      0.6785300    
   5319.418      0.6804765    
   5320.284      0.6822747    
   5321.150      0.6839066    
   5322.016      0.6853620    
   5322.882      0.6866479    
   5323.748      0.6877880    
   5324.614      0.6888202    
   5325.480      0.6897772    
   5326.346      0.6906798    
   5327.212      0.6915273    
   5328.078      0.6923132    
   5328.944      0.6930374    
   5329.811      0.6937168    
   5330.676      0.6943888    
   5331.542      0.6950995    
   5332.409      0.6958908    
   5333.274      0.6967950    
   5334.141      0.6978353    
   5335.007      0.6990143    
   5335.873      0.7003065    
   5336.739      0.7016586    
   5337.605      0.7029977    
   5338.471      0.7042499    
   5339.337      0.7053598    
   5340.203      0.7063041    
   5341.069      0.7071000    
   5341.936      0.7078006    
   5342.802      0.7084952    
   5343.668      0.7092659    
   5344.534      0.7101600    
   5345.400      0.7111607    
   5346.266      0.7121955    
   5347.132      0.7131560    
   5347.999      0.7139326    
   5348.865      0.7144346    
   5349.731      0.7145972    
   5350.597      0.7143748    
   5351.463      0.7137401    
   5352.330      0.7126780    
   5353.196      0.7111799    
   5354.062      0.7092451    
   5354.928      0.7068781    
   5355.794      0.7040632    
   5356.661      0.7007521    
   5357.527      0.6968395    
   5358.393      0.6921780    
   5359.259      0.6866205    
   5360.125      0.6800603    
   5360.992      0.6724808    
   5361.858      0.6639313    
   5362.724      0.6545087    
   5363.591      0.6442947    
   5364.457      0.6333191    
   5365.323      0.6215585    
   5366.189      0.6089551    
   5367.056      0.5954552    
   5367.922      0.5810401    
   5368.788      0.5657274    
   5369.655      0.5495785    
   5370.521      0.5326694    
   5371.387      0.5150987    
   5372.253      0.4969820    
   5373.120      0.4784520    
   5373.986      0.4596657    
   5374.853      0.4407888    
   5375.719      0.4219769    
   5376.585      0.4033572    
   5377.452      0.3850059    
   5378.318      0.3669573    
   5379.184      0.3492216    
   5380.051      0.3318125    
   5380.917      0.3147805    
   5381.783      0.2982076    
   5382.650      0.2822000    
   5383.516      0.2668588    
   5384.382      0.2522488    
   5385.249      0.2383888    
   5386.115      0.2252470    
   5386.982      0.2127639    
   5387.848      0.2008801    
   5388.714      0.1895581    
   5389.581      0.1787971    
   5390.447      0.1686138    
   5391.314      0.1590289    
   5392.180      0.1500488    
   5393.046      0.1416565    
   5393.913      0.1338188    
   5394.779      0.1264840    
   5395.646      0.1195977    
   5396.512      0.1131115    
   5397.379      0.1069904    
   5398.245      0.1012164    
   5399.112      9.5774397E-02
   5399.978      9.0647601E-02
   5400.845      8.5815266E-02
   5401.711      8.1257522E-02
   5402.578      7.6960899E-02
   5403.444      7.2919674E-02
   5404.311      6.9133103E-02
   5405.177      6.5598652E-02
   5406.043      6.2306173E-02
   5406.910      5.9237137E-02
   5407.776      5.6362193E-02
   5408.643      5.3651098E-02
   5409.509      5.1078003E-02
   5410.376      4.8627883E-02
   5411.242      4.6296563E-02
   5412.109      4.4086069E-02
   5412.975      4.1998744E-02
   5413.842      4.0031001E-02
   5414.708      3.8173206E-02
   5415.575      3.6414064E-02
   5416.441      3.4743644E-02
   5417.308      3.3160530E-02
   5418.174      3.1668380E-02
   5419.041      3.0273505E-02
   5419.907      2.8973013E-02
   5420.774      2.7754115E-02
   5421.640      2.6598305E-02
   5422.507      2.5490960E-02
   5423.374      2.4430551E-02
   5424.240      2.3426922E-02
   5425.106      2.2497296E-02
   5425.973      2.1656455E-02
   5426.839      2.0910937E-02
   5427.706      2.0253887E-02
   5428.573      1.9665293E-02
   5429.439      1.9118600E-02
   5430.306      1.8586878E-02
   5431.172      1.8052720E-02
   5432.039      1.7511142E-02
   5432.905      1.6966250E-02
   5433.772      1.6427845E-02
   5434.638      1.5903894E-02
   5435.505      1.5402246E-02
   5436.372      1.4927329E-02
   5437.238      1.4483809E-02
   5438.104      1.4075221E-02
   5438.971      1.3703400E-02
   5439.838      1.3366179E-02
   5440.704      1.3055648E-02
   5441.571      1.2759219E-02
   5442.438      1.2463952E-02
   5443.304      1.2159679E-02
   5444.170      1.1843342E-02
   5445.037      1.1518258E-02
   5445.904      1.1191677E-02
   5446.771      1.0869933E-02
   5447.637      1.0554428E-02
   5448.503      1.0242698E-02
   5449.370      9.9316491E-03
   5450.236      9.6229427E-03
   5451.103      9.3229292E-03
   5451.970      9.0433573E-03
   5452.836      8.7950602E-03
   5453.703      8.5852537E-03
   5454.569      8.4151616E-03
   5455.436      8.2819387E-03
   5456.303      8.1787929E-03
   5457.169      8.0956277E-03
   5458.036      8.0190012E-03
   5458.902      7.9330951E-03
   5459.769      7.8243921E-03
   5460.635      7.6847067E-03
   5461.502      7.5150356E-03
   5462.369      7.3248926E-03
   5463.235      7.1292818E-03
   5464.102      6.9414517E-03
   5464.968      6.7686653E-03
   5465.835      6.6096401E-03
   5466.702      6.4562056E-03
   5467.568      6.2989932E-03
   5468.435      6.1333268E-03
   5469.301      5.9606601E-03
   5470.168      5.7888259E-03
   5471.035      5.6262952E-03
   5471.901      5.4790042E-03
   5472.768      5.3483993E-03
   5473.634      5.2318531E-03
   5474.501      5.1245871E-03
   5475.367      5.0199674E-03
   5476.234      4.9127550E-03
   5477.101      4.8009544E-03
   5477.967      4.6880934E-03
   5478.833      4.5841667E-03
   5479.700      4.5015765E-03
   5480.567      4.4489186E-03
   5481.434      4.4280612E-03
   5482.300      4.4331881E-03
   5483.167      4.4555105E-03
   5484.033      4.4820476E-03
   5484.900      4.4977511E-03
   5485.766      4.4868109E-03
   5486.633      4.4357781E-03
   5487.500      4.3425104E-03
   5488.366      4.2200517E-03
   5489.232      4.0928731E-03
   5490.099      3.9857216E-03
   5490.966      3.9136498E-03
   5491.832      3.8748283E-03
   5492.699      3.8547595E-03
   5493.565      3.8345223E-03
   5494.432      3.7992641E-03
   5495.298      3.7417186E-03
   5496.165      3.6645480E-03
   5497.032      3.5778375E-03
   5497.898      3.4944667E-03
   5498.765      3.4254931E-03
   5499.631      3.3757512E-03
   5500.498      3.3395640E-03
   5501.364      3.3039923E-03
   5502.231      3.2541538E-03
   5503.098      3.1806948E-03
   5503.964      3.0843311E-03
   5504.831      2.9764764E-03
   5505.697      2.8744640E-03
   5506.563      2.7921442E-03
   5507.430      2.7362162E-03
   5508.297      2.7038853E-03
   5509.163      2.6877327E-03
   5510.030      2.6799093E-03
   5510.896      2.6761673E-03
   5511.763      2.6743824E-03
   5512.629      2.6735801E-03
   5513.496      2.6711104E-03
   5514.362      2.6633453E-03
   5515.229      2.6470679E-03
   5516.095      2.6223897E-03
   5516.962      2.5926384E-03
   5517.828      2.5627594E-03
   5518.695      2.5345644E-03
   5519.562      2.5074375E-03
   5520.428      2.4767448E-03
   5521.294      2.4378714E-03
   5522.161      2.3882536E-03
   5523.027      2.3278922E-03
   5523.894      2.2581194E-03
   5524.760      2.1794552E-03
   5525.627      2.0915868E-03
   5526.493      1.9951677E-03
   5527.360      1.8948949E-03
   5528.226      1.7995071E-03
   5529.093      1.7206339E-03
   5529.959      1.6700330E-03
   5530.826      1.6539773E-03
   5531.692      1.6691216E-03
   5532.559      1.7005955E-03
   5533.425      1.7215925E-03
   5534.292      1.7009517E-03
   5535.158      1.6162875E-03
   5536.024      1.4685710E-03
   5536.891      1.2863283E-03
   5537.757      1.1182223E-03
   5538.624      1.0113951E-03
   5539.490      9.9183130E-04
   5540.356      1.0550107E-03
   5541.223      1.1715314E-03
   5542.089      1.3029447E-03
   5542.956      1.4166856E-03
   5543.822      1.4934302E-03
   5544.688      1.5272743E-03
   5545.555      1.5203619E-03
   5546.421      1.4797647E-03
   5547.288      1.4159236E-03
   5548.154      1.3422050E-03
   5549.021      1.2730518E-03
   5549.887      1.2210865E-03
   5550.753      1.1923001E-03
